4.229791195677818361e-01 1.920591029012344071e-06 4.982097418519481993e-07 2.381218672701555589e-09 -5.855419901479367306e-01 1.390242995897487174e-03 0.000000000000000000e+00 -3.600451927291053143e-03 6.097206385339777626e+03 0.000000000000000000e+00 0.000000000000000000e+00
5.454978203276463766e-01 4.799989781019254331e-01 0.000000000000000000e+00 1.146229738950117205e-01 -2.292459477900234410e-01 0.000000000000000000e+00 1.671597171497319026e-09 -9.250232713732440643e-10 2.926489217301386088e+04 0.000000000000000000e+00 0.000000000000000000e+00
5.932132484901203595e-01 2.080161968715356271e-03 6.944070101446850156e-03 2.581848090582000710e-02 -3.612140077439842112e-01 -1.336198158727746332e-01 2.129106956214540936e-02 2.462242212850571356e-08 3.385733276973853935e+04 0.000000000000000000e+00 0.000000000000000000e+00
5.097596452604680195e-01 5.851832662428841925e-01 3.722479273382062540e-05 8.448624083793744463e-09 -1.937606814893105545e-01 7.315035760624170363e-10 1.361274866712179966e-09 4.762233612002638793e-06 9.126207823281417950e+04 0.000000000000000000e+00 0.000000000000000000e+00
3.869765570462169180e-01 8.187917076040861497e-01 5.336767379919490212e-02 5.504951185803126929e-09 -9.918101934370925077e-02 1.189882852614755053e-07 -3.057998931219920569e-05 4.183181903723748495e-07 1.031553864609481825e+05 0.000000000000000000e+00 0.000000000000000000e+00
4.473179133891055925e-01 2.126169703871536726e-02 1.330676817981036875e+00 1.596372735048230733e-08 -1.926474206822828827e-01 -6.446053176792849657e-03 3.166128055229972872e-05 -3.634164376437881792e-03 1.045095925039554713e+05 0.000000000000000000e+00 0.000000000000000000e+00
4.860673819443643295e-01 3.972666102429901064e-02 1.353904286549484359e+00 2.534323443585251363e-05 -4.240790316154272044e-01 -3.259308102612766544e-02 4.299826840277068962e-01 4.046678706480079078e-09 1.060581626554267568e+05 0.000000000000000000e+00 0.000000000000000000e+00
9.277580057027439153e-01 4.674921840931342039e-10 2.625232373864634942e-08 1.125028655336379968e+00 -7.788284311030929663e-02 7.057858654791286379e-10 2.197321592453867125e-03 3.361578039704715798e-09 1.116685964068211470e+05 0.000000000000000000e+00 0.000000000000000000e+00
1.174582922483181358e-01 8.654069921274260002e-01 1.255134676855603122e-04 1.917566867418282652e-04 -3.498757641439263488e-01 6.649424599163906123e-03 -2.386063317980703781e-06 3.895057699443386659e-07 1.145301645447166084e+05 0.000000000000000000e+00 0.000000000000000000e+00
6.762964459370487402e-01 1.815755404005442279e-04 2.101653824614662022e-08 -7.707082004980612792e-03 -3.314045262141663284e-01 0.000000000000000000e+00 -2.837117818758503561e-06 -1.734846095847686733e-03 1.162380998541482404e+05 0.000000000000000000e+00 0.000000000000000000e+00
4.565585776074629898e-01 3.472665628906185797e-01 5.002991396339924403e-05 0.000000000000000000e+00 -3.983870213872071075e-01 4.334118680675022532e-10 1.961086554394990758e-02 4.529590059912060100e-05 inf 0.000000000000000000e+00 -9.000000000000000000e+01
6.409202971287693007e-01 0.000000000000000000e+00 1.090000505321036206e+00 -8.653883177564264201e-08 -2.866701328994324949e-01 -9.605629453141631066e-03 9.680394845773838920e-09 0.000000000000000000e+00 inf 0.000000000000000000e+00 -9.000000000000000000e+01
7.347007012698662830e-05 2.255660047758361342e-05 0.000000000000000000e+00 2.255416694262923460e+00 -5.426473600607258335e-05 6.813897872268458167e-03 4.632159026646635231e-07 2.479937103935478697e-04 inf 0.000000000000000000e+00 -2.000000000000000000e+01
2.948067979922433524e-02 4.875501553242170630e-05 1.707846278024030273e-01 2.103632875788329581e+00 -2.254643704711990283e-04 -1.302983305377220362e-06 0.000000000000000000e+00 3.441530508170944253e-05 inf 0.000000000000000000e+00 -2.000000000000000000e+01
1.001710100861791686e+00 4.912030261457721166e-08 1.659526374987121966e-02 4.674897766077003410e-07 7.304527759495317828e-09 2.749110895019427200e-04 -3.541062967363824837e-02 0.000000000000000000e+00 inf 0.000000000000000000e+00 -9.000000000000000000e+01
4.870322161992567955e-01 6.055749611736666213e-08 5.264879906761585904e-01 8.803569680158717103e-01 -3.043951351245354972e-02 1.801325641401523361e-03 -6.189624621063972709e-01 2.145407737181536101e-01 inf 0.000000000000000000e+00 -9.000000000000000000e+01
7.184368872655045868e-01 5.358832519767288138e-01 7.223014299480291084e-03 1.201320696739040628e+00 -8.698096439461735715e-05 -1.121407474839694900e-04 2.461690086495390511e-07 -1.712667169779105991e-01 inf 0.000000000000000000e+00 -9.000000000000000000e+01
5.658036583434044031e-01 2.772048866392661653e-02 1.238995358496806251e-08 8.632257434819252603e-03 -4.313002346507679996e-01 -8.630086343915124272e-05 0.000000000000000000e+00 4.515869080589548536e-03 inf 0.000000000000000000e+00 -9.000000000000000000e+01
4.516244246500958348e-01 5.397462636062121399e-01 6.797970433757540842e-01 0.000000000000000000e+00 -6.412437388324532250e-02 4.968157471510750300e-10 0.000000000000000000e+00 0.000000000000000000e+00 inf 0.000000000000000000e+00 -9.000000000000000000e+01
1.007154883073411167e+00 7.808509252458247602e-04 1.436634415682141267e-09 5.711390643384659512e-10 -5.758487649305492588e-07 1.027980021770550737e-06 -2.924232009412945538e-08 0.000000000000000000e+00 inf 0.000000000000000000e+00 -8.000000000000000000e+01
3.661749625485829097e-03 2.356835213494515302e-03 1.336232357879105104e+00 5.619121243472799572e-03 -2.352041650348424828e-01 0.000000000000000000e+00 0.000000000000000000e+00 7.035027564722059107e-09 inf 0.000000000000000000e+00 -9.000000000000000000e+01
4.944001154963234904e-03 1.624613602392927868e-08 3.757440877772058596e-01 1.905375053808439745e+00 -4.712670937878932767e-05 5.924740514507572352e-03 4.026171754069035213e-07 1.880870004605578649e-04 inf 0.000000000000000000e+00 -9.000000000000000000e+01
4.808062341063968834e-03 5.513506620390293622e-07 1.371770944553523552e+00 3.085982773620602826e-04 -5.739887487029093904e-01 1.873849212047657992e-03 -2.074185142925323266e-05 -7.395188371323226305e-09 inf 0.000000000000000000e+00 -9.000000000000000000e+01
8.174528553935138664e-01 4.613359788055271637e-08 7.077693077078018868e-01 2.395447291437955151e-01 -1.490040647805898621e-01 3.868314517470944411e-07 5.088264472119785380e-10 0.000000000000000000e+00 inf 0.000000000000000000e+00 -9.000000000000000000e+01
1.358470469833618033e+01 5.390764242273715342e-04 2.638818037248689663e+01 1.624596871231905188e-06 -2.951309646922876340e+01 5.361624976099262779e-03 5.126233917387267351e+08 4.591814405153871978e-07 inf 0.000000000000000000e+00 -2.000000000000000000e+01
7.059011736708737939e-01 1.330877212791081177e-01 1.218752026365458972e-04 6.828468470475264587e-10 -2.461879093258227125e-01 0.000000000000000000e+00 -2.366092801186066795e-04 -8.755514557409457277e-01 inf 0.000000000000000000e+00 -9.000000000000000000e+01
1.006012964523835596e+00 8.328698750139031451e-03 1.121626849886511685e-10 1.487704038775567784e-04 -3.567950362502364666e-07 1.427180145000945866e-06 -2.916113277045201814e-08 -8.485034286479130984e-12 inf 0.000000000000000000e+00 -9.000000000000000000e+01
3.389268249046309478e+01 8.316622435592849749e-01 9.937514017785447364e-07 6.628837294251948009e-01 -7.936993082062258509e+01 3.442531038779141846e+11 0.000000000000000000e+00 2.836653148855386917e+02 inf 0.000000000000000000e+00 -2.000000000000000000e+01
4.050446626162179480e-03 6.726451735461593806e-01 2.627857493956040339e-09 1.430093750060889013e+00 -5.936238207799916511e-01 0.000000000000000000e+00 0.000000000000000000e+00 1.036668241550133767e-06 inf 0.000000000000000000e+00 -9.000000000000000000e+01
3.899269383209656992e-01 6.339844694620773956e-03 1.256807986704098212e+00 0.000000000000000000e+00 -1.678381169294591579e-01 8.366299231411119218e-04 -2.340987299949113675e-09 -3.458482409455522211e-01 inf 0.000000000000000000e+00 -9.000000000000000000e+01
7.995586339955020050e-02 9.113060972912503910e-10 -5.117497897318026004e-08 2.193075110387662896e+00 -4.730721917806720578e-01 -1.546765214574631966e-02 4.551059189036897774e-03 -2.891261131858735220e-02 inf 0.000000000000000000e+00 -2.000000000000000000e+01
4.234199383355362611e-01 3.740506882268723737e-07 4.269855799215196979e-01 5.134523883816186629e-01 -5.615885497923954750e-01 3.702650189745762986e-10 -1.785241921082800062e-08 0.000000000000000000e+00 inf 0.000000000000000000e+00 -9.000000000000000000e+01
1.149268624022251162e+00 -6.722812458137279734e-02 7.469372104504307148e-07 9.120530361457723778e-01 1.221864773760311523e-01 0.000000000000000000e+00 -8.588840250700098544e-02 -1.220686524190949288e-04 inf 0.000000000000000000e+00 -9.000000000000000000e+01
6.349733661573522259e-01 2.965651494643669753e-09 8.088950589166363399e-04 0.000000000000000000e+00 -3.771931339263077665e-01 6.831590050161310142e-10 4.323979079243163437e-02 1.224456103097461224e+00 inf 0.000000000000000000e+00 -1.000000000000000000e+01
1.006088276301821960e+00 2.200153405496188194e-02 6.044930309633229624e-07 3.603914424599590784e-04 -3.725948990850441305e-05 -6.309446723182281442e-05 -2.732136077445387952e-08 3.471323608720028098e+00 inf 0.000000000000000000e+00 -3.000000000000000000e+01
9.299527887333541853e-01 1.865785629146442595e-02 1.110877455802100178e+00 8.609906088571952426e-07 -6.378301251154032099e-04 1.752707712228476419e-02 -2.760691331005034945e-05 5.543624559940530447e-10 inf 0.000000000000000000e+00 -9.000000000000000000e+01
2.974505780246907705e-01 3.316965327314808087e-01 3.302288489583327102e-02 2.274500018468605087e-08 -5.440214519135792015e-01 -4.329667130787028667e-02 4.395033881840873573e-07 1.150664078148145864e+00 inf 0.000000000000000000e+00 -1.000000000000000000e+01
6.315201524478364126e-09 2.135623333569995532e-03 -8.618354055211649380e-05 5.577203381913010093e-03 -1.006907991286641879e+00 4.337122160662634657e-09 -2.736747527281693554e-04 2.315085477651000953e-08 inf 0.000000000000000000e+00 -9.000000000000000000e+01
5.155419848743856419e+05 1.603053435554681698e+02 6.283330555085889224e-02 4.716014135359842818e+00 -8.456124606525262499e-04 3.442531039723900757e+11 -3.310305344420417532e+04 5.193893131197168841e+05 inf 0.000000000000000000e+00 -2.000000000000000000e+01
-6.710911209765973581e+03 7.219399772434453297e-08 1.627098039806705032e-01 5.950529974150235546e+00 -1.312333097001781539e+02 -1.060126618599928523e-02 9.969362009403262245e-05 4.852874535827308730e-07 inf 0.000000000000000000e+00 -2.000000000000000000e+01
3.968422462224201175e-04 1.750425577685615035e-05 0.000000000000000000e+00 2.263208419107017200e+00 -1.249455492546546565e-09 5.562793149424624074e-08 0.000000000000000000e+00 7.777348519268099773e-03 inf 0.000000000000000000e+00 -2.000000000000000000e+01
1.007738763851247832e+00 0.000000000000000000e+00 5.215024834979401486e-08 6.285967435019813919e-08 -1.862508869635500531e-09 1.855233444363486954e-09 0.000000000000000000e+00 2.597326822108881735e-09 inf 0.000000000000000000e+00 -8.000000000000000000e+01
5.633272968492258892e-01 -1.976141847172209304e-08 3.346589572753376051e-03 0.000000000000000000e+00 -4.449894445597183390e-01 0.000000000000000000e+00 1.570910539173731024e-02 3.581538498237774039e-06 inf 0.000000000000000000e+00 -9.000000000000000000e+01
8.501055564307533619e-01 1.820673268756597355e-03 2.797090418785521887e-05 6.348340377790634144e-09 -1.568298181691217263e-01 5.496556175724688914e-10 1.019228959737028452e-09 -6.033795185011381346e-02 inf 0.000000000000000000e+00 -9.000000000000000000e+01
1.540167569451479590e+00 0.000000000000000000e+00 5.480820057133524918e-06 2.966047086046135761e-01 -2.939712576098890630e-05 7.855842081891385687e-05 -1.687959709232104283e-02 5.706652824399840028e+03 inf 0.000000000000000000e+00 -3.000000000000000000e+01
7.032882707040704062e-01 4.913813449447795856e-01 6.449466929207295363e-02 1.823176660404886851e-01 -2.518320765506565362e-02 3.026591850609638978e-02 -7.328794364540405226e-01 -6.482669408963180890e-01 inf 0.000000000000000000e+00 -8.000000000000000000e+01
5.929516510837266052e-01 1.619701659729894383e-01 4.273021453372894793e-08 1.509843634113432032e+00 -3.450668753337601258e-01 8.596412511304212349e-08 8.830234931611687273e-04 -5.556721047307042541e-03 inf 0.000000000000000000e+00 -9.000000000000000000e+01
9.575922590372101251e-01 2.439761061096436603e-02 1.295250723511151836e-01 4.466381805210867945e-02 -3.182297036212743818e-02 -2.808590414820591148e-09 -2.272271743401029290e-02 7.769279873566268240e-07 inf 0.000000000000000000e+00 -9.000000000000000000e+01
1.001879218881565503e+00 2.381201616102601630e-06 5.971665494928154897e-07 0.000000000000000000e+00 -5.946823366469252900e-03 2.656196812144043088e-04 3.396967920698876984e-09 -4.463939390768693546e-03 inf 0.000000000000000000e+00 -9.000000000000000000e+01
5.412343762687172877e-01 3.439021118596139262e-05 3.166303046019294889e-06 2.245718755264229927e+00 1.484355472229504369e-01 2.714421140805014418e-08 0.000000000000000000e+00 -2.214871352142450892e-08 inf 0.000000000000000000e+00 -2.000000000000000000e+01
7.807581542722686896e-01 7.825434244420985397e-02 2.497097252925708832e-07 5.717785187096935688e-08 -1.981649888511169966e-01 4.779317017148748507e-03 0.000000000000000000e+00 1.093477979020803133e-02 inf 0.000000000000000000e+00 -9.000000000000000000e+01
8.231331573541508240e-01 5.486739721674787490e-02 1.409645413468372278e-06 2.221090894903361868e+00 3.554413451619159516e-09 1.398606920283540609e-04 1.420308653823229632e-09 -9.695973743433248187e-06 inf 0.000000000000000000e+00 -2.000000000000000000e+01
3.543846281250880351e-04 4.350704139928535934e-07 2.941999929943587833e-01 1.086077507177412693e+00 1.192883971456769543e-04 0.000000000000000000e+00 0.000000000000000000e+00 1.421394818442561591e-07 inf 0.000000000000000000e+00 -9.000000000000000000e+01
1.467479689866001136e-01 0.000000000000000000e+00 1.339112806134126326e-05 2.263286708567104455e+00 -8.877049271484498127e-02 -3.283786519126379727e-02 5.232407090915660100e-03 1.156091201456319562e-10 inf 0.000000000000000000e+00 -2.000000000000000000e+01
7.948985674180126804e-01 1.516774169673762873e-08 2.695571874660092626e-01 5.910728207594664003e-08 -2.164327782573796932e-01 2.377481276312125302e-02 1.662597251158962341e-01 -2.682032016313853825e-05 inf 0.000000000000000000e+00 -9.000000000000000000e+01
5.129328784945169639e-01 4.614836839950669511e-01 9.292760491271819788e-08 2.260646424975834567e-02 -2.923249687468751912e-01 2.903761356218960074e-02 -1.041978648365326479e-05 1.700946880322393769e-06 inf 0.000000000000000000e+00 -9.000000000000000000e+01
2.446065422229527081e-02 9.518129770979536261e+03 1.682893010493914820e+00 2.020870456256035255e-03 -3.100387922675925667e-01 3.442531038773985596e+11 3.023243701180903940e-06 -2.549856870225570674e+03 inf 0.000000000000000000e+00 -2.000000000000000000e+01
3.087078882805543642e-02 3.537629908423469818e-08 1.533581122425979659e+00 4.726311545625927002e-04 -5.076408697153773648e-04 2.115170290480738907e-05 0.000000000000000000e+00 1.999794067228950189e-12 inf 0.000000000000000000e+00 -9.000000000000000000e+01
6.394861239991449509e-01 0.000000000000000000e+00 -4.550323148839617792e-08 1.795013839558485702e-08 -4.064950555653479292e-01 1.047220493758289628e-01 -2.202216053162030916e-09 3.656509673174692927e-09 inf 0.000000000000000000e+00 -9.000000000000000000e+01
9.576955345783167983e-01 8.588030608990340764e-02 2.332476221533703376e-04 1.628729816537889152e-09 2.164745660922316162e-08 2.421708968023370337e-02 -4.025097174314664628e-01 -1.885318504061179179e-01 inf 0.000000000000000000e+00 -9.000000000000000000e+01
5.002515645359394414e-01 6.566644526388207836e-01 3.407693348856922386e-07 4.144084629727241506e-10 -1.510193402372647375e-01 6.043833486651900196e-08 1.917237717855899961e-03 7.900704881274313003e-04 inf 0.000000000000000000e+00 -9.000000000000000000e+01
7.317470278560156416e-01 1.409832607002590166e-01 8.289321799931426756e-04 4.683180978278499995e-01 -1.086497986960612039e+01 1.566555258440680063e+03 -6.345767631502820867e-07 2.185484456529966479e+00 inf 0.000000000000000000e+00 -3.000000000000000000e+01
3.754200419371376274e-01 4.152373191122886165e-01 2.343458957626508356e-05 2.288534138307137232e-09 -4.398861097445249113e-01 9.049801999328046858e-05 7.377555977713082488e-06 0.000000000000000000e+00 inf 0.000000000000000000e+00 -9.000000000000000000e+01
5.352054503693568499e-01 1.152441064730836719e-03 3.647549844300324571e-04 4.655477667919409374e-08 -4.718507415800513027e-01 -3.640966795975712041e-08 -5.909954178106855034e-03 4.737906676264834641e-10 inf 0.000000000000000000e+00 -9.000000000000000000e+01
4.572818617438286215e-01 8.716649703733162462e-09 1.312145155483223702e-04 1.208494898645746251e-09 -5.508167880096117575e-01 8.119351238349229046e-05 1.086262691505833129e-08 -7.024203758718982608e-10 inf 0.000000000000000000e+00 -9.000000000000000000e+01
4.128355840117305386e-01 2.105389805615379140e-03 4.532047537021136800e-05 5.308002783343353038e-09 -5.934511520168626042e-01 6.861955308446889347e-10 -7.944206879566008937e-05 -6.733327769288545948e-04 inf 0.000000000000000000e+00 -9.000000000000000000e+01
3.143044516661683829e-01 2.476338104036478194e-01 4.898605524310941338e-03 1.310434201623584241e-08 -5.889239978189316771e-01 8.816714847948886092e-05 -1.581195454049734309e-03 5.097447120033978928e-09 inf 0.000000000000000000e+00 -9.000000000000000000e+01
3.683619511704701588e-01 1.878581999241764030e-03 1.579618211473885051e-07 3.935704158655371890e-09 -6.382382417849464806e-01 -7.695111641923034016e-10 -2.556663916022596711e-06 1.986911179369600693e-09 inf 0.000000000000000000e+00 -9.000000000000000000e+01
6.548135858472339255e-01 6.470181860157192544e-01 2.570045881952499542e-02 1.092421753732771613e-03 1.955213695228923524e-06 3.448550902027494678e-03 9.269608654899481539e-08 -1.637863183384495077e-08 inf 0.000000000000000000e+00 -9.000000000000000000e+01
2.961258813377193877e-01 3.916503591885966418e-01 9.571552680657897660e-01 4.561293817379387383e-02 -1.934370676480263729e-01 7.104633040158993273e-03 -4.341448209362857747e-09 5.739252190213456797e-07 inf 0.000000000000000000e+00 -9.000000000000000000e+01
1.130279168824932208e-03 1.114450599516356943e+00 8.089942882032007526e-10 1.897191063416496515e-01 -2.571350151989025279e-01 -1.976240691058850363e-02 2.607146209789336089e-01 9.340533832268717307e-03 inf 0.000000000000000000e+00 -9.000000000000000000e+01
3.447149392399328494e-01 3.802695538746526938e-02 1.303512229257013821e+00 8.099859228042137760e-01 -2.013285940216613312e+01 7.345238668593880902e+03 0.000000000000000000e+00 0.000000000000000000e+00 inf 0.000000000000000000e+00 -3.000000000000000000e+01
1.062413444808378848e-01 1.457579421231007533e-02 1.392864252207168018e-07 4.582972700810681645e-07 -8.895062455867934759e-01 -1.996442116352773952e-02 -7.766395401003600273e-04 -1.154285117419302925e-01 inf 0.000000000000000000e+00 -9.000000000000000000e+01
1.196821998768603734e+01 6.376058157646390390e-01 9.160509311217534371e-06 0.000000000000000000e+00 -1.497137836423842750e-07 -1.055499843932458681e+01 3.426824833556394093e+06 1.569526918624555975e-07 inf 0.000000000000000000e+00 -2.000000000000000000e+01
4.022093749838397958e-01 1.579356184491517712e-01 1.037110561149429955e-01 3.185034972057893682e-02 -5.359281986041216639e-01 1.094342210573786124e-09 -5.861594980220308054e-08 5.141133413058325433e-05 inf 0.000000000000000000e+00 -9.000000000000000000e+01
4.055931455004096759e-10 1.227590443071362891e+00 3.240389801367031645e-07 2.097566729835734548e-14 -7.581815277177054263e-07 0.000000000000000000e+00 5.635601067408167188e-13 8.166304942961269266e-10 inf 0.000000000000000000e+00 -9.000000000000000000e+01
5.792250339517754920e-01 2.753144200243470840e-02 1.723072790075029781e+00 1.409810956465801816e-09 3.230797131565925920e-05 4.401608303566046862e-03 0.000000000000000000e+00 1.304473185706519711e+00 inf 0.000000000000000000e+00 -1.000000000000000000e+01
8.474558025683346166e-03 5.452381082700682037e-06 4.913249641243238597e-01 1.776426883275477264e+00 -3.193537491296113474e-05 -4.376859968558809849e-03 2.149795969750554448e-05 -2.467591895713680192e-03 inf 0.000000000000000000e+00 -9.000000000000000000e+01
9.948733876708049095e-01 1.544246741369995062e-10 3.624814211401853345e-05 3.098586598696656797e-10 -1.442728973133724363e-02 5.905536729816741404e-04 -1.983297285484993797e-10 -4.555094997335350573e-03 inf 0.000000000000000000e+00 -9.000000000000000000e+01
4.759064885496183450e+01 4.147900763358778931e+03 7.318627743320610612e+00 2.412623121538235230e-04 6.404317996946565247e+10 7.905683444656489200e+01 8.026152166701455964e-04 -2.348222805343511688e-01 inf 0.000000000000000000e+00 -2.000000000000000000e+01
3.107481512404580926e+01 6.575023854961833081e+01 4.285506619751909163e+00 4.373905817686602355e-07 -7.964389014790078214e+00 1.404274809160305595e+05 -5.792684227455664693e-05 7.124165542253102501e-02 inf 0.000000000000000000e+00 -2.000000000000000000e+01
2.124674442898092167e-02 5.844829322470588423e-02 2.710737058745818495e-01 9.280641153922892942e-04 -9.503376541617042372e-01 0.000000000000000000e+00 -2.477897249582554215e-06 1.370918346984511403e-07 inf 0.000000000000000000e+00 -9.000000000000000000e+01
2.368688666000066598e-02 1.232458321528159643e-03 4.969706597519060295e-09 2.273941119360063823e+00 -6.106775467031421291e-05 5.912115448042916777e-11 -5.921721665000166223e-05 1.009121514201688488e-05 inf 0.000000000000000000e+00 -2.000000000000000000e+01
2.703457260321301403e-01 7.085479028543589797e-01 1.359451893089506976e-05 1.926717674333464775e-02 -3.252218734058162086e-01 -1.452603901068161805e-02 -1.188289018868998305e-06 -7.155839530001578425e-04 inf 0.000000000000000000e+00 -9.000000000000000000e+01
9.381167482105621236e-01 1.612388160986903685e-02 5.237207757751022319e-03 1.318129230210204093e-05 -6.327402025691031273e-02 -1.523065521386776948e-03 -4.886024730263344466e-04 2.775262046789579440e-01 inf 0.000000000000000000e+00 -1.000000000000000000e+01
5.307820955528395057e-01 2.211560186458467937e-06 1.992881115221454558e-01 1.025207576165828140e-03 -4.612515996409361496e-01 -1.490376386844054560e-02 5.837099309698236099e-10 1.288831527581370501e-07 inf 0.000000000000000000e+00 -9.000000000000000000e+01
5.570943249809748865e-01 7.379056409835720309e-01 6.963679062262186081e-02 1.869988842166232717e-07 -9.239091738308382804e-03 8.647242017415893676e-10 -1.002919872483921025e-05 1.206426855084896249e-01 inf 0.000000000000000000e+00 -1.000000000000000000e+01
3.358367414000489048e-02 7.537331390697930011e-01 6.128949298210380398e-05 6.993383430464023349e-06 -3.827551096838792410e-03 0.000000000000000000e+00 -2.241444314774082222e-03 2.758116224620310933e-02 inf 0.000000000000000000e+00 -9.000000000000000000e+01
7.072148105016270447e-01 2.718541611399011848e-01 6.382662913719420184e-01 1.765074394572713906e-04 -1.125338330080931648e-01 4.770131774703871714e-10 4.377366463039023558e-07 1.735594099565331751e-09 inf 0.000000000000000000e+00 -9.000000000000000000e+01
6.854717140370286677e-01 1.840389634653591996e-04 2.130166819781255847e-08 -7.811643464809443597e-03 -3.202773820571871988e-01 9.154269685323566377e-05 -4.198758362335076183e-02 3.179244877883909968e-09 inf 0.000000000000000000e+00 -9.000000000000000000e+01
7.012420783306275718e-01 3.809570441175670978e-06 2.963054744891695756e-03 2.537568610301492722e-01 -3.062818026949920003e-01 0.000000000000000000e+00 2.561506764366326112e-08 7.960545009320090404e-05 inf 0.000000000000000000e+00 -9.000000000000000000e+01
1.001718289094296832e+00 6.044851744534549855e-03 3.044014628497755323e-02 3.065603384728236014e-01 -7.050078206516299925e-04 1.505309760601865430e-04 0.000000000000000000e+00 -3.409479171531273112e-07 inf 0.000000000000000000e+00 -9.000000000000000000e+01
9.905888074809360289e-01 3.801156157358363878e-07 7.863175972574654923e-07 1.356491020861220079e-05 -1.382941105118540466e-02 -8.853265352855998679e-03 4.328846070968113511e-05 3.719345121802473868e-09 inf 0.000000000000000000e+00 -9.000000000000000000e+01
1.007029952084259827e+00 3.516552638461973451e-09 4.654923129823193502e-05 1.210135675052330384e-02 -6.601089957744104815e-04 7.018422384905316380e-09 4.404867605589110889e-09 -5.188495197107319615e-03 inf 0.000000000000000000e+00 -9.000000000000000000e+01
6.145679205870422379e-01 7.026946412749954796e-01 1.021977351727973248e-04 0.000000000000000000e+00 -2.521628082660894277e-10 5.838859523376578921e-06 9.071381539336836526e-11 3.016744087077898869e-06 inf 0.000000000000000000e+00 -9.000000000000000000e+01
3.259995745602019657e+00 8.273594877842699313e-02 7.476139949857859819e-05 3.426564143684852643e-03 -5.435452789144658681e+00 7.137030216281588082e+02 -3.266375385025898304e+00 -2.560577932826317137e-03 inf 0.000000000000000000e+00 -2.000000000000000000e+01
8.798008110687024441e+01 2.875477099236642061e+03 1.613072519083969837e+03 3.732399631092567230e-06 6.370699529770993805e+10 -1.020467918337756609e-02 2.351411767588317304e-05 -9.592267051907897831e-06 inf 0.000000000000000000e+00 -2.000000000000000000e+01
9.684922003966379631e-03 2.164591680502797599e-02 2.095324522185884772e-08 7.158656295671015187e-08 -2.523249149761268455e-06 2.345748494965478256e-02 2.473634700187311283e-07 -2.277187608261140639e+00 inf 0.000000000000000000e+00 -3.000000000000000000e+01
0.000000000000000000e+00 2.889000472740213702e-09 0.000000000000000000e+00 5.351661016548231453e-01 -1.001967671361724932e+00 4.631951171170259930e-09 1.619750347691703274e-07 7.146893731462015871e-09 inf 0.000000000000000000e+00 -9.000000000000000000e+01
3.838961361997662025e-01 3.515607985628683152e-01 1.076009958810814293e+00 0.000000000000000000e+00 -1.221947625646359713e-05 0.000000000000000000e+00 1.022615942955195423e-09 4.514067689243425102e-06 inf 0.000000000000000000e+00 -9.000000000000000000e+01
2.619431430822436401e-04 1.685961320929350025e-04 2.664009391172432809e-02 2.223868709152639678e+00 -3.882016430889256853e-01 1.025540892216525725e-07 4.567261479168381899e-07 -1.164456336065610446e-04 inf 0.000000000000000000e+00 -2.000000000000000000e+01
1.047559648644392327e+00 -1.046763630674297785e-01 1.156932245658925209e-06 0.000000000000000000e+00 -8.725880580381856547e-05 7.520970567055186367e-05 7.323365324869611503e-02 3.645824491936829146e-04 inf 0.000000000000000000e+00 -1.000000000000000000e+01
1.001902685574969532e+00 5.285106068490515975e-10 4.070382538365716909e-04 1.109895858348736337e-02 -3.076674125243570343e-04 -1.461515758376573035e-02 1.436965666511517940e-07 -6.096018918960862624e-04 inf 0.000000000000000000e+00 -9.000000000000000000e+01
3.835456306757806244e-01 4.402947290920951051e-01 2.245426678312550787e-04 0.000000000000000000e+00 -4.168123435405166610e-01 2.183319131891139746e-04 5.953217340273468855e-07 5.212272725185552817e-10 inf 0.000000000000000000e+00 -9.000000000000000000e+01
8.024378548609062412e-01 0.000000000000000000e+00 1.324955527793589383e+00 0.000000000000000000e+00 -5.448207751017254702e-05 3.090785342124130128e-02 -4.745825567088200655e-05 1.181821796491690566e-09 inf 0.000000000000000000e+00 -9.000000000000000000e+01
6.970226859408729103e-01 1.402690351692782895e-02 4.772107816617908622e-07 2.297647054557192632e-04 -3.064730097716678592e-01 0.000000000000000000e+00 1.262845090043653550e-02 0.000000000000000000e+00 inf 0.000000000000000000e+00 -9.000000000000000000e+01
7.098603511961882884e-01 7.014096327295670230e-01 2.786096244464206576e-02 1.184255956992338833e-03 1.057371390171731198e-05 1.769369178948832499e-01 -1.843312965531768710e-01 -6.346646110977426166e-07 inf 0.000000000000000000e+00 -9.000000000000000000e+01
6.636791205307471797e-01 5.951470374324635548e-02 7.614675899809297821e-03 4.643807269783169194e-08 -3.246256567813437521e-01 1.194802764542445689e-02 1.525003375015213530e-07 9.459607401410159898e-09 inf 0.000000000000000000e+00 -9.000000000000000000e+01
-6.729435507363227771e+03 1.763880388750606321e-02 1.011376729598910829e-03 5.966955372230622778e+00 -1.322406325737597683e+02 0.000000000000000000e+00 1.579814745504868039e-03 -9.941513351775180946e-03 inf 0.000000000000000000e+00 -2.000000000000000000e+01
5.258359844307639586e-01 4.897229228455237658e-10 6.783027946278298761e-08 2.452593210964383943e-02 -4.787461947802477691e-01 -8.277502087004796547e-03 7.784109312142820048e-05 3.789139749300291123e-07 inf 0.000000000000000000e+00 -9.000000000000000000e+01
5.077969637409871506e-01 5.129262260009971319e-01 2.628444278442406159e-06 3.852170972593166309e-08 -1.410547121502742085e-01 -1.449016588452816945e-01 -1.976903162712176538e-03 6.076341117483268404e-09 inf 0.000000000000000000e+00 -9.000000000000000000e+01
9.599287724178466874e-01 1.716281319106212067e-01 6.277840885674711326e-07 0.000000000000000000e+00 -1.005269385615236585e-08 2.693298606822518843e-02 1.883451577460713011e-01 -3.038304934285909718e-05 inf 0.000000000000000000e+00 -1.000000000000000000e+01
1.925938262147741942e-01 3.994043756203732429e-10 1.106294769187191385e+00 8.308408084381537773e-01 -8.314006742120338966e-02 4.144318912120697356e-04 -1.159628369947402101e-09 3.673435711188777707e-06 inf 0.000000000000000000e+00 -9.000000000000000000e+01
1.361977884293862250e-09 1.595957349722876631e-02 1.496554546547936626e+00 0.000000000000000000e+00 -5.053355553287747719e-05 3.084323457817228832e-09 1.081950991663170753e-07 3.060666378924280221e-06 inf 0.000000000000000000e+00 -9.000000000000000000e+01
3.250128228995491364e-01 3.566741118102407793e-01 9.175312296567788017e-01 1.647679320862525387e-01 -1.476449901243478691e-01 6.258438373083236042e-10 -5.556879278203026573e-02 4.515703995347749770e-09 inf 0.000000000000000000e+00 -9.000000000000000000e+01
5.332986011203715293e-01 4.887332584083627918e-01 4.813057012896946874e-01 1.331012432886329445e-04 -1.752903480005678083e-01 -1.253400263775246611e-02 1.652631458903658368e-01 6.629094728411304149e-02 inf 0.000000000000000000e+00 -9.000000000000000000e+01
7.270077902808045334e-01 6.959375462791792151e-03 5.371241772883030619e-07 3.404983623881206598e-07 -2.787342120839448323e-01 0.000000000000000000e+00 -1.508332383568785707e-05 1.253585567233205522e-01 inf 0.000000000000000000e+00 -1.000000000000000000e+01
5.196947454356537488e-01 7.752823251581064667e-01 1.113758376915548881e-02 7.121841414141258896e-03 -2.147645635167831288e-02 -1.622382097847599989e-04 3.561419034905171297e-07 -5.033544457424605394e-04 inf 0.000000000000000000e+00 -9.000000000000000000e+01
2.630237310116286253e-01 7.235597061286438425e-01 3.355752583018250856e+00 1.136673186992633033e-02 -1.176468970829708383e+01 1.754190329271190876e+03 -7.236098366245418962e-07 3.597937305601680950e-03 inf 0.000000000000000000e+00 -2.000000000000000000e+01
7.156400082997050882e-01 5.638375822967373052e-01 1.115363807127460125e-02 2.342819291611901551e-09 1.376005092357107018e-05 -1.087256654009546255e-09 -1.406337869944137428e-05 1.160638062856011007e-08 inf 0.000000000000000000e+00 -9.000000000000000000e+01
1.916295378680118733e-01 5.013607789946393778e-01 5.409819955717233286e-01 9.714817526111933776e-02 -4.465006329648308347e-01 0.000000000000000000e+00 4.524057181277615913e-03 1.584094343516332197e-07 inf 0.000000000000000000e+00 -9.000000000000000000e+01
6.486052985954976480e-01 5.924539231236480052e-06 2.915748590016457031e-01 4.823165118211215040e-03 -3.510799322672876754e-01 -2.510370278394271140e-02 3.309969700401335091e-01 1.327706947239636615e-01 inf 0.000000000000000000e+00 -1.000000000000000000e+01
1.639846780527863257e-01 3.650611285222743474e-01 1.000883044755775914e-05 2.131800814686222179e+00 -4.841452399653691785e-01 2.658828307834528722e-08 0.000000000000000000e+00 4.378048800099524948e-09 inf 0.000000000000000000e+00 -2.000000000000000000e+01
2.709800966046792547e-01 5.713082181123924075e-01 3.533991332073660452e-02 2.337036208537413530e-07 -4.509813160099535589e-01 1.883164931278005771e-02 0.000000000000000000e+00 0.000000000000000000e+00 inf 0.000000000000000000e+00 -9.000000000000000000e+01
4.603217465325597502e-01 7.137503625260149628e-07 6.888879717161633387e-01 3.156074330296851534e-03 -5.092242877346331298e-01 0.000000000000000000e+00 -6.260523421304179505e-08 -5.315493608921013566e-03 inf 0.000000000000000000e+00 -9.000000000000000000e+01
1.713504572128508319e-01 4.966888802355273161e-10 3.487843626107732797e-01 1.500583885651001426e+00 -2.005042736778978659e-04 -3.098756419270860124e-02 -3.376313742714753263e-01 7.735504385721368503e-09 inf 0.000000000000000000e+00 -9.000000000000000000e+01
1.530731878992189397e-05 6.170762887187263750e-05 1.377658691092970532e-02 2.447825636571982312e-07 -1.007099117826541157e+00 1.234152577437452750e-04 7.534070966914681918e-05 9.897577418868106877e-09 inf 0.000000000000000000e+00 -9.000000000000000000e+01
3.573247349596604693e-04 5.601112991179170176e-05 9.783436593547922833e-02 7.230914459228173547e-08 -1.001823907179307360e+00 -2.507005627096655503e-03 1.230095177167280431e-05 -1.459872179193479145e-03 inf 0.000000000000000000e+00 -9.000000000000000000e+01
4.805471736790080384e-02 0.000000000000000000e+00 1.096105219963070754e+00 7.025142015212165747e-01 -2.437060666514969387e-01 1.995128890720881606e-02 -6.700379481480595534e-09 -1.538895115710156858e-01 inf 0.000000000000000000e+00 -9.000000000000000000e+01
5.534850876123031949e-01 4.137305861842553726e-09 3.278520146269086298e-04 1.557573971517196619e-08 -4.509542435136306704e-01 -9.016816488766005513e-03 -3.720871154179969775e-08 0.000000000000000000e+00 inf 0.000000000000000000e+00 -9.000000000000000000e+01
1.329635166158397164e+00 5.346648760977011292e-05 4.805457918163054565e+00 1.556768138071572949e+01 -2.658048241171428409e-03 2.263312801218154285e-02 3.065204346001660655e-09 1.717150296090264874e+03 inf 0.000000000000000000e+00 -2.000000000000000000e+01
1.398697252977969541e-01 4.879176463876637448e-02 1.452516047912851160e+00 2.251558297335946809e-06 -1.667976044942676367e-03 1.403456298203152033e-04 -5.978586661262784904e-08 2.432195540326384520e-02 inf 0.000000000000000000e+00 -9.000000000000000000e+01
4.038367050618018039e-01 9.142010781255177632e-01 7.425502870172932074e-07 4.617850043639883117e-08 -1.047402275498223720e-04 -1.262557144731493209e-04 2.918481227580406215e-07 -5.099406834750719840e-03 inf 0.000000000000000000e+00 -9.000000000000000000e+01
9.905171883143140121e-01 3.744986021564361686e-07 8.402928834455358808e-07 1.388946377844590963e-02 -1.382841119040878475e-02 -8.974730441457356989e-03 4.328533097163345805e-05 -1.197091302912986260e-07 inf 0.000000000000000000e+00 -9.000000000000000000e+01
1.404653805313724557e-05 3.773949191187401797e-01 8.046799981209812325e-02 5.947370515287022560e-08 -8.272110380683687092e-01 -2.061992495185014426e-03 2.082423823262305056e-05 1.178730465997531102e-04 inf 0.000000000000000000e+00 -9.000000000000000000e+01
8.437770851003403294e-01 8.401128122316476991e-05 6.864527263560729620e-02 7.439026326390919819e-02 -1.602705077844221726e-01 0.000000000000000000e+00 5.787913344115188922e-08 -1.758482708342407963e-03 inf 0.000000000000000000e+00 -9.000000000000000000e+01
2.264565489988069891e-01 3.970291976272865344e-05 1.493245365042469019e-01 2.740337787544131727e-09 -7.735998888616963942e-01 1.562671961492108286e-09 -6.326344867164658547e-02 1.021334234410726793e+00 inf 0.000000000000000000e+00 -1.000000000000000000e+01
6.994325793023506042e-04 7.809142090986490414e-09 2.139727542255971584e-03 2.226018513572827207e+00 2.982166057981534002e-01 1.203909405693750557e-09 -2.778567128754812489e-07 2.357843276916460394e-04 inf 0.000000000000000000e+00 -2.000000000000000000e+01
2.527764269995971813e-01 1.339525953551481442e-02 1.019159246615351875e-09 1.067680980624857202e-02 -7.539167249165044105e-01 1.177994882682038141e-02 -2.406960697787818338e-04 -7.003549624667340217e-08 inf 0.000000000000000000e+00 -9.000000000000000000e+01
3.275412552805125332e-01 2.246728297939765834e-02 2.678865247045207547e-05 3.910023734911118737e-02 -6.599956293902328186e-01 -3.070699268254805173e-02 -4.094265691006406969e-04 6.837103839473590388e-05 inf 0.000000000000000000e+00 -9.000000000000000000e+01
9.751997443984317115e-01 2.942400193989066551e-07 6.187474240321083618e-01 1.192994956036983969e-06 -9.236089982221811000e-05 1.788891126113924881e-08 -5.050986709027553102e-07 2.395209967177748294e-08 inf 0.000000000000000000e+00 -9.000000000000000000e+01
7.709958037005216758e-01 5.425356457156283591e-02 9.175033198431385983e-01 4.383779584579865912e-02 -1.524593839859107458e-01 3.676995278188725704e-03 4.383319947944552546e-10 1.539108140476717566e-08 inf 0.000000000000000000e+00 -9.000000000000000000e+01
4.031823867155070323e-03 8.617513285524725253e-08 1.322075817292736710e+00 4.416583687885823895e-01 -6.115687888381286580e-04 7.225807931391855859e-07 0.000000000000000000e+00 1.033266340635693597e-09 inf 0.000000000000000000e+00 -9.000000000000000000e+01
7.917966586806185481e-01 4.176782222518875279e-10 3.216794744471964903e-04 8.771429049715104287e-03 -2.118674653110248773e-01 -1.155025643461107462e-02 1.146685149751940646e-07 0.000000000000000000e+00 inf 0.000000000000000000e+00 -8.000000000000000000e+01
9.938483200327438150e-01 2.522303405171163679e-02 2.804471853688287820e-06 2.077162437954932273e+00 -4.997598520223361175e-05 6.267772015862078158e-04 0.000000000000000000e+00 2.089257338620692810e-04 inf 0.000000000000000000e+00 -2.000000000000000000e+01
6.912132055039726551e-05 4.971884460642610599e-05 1.529846423230238228e+00 0.000000000000000000e+00 -1.728240254561335180e-09 4.006611282430045046e-04 4.357977995227897752e-07 2.067576342779426946e-05 inf 0.000000000000000000e+00 -9.000000000000000000e+01
6.293237119003264013e+01 2.962032347556364624e-03 3.400030937272441323e-01 1.080182490575187160e+01 -8.456124605120589680e-04 3.442531039152051392e+11 -3.310305343870532670e+04 2.051908397169143718e+05 inf 0.000000000000000000e+00 -2.000000000000000000e+01
8.798008110687024441e+01 4.157919847328244941e+03 5.145801526717558590e+04 2.412623121538235501e-04 6.404317996946566010e+10 7.905683444656490622e+01 8.288913100730373445e-04 7.908021718377377676e-07 inf 0.000000000000000000e+00 -2.000000000000000000e+01
5.871698534817291204e-01 1.119191157188931113e-01 1.633500171041504185e-06 8.819712923499728463e-02 -3.763077514026550996e-01 -2.341350245159489501e-05 -4.866048509517092134e-03 3.009155588521947337e-09 inf 0.000000000000000000e+00 -9.000000000000000000e+01
6.971775858313217222e-01 5.942331486500468192e-10 1.539703148920763538e-04 8.626705169591412971e-10 -3.104041548224259484e-01 1.521659752644348342e-04 3.387346927625679675e-03 1.303183121363809200e-08 inf 0.000000000000000000e+00 -9.000000000000000000e+01
8.343788756946095918e-06 7.312151831834554800e-07 7.482201874435358774e-06 5.801186349141997787e-09 -2.386758912595641699e-02 2.924860732733821920e-06 1.796862116815157943e-06 -2.276429356635967682e+00 inf 0.000000000000000000e+00 -3.000000000000000000e+01
2.914353118321449387e-01 1.486269493935634929e-03 1.249739623144691996e-07 2.250528241370452598e+00 1.487534404143239786e-01 1.715225411832875182e-09 -5.178226162382132663e-04 1.571975816998481237e-09 inf 0.000000000000000000e+00 -2.000000000000000000e+01
4.332203075986920086e-10 1.356107664894048720e-16 2.108763556105397829e-11 7.739632103813948415e-14 -1.009138248798638893e+00 9.811165789735083292e-12 0.000000000000000000e+00 2.286001384033986468e-18 inf 0.000000000000000000e+00 -9.000000000000000000e+01
2.898907014330616150e-01 6.111775077144693258e-01 6.362943915931461580e-01 2.500128512226956215e-07 -1.512245716862000156e-01 1.892759966768777381e-03 -1.047558836899566210e-05 -3.734910046646432258e-09 inf 0.000000000000000000e+00 -9.000000000000000000e+01
9.484447072884357732e-01 3.399058504662989149e-08 4.108176243990653044e-03 6.171974653203848120e-10 -5.927779420552723583e-02 2.823198743016407802e-03 -1.196811161491341015e-02 4.418776056061885894e-09 inf 0.000000000000000000e+00 -8.000000000000000000e+01
6.646801989279833567e-01 1.017672179572747361e-03 1.753320837240437242e-04 0.000000000000000000e+00 -3.430361026651316259e-01 1.704824728976340141e-04 4.604798741422691072e-07 -4.745157670148587511e-04 inf 0.000000000000000000e+00 -9.000000000000000000e+01
4.508587786259541019e+01 -7.688743240050686359e-06 9.361581583969464759e+01 9.554943055596969127e-06 -3.561471254770992090e+01 0.000000000000000000e+00 5.378954748091602325e+09 -6.261927480916029687e-01 inf 0.000000000000000000e+00 -2.000000000000000000e+01
9.386111893858641864e-01 1.613237981756954209e-02 5.239968065744652140e-03 1.829886892606574837e-08 -6.330736928409864961e-02 1.523868264017577386e-03 -1.947801540473595222e-03 4.898881111775165293e-10 inf 0.000000000000000000e+00 -9.000000000000000000e+01
3.871548515769082655e-01 3.050310951818064886e-01 3.771261599709960113e-04 4.813374705424908025e-08 -4.878542195375687451e-01 -3.764455278092603595e-08 -2.386874430196177239e-06 1.323969410499442012e-07 inf 0.000000000000000000e+00 -9.000000000000000000e+01
4.856629935548842369e-01 6.062954145346458601e-01 3.286972617551573901e-07 7.507744274180299340e-08 -2.060151085563460549e-01 5.532249825776403354e-03 -7.096872696986352470e-09 1.439364113963064254e-02 inf 0.000000000000000000e+00 -9.000000000000000000e+01
7.126849627125997658e-07 4.666542013690769006e-10 0.000000000000000000e+00 5.085457756919332294e-05 -1.074637960867074225e-09 -3.092365313201890265e-14 -1.540420455686566825e+00 3.964822091412623965e-06 inf 0.000000000000000000e+00 -9.000000000000000000e+01
3.686107696943879877e-04 1.163185135780103074e+00 1.148260160941864949e-01 8.654925921679705332e-08 -2.402552338186636049e-04 -1.388461325578749365e-06 0.000000000000000000e+00 4.525355431515923907e-05 inf 0.000000000000000000e+00 -9.000000000000000000e+01
6.093978301774740203e+00 1.625150044224330831e-08 1.097998281425626235e-02 4.075769620651924913e-02 -5.270391750843006484e-01 3.144582751734980093e+02 -1.888908403502133293e+00 -1.128193234164830963e-03 inf 0.000000000000000000e+00 -2.000000000000000000e+01
4.597274564696803845e-01 1.760192366593041589e-06 1.810919039783704110e-01 1.211237652838936585e+00 1.744216355912796698e-09 7.744846413009382228e-05 -8.515984617999244888e-01 2.951755624565475244e-01 inf 0.000000000000000000e+00 -8.000000000000000000e+01
3.738722127766337944e-01 1.928164179390598028e-08 4.215591494904974944e-03 1.050024086947141777e+00 -6.244461426162926099e-01 -2.017683595104395600e-02 0.000000000000000000e+00 4.613742200222289425e-01 inf 0.000000000000000000e+00 -9.000000000000000000e+01
6.334884065176498175e-09 1.049948377469067765e-08 -8.625202742607123417e-05 5.581635379282693515e-03 -1.007708143847577453e+00 4.340568711324637393e-09 -2.738922319379420776e-04 0.000000000000000000e+00 inf 0.000000000000000000e+00 -9.000000000000000000e+01
1.007059644978588464e+00 3.516656326168261714e-09 5.076060676123385573e-05 1.181807965471854533e-05 -6.639776050284617410e-04 7.018629327383837311e-09 0.000000000000000000e+00 0.000000000000000000e+00 inf 0.000000000000000000e+00 -9.000000000000000000e+01
3.029459471192349485e-01 4.001428001023677876e-05 2.319429907631642696e-01 3.836748292678299199e-03 -6.934622070776237379e-01 0.000000000000000000e+00 8.616504599460662189e-03 -2.595691674851776632e-08 inf 0.000000000000000000e+00 -9.000000000000000000e+01
3.954916972952865462e-04 1.744468461454986956e-05 0.000000000000000000e+00 2.255506180417965023e+00 -1.237984727305392233e-09 5.543861635979832190e-08 4.316704763432212968e-09 3.681470617642857004e-09 inf 0.000000000000000000e+00 -2.000000000000000000e+01
9.061554345380913415e-04 1.213811703192133384e+00 8.375498569984853617e-10 1.153381034885458678e-01 -2.646126163882241600e-04 0.000000000000000000e+00 0.000000000000000000e+00 0.000000000000000000e+00 inf 0.000000000000000000e+00 -9.000000000000000000e+01
9.856585320658238780e-01 4.248459081725273518e-07 9.348153381355726183e-03 1.036459824285634414e-07 -2.293323959023239184e-02 0.000000000000000000e+00 -8.160325270019172601e-06 -3.019655300883972160e-02 inf 0.000000000000000000e+00 -9.000000000000000000e+01
9.078620812762208114e-01 1.207410203545557499e-05 1.644837671572919532e-02 7.594955154645426365e-01 -1.887787923089542375e+01 6.887373807065846449e+03 0.000000000000000000e+00 1.743400614773509969e-07 inf 0.000000000000000000e+00 -3.000000000000000000e+01
2.449979126908397120e+01 4.017652671755725351e+03 4.759064885496183450e+01 2.929933710407664877e-06 6.404317996946565247e+10 7.905683444656489200e+01 8.026152166701455964e-04 -2.348222805343511688e-01 inf 0.000000000000000000e+00 -2.000000000000000000e+01
1.005872684704938846e+00 0.000000000000000000e+00 8.328588669573847938e-07 6.274327401743691047e-08 -1.859059970887019540e-09 1.851798017875742103e-09 4.756579222386709890e-10 -9.551891773360854376e-01 inf 0.000000000000000000e+00 -9.000000000000000000e+01
5.283995005313567583e-01 1.201572664953684949e-01 7.205512917997239615e-08 3.793353897474675482e-06 -7.378094870888022960e+00 -4.660054635682445712e-01 4.252617830671104603e+05 4.350521717935756233e-02 inf 0.000000000000000000e+00 -3.000000000000000000e+01
1.004868089947180021e+00 2.312269190308005444e-06 1.688044427905463912e-06 0.000000000000000000e+00 -3.502129506427869351e-03 1.564254503192396553e-04 1.631309210724071124e-09 1.197896110948538805e-07 inf 0.000000000000000000e+00 -9.000000000000000000e+01
6.544309784106612238e-01 6.505239277932841624e-01 4.098659209360876486e-08 4.366469328154342744e-09 -5.036432436462645297e-04 9.204843373459189993e-05 4.340852708095837535e-07 1.604677478096720925e-09 inf 0.000000000000000000e+00 -8.000000000000000000e+01
6.093691457350768337e-01 6.932457460943911237e-04 1.369510038868523072e+00 5.070618654339480892e-10 -5.112431755858341321e-07 9.126489501668992256e-07 -2.596156751021813952e-08 0.000000000000000000e+00 inf 0.000000000000000000e+00 -9.000000000000000000e+01
7.968302719454504768e+01 1.927499552716769982e+00 2.468702290072883479e+05 9.580749045788128626e+01 -6.936888658353699243e-03 3.442531038773811646e+11 3.023243701180751051e-06 -2.549856870225441526e+03 inf 0.000000000000000000e+00 -2.000000000000000000e+01
6.658582023252402893e-01 3.071992174662115938e-01 4.454303374289483446e-05 -6.190250332358431288e-08 -2.050593761259229542e-01 -6.871048487109110252e-03 8.272256450148653699e-09 4.006969488409983798e-05 inf 0.000000000000000000e+00 -9.000000000000000000e+01
2.688244769574055226e-01 7.762712857740015686e-10 3.932033314640536966e-05 3.839876283828649050e-09 -7.380743035990304790e-01 1.899026460107874111e-04 -6.213583509555415611e-04 0.000000000000000000e+00 inf 0.000000000000000000e+00 -9.000000000000000000e+01
4.009705661262679688e-01 1.214844291971011250e-03 2.436994253488271867e-01 4.206294587234480839e-03 -5.738271352690407223e-01 -1.731222298535454659e-02 -2.359067111661611871e-01 5.404880997166016729e-09 inf 0.000000000000000000e+00 -9.000000000000000000e+01
5.315146818752756186e-01 1.024051620413031077e-01 9.170012415165887626e-05 4.224099174144074208e-10 -4.365507253802263787e-01 4.118496694790472417e-10 2.015326502110420092e-03 5.190573065188238598e-05 inf 0.000000000000000000e+00 -9.000000000000000000e+01
9.878092257913210217e-01 5.567451551614030492e-02 1.173918816100309561e-10 1.118543277902653808e-02 -4.548747448477970023e-05 -8.915814155670577389e-07 0.000000000000000000e+00 4.665381998438943874e-05 inf 0.000000000000000000e+00 -9.000000000000000000e+01
5.806841652815758134e-03 9.643242762623998043e-01 5.723116493518576786e-09 6.845094367247938063e-10 -3.094679625827758684e-01 1.054041598806299034e-07 0.000000000000000000e+00 -4.227553417425420346e-01 inf 0.000000000000000000e+00 -9.000000000000000000e+01
1.189886128320763126e+00 1.114593271631311722e-02 3.269926448477493517e-05 3.344844398769625514e-13 -7.334752144098686643e-05 8.648138938468750006e-14 -7.640282509273556288e-02 3.644721848181728205e+02 inf 0.000000000000000000e+00 -3.000000000000000000e+01
1.540940488397597388e-08 3.430427039647032851e-08 8.985281386159783687e-13 2.277499005782627428e+00 -2.145270920359146082e-11 4.527438758222334726e-17 0.000000000000000000e+00 5.467095858985460744e-17 inf 0.000000000000000000e+00 -2.000000000000000000e+01
4.821684160305332512e+01 9.191034091565424844e-07 9.898921005598438141e-03 4.716014134064875130e+00 -8.456124604203299347e-04 3.442531038778618164e+11 -4.643702325020117143e-03 -1.209297480473988794e-04 inf 0.000000000000000000e+00 -2.000000000000000000e+01
6.052203859857917534e-01 7.678002018913463966e-07 9.057339725607230774e-01 3.553762734584173744e-10 -3.473377965761414443e-01 1.866181046263689306e-08 -8.231191400484486487e-08 -5.590950447905697687e-03 inf 0.000000000000000000e+00 -9.000000000000000000e+01
5.600217049257529833e-01 6.692942327161437444e-01 7.850672119271946929e-10 0.000000000000000000e+00 -7.951527691890046545e-02 6.160596871373124697e-10 0.000000000000000000e+00 3.048898654865815194e-05 inf 0.000000000000000000e+00 -9.000000000000000000e+01
5.591860543859239474e-03 7.350008559862962365e-08 1.524876057873267410e+00 4.007753310986072147e-04 -1.677558163157771842e-02 0.000000000000000000e+00 0.000000000000000000e+00 0.000000000000000000e+00 inf 0.000000000000000000e+00 -9.000000000000000000e+01
8.254947663401718231e-06 8.078685435713424132e-07 5.358371721724104021e-05 2.240995142633313009e+00 2.768785826603600872e-06 0.000000000000000000e+00 1.257704437150839939e-07 -1.461989421337776644e-02 inf 0.000000000000000000e+00 -2.000000000000000000e+01
2.368998699839555049e-04 1.814958681328691361e-03 2.127513671081716559e-02 3.110571712202234163e-01 -1.021206562119223893e+00 4.255027342163433118e-02 0.000000000000000000e+00 1.531443030476925364e-02 inf 0.000000000000000000e+00 -9.000000000000000000e+01
7.245257045226274339e-01 9.510620434030176984e-01 3.240628321843961684e-06 4.374494819759260356e-01 -1.087374426625873269e+01 1.567818943401718798e+03 -6.350886538786154064e-07 3.499595855807407929e+01 inf 0.000000000000000000e+00 -3.000000000000000000e+01
5.529484427688244885e-01 2.771064032930656285e-02 2.844818588940217427e-02 1.959410861133089357e-08 -4.450560636919806967e-01 1.205919916897401305e-04 1.478978390374495329e-09 9.002270379224155405e-01 inf 0.000000000000000000e+00 -1.000000000000000000e+01
1.189733532710248509e+00 0.000000000000000000e+00 -7.617983705571048425e+00 8.116932429973821884e-10 1.078821918735144968e-08 1.217689965043798443e-02 -4.088528927690517659e-09 -9.395666949213686558e-02 inf 0.000000000000000000e+00 -2.000000000000000000e+01
7.559857599424106285e-05 8.380500036203696707e-05 1.540110105644362015e+00 5.649998837464331866e-04 9.301090404467023030e-13 -1.100406903863541780e-05 9.249211812569597800e-11 -2.466456483351892816e-09 inf 0.000000000000000000e+00 -9.000000000000000000e+01
6.590678673663857978e+01 1.729857466602984317e+01 5.747895431882322565e-05 7.623896708014962087e+01 -3.100387922679980757e-01 3.442531038778488159e+11 1.519086649854613797e-05 3.411413262818469239e-05 inf 0.000000000000000000e+00 -2.000000000000000000e+01
1.005929914756606092e+00 8.543053730345088331e-03 9.717387614295019548e-06 3.274511441264993969e-04 -2.720486709306562826e-06 2.401011850389199123e-13 -4.772783700537829189e-09 5.522683475566332861e-04 inf 0.000000000000000000e+00 -9.000000000000000000e+01
2.816350684051588393e-01 1.436289953889156347e-03 3.091747822949563173e-05 3.183946760916006154e-09 -7.256014609605133669e-01 1.069577625236605730e-04 1.159918362329126279e-08 1.635688896626186320e-09 inf 0.000000000000000000e+00 -9.000000000000000000e+01
