4.381984191303335829e-01 2.463945006671053404e-03 3.425344109741300771e-04 7.576461393601545321e-10 -5.639594004054069298e-01 4.722441327768337210e-06 -9.874202045425678476e-02 -6.765084600493531022e-07 9.669765037072411360e+03 0.000000000000000000e+00 0.000000000000000000e+00
4.007878631375748624e-01 3.871024239084869256e-01 2.016158457856702738e-02 2.932594120518840740e-03 -4.281587415957507359e-01 -2.229933782031080569e-06 0.000000000000000000e+00 4.713438629577400735e-05 1.461104348480873887e+04 0.000000000000000000e+00 0.000000000000000000e+00
4.638614024959877291e-01 4.510652258754087596e-01 3.932731491318960212e-10 0.000000000000000000e+00 -3.303013090186946998e-01 -7.712539314466390264e-06 2.948337813884620260e-05 2.178494898827593886e-08 3.107890556133694554e+04 0.000000000000000000e+00 0.000000000000000000e+00
6.624808119045491051e-01 -4.829586224140630830e-03 1.119380732324183614e-01 8.517239718124883874e-08 -3.418323956774926287e-01 -1.175424996140145753e-05 1.836601556468977633e-06 0.000000000000000000e+00 3.339659526434044528e+04 0.000000000000000000e+00 0.000000000000000000e+00
5.934790707283283950e-01 1.768705459619547114e-08 2.361623767105644993e-09 3.669351752486557525e-05 -4.142792214499694814e-01 5.225720676148661702e-09 1.911120704420081861e-05 1.281306511940296840e-09 3.615911869997246686e+04 0.000000000000000000e+00 0.000000000000000000e+00
6.001212233100093885e-01 7.433429387420771066e-06 2.117269112627986757e-09 9.735422418586089921e-03 -4.077294193665064181e-01 -2.538408404943506305e-06 6.733178792953597160e-09 4.679559261102750154e-07 3.722812156403906556e+04 0.000000000000000000e+00 0.000000000000000000e+00
6.781288394879911863e-01 1.327355946029394477e-03 8.532013176564595680e-02 8.475793576801413933e-10 -3.161646441185841372e-01 -2.142237074635266331e-02 6.340333896412486009e-08 5.336447696147176386e-08 3.986596087106938649e+04 0.000000000000000000e+00 0.000000000000000000e+00
2.500654475360113427e-01 8.848469682043479390e-01 1.619681384281056527e-02 8.637292437544017147e-08 -1.934266923248634806e-01 1.071995307946843612e-02 1.910905406536286894e-08 2.254868379712818516e-08 1.038318969248423236e+05 0.000000000000000000e+00 0.000000000000000000e+00
5.240423975467578543e-01 4.497891977234669654e-08 0.000000000000000000e+00 0.000000000000000000e+00 6.086301950404347974e-10 0.000000000000000000e+00 -1.395802338877482285e+00 -1.373473942329436506e-06 inf 0.000000000000000000e+00 -9.000000000000000000e+01
7.510752571020076043e-10 4.904495855964384199e-01 7.564521234030119334e-03 2.989467190555610276e-01 -7.660114661635094579e-01 -1.869447505137912455e-09 4.496468598755893869e-07 1.557935861462913241e-01 inf 0.000000000000000000e+00 -9.000000000000000000e+01
6.716941023576020742e-01 2.518852883841007917e-02 1.217772684274301964e+00 0.000000000000000000e+00 -2.372737608328152892e-01 1.755564131161914745e-02 0.000000000000000000e+00 4.500810258986882846e-10 inf 0.000000000000000000e+00 -9.000000000000000000e+01
9.828579057630920657e-01 1.233925638771202205e-01 2.106799215465676191e-04 0.000000000000000000e+00 -1.288127361515490309e-02 0.000000000000000000e+00 7.730102483234776445e-01 -6.952960189998385189e-05 inf 0.000000000000000000e+00 -1.000000000000000000e+01
6.160688810489897138e-01 -6.589278396636330179e-04 4.808645653965137823e-10 0.000000000000000000e+00 -4.038673775765599383e-01 -3.804950161101142024e-07 2.718526173517764599e-01 -2.009558016755038090e-01 inf 0.000000000000000000e+00 -1.000000000000000000e+01
3.930021319226732063e-02 3.631564109514190422e-08 5.797391697617074180e-04 2.728328933558096900e-07 -7.537829710417484064e-01 -4.520745020626029675e-01 1.841482354609041646e-05 5.419702046450464844e-10 inf 0.000000000000000000e+00 -9.000000000000000000e+01
5.103869031938371714e-01 4.713622706373014057e-05 5.921832671846488103e-10 0.000000000000000000e+00 -4.969877243510395504e-01 -4.704793957218727027e-07 2.486715941894157555e-09 6.126033798461883460e-10 inf 0.000000000000000000e+00 -9.000000000000000000e+01
5.123370030062222025e-01 -5.468340533138075273e-04 1.321341277044552765e-09 8.965897552608887988e-01 -4.926317336598289853e-01 -3.848685419217413948e-03 2.505654569803003802e-07 2.445518860127731829e-05 inf 0.000000000000000000e+00 -9.000000000000000000e+01
2.885231834072701146e-07 8.808082491117238400e-01 -4.981473283868954535e-03 3.232190092600430954e-07 -4.423189250974091657e-01 -2.651491533590862269e-06 -5.460173419255761641e-04 -5.364157286448455969e-08 inf 0.000000000000000000e+00 -9.000000000000000000e+01
2.661472271390342703e-01 5.925542038189819394e-01 1.055079783656794978e-09 7.744734582161579407e-10 -4.328658675355614438e-01 7.052572312741341824e-10 0.000000000000000000e+00 5.229603965972062170e-07 inf 0.000000000000000000e+00 -9.000000000000000000e+01
1.173423152473465347e-01 3.977878922110483773e-01 4.400187028174535991e-06 1.211404548772286310e-09 -7.076329599229961298e-01 0.000000000000000000e+00 0.000000000000000000e+00 6.558346135743296527e-08 inf 0.000000000000000000e+00 -9.000000000000000000e+01
2.496544562322622618e-01 6.578164234850902403e+00 5.260447846906419261e-07 1.388445342492028799e-06 1.902910352226196267e+01 1.604555334716593340e-01 0.000000000000000000e+00 6.741323804738200991e-10 inf 0.000000000000000000e+00 -2.000000000000000000e+01
8.284415758345095227e-06 2.554094286271726619e-02 1.510077840873798039e+00 2.774536947884464902e-04 -6.708298237008329754e-04 7.012357080612107146e-04 -5.344784360222642344e-05 1.049003010433030699e-03 inf 0.000000000000000000e+00 -9.000000000000000000e+01
5.090713553350374454e-01 7.982414772640111789e-01 3.019883881614033939e-07 3.878873074606470112e-05 -2.127340423270330459e-05 -1.089198296714409195e-02 7.088338555455163063e-07 1.653554196510439815e-04 inf 0.000000000000000000e+00 -9.000000000000000000e+01
2.415014057121029900e-01 1.050152454106984434e+00 1.504662595842584507e-09 2.070800925503931984e-03 4.184842844687187954e-10 -3.530941558243931511e-08 2.033822337548504627e-04 2.056372214318198827e-08 inf 0.000000000000000000e+00 -9.000000000000000000e+01
1.445951990817876743e-08 -1.012229489659385645e-03 -2.090057877636749068e-07 2.964201581176647290e-07 -1.014469316615227878e+00 -1.043714437008540019e-06 4.385178037607669711e-06 3.594749969745263840e+00 inf 0.000000000000000000e+00 -3.000000000000000000e+01
4.173510144884623463e-01 1.706449341987915138e-05 2.047079713055261277e-02 1.306629085531809488e-05 -6.185979438049054036e-01 7.833773087485701447e-02 1.582793592568501086e-03 5.152322892475589549e-09 inf 0.000000000000000000e+00 -9.000000000000000000e+01
3.647684975903794924e-02 7.866413286693487144e-04 1.521539138830669158e+00 1.253805865400962899e-09 -1.496803639273621778e-03 4.566548511698150526e-06 7.946559058275353919e-09 2.458987680620170816e-09 inf 0.000000000000000000e+00 -9.000000000000000000e+01
3.477857778598094085e-01 9.444457820780145507e-01 -5.359370860081639175e-03 2.807060557336319249e-07 0.000000000000000000e+00 1.652190961508080739e-09 7.636925847258574696e-10 -4.084089868445468507e-01 inf 0.000000000000000000e+00 -9.000000000000000000e+01
2.718200509639081067e-02 2.734062244799751536e-04 1.431897270925353904e+00 3.280155225149540711e-09 -3.772087586840671136e-01 0.000000000000000000e+00 0.000000000000000000e+00 5.433752284380004062e-10 inf 0.000000000000000000e+00 -9.000000000000000000e+01
4.994627437224696265e-01 3.371373520126669798e-01 2.450489086388366600e-01 1.032075809905519188e-09 -4.885369962035405744e-01 3.176270885860080218e-01 0.000000000000000000e+00 5.674963326579080014e-08 inf 0.000000000000000000e+00 -9.000000000000000000e+01
4.140873702848422711e-01 3.993086290801842181e-05 9.808899029640290486e-05 -5.050079720719977434e-07 -5.864954947157059451e-01 -1.678862595601881419e-02 1.036807791499559232e-08 -1.558600232020084658e-02 inf 0.000000000000000000e+00 -9.000000000000000000e+01
8.636840937259904205e-01 3.103351591524946551e-01 3.608953698522906033e-09 1.096143225042889480e-06 -7.491556421339983646e-03 2.575623395072206478e-05 -5.000918576424245063e-05 2.868812346791937227e-09 inf 0.000000000000000000e+00 -9.000000000000000000e+01
6.993624209223622268e-01 2.635369597719762952e-08 2.412313718290851616e-01 3.621561365419925676e-08 -2.968466736916984816e-01 1.823211671378452473e-08 0.000000000000000000e+00 6.788977278151037072e-07 inf 0.000000000000000000e+00 -9.000000000000000000e+01
4.878014289676809723e-01 3.731078482233151500e-03 8.854180129091514945e-03 6.998947796172287799e-08 -5.184715786931938242e-01 -8.735801109968674468e-06 3.631683499646301079e-10 8.914082765274157377e-08 inf 0.000000000000000000e+00 -9.000000000000000000e+01
6.580304698823549181e-01 1.796757084378645302e-03 1.514773111362846536e-01 1.152573502070142138e-07 -3.413940259587662784e-01 6.213334242965725180e-08 2.485333697186290390e-06 0.000000000000000000e+00 inf 0.000000000000000000e+00 -9.000000000000000000e+01
2.581839048616977467e-03 1.542852024432351933e-10 1.539386687866393988e+00 5.859870669719029499e-12 -8.379361950845588131e-04 1.265929866200904248e-11 3.028104239952562706e-08 -6.952381499810498643e-04 inf 0.000000000000000000e+00 -9.000000000000000000e+01
8.193178705042457599e-01 9.655567764815971288e-05 1.490914631071000288e-09 1.975923673886663829e-07 -1.060154823793678203e+00 5.496749286841164484e+00 -6.658018369171609708e-05 3.754223095394094711e-01 inf 0.000000000000000000e+00 -3.000000000000000000e+01
7.028046358967420248e-01 5.601852850976123399e-01 2.918307548706689868e-08 1.075742497308547165e-08 -1.837878231947547361e-02 0.000000000000000000e+00 3.593111396305534118e-09 -2.532705350078778821e-08 inf 0.000000000000000000e+00 -9.000000000000000000e+01
1.007731890852543444e+00 8.088830591169950213e-10 3.063387314118870092e-05 0.000000000000000000e+00 -5.550800225091793857e-09 6.153354196894521357e-10 0.000000000000000000e+00 1.166719777838241638e-06 inf 0.000000000000000000e+00 -9.000000000000000000e+01
3.381327203861683728e-02 2.763655158679729773e-01 2.660074013948938999e-08 0.000000000000000000e+00 -8.554635756195912988e-01 4.743895670390339574e-09 5.733419920655808945e-09 1.210712023854221669e-08 inf 0.000000000000000000e+00 -9.000000000000000000e+01
9.457197137337213233e-01 3.190851797629455351e-05 2.516486053311722060e-09 2.380208130450424397e-02 -6.192212411351746826e-02 -9.273786497979239884e-05 1.521854058443355403e-07 -4.528216063466425725e-07 inf 0.000000000000000000e+00 -9.000000000000000000e+01
7.296220897190117301e-03 1.078219310362539540e-03 3.891317811834729690e-02 2.830294022076244664e-07 -1.062589183818336780e+00 1.685435142079931572e-09 1.764064074698410645e+00 -1.438031818471868281e-09 inf 0.000000000000000000e+00 -1.000000000000000000e+01
8.658680412878717869e-02 -2.131633713562983406e-03 -9.721837950905756579e-08 5.431026756524512202e-09 -8.477452218190557609e-01 -1.822350179919823010e-01 4.200794176317302511e-09 6.661355354884323143e-05 inf 0.000000000000000000e+00 -9.000000000000000000e+01
4.426248350137905740e-01 2.599034753837306121e-04 1.238217022469281892e+00 8.995240850160322182e-03 -4.530062277326641351e-01 -5.202245704918700107e-07 4.992423294891161548e-10 0.000000000000000000e+00 inf 0.000000000000000000e+00 -9.000000000000000000e+01
6.207632139812203631e-01 1.640494751535994506e-04 8.263992310862573049e-03 -1.971267115531304340e-07 -4.842740506534256029e-01 2.736345245562039064e-01 1.679866625572858374e-01 7.337369103549662387e-05 inf 0.000000000000000000e+00 -1.000000000000000000e+01
-3.373580774255844794e+00 2.216978417086475084e-02 -4.468228608240277675e-04 5.819880357916055674e-09 -4.196221276255592159e+00 -3.627556730916720718e-05 -1.192451369871193378e+00 3.639072784030742054e-04 inf 0.000000000000000000e+00 -2.000000000000000000e+01
3.974658270852356456e-01 3.838938232335447065e-01 1.999446996008045346e-02 2.908286539648065761e-03 -4.333346944075618379e-01 2.211450386949594387e-06 0.000000000000000000e+00 9.786904506939474555e-10 inf 0.000000000000000000e+00 -9.000000000000000000e+01
6.771419104292416558e-01 5.073614460453016589e-03 -4.193369421153765413e-05 3.695314751437468674e-09 -3.286712196820295584e-01 -1.238675405384037423e-05 0.000000000000000000e+00 1.876423298933517025e-08 inf 0.000000000000000000e+00 -9.000000000000000000e+01
2.877277305126511586e-01 3.771854518108112668e-03 1.361586141680206863e+00 3.127678350186071786e-08 -3.384458389419998658e-01 3.117911622252405501e-06 2.857465544021297661e-05 1.464282498983488503e-09 inf 0.000000000000000000e+00 -9.000000000000000000e+01
9.303121408980705512e-08 1.186359922870830363e+00 1.297581165639970918e-02 -8.839070222309458645e-08 -2.479306870062087179e-02 -1.338130577066219858e-02 3.032154649061036687e-05 5.992889610725813049e-07 inf 0.000000000000000000e+00 -9.000000000000000000e+01
1.009138249153169964e+00 4.568975153923440367e-15 2.665753891214005093e-10 1.778289412546629078e-19 -7.051848956409141724e-11 1.797834019655956885e-11 8.314080370347875459e-19 5.117778361303026010e-18 inf 0.000000000000000000e+00 -9.000000000000000000e+01
1.472812039904616010e-01 -4.670629962163268534e-01 1.662461809426580395e+00 2.864922050225417460e-01 -5.709668593054881836e-01 1.480644552783246422e-09 3.097009344532679039e-05 9.608585397322923216e-02 inf 0.000000000000000000e+00 -9.000000000000000000e+01
4.896938127576081490e-01 1.841704586560436286e-08 1.676699344649840162e-02 9.769943637817212357e-06 -4.595759700595320463e-01 -1.427808839019905351e-01 0.000000000000000000e+00 6.316315369070088739e-08 inf 0.000000000000000000e+00 -9.000000000000000000e+01
-4.579472383262288531e+03 7.815533867425657200e-02 2.758110423424650300e-04 1.834824399530210481e+00 -2.812618293971999694e+00 1.838233043584539331e-02 2.764054626923410203e-06 7.608580478412828614e-06 inf 0.000000000000000000e+00 -2.000000000000000000e+01
3.404060597161056078e-10 3.226387667446351193e-05 1.320545839598229243e+00 3.900719481551316870e-01 -2.515325408758531944e-01 1.206896873742710490e-06 3.994097767335639463e-08 2.196168127200681448e-09 inf 0.000000000000000000e+00 -9.000000000000000000e+01
1.814845833740751924e-01 2.616118337492718410e-03 2.101677801103262811e-04 1.190862938985094184e-07 -8.255139456130500264e-01 6.959847195817708711e-06 -2.841222831919421150e-07 1.705164477545979944e-09 inf 0.000000000000000000e+00 -9.000000000000000000e+01
1.109248869590638243e-09 3.150761935866997800e-03 9.473078953803594214e-09 3.084409441516652306e-01 -1.002590115816818228e+00 1.653482871936627373e-06 -6.313302421026956157e-02 -8.650830677813369358e-07 inf 0.000000000000000000e+00 -9.000000000000000000e+01
5.337885873346289722e-01 2.528986290077903319e-08 2.795821537082090821e-09 4.343982644324780273e-05 -4.881656311521820890e-01 1.453215347760894138e-06 3.250635627999343136e-01 1.584865400200030170e-09 inf 0.000000000000000000e+00 -1.000000000000000000e+01
5.449826875139515137e-01 3.768873780534794937e-01 5.653863615899101976e-03 -9.372419392615136471e-03 -3.202658001299520385e-01 5.341449636145263746e-02 0.000000000000000000e+00 4.680049643584582877e-10 inf 0.000000000000000000e+00 -9.000000000000000000e+01
2.305911520799738545e-01 4.987203986845946124e-01 7.457344671191014525e-03 -1.994522212520639415e-07 -5.541337763162161867e-01 -7.609869364694131659e-06 1.684745432832367162e-01 -5.341637334701429540e-04 inf 0.000000000000000000e+00 -1.000000000000000000e+01
4.658559102424723597e-01 1.882874936265225869e-04 1.802607868895537933e-06 -1.267729899284240035e-02 -5.416410822436401595e-01 7.888402285942847469e-10 4.108585482312848480e-05 3.035789342884952730e-08 inf 0.000000000000000000e+00 -9.000000000000000000e+01
6.430118757500703081e-03 1.677500289693961211e-04 8.486580911811836966e-09 9.810524047158215577e-01 -2.241355681185959181e-01 2.660611556021654473e-10 -9.149140403529570920e-01 -2.043859176491294727e-01 inf 0.000000000000000000e+00 -9.000000000000000000e+01
2.871849849572384872e-01 2.373880635751045021e-01 -1.294851855957338103e-05 1.195760299134879549e-04 -7.094355922934157954e-01 1.773588980733539489e-01 2.346594651432067358e-01 -1.475148527244722618e-02 inf 0.000000000000000000e+00 -1.000000000000000000e+01
7.639482223225679446e-09 9.301425091529493816e-01 1.122048951536271622e-09 6.023954439199219468e-01 -3.478879463367330338e-01 -2.109370177292941900e-06 2.305486599509178134e-09 9.788086598507901428e-10 inf 0.000000000000000000e+00 -9.000000000000000000e+01
4.992127074920368335e-01 3.382090148120492912e-01 4.602127692552876195e-09 0.000000000000000000e+00 -3.584610516271420355e-01 -4.422871046692127814e-07 2.160678732469614391e-04 7.822108183014461786e-08 inf 0.000000000000000000e+00 -9.000000000000000000e+01
4.601900178215024839e-01 9.101535908025271127e-01 1.511596377983129638e-02 5.193311574510999498e-08 -1.546749782122272196e-02 1.022644484047783298e-01 6.876413873233828184e-10 -7.833456747806020193e-01 inf 0.000000000000000000e+00 -9.000000000000000000e+01
5.266315382356505137e-06 1.624954743673869342e-02 1.845662882484957468e-01 9.828297702396677771e-01 -1.091398175091724126e-01 1.369939524628897484e-04 -4.388449206651540146e-01 -6.125543684284441293e-01 inf 0.000000000000000000e+00 -9.000000000000000000e+01
3.552077159875933253e-08 1.227591054979317864e+00 0.000000000000000000e+00 2.391567103913173292e-14 -1.004838804402776148e-12 -5.973343238892488055e-08 5.328690629408661288e-15 -1.756083090275742468e-08 inf 0.000000000000000000e+00 -9.000000000000000000e+01
1.239156677522732300e-04 7.166207291697729386e-06 -5.197889022244752723e-03 1.402565798871503778e-07 -8.897562973371900275e-02 5.831419966603054839e+00 3.841087108349983039e-03 5.355993470617834593e-06 inf 0.000000000000000000e+00 -3.000000000000000000e+01
5.101499972334719857e-01 7.525201108616348666e-02 0.000000000000000000e+00 6.571503042135779514e-10 -4.691034457319282480e-01 -8.856770785303332699e-03 7.964985588990031173e-02 -1.961278444374821934e-04 inf 0.000000000000000000e+00 -1.000000000000000000e+01
5.067666173354845593e-01 1.815230930519690807e-05 1.352110762792497509e-09 3.375183069126296703e-02 -5.008967337370040518e-01 8.536884772951877503e-08 0.000000000000000000e+00 1.761490541129305386e-06 inf 0.000000000000000000e+00 -9.000000000000000000e+01
1.000286553795979527e+00 6.370111301667491510e-01 9.533581484988055965e-03 -2.409266625215403033e-07 3.376926473173127996e-01 0.000000000000000000e+00 2.225331317198562494e-09 6.194712446163022391e-10 inf 0.000000000000000000e+00 -9.000000000000000000e+01
6.902665034578534531e-01 5.786057455455536624e-01 2.294332298384151308e-06 1.173706830328151603e-02 -1.796247277495448269e-02 5.300198031077312129e-07 4.352454858031706923e-05 3.097832639168474573e-06 inf 0.000000000000000000e+00 -9.000000000000000000e+01
3.796480371397752129e-02 6.668895062334948389e-04 -1.322725595236600316e-03 8.725435150942166613e-08 -9.696352352290407151e-01 4.648767923718466123e-06 3.682448468986546011e-09 1.665534899140861520e-09 inf 0.000000000000000000e+00 -9.000000000000000000e+01
1.356777371282264682e-04 2.480964336058998354e-01 3.270802591484030735e-05 6.837832385263924555e-08 -3.493197785171069381e-01 -3.036700347336214190e-01 -6.787918423457419692e-01 -6.053552979983956028e-01 inf 0.000000000000000000e+00 -9.000000000000000000e+01
2.873561884042624692e-01 5.697141412201253566e-04 -2.673844250150216644e-05 2.750783456605652918e-07 -7.200170154733218641e-01 4.103424344289936594e-06 3.126624758301185480e-09 7.230824699430389891e-10 inf 0.000000000000000000e+00 -9.000000000000000000e+01
1.631391804180854777e-01 3.146574877104991175e-01 2.288418092439993556e-01 6.138015637385827488e-08 -6.847376010972793248e-01 2.100565351460927931e-05 7.592597468120490679e-10 -1.598441572235892809e-08 inf 0.000000000000000000e+00 -9.000000000000000000e+01
3.823185805616147003e-05 5.034462440571576934e-06 1.595523640055475090e+00 4.256046256313425466e-09 -2.345272017211173093e-02 8.962509336114088399e-02 1.923615499681080319e-05 1.568948891927381231e-05 inf 0.000000000000000000e+00 -9.000000000000000000e+01
7.459842266558167623e-01 6.757608418630585898e-07 6.457270266691448582e-06 -7.534883555849072531e-03 -2.617833829689277803e-01 4.208840312818962924e-09 0.000000000000000000e+00 1.310147099914981544e-02 inf 0.000000000000000000e+00 -9.000000000000000000e+01
2.842132690600465694e-02 6.174658553256679155e-04 1.007038212215434895e-09 -1.297747955104473550e-06 -3.688329375811990052e-01 -5.311996111903137530e-02 -1.383696237882261926e+00 1.370937444154978454e-07 inf 0.000000000000000000e+00 -9.000000000000000000e+01
1.824026496449440815e+00 3.217752071796912545e-06 7.465782069134368060e-09 1.910190334094926209e-09 -5.638158618610274463e-05 4.916260256524673800e+00 5.278541228567658344e-09 5.067107947312877164e-10 inf 0.000000000000000000e+00 -3.000000000000000000e+01
9.726186448426803466e-01 8.266541210775731063e-02 3.064509710305706383e-06 1.442901823700022195e-09 -2.985708032040702533e-05 3.688356329903653710e-06 5.127362532442919290e-04 -4.027641333544642796e-05 inf 0.000000000000000000e+00 -9.000000000000000000e+01
3.342201285731253857e-01 9.362072607399243296e-01 1.554441204712361281e-02 4.776397389800276748e-09 -1.975797554414944095e-06 1.794061458607908883e-07 4.696305360398138674e-10 -5.648515623253406170e-01 inf 0.000000000000000000e+00 -9.000000000000000000e+01
2.977286228098244281e-01 6.182342987307829496e-01 2.074338765478284941e-01 2.838996977066358673e-01 -3.351480672066876054e-01 1.346757214441599544e-06 1.055063255553326868e-07 2.716977049685282974e-01 inf 0.000000000000000000e+00 -9.000000000000000000e+01
4.343210046426386473e-02 6.511887062866708042e-01 -2.659606152025146501e-03 2.723046298770700688e-02 -6.090254087573180319e-01 -1.977925107432176964e-08 -2.062626841444566688e-07 0.000000000000000000e+00 inf 0.000000000000000000e+00 -9.000000000000000000e+01
1.326586153996343054e-01 6.899181836249088204e-05 1.152471721284323181e+00 8.208251827852373061e-01 -8.658220178263892688e-03 -3.721594113991332850e-06 1.386583733348838946e-04 3.808753215575438195e-02 inf 0.000000000000000000e+00 -9.000000000000000000e+01
1.908671455762877223e+00 6.786387398268008297e+00 5.097947264323924310e-01 4.034630301558444584e-06 -2.702591776393589829e+00 1.124104169046444355e+02 -3.500482588113045897e-08 1.112520783204022992e-03 inf 0.000000000000000000e+00 -2.000000000000000000e+01
8.089241414573282440e-02 1.531665270376482278e-05 7.483643867770946950e-08 2.470901052099822533e-09 -9.618329941318057852e-01 9.803918522400537072e-02 -2.722199504600485636e-08 2.630516410125576243e-01 inf 0.000000000000000000e+00 -1.000000000000000000e+01
3.194926799231689873e-01 8.624795939383799034e-05 3.204634634163163372e-08 1.829693761674535957e-01 -6.882463457375754823e-01 -7.409249499719648534e-07 -1.616075434359140603e-06 0.000000000000000000e+00 inf 0.000000000000000000e+00 -9.000000000000000000e+01
2.415492580519306431e-01 3.632141177586770686e-01 3.086133026707713403e-02 3.636949931295867286e-10 -6.006089659669626712e-01 -1.590215123953817744e-05 3.073167419149699412e-10 -4.946782525397340446e-07 inf 0.000000000000000000e+00 -9.000000000000000000e+01
7.104442049522141645e-02 1.336877202528953732e-05 1.194891623777602713e-03 1.091393356710643969e+00 -4.730000620346302975e-01 -7.250779394063793237e-01 1.049499925375681406e-08 2.279074904971318651e-09 inf 0.000000000000000000e+00 -9.000000000000000000e+01
1.178580613537244082e+00 1.107342393886760930e-02 -9.181158729401652494e-05 2.478352714562679148e-09 -1.647686713004370808e-03 5.675796112560937967e-01 -2.555580264884995822e-06 -2.005420624527809266e-06 inf 0.000000000000000000e+00 -1.000000000000000000e+01
7.475171320026495758e-01 5.974450762048314634e-05 3.319566211195977079e-04 2.415906520370405403e-03 -2.604507059925021406e-01 -4.089139006418994342e-10 2.446331074693215623e-07 2.473345773677558193e-06 inf 0.000000000000000000e+00 -9.000000000000000000e+01
3.221160770716192999e-05 5.421296299532032403e-01 1.413801303255978934e-04 1.541467558981603086e-09 -7.864986676972607338e-01 8.316761368600276982e-02 1.062857717341374132e-04 1.358633441563934080e-08 inf 0.000000000000000000e+00 -9.000000000000000000e+01
2.433909410684752250e-01 4.947619129916545622e-01 1.024103959687026888e-01 1.942224859597788057e-09 -1.369905296724204802e-01 2.517757613911255340e-07 -7.847030340459036912e-01 4.835743527978166166e-09 inf 0.000000000000000000e+00 -9.000000000000000000e+01
8.268830557272172088e-01 1.153503784854283868e-08 7.330523543681003893e-04 5.631521993192437590e-04 -1.808195807441314307e-01 1.651724207484275666e-06 0.000000000000000000e+00 3.137903144511888044e-05 inf 0.000000000000000000e+00 -9.000000000000000000e+01
1.210345753808030576e-03 6.646592707347065421e-01 6.196970259497116551e-01 7.667012076928982435e-08 -3.655625989040885981e-01 1.841947217509017425e-06 1.291040939397767642e-07 2.386328378959050884e-07 inf 0.000000000000000000e+00 -9.000000000000000000e+01
2.870616048649325402e-01 6.330113514536693910e-05 9.544976439677658187e-01 0.000000000000000000e+00 -6.610252340314080044e-01 -2.030331738522414602e-05 1.252483987854892361e-09 5.964371207249331423e-07 inf 0.000000000000000000e+00 -9.000000000000000000e+01
2.081963634935329877e-01 8.805540588759134985e-08 0.000000000000000000e+00 0.000000000000000000e+00 -7.980008035624359675e-01 -2.279195879816214783e-05 9.947394795992617845e-10 2.111439355164716498e-09 inf 0.000000000000000000e+00 -9.000000000000000000e+01
1.003545805814557879e+00 1.920163143926580917e-09 3.782139525915993117e-09 9.533319075785789404e-07 -7.447905527957647972e-09 0.000000000000000000e+00 8.293987595933637025e-05 4.766659537892894702e-07 inf 0.000000000000000000e+00 -9.000000000000000000e+01
6.515441511675142960e-01 1.074476319469234026e-01 1.116269447586887141e-06 4.886318935798465501e-10 -2.526162410667028846e-01 -1.377387196766411692e-01 -4.691820021888635193e-06 -2.743343794389533907e-01 inf 0.000000000000000000e+00 -9.000000000000000000e+01
1.963975649304208317e-06 1.191991244984331305e-07 1.344872256088866380e-09 2.292290855739098714e-08 -1.007358263326015413e+00 2.264561530871286996e-09 1.520491313585007013e-09 9.985514747064769399e-07 inf 0.000000000000000000e+00 -9.000000000000000000e+01
5.892576235175319305e-05 3.178717136164292967e-01 2.122685963679870153e-08 5.001578801920693654e-07 -2.101459104043071460e-05 -8.736255411427464868e-01 3.396297541887792286e-05 -3.672565969135112574e-01 inf 0.000000000000000000e+00 -9.000000000000000000e+01
5.057906702696155499e-01 1.818757330865941038e-05 1.354737472034783985e-09 3.381739946570103822e-02 -5.018698123605487282e-01 8.553469149580264458e-08 5.513891058686048246e-10 1.173180741281227553e-07 inf 0.000000000000000000e+00 -9.000000000000000000e+01
1.822601839434264903e+00 3.208353964812416338e-06 1.372483207105079438e-08 -9.751609498617786326e-07 -5.621691216302405380e-05 4.901901306915282142e+00 3.721988358251063101e-09 7.648686076205934278e-07 inf 0.000000000000000000e+00 -3.000000000000000000e+01
2.856200391501650718e-06 8.812986002704961339e-03 1.066080768327211103e+00 2.175251953792648023e-07 -5.919227521816782661e-02 2.427202875744978862e-04 -3.030892416930268674e-01 -3.384186625038704821e-01 inf 0.000000000000000000e+00 -9.000000000000000000e+01
2.254943825215728961e-02 1.049573853191321238e+00 -5.592343792572792606e-04 7.641323154146273389e-01 0.000000000000000000e+00 1.836099505746606671e-09 8.487006708217229391e-10 -6.790317327234391964e-01 inf 0.000000000000000000e+00 -9.000000000000000000e+01
4.952829198403600475e-01 2.766538485300755745e-01 2.056599814358614301e-08 7.581009826201797901e-09 -3.937395597057255503e-01 6.561973882150232585e-10 1.610694389143323075e-07 -4.792556924751605038e-07 inf 0.000000000000000000e+00 -9.000000000000000000e+01
3.204391098505089686e-02 3.525987028246755361e-01 2.520879222196492839e-08 0.000000000000000000e+00 -8.181030270262813486e-01 -8.698743322177202660e-05 0.000000000000000000e+00 2.541840581155676072e-07 inf 0.000000000000000000e+00 -9.000000000000000000e+01
1.008223827177515242e+00 4.822784925605594111e-10 1.915551714451443885e-06 0.000000000000000000e+00 -1.870655971143988169e-09 0.000000000000000000e+00 2.035273696604659234e-06 2.510751943165796529e-01 inf 0.000000000000000000e+00 -1.000000000000000000e+01
2.198507651421048592e-02 7.304331432043702499e-01 4.190379611014544703e-01 1.579801946239715177e-02 -3.959716513160533302e-01 1.594836673204025575e-06 1.217208679318934590e-06 1.530676577155587740e-07 inf 0.000000000000000000e+00 -9.000000000000000000e+01
1.339718351395159277e-04 6.928257760072109583e-04 -3.241639939536501594e-05 2.803540076859289889e-09 -1.007345711714175085e+00 4.964134962758849217e-06 5.071790901710245816e-05 6.483186427737107893e-09 inf 0.000000000000000000e+00 -9.000000000000000000e+01
3.889781818781742340e-01 8.198293691709961362e-01 1.696958640488352155e-01 1.019347724217069062e-07 -2.269957661951951533e-01 4.066882157443357950e-07 4.302015202075903341e-09 8.356970343807573087e+00 inf 0.000000000000000000e+00 -3.000000000000000000e+01
4.345826497640922076e-02 3.371922314629354067e-06 3.013800910179063918e-04 2.828954454354747905e-01 -9.639400362986548787e-01 -2.552196372624631601e-05 1.458382517124217617e-09 1.040617084640593354e-01 inf 0.000000000000000000e+00 -9.000000000000000000e+01
1.655864006854717435e-02 1.440082425473649674e-01 1.202953468394454828e-02 2.208126385726262519e+00 -4.627187921594018427e-02 -9.944604652447789028e-06 1.253076529577557203e-04 -7.764820559011110431e-07 inf 0.000000000000000000e+00 -2.000000000000000000e+01
5.676344615262366444e-01 2.921508863523580930e-05 5.334331477868938204e-05 1.079454561706323036e-07 -4.291046227013812775e-01 -2.864920955371754938e-02 7.585719245821798137e-09 -1.140337087887528973e-02 inf 0.000000000000000000e+00 -9.000000000000000000e+01
5.543364516810304066e-01 1.210857100330327025e-03 1.408506755147477876e-02 -2.832676233580913590e-07 -4.524490664810902341e-01 4.034916728065836818e-08 4.294175567576444109e-10 1.070488111527670876e-07 inf 0.000000000000000000e+00 -9.000000000000000000e+01
6.036918191777571607e-01 6.591281709132146066e-04 4.811229666890259485e-10 0.000000000000000000e+00 -4.037807577451227870e-01 -3.267949407457108295e-08 0.000000000000000000e+00 0.000000000000000000e+00 inf 0.000000000000000000e+00 -9.000000000000000000e+01
5.635817716156950370e-10 -9.425027561200021234e-03 7.380320061527379565e-07 2.257642614788285318e+00 -5.000416551762068909e-03 3.745651159045850372e-07 1.979761607983339180e-09 4.877149946674283994e-10 inf 0.000000000000000000e+00 -2.000000000000000000e+01
1.004246117740901445e+00 5.406261925863571453e-03 -6.245324490386414921e-05 2.697370536380247309e-08 -1.351565481465892863e-03 -1.245845658649248622e-05 3.090469850912865192e-05 2.533893534175383765e-08 inf 0.000000000000000000e+00 -9.000000000000000000e+01
6.220392988039106230e-01 6.493785625762682305e-03 -3.874335310775396538e-05 2.916245630928159004e-08 -3.155667202996447207e-01 -1.664227948554322378e-01 1.498668386689623343e-06 -1.176038386777273811e-06 inf 0.000000000000000000e+00 -9.000000000000000000e+01
3.512431301086442192e-01 2.752783417982093694e-01 1.071780429132372647e-02 4.994120736448388609e-01 -6.483331437979685807e-01 2.594836828425743924e-01 4.891875770088852170e-07 7.789254170206544441e-10 inf 0.000000000000000000e+00 -9.000000000000000000e+01
2.655690498192184723e-01 3.998975808324278236e-01 1.273805035470088574e-02 6.620265428339082866e-06 -5.573862033996387355e-01 -3.416151199676750958e-07 0.000000000000000000e+00 -1.725745347422910541e-06 inf 0.000000000000000000e+00 -9.000000000000000000e+01
9.994218169661985840e-01 1.769584829554593818e-08 3.526029177701603953e-09 1.621304693883585113e-02 -7.578336387841120084e-03 4.853217799867549647e-08 8.568688917861817378e-10 2.831335727287350109e-07 inf 0.000000000000000000e+00 -9.000000000000000000e+01
5.480308725860910222e-10 9.375306402551136439e-03 7.341385632712613583e-07 2.245732558728133377e+00 -3.385962749628757540e-01 -6.163820017440414406e-07 3.768209968871035672e-06 0.000000000000000000e+00 inf 0.000000000000000000e+00 -2.000000000000000000e+01
5.745709557072019580e-01 1.124653797425248861e-03 7.244726375066298796e-02 1.435542832247645439e-07 -4.293634810622445896e-01 -7.411101790098446917e-05 9.368855112464246834e-03 2.191739641230487586e-09 inf 0.000000000000000000e+00 -9.000000000000000000e+01
6.972090609299587349e+00 8.758261306024787149e-04 -4.292537673998024408e-04 3.225491824335465981e-07 -5.776295998983670188e+00 -1.190653461447578756e-04 8.721150029304343182e-05 2.637588677023896408e+10 inf 0.000000000000000000e+00 -2.000000000000000000e+01
4.397844945623708424e-01 2.583309948778965137e-01 2.570237948217583401e-03 1.044484776169099739e-08 -4.590038683607264303e-01 1.065542936978960513e-09 6.928134906444229611e-10 4.549910457221781257e-07 inf 0.000000000000000000e+00 -9.000000000000000000e+01
2.432231052207527774e-04 7.062694305190606592e-01 2.032118475392059766e-09 6.574621934506702514e-01 -3.043274781911399218e-01 -2.440361853419518445e-01 0.000000000000000000e+00 2.751154720436468714e-05 inf 0.000000000000000000e+00 -9.000000000000000000e+01
4.333949222378707250e-02 4.030488457966781670e-08 1.412705932859842139e+00 1.059933233733923071e-02 -3.973235436168305879e-01 5.976418554233545868e-07 2.037322063848686409e-05 -1.541109273175037334e-02 inf 0.000000000000000000e+00 -9.000000000000000000e+01
3.284295597265810551e-01 1.914817862211876467e-04 1.006647104705672355e-03 1.956757929785434658e-07 -5.378121575053609327e-01 -3.228273497525668834e-01 0.000000000000000000e+00 3.513348845397684108e-05 inf 0.000000000000000000e+00 -9.000000000000000000e+01
2.730776981865276094e-05 3.706054475388588705e-04 -1.895695628035939243e-05 1.750623100874346507e-04 -1.038631519502587253e+00 2.596578798756468132e-01 -1.374189395034192351e+00 -2.159654481658023970e-02 inf 0.000000000000000000e+00 -9.000000000000000000e+01
8.265416610547780124e-03 3.213104175715166821e-01 6.744350359301139219e-05 7.353365187403792617e-10 -3.751886888106429341e-01 3.979645034708190199e-02 -1.155933819312163546e+00 7.123458484274045925e-09 inf 0.000000000000000000e+00 -9.000000000000000000e+01
4.342045697415247152e-01 3.047326616731427795e-01 0.000000000000000000e+00 5.808432164784936140e-10 -2.084181934759318511e-01 0.000000000000000000e+00 -9.757760876373172687e-01 2.881539417375572967e-02 inf 0.000000000000000000e+00 -9.000000000000000000e+01
1.521326241483889185e-09 1.204456347877165490e+00 1.926387063899570595e-02 -3.155115081072410036e-07 1.275795740484907054e-09 0.000000000000000000e+00 1.352824917268901375e-09 6.389108039171630469e-06 inf 0.000000000000000000e+00 -9.000000000000000000e+01
4.383821314900503419e-01 1.158515146643896235e-04 3.988052628827865105e-06 1.097940852143642380e-09 -6.413539851820609927e-01 1.932403264602018944e-01 1.316073206587466127e-01 5.944072236007844405e-08 inf 0.000000000000000000e+00 -1.000000000000000000e+01
2.437101610723986511e-01 3.925600524106131473e-01 6.354502776408945536e-03 -1.467663291612897451e-07 -4.843928667277488942e-01 -1.579322575893598035e-01 0.000000000000000000e+00 0.000000000000000000e+00 inf 0.000000000000000000e+00 -9.000000000000000000e+01
9.497939276212139514e-01 7.623775973339825837e-10 2.374900867541525838e-09 2.246290356545794023e-02 -5.797623439516651211e-02 3.524490562844235420e-09 2.257876766822088251e-09 -6.894784663564035100e-08 inf 0.000000000000000000e+00 -9.000000000000000000e+01
1.007629789634342243e+00 3.603465463282347494e-05 0.000000000000000000e+00 0.000000000000000000e+00 -3.108665407673734650e-09 6.333905768135233883e-10 6.124070853117256805e-09 1.293204809592273581e-08 inf 0.000000000000000000e+00 -9.000000000000000000e+01
4.364799696105584603e-01 1.178290116200722001e-04 4.378062208088308881e-08 2.528507312942221974e-01 -5.710773170675588206e-01 -4.336802983090618070e-07 4.415653946419538322e-06 1.716116180076755204e-01 inf 0.000000000000000000e+00 -9.000000000000000000e+01
2.320174092742299798e-01 1.818380552341931078e-01 7.079760347232928221e-03 2.792158115891161807e-01 -7.194030163363704933e-01 6.856188967846625626e-02 -1.694174230460651631e-01 -1.986209492974561228e-06 inf 0.000000000000000000e+00 -9.000000000000000000e+01
3.204636072451270135e-01 8.257560055110180468e-04 1.089098917336487774e-09 4.922056891642563285e-07 -4.969996996573548542e-01 -2.709885240213179003e-01 -6.049453357820292476e-01 -5.397281806233718005e-01 inf 0.000000000000000000e+00 -9.000000000000000000e+01
5.163789132797889231e-02 9.777426674403734617e-06 4.777204301073970580e-08 1.473687702130787889e-09 -9.560092399474197089e-01 -2.936371869418999289e-05 1.737723415429220882e-08 8.423813818169477994e-10 inf 0.000000000000000000e+00 -9.000000000000000000e+01
2.214253814589456359e-01 5.206915145946703349e-01 7.300200224822246398e-01 1.123431389064864394e+00 -2.566641001234334363e-01 3.125115799250999809e-10 2.619236103718644570e-01 -1.672524259001062219e-01 inf 0.000000000000000000e+00 -9.000000000000000000e+01
9.496983013489050662e-02 4.016692126259519182e-08 0.000000000000000000e+00 4.867874806754957208e-10 -9.128304066036649900e-01 -8.652021599388924942e-07 0.000000000000000000e+00 4.557443476221326991e-07 inf 0.000000000000000000e+00 -9.000000000000000000e+01
2.416215385283388209e-02 5.249334432763028135e-04 0.000000000000000000e+00 2.154823422819800127e-09 -3.135602434503781955e-01 -4.515949158388599116e-02 -1.410047305950769214e+00 5.241952602650860415e-10 inf 0.000000000000000000e+00 -9.000000000000000000e+01
3.345693824611094547e-01 9.371855801103593508e-01 1.556065567184801955e-02 4.868853063524578310e-09 -1.977862226523996318e-06 1.795936219839006221e-07 4.701212913133761632e-10 -5.439198147613358847e-01 inf 0.000000000000000000e+00 -9.000000000000000000e+01
3.293485925067881313e-03 1.222046015151775578e+00 4.637518784194848007e-05 1.832728050067185905e-03 -4.696123460214437703e-03 -2.933982203431856260e-09 2.564463034233889748e-09 -4.981118400788592396e-09 inf 0.000000000000000000e+00 -9.000000000000000000e+01
3.836647379478631548e-01 2.708221679631975243e-01 1.526092887950559676e-08 5.214104957912135685e-01 -3.206285436805671463e-01 -3.066205005100569592e-01 1.493251740088280334e-06 7.451500742090851059e-02 inf 0.000000000000000000e+00 -9.000000000000000000e+01
2.644624466542696423e-02 2.920070976476536462e-01 1.103137924446691676e+00 9.090274214572357075e-10 -4.488257241621343430e-01 1.588365520821276896e-05 5.741225819729909840e-10 -4.507365884787955134e-10 inf 0.000000000000000000e+00 -9.000000000000000000e+01
4.341667424189111224e-01 8.594046058163536117e-02 0.000000000000000000e+00 7.504889105330612062e-10 -5.357327412881165429e-01 -1.011474576650740927e-02 1.474201374618294678e-07 0.000000000000000000e+00 inf 0.000000000000000000e+00 -9.000000000000000000e+01
1.127061684518673834e+00 4.245780318392265024e-03 1.580974198557701493e+00 1.566630366505491049e-06 -2.209735665708701530e-02 6.175680463116021146e-01 3.449696508693715115e-03 0.000000000000000000e+00 inf 0.000000000000000000e+00 -9.000000000000000000e+01
5.395085174911709025e-01 2.029054248320137550e-08 1.847263645453112169e-02 1.053877591387418203e-05 -4.670005390584167082e-01 -2.831592816717084445e-06 7.993155219375213629e-07 9.522637266484400327e-08 inf 0.000000000000000000e+00 -9.000000000000000000e+01
4.329030531749402666e-01 1.336868951063531485e-03 1.716145099830699913e-09 1.466634642053895997e-09 -5.733923459034113712e-01 -1.043805700436034132e-06 7.802058131020387310e-06 3.146996290866849380e-07 inf 0.000000000000000000e+00 -9.000000000000000000e+01
5.927131633325359583e-02 6.198404742562194647e-01 -1.480621636459606913e-03 5.187633705405769735e-01 -5.797069183691261340e-01 -1.882707769342558542e-08 -1.211438816591891704e-01 -6.851504043224848194e-04 inf 0.000000000000000000e+00 -9.000000000000000000e+01
8.949741615502153635e-01 2.929838687427814836e-01 -7.599984388164192199e-05 2.050732158608703836e-09 -1.300938504091635368e-03 3.132981799544391766e-02 1.441055030373683777e-09 7.831153490504089725e-08 inf 0.000000000000000000e+00 -9.000000000000000000e+01
9.893795647997211118e-01 1.412737674456530576e-02 1.675058978202433374e-06 8.569064582769118921e-03 -1.311414275673787599e-02 1.586711985681207983e-06 2.062902275370612725e-07 0.000000000000000000e+00 inf 0.000000000000000000e+00 -9.000000000000000000e+01
9.830556214997150414e-08 1.253619876630116092e+00 1.371146740064189268e-02 -9.340195928738385465e-08 -2.785141815755384775e-02 5.655980302764781337e-02 3.204060811394415418e-05 1.841886637147209682e-06 inf 0.000000000000000000e+00 -9.000000000000000000e+01
1.248578240633126946e+00 -8.265236240810839297e-01 -6.666450106280527038e-07 8.895845189370045134e-03 -5.044699854010522032e-05 -3.329032317224363820e-06 1.398696701544140874e-05 1.146581708299716418e+01 inf 0.000000000000000000e+00 -3.000000000000000000e+01
8.269109139192140079e-01 1.153542647096876698e-08 7.330770513468209482e-04 5.631711722586254468e-04 -1.808256726655491642e-01 1.088757827724567304e-05 1.736868190231092779e-09 1.563897709539884689e-02 inf 0.000000000000000000e+00 -9.000000000000000000e+01
4.710874561556624429e-01 2.133367452399848214e-03 2.950674626953629228e-08 5.960838661708742654e-09 -5.349637213971082383e-01 5.385076377242855863e-06 0.000000000000000000e+00 4.235645835465693612e-08 inf 0.000000000000000000e+00 -9.000000000000000000e+01
5.105943417567721659e-03 2.071423152935408015e-03 -9.447232933341052764e-08 5.335937119757446732e-09 -1.001865592256641291e+00 1.589117885392245093e-09 2.675269754713626748e-04 6.473197352923150047e-05 inf 0.000000000000000000e+00 -9.000000000000000000e+01
1.542329866217123091e-01 1.424513001436648191e-03 5.141099554057076276e-02 3.713155805847701323e-07 -8.499951262707700073e-01 9.244074615680484154e-10 3.556261898558361710e-05 -1.899887158581845479e-09 inf 0.000000000000000000e+00 -9.000000000000000000e+01
3.197016962567361120e-01 1.266013697936527334e-04 6.381605330483593012e-03 -1.699513686965401758e-07 -6.439924120769660032e-01 -1.311694758565316865e-01 1.441716979530975051e-01 -4.571093705823921693e-04 inf 0.000000000000000000e+00 -1.000000000000000000e+01
6.275557057511102130e-05 -1.494221500138948222e-07 1.540464317174241815e+00 -2.522419135307024287e-06 -1.077710505282825353e-04 -8.628317086400176203e-11 6.142506377846555690e-05 1.230870141959277583e-13 inf 0.000000000000000000e+00 -9.000000000000000000e+01
8.256221390189661803e-09 9.739069250116970666e-01 1.433210262451937846e-09 2.128477131352557487e-07 -3.363412537500332089e-01 5.276423177181069352e-10 -1.112642814845219406e-04 -4.325794869226132616e-08 inf 0.000000000000000000e+00 -9.000000000000000000e+01
1.015028813242345729e+00 6.693418499050987191e-04 3.505511880785420864e+00 8.030340825463816358e-09 -9.653237940371793835e-01 6.759882611902632732e+00 -2.105040798907990740e-09 0.000000000000000000e+00 inf 0.000000000000000000e+00 -2.000000000000000000e+01
1.286269496956296903e-09 1.110510349423614925e-03 7.417120973901837113e-09 1.862195748072113335e-07 -1.007313581450879347e+00 4.833265740084397283e-06 1.599518262197961354e-07 5.222034282514880368e-10 inf 0.000000000000000000e+00 -9.000000000000000000e+01
2.440394142353984053e-01 9.825884460673468292e-05 1.476044844165716130e+00 4.563184137189098697e-08 -1.479119937591061480e-02 0.000000000000000000e+00 0.000000000000000000e+00 1.258265766816070672e-05 inf 0.000000000000000000e+00 -9.000000000000000000e+01
4.548774757741239311e-09 5.047743512440748814e-01 8.983457136611613381e-01 1.548120040532583730e-01 -2.812781482094413033e-01 -2.380958673194842947e-07 0.000000000000000000e+00 3.086668585610126534e-08 inf 0.000000000000000000e+00 -9.000000000000000000e+01
3.717385767988695133e-01 -1.257800389990695322e+00 1.157190149814862026e-08 0.000000000000000000e+00 -9.649926068956954373e-01 0.000000000000000000e+00 5.395659725850457996e-04 2.693786906126400198e-09 inf 0.000000000000000000e+00 -1.000000000000000000e+01
4.011390104848086904e-07 1.224603670675535438e+00 -6.655454731932258609e-03 3.217998074617056664e-07 6.619864752240155225e-10 -5.585479892826450010e-08 1.286894567307214025e-03 3.252907323947222155e-08 inf 0.000000000000000000e+00 -9.000000000000000000e+01
7.605847490471092653e-01 4.929677208881562786e-08 1.055859941193072323e-07 1.726261079351256355e-09 -2.468478780647751780e-01 3.773009447695994916e-09 -8.920501472260764829e-06 -1.554408420289079551e-01 inf 0.000000000000000000e+00 -9.000000000000000000e+01
5.559125582876135452e-01 1.081021857562776619e-05 6.321855214299774151e-01 8.410512317024060643e-08 -4.180345095302634983e-01 -4.341992554185893901e-05 1.615758383875196078e-03 2.046168915069184469e-01 inf 0.000000000000000000e+00 -1.000000000000000000e+01
6.081449586646441786e-07 1.227591893550608049e+00 4.752994604894855975e-06 1.466644466378778988e-13 -7.869080300876808777e-07 4.037942319202710026e-06 4.941965080557006725e-11 3.671653280698644599e-07 inf 0.000000000000000000e+00 -9.000000000000000000e+01
2.208133210564099391e-01 2.863748920985449090e-03 -4.712618736329113745e-05 2.393362928006562695e-01 -7.779648132583449893e-01 1.283028301794147915e-06 -1.540331334521535256e-01 9.842070589510135838e-10 inf 0.000000000000000000e+00 -9.000000000000000000e+01
8.623491915106158826e-10 3.426187012329186092e-03 5.007650839289595063e-06 1.215052584292207083e+00 -1.004078823675553789e+00 8.465314514037173735e-06 -4.648098528284055118e-07 1.862965341997617349e-09 inf 0.000000000000000000e+00 -9.000000000000000000e+01
7.582459316222727175e-01 6.814740350334262488e-07 6.511863001430517418e-06 -7.598586929297154041e-03 -2.620116831783769751e-01 1.264512931673135313e-06 2.778911791285816335e-01 1.677940512926747108e-05 inf 0.000000000000000000e+00 -1.000000000000000000e+01
-5.158365497799345434e+01 8.592979127140936715e-05 4.019505582700788615e+00 1.925849537609936046e-02 -2.952151520497608983e-02 1.929427283566217705e-04 5.483578546819610644e-10 7.871041103819801992e-04 inf 0.000000000000000000e+00 -2.000000000000000000e+01
1.098021705624019775e-05 3.385212725123859512e-02 1.495941623292829536e+00 3.677388823423240367e-04 -8.891220922386328584e-04 9.294222437282026114e-04 -3.747914088529987788e-03 2.951671251677472673e-06 inf 0.000000000000000000e+00 -9.000000000000000000e+01
6.050539510881788319e-01 7.320180257981374575e-06 6.256752275360667401e-03 -1.894283381044976154e-05 -4.023902490246625829e-01 1.443121250859185247e-05 0.000000000000000000e+00 5.179097559756432658e-10 inf 0.000000000000000000e+00 -9.000000000000000000e+01
2.781968080844759439e-01 8.503116197962852230e-01 2.883643204192587180e-04 2.098651443051271440e-03 -1.893378767552821584e-01 -5.959529288664679701e-03 2.125080667152197585e-07 2.148547815623817075e-06 inf 0.000000000000000000e+00 -9.000000000000000000e+01
8.634583345742752325e-01 4.255040157263412470e-05 5.923460870430384551e-02 1.362188890725484180e-09 -1.412517592179553250e-01 1.303627499161584790e-08 3.165710007729629580e-09 6.874598140109919696e-10 inf 0.000000000000000000e+00 -9.000000000000000000e+01
3.342059464649277389e-01 2.338170880210901081e-01 3.786820229906785462e-01 1.765742530152740394e-09 -5.426081336141601597e-01 7.786309151729832012e-08 -3.870250102251267233e-05 1.240961956633672883e-06 inf 0.000000000000000000e+00 -9.000000000000000000e+01
4.254163150891035472e-01 3.495055971549884122e-01 1.737976896154691353e-09 3.949626139600356526e-08 -4.950011398620424163e-01 1.379835445781571746e-01 3.785254765353861726e-10 5.750052375074504430e-08 inf 0.000000000000000000e+00 -9.000000000000000000e+01
1.997737745242113283e-02 1.115626504124839879e+00 1.094225253117494523e-01 1.353796755386285134e-08 -6.454893448989636184e-02 2.528184579055725303e-07 0.000000000000000000e+00 1.154096303152727028e-10 inf 0.000000000000000000e+00 -9.000000000000000000e+01
9.667782378206353500e-02 5.262201396420306310e+01 4.005806171963581931e-05 1.057294565834254090e-04 1.449057239132950826e+03 5.337080568623064022e-08 0.000000000000000000e+00 3.737410643422690256e-08 inf 0.000000000000000000e+00 -2.000000000000000000e+01
3.828952840146797043e-01 7.309100719325033364e-04 2.456309369150775496e-02 1.463936678822340175e-05 -6.227466694729318908e-01 3.703936175333631727e-06 0.000000000000000000e+00 7.481851172621587866e-10 inf 0.000000000000000000e+00 -9.000000000000000000e+01
2.555298909017751918e-01 3.996368642591716647e-01 -1.795388808088133791e-05 5.100536386614016331e-08 -5.689996989266273841e-01 2.720286072860808569e-06 2.141826802972682445e-09 1.328264684014066684e-08 inf 0.000000000000000000e+00 -9.000000000000000000e+01
8.217251027813396837e-04 6.764899683362656825e-03 -3.315565240292149378e-03 2.388735763899243129e-06 -4.708675937798187938e-01 0.000000000000000000e+00 0.000000000000000000e+00 4.038573038330629273e-08 inf 0.000000000000000000e+00 -9.000000000000000000e+01
4.167686811290531868e-01 5.255008152580382258e-02 1.267557906004702195e+00 4.515686434040580801e-10 -3.114415198851094857e-01 -1.066825000602941503e-05 2.654593118383423127e-05 1.589792227714661428e-09 inf 0.000000000000000000e+00 -9.000000000000000000e+01
1.003385146108287884e+00 2.158024723660806722e-08 1.369721477497107090e-07 1.759331142207395265e-05 -2.470125274263227245e-03 -4.940250548526454490e-03 -3.215040690236265054e-07 6.720766716252472460e-05 inf 0.000000000000000000e+00 -9.000000000000000000e+01
3.934580276997429182e-01 8.700140796468270926e-05 1.308272350167879683e+00 0.000000000000000000e+00 -3.788131879590577178e-01 -1.646173900701616225e-06 1.289564961805281910e-07 1.007472626410376492e-09 inf 0.000000000000000000e+00 -9.000000000000000000e+01
1.352989403780376076e-01 3.717068081228160903e-01 2.028022994003414736e-01 3.901589077013412686e-07 -6.826313708922157053e-01 3.923883871739203398e-06 0.000000000000000000e+00 1.021119016249604114e-09 inf 0.000000000000000000e+00 -9.000000000000000000e+01
1.679614005871666871e-01 2.608096282409420597e-01 1.458903857972769546e-03 7.188223129428124117e-08 -1.577898250857699344e-02 -3.192309849669130450e-01 -7.135751428672174601e-01 -6.363754929078986322e-01 inf 0.000000000000000000e+00 -9.000000000000000000e+01
1.099494229631881592e-01 8.698221016643329362e-01 1.444613251710777715e-02 4.963181197094192292e-08 -3.440195278492642617e-01 2.993067625109011032e-02 0.000000000000000000e+00 -5.238479174068342292e-01 inf 0.000000000000000000e+00 -9.000000000000000000e+01
3.320586400341253297e-01 2.038634349767030549e-02 1.046244519546588519e-06 4.816694914207229807e-10 -6.680353761158509540e-01 1.259230011025715570e-06 1.750516544704235089e-04 -1.375064225689802187e-05 inf 0.000000000000000000e+00 -9.000000000000000000e+01
4.740529794075064790e-05 6.301894765933122126e-06 1.987336036754839608e+00 0.000000000000000000e+00 -2.095825845212920258e-02 2.481087949112353863e-02 4.450547824246259832e-01 -4.003114048330054666e-05 inf 0.000000000000000000e+00 -9.000000000000000000e+01
8.204387542069898134e-03 7.876212040387101099e-02 2.697059216346029656e-04 1.178727775276615149e-08 -1.039250835458869426e+00 1.957119355490128110e-01 0.000000000000000000e+00 3.631240616022624740e-02 inf 0.000000000000000000e+00 -1.000000000000000000e+01
5.682165025295708993e-01 2.826204374288822613e-05 1.175379505523557864e-09 7.975480986661843685e-01 -4.382132410253760657e-01 -2.425008169736781469e-04 2.228867803066894795e-07 2.175374975793289303e-05 inf 0.000000000000000000e+00 -9.000000000000000000e+01
2.816354727563362692e-01 1.622536915645403088e-01 4.090093612784358244e-05 1.510410380824379339e-01 -6.991419230016777953e-02 -7.914814222660503384e-01 0.000000000000000000e+00 6.320321822904963262e-06 inf 0.000000000000000000e+00 -9.000000000000000000e+01
