2.292804673514426683e-01 5.006736736041706992e-01 7.286868594608988080e-03 3.093948961705582446e-06 -4.180079268720179320e-01 -1.579227708798202068e-01 0.000000000000000000e+00 1.790920456679577669e-06 2.807924375929342932e+04 0.000000000000000000e+00 0.000000000000000000e+00
2.562273965776535878e-01 5.595169680369169729e-01 9.886324931727067181e-03 3.457575330160227951e-06 -4.653926182736973227e-01 4.255477329427973017e-07 0.000000000000000000e+00 0.000000000000000000e+00 3.707249550322467258e+04 0.000000000000000000e+00 0.000000000000000000e+00
4.875315059414336849e-01 6.361691601918707528e-01 5.123741033166812758e-09 6.231943316229263683e-04 -1.952107859155740588e-01 2.764162309535525604e-08 8.744848658400715402e-02 -7.862506124901051079e-07 9.299010507601166319e+04 0.000000000000000000e+00 0.000000000000000000e+00
1.620343992383787290e-01 9.508501578988774703e-06 1.449329373428582590e+00 1.268991752083088200e-06 -5.794193939030217733e-01 1.483688474953829273e-01 0.000000000000000000e+00 -7.555097892199104381e-02 1.096840656823170866e+05 0.000000000000000000e+00 0.000000000000000000e+00
7.972597929759578372e-01 2.375556069187083688e-02 2.549377244981260518e-02 3.343988334326069012e-01 -1.973284205206274344e-01 1.497009010280950236e-04 -1.460344111211991084e-09 -1.645739927069122491e-04 1.135603618236356124e+05 0.000000000000000000e+00 0.000000000000000000e+00
8.075592690337419777e-01 2.722628392742330039e-01 9.950283850594321411e-03 9.711440986426975912e-04 -8.421689519923308831e-02 8.053553239722921609e-07 0.000000000000000000e+00 3.589442273851916515e-08 1.160971365007309068e+05 0.000000000000000000e+00 0.000000000000000000e+00
6.487743892271561341e-01 -1.776406065741022722e-01 1.678928150063389716e-05 3.535539840846231298e-07 -4.218221761458615382e-01 -4.603567501101863642e-08 2.899362224251654447e-10 5.729387639525174290e-06 1.216755423833913665e+05 0.000000000000000000e+00 0.000000000000000000e+00
5.351742122395784784e-02 9.770385069714197357e+01 4.622601789200547529e-08 0.000000000000000000e+00 -5.474067656621973976e-02 0.000000000000000000e+00 5.337136450622714203e-08 3.443157689743520508e+11 inf 0.000000000000000000e+00 -2.000000000000000000e+01
1.006282127842178964e+00 -3.680335557697353866e-05 3.973089522514188833e-06 7.498172275555534672e-01 -4.317560865044201632e-08 1.082890941286761975e-07 1.628070518624235243e-06 -2.849870228931229992e-05 inf 0.000000000000000000e+00 -9.000000000000000000e+01
3.486641221376354679e+03 1.438018929868296403e-03 0.000000000000000000e+00 3.872364617261102406e-06 3.026564885498187505e+05 -5.372733778629511789e+02 -5.009541984736141984e+01 1.252385496184035446e+03 inf 0.000000000000000000e+00 -2.000000000000000000e+01
5.789801747939512522e-01 4.238189739574797909e-06 1.432627517602748379e-04 7.652905182031535802e-02 -4.264110746793289830e-01 5.894665306802975384e-07 2.650360907565084637e-05 -1.118840067507230307e+00 inf 0.000000000000000000e+00 -9.000000000000000000e+01
3.136311615708577138e-03 1.112245341244965893e-04 -8.204185932945540877e-05 5.529107410066765378e-06 -2.030398364277629519e-06 2.383854011731327062e-08 -1.539635341176609051e+00 6.717016983390336765e-12 inf 0.000000000000000000e+00 -9.000000000000000000e+01
2.842419273159869642e-01 3.709010514976903150e-01 2.987257251247868783e-09 8.711047378681637454e-04 -5.569293047410801556e-01 1.611569329779830000e-08 -4.648757682057202202e-10 4.621819956357511514e-03 inf 0.000000000000000000e+00 -9.000000000000000000e+01
2.662267278767906920e-01 5.316918035831592372e-03 1.350284797322933686e-04 8.296149794752104289e-02 -7.349357558288870385e-01 -1.168110780599365076e-03 6.034442784646319984e-08 1.391274308682346059e-08 inf 0.000000000000000000e+00 -9.000000000000000000e+01
5.200899784794450476e-01 1.588136230344037872e-03 2.109835665498446910e-06 2.064724047650617976e-08 0.000000000000000000e+00 1.590473706173445294e-09 2.909352338739963482e-06 -2.243373190754621493e+00 inf 0.000000000000000000e+00 -3.000000000000000000e+01
2.527132433165261115e-03 2.687157747114910997e-02 6.986911242109058231e-08 1.406163030993209722e-03 -9.896852683713786014e-01 3.821767920943252583e-06 0.000000000000000000e+00 -1.727893132484455974e+00 inf 0.000000000000000000e+00 -9.000000000000000000e+01
2.524550704464138540e-01 4.432641353187033451e-01 8.292890179318852196e-10 3.680453920884303122e-06 -5.460074779422439128e-01 1.205665939600030260e-06 0.000000000000000000e+00 5.539344440762987700e-06 inf 0.000000000000000000e+00 -9.000000000000000000e+01
6.987388880810965763e-02 7.290338608510462670e-01 -6.833165481125234690e-04 1.819234874077511018e-05 -5.199008230197809111e-01 4.659925394665755170e-08 -7.062210134123845249e-04 3.725793022110742564e-02 inf 0.000000000000000000e+00 -9.000000000000000000e+01
1.953233051668502585e-01 -2.225065485587344849e+00 3.213383407583665363e-01 8.824447671895623606e-07 -1.306955940563440333e+00 1.302342890153393787e-02 -1.094193054578121438e-02 -1.943438670152888372e-06 inf 0.000000000000000000e+00 -2.000000000000000000e+01
9.179441203487686972e-09 1.181212861314638651e+00 3.905789112154321189e-06 2.257133182737501298e-01 -3.403853660294488964e-02 9.558160781627650494e-09 1.554426504867816722e-02 2.556537495101011181e-07 inf 0.000000000000000000e+00 -9.000000000000000000e+01
4.183098468978483092e-10 4.315712576020333188e-03 5.025049010633519941e-01 3.160962336551934726e+01 -1.342489324431948140e-06 1.284227257173593429e-07 3.621339429471345284e+02 2.727637904744564801e-01 inf 0.000000000000000000e+00 -2.000000000000000000e+01
2.802073061654939412e-01 1.003693383560007035e+00 3.416462032140756000e-02 1.676605415589033034e-04 -2.242950388747870223e-04 0.000000000000000000e+00 0.000000000000000000e+00 1.084238713310738129e-06 inf 0.000000000000000000e+00 -9.000000000000000000e+01
5.043136032005578473e-01 3.807785707162713584e-01 2.972107546239599052e-01 4.456571714161990713e-04 -2.950307246389430871e-01 9.092328835621098614e-06 0.000000000000000000e+00 -1.308061789423386003e-08 inf 0.000000000000000000e+00 -9.000000000000000000e+01
1.110499992273381586e+00 -3.048274474467999595e-01 5.908735162699989862e-06 1.208108781219601052e-01 -4.816488986898720002e-09 4.375393971718339464e-03 1.526016312680782528e-09 1.318478094156196121e-05 inf 0.000000000000000000e+00 -9.000000000000000000e+01
1.053603508055367399e+00 0.000000000000000000e+00 6.318910626613506818e-10 7.490997913501917304e-06 0.000000000000000000e+00 -3.512627055277598825e-09 2.133085896050810823e-02 3.450244017040456157e+01 inf 0.000000000000000000e+00 -3.000000000000000000e+01
1.101636958649379739e-09 1.222302799944864127e+00 1.369066756210645264e-04 9.792328521327820365e-10 -2.849370186363405551e-03 5.619490927439324818e-07 -9.546031874359382655e-05 -4.928640322358322952e-03 inf 0.000000000000000000e+00 -9.000000000000000000e+01
2.031563410073781994e-01 1.192161910267200245e-05 8.542356989346384932e-02 2.161779281659234275e+00 -4.787636180848575673e-01 4.686790385061017250e-10 0.000000000000000000e+00 4.832682692767196558e-10 inf 0.000000000000000000e+00 -2.000000000000000000e+01
1.765070496277520440e-01 3.853737250205919729e-01 5.623097848384114340e-03 2.386548734506094463e-06 -6.550372730629909768e-01 6.531563995911443274e-09 1.585109759007770267e-07 7.722183421214151751e-03 inf 0.000000000000000000e+00 -9.000000000000000000e+01
1.007664833749393862e+00 1.006030199843784943e-06 1.049394606069887353e-03 7.507688058535709282e-08 -1.366399226653498989e-05 3.171998204731336953e-07 1.328860786360820519e-06 0.000000000000000000e+00 inf 0.000000000000000000e+00 -9.000000000000000000e+01
1.030738611925277997e-05 1.695273139578780201e-10 1.540403598481957292e+00 1.031541367853568673e-06 1.727120756362774533e-11 0.000000000000000000e+00 4.042197514891600143e-12 1.335785864675749707e-04 inf 0.000000000000000000e+00 -9.000000000000000000e+01
1.775890229667891279e-03 1.689672344633791709e-06 2.202996903875103829e+00 7.888440975533713578e-06 -1.345218886914045407e-09 9.871920088119569003e-01 -1.997504879561575502e-08 3.448715401363985108e-05 inf 0.000000000000000000e+00 -2.000000000000000000e+01
1.123233241889308509e+01 4.038943225190823227e+01 2.216746788898488110e-03 1.272001794276341564e-04 -5.807937738549594542e+01 1.112959767115930670e-01 1.005192168549614258e+11 -7.651292640744244089e+00 inf 0.000000000000000000e+00 -2.000000000000000000e+01
8.213480233550291031e-06 4.693993832597874172e-01 1.514238772915195848e-05 6.106016099461341816e-10 -7.780804994251910855e-01 5.044867479943685460e-04 5.321975121709496572e-09 -4.260309619803505088e-01 inf 0.000000000000000000e+00 -9.000000000000000000e+01
3.053966143022534895e-05 7.466336426461492870e-01 9.284057074788506503e-01 6.756900091437358482e-04 -1.077439255258350326e-01 2.905207851090410863e-09 2.192747690690180148e-02 9.029967091689030667e-01 inf 0.000000000000000000e+00 -1.000000000000000000e+01
2.898835833128186046e-01 8.213368193863194167e-01 -3.249193960517168948e-06 3.142642241932949027e-02 -2.129391753964531842e-01 9.001837259310958760e-08 -7.150274524457424985e-07 3.925506857361085733e-02 inf 0.000000000000000000e+00 -9.000000000000000000e+01
2.058314624506484003e-01 5.609707214976220602e-01 1.369765723238608977e-02 4.905827602450687497e-01 -5.065800241661035930e-01 1.513413029638917084e-06 0.000000000000000000e+00 0.000000000000000000e+00 inf 0.000000000000000000e+00 -9.000000000000000000e+01
1.956852337786250950e-01 8.217251027813358890e-04 5.596597686068677469e+00 4.980189199666008371e+00 -3.206106870228993648e+04 3.442531038778610840e+11 6.287047328244247288e+07 -3.590824039837770432e+00 inf 0.000000000000000000e+00 -2.000000000000000000e+01
1.408421332915860802e-07 3.953058133112389780e-04 0.000000000000000000e+00 2.277372859828052487e+00 -6.653711923747353345e-07 1.532491875126067109e-10 1.195343662598332500e-10 -3.143565029634598723e-05 inf 0.000000000000000000e+00 -2.000000000000000000e+01
4.006220624989647661e+01 4.134040747292833096e-05 7.237800933819187321e-01 2.481881063454890457e-01 1.290003041246666544e+04 2.455053079168487381e-05 -1.647646564986024334e-03 2.440427231037271133e-03 inf 0.000000000000000000e+00 -2.000000000000000000e+01
7.299667293798234313e-01 3.028064564076092421e-06 1.896106697433011897e-08 3.876701721945442075e-02 -2.752333569792776991e-01 2.635481319085322587e-05 -7.479167309219502974e-04 -1.595555692633493949e+00 inf 0.000000000000000000e+00 -9.000000000000000000e+01
2.864440733210753959e-02 7.374254551869543214e-10 3.797193292446104446e-05 5.689838225044632574e-05 -9.790292752829266032e-01 1.149424693736134585e-06 0.000000000000000000e+00 -3.352005113331733149e-02 inf 0.000000000000000000e+00 -9.000000000000000000e+01
3.684857859345062474e-07 8.806343846130984212e-07 4.499677510813872988e-02 2.341544139458849594e-02 -1.005580104590578561e+00 4.761396079518277991e-06 0.000000000000000000e+00 4.384514414916909905e-08 inf 0.000000000000000000e+00 -9.000000000000000000e+01
1.096565558587556666e+00 0.000000000000000000e+00 0.000000000000000000e+00 1.674942384661482365e-03 -1.454053964134415899e+00 3.272904103517387326e-05 1.205145632506013953e+03 1.427819737744214466e-02 inf 0.000000000000000000e+00 -3.000000000000000000e+01
8.245568497654123252e-01 1.311438037245941546e+00 7.165599948842608252e-05 9.668910678796799330e-02 -5.057282011894529639e+00 9.509398192979086339e-03 9.598206106867772178e+04 -3.089266282292616942e-07 inf 0.000000000000000000e+00 -3.000000000000000000e+01
9.899162170707885844e-01 0.000000000000000000e+00 2.025906798257428901e-05 3.287212536654877514e-03 -1.781653940980462703e-02 2.726036353537569754e-06 0.000000000000000000e+00 1.214985464947584982e-07 inf 0.000000000000000000e+00 -8.000000000000000000e+01
6.376073781635586884e-10 1.005421755833575403e+00 1.570971493489961568e-02 7.809011995849907128e-03 -2.924329815119057208e-01 3.313051658586639630e-06 -1.544598408395122390e-06 5.220271032842129649e-02 inf 0.000000000000000000e+00 -9.000000000000000000e+01
1.930771925897922514e-01 1.067545793964826073e+00 8.622074740786003650e-06 2.673141511330193437e-04 -2.541775699916252323e-02 0.000000000000000000e+00 0.000000000000000000e+00 0.000000000000000000e+00 inf 0.000000000000000000e+00 -9.000000000000000000e+01
6.412213740458032589e+03 9.643368320610713340e+01 7.013358778625973855e+01 6.115163555582077588e-03 4.193903780152683258e+10 3.821977222238798493e-05 -6.360008971381751188e-05 4.539897423664134735e+00 inf 0.000000000000000000e+00 -2.000000000000000000e+01
-5.726475644247694952e-01 1.126676188048503918e-03 2.873764431764008753e-01 2.269800203659759485e-02 -1.566359514455987201e+00 6.628474507789007542e-03 6.290034153617386262e-09 -1.670482486841987945e-06 inf 0.000000000000000000e+00 -9.000000000000000000e+01
1.845651430124016501e-01 1.506330634551387949e-03 9.299763531424910378e-09 1.680747865920496076e-01 -8.245178210176018485e-01 1.907688468099619824e-04 5.581351403811458944e-02 -4.820258030564441576e-01 inf 0.000000000000000000e+00 -8.000000000000000000e+01
9.575947863698782140e-10 1.220669313076316431e+00 4.119429377282385590e-05 2.090012005533436991e-08 -1.806273232812295894e-05 0.000000000000000000e+00 0.000000000000000000e+00 0.000000000000000000e+00 inf 0.000000000000000000e+00 -9.000000000000000000e+01
1.080216132665658542e-05 9.749568405130812909e-01 4.430111306826378024e-09 2.923026952672827788e-03 -2.802224676952407290e-01 4.548278453329088569e-04 -9.062596427539987287e-02 -1.102260122236126960e-01 inf 0.000000000000000000e+00 -9.000000000000000000e+01
3.957550182048781557e-13 2.532832116511220197e-11 0.000000000000000000e+00 2.277479252770033380e+00 -8.739099539423323239e-04 6.612873054837295814e-15 2.708632803261356688e-10 5.094964347480796422e-12 inf 0.000000000000000000e+00 -2.000000000000000000e+01
1.280257565696898969e-01 3.578303047254636771e-01 1.234849092317189673e-01 3.485107426869284986e-01 -4.275927125667075557e-01 -1.703494610569329659e-01 -4.674857900321109927e-01 -1.692797737036792413e-02 inf 0.000000000000000000e+00 -9.000000000000000000e+01
1.023379165528497392e+00 1.219963032637235394e-07 5.001395477241141357e-10 3.014878940061920412e-07 -6.372371815056005048e-04 5.322239715403780657e-10 3.718615383653054995e-01 5.471715384006609995e-08 inf 0.000000000000000000e+00 -1.000000000000000000e+01
9.916999148923359986e-01 -3.363724514521803863e-03 1.663380254433859020e-05 1.545095436340784703e-03 -1.721044103254232988e-02 1.784668397986327837e-05 -2.912763645541957633e-03 0.000000000000000000e+00 inf 0.000000000000000000e+00 -9.000000000000000000e+01
8.514220725710892888e-09 -9.024960729948724065e+02 2.218579617214259665e-04 6.974612184896069185e-09 -1.103422546873144583e+01 2.418854864123530504e-08 -6.084236161292316108e-08 2.288314627781329632e+09 inf 0.000000000000000000e+00 -2.000000000000000000e+01
4.508587794500721770e+02 0.000000000000000000e+00 8.367938946593340370e+04 3.519022907195727807e+06 -2.611223764315001290e+02 -1.903344660154011533e-02 3.950169900350227356e+10 6.976488562370539643e+06 inf 0.000000000000000000e+00 -2.000000000000000000e+01
-4.790874851081763225e-02 2.638643179423802998e-01 6.109491130659622238e-01 2.992587513990616621e-01 -5.455506519745492167e-01 -1.922822082458747472e-01 -1.409842751105589431e-01 -1.686924179334569063e-01 inf 0.000000000000000000e+00 -9.000000000000000000e+01
1.003867436233194077e+00 1.510335223580824837e-02 1.363284329601353135e-03 0.000000000000000000e+00 1.864942327291738491e-03 9.723213814967514659e-08 0.000000000000000000e+00 2.848597797353764422e-09 inf 0.000000000000000000e+00 -9.000000000000000000e+01
5.689927593487550776e-03 5.689927593487550395e-01 4.146591147318490147e-10 6.809418050229086681e-10 -7.112409491859438271e-01 4.802308960186465045e-07 6.620132125906764765e-06 -1.218972525216143929e-04 inf 0.000000000000000000e+00 -9.000000000000000000e+01
4.810107962481315252e-09 2.908045046834143726e-05 4.035011013493446184e-05 3.982769392934529372e-09 -9.296665375088899452e-01 2.953406288963527654e-09 -1.092358181572945730e+00 -9.141821827446089518e-05 inf 0.000000000000000000e+00 -9.000000000000000000e+01
0.000000000000000000e+00 8.267671987817353241e-01 7.733205778078588999e-02 1.161754537761806351e-02 -4.748708624581591820e-01 6.045262162144768130e-03 0.000000000000000000e+00 -1.356119323659614765e-03 inf 0.000000000000000000e+00 -9.000000000000000000e+01
0.000000000000000000e+00 1.111059556983186036e+00 3.028470583599334265e-06 2.604045836679342446e-02 -1.575971002813029986e-01 0.000000000000000000e+00 0.000000000000000000e+00 1.409027876984801876e-09 inf 0.000000000000000000e+00 -9.000000000000000000e+01
2.857721744078074028e-02 0.000000000000000000e+00 2.223248161360024124e-09 0.000000000000000000e+00 -6.061028443253961839e-01 -5.516586760688505566e-05 4.355433772555829108e+01 -1.156912095835142118e+01 inf 0.000000000000000000e+00 -3.000000000000000000e+01
1.066939364198167706e+00 -2.921381592447364062e-01 5.918718381143542702e-06 9.102601246324940791e-04 -3.932629066756066633e-02 3.727152632961929034e-08 4.695338766133680415e-10 5.732681051674841826e-10 inf 0.000000000000000000e+00 -1.000000000000000000e+01
8.452736790581880100e-02 6.999779871984561641e-01 1.758012191453368119e-04 2.660443576533174533e-05 -5.318370607695842578e-01 2.491558395196854896e-03 -1.096154083499781694e-09 1.521528317983752575e-04 inf 0.000000000000000000e+00 -8.000000000000000000e+01
1.708877178496333304e-01 1.100732348785030901e+00 7.704943420604033757e-09 3.562200995289634825e-02 -1.357120716129119676e-09 4.102728272603236030e-04 -5.393796610135723158e-04 -2.343049945892291023e-04 inf 0.000000000000000000e+00 -9.000000000000000000e+01
1.909956072038700396e-08 9.978443246246326837e-01 8.025548315732649484e-09 2.340328526798424354e-03 -3.058246727144532939e-01 0.000000000000000000e+00 6.818605390730994882e-08 1.493125268043283596e-09 inf 0.000000000000000000e+00 -9.000000000000000000e+01
5.771564097609501731e-01 7.309632630217839377e-01 9.012120308251974059e-04 1.115361424288610745e-04 -1.058849778791321090e-02 8.282611488145810572e-10 0.000000000000000000e+00 -1.016605464846389896e-06 inf 0.000000000000000000e+00 -9.000000000000000000e+01
1.863273107878251085e-05 7.832920393591366048e-01 1.051679359208592672e-05 1.757276354675792185e-01 -5.301758345007256956e-01 5.423129450013292521e-08 -1.987801208181564103e-09 0.000000000000000000e+00 inf 0.000000000000000000e+00 -9.000000000000000000e+01
1.094634171060538015e-02 1.133399559538860180e+00 6.449277759433106466e-03 1.281965876418142585e-07 -1.143439516267058809e-01 2.340518612547645967e-07 1.843273305567705344e-03 -4.749125039278496671e-06 inf 0.000000000000000000e+00 -8.000000000000000000e+01
2.915650009787584818e-01 9.803628556399864857e-01 -1.819507393768422504e-08 7.166059889303325425e-06 -3.595642210056836791e-02 0.000000000000000000e+00 7.834892145638302780e-05 -5.434262082721688263e-06 inf 0.000000000000000000e+00 -9.000000000000000000e+01
1.000838669248343304e+00 5.717334028083867936e-05 2.849362759425888569e-02 1.738157689034898777e-09 -1.836503341036217242e-03 0.000000000000000000e+00 1.337452634005479365e-08 0.000000000000000000e+00 inf 0.000000000000000000e+00 -9.000000000000000000e+01
1.647772791629348088e+00 7.853582110899844268e-10 3.773722785535448043e+00 1.893323246852544939e+00 -8.503799975624399821e+00 -5.553155854143023394e-03 1.016361766326785437e+06 -1.372512952586486031e-04 inf 0.000000000000000000e+00 -2.000000000000000000e+01
9.991149945769550733e-01 3.584833777716585628e-05 3.974489623120562739e-05 1.044764735489412647e-05 -9.950251668235949448e-03 7.759107639346155221e-10 2.314243997023298499e-02 2.610694164206643866e-05 inf 0.000000000000000000e+00 -9.000000000000000000e+01
1.686304288124610418e-01 4.079768439011154380e-01 2.889835977632901169e-03 5.099710548763942974e-02 -6.919287272562917313e-01 7.452377015260375215e-02 5.245796007192076841e-06 3.080193215259390648e-10 inf 0.000000000000000000e+00 -9.000000000000000000e+01
0.000000000000000000e+00 4.602597779635651224e-04 7.651324732069642889e-07 1.156808015866472488e+03 -2.144262469696760487e+00 -1.367147212222766806e+00 1.059519765588836675e-05 1.129398297273967619e+05 inf 0.000000000000000000e+00 -2.000000000000000000e+01
6.103267744686189378e-01 1.604933369898960960e-01 7.726214231192730453e-05 -4.564130634096919850e-09 -3.322890216551369624e-01 -6.829421507929288719e-06 9.692259816808738022e-06 1.818915529455599003e-08 inf 0.000000000000000000e+00 -9.000000000000000000e+01
8.295499296155719460e-01 6.465609745533134126e-03 0.000000000000000000e+00 0.000000000000000000e+00 -1.293121949106626756e-01 -1.171129312398454525e-01 0.000000000000000000e+00 -9.173274439969990323e-05 inf 0.000000000000000000e+00 -9.000000000000000000e+01
6.266021569260065392e-03 1.433294415250006004e-01 2.772081168668617077e-09 9.259787430128762695e-03 -4.061310276372264751e-03 -4.723187813984475736e-01 -9.416670044233200754e-01 6.108538144132042267e-09 inf 0.000000000000000000e+00 -9.000000000000000000e+01
7.875363221605302777e-06 7.714694656488537476e+03 2.917557251908392573e+04 2.778730319656484316e+00 3.313832061068697367e+06 -7.091632872137392951e+01 2.180152671755721793e+06 -2.525562548455387302e-01 inf 0.000000000000000000e+00 -2.000000000000000000e+01
1.304665675992579760e-06 9.937953853213611355e-01 5.989676067270171845e-10 3.880255674288275960e-08 -3.239269768610765765e-01 0.000000000000000000e+00 2.284982467239086990e-02 7.297202072795793727e-03 inf 0.000000000000000000e+00 -9.000000000000000000e+01
7.018269687608050256e-02 4.032188877652820779e-04 4.361923949423495632e-04 2.253563984914420004e+00 2.716933269594791859e-09 1.048822493913418077e-06 0.000000000000000000e+00 4.833697417466925070e-10 inf 0.000000000000000000e+00 -2.000000000000000000e+01
5.532465699990501973e-01 1.303620585457970944e-02 4.021697301885931476e-04 4.589633924750963212e-01 -3.045524526811492105e+00 1.845811396653910300e-06 -8.729602134763199449e-05 4.476818588167130947e+06 inf 0.000000000000000000e+00 -3.000000000000000000e+01
9.067266052647413588e-01 9.721381659658938552e-06 8.398636721427010787e-02 -1.379387746318513908e-02 -9.757639427159536805e-02 8.398377926966446488e-07 -2.955830884968244088e-03 0.000000000000000000e+00 inf 0.000000000000000000e+00 -9.000000000000000000e+01
2.393219269313665021e-01 -5.463379503173433113e-07 -1.601212400081508710e-07 1.763116727394872903e-06 -7.688216902670148567e-01 2.052290694205138758e-04 4.443787893461175069e-10 1.689475221689565089e-08 inf 0.000000000000000000e+00 -9.000000000000000000e+01
3.943485787973035012e-05 2.530764505688189568e-05 3.694222818166211907e-03 6.263262970252502192e-09 -1.008201110255091182e+00 -1.100302954233547678e-07 2.813378098159012922e-02 4.992192997521907800e-05 inf 0.000000000000000000e+00 -9.000000000000000000e+01
1.908121030365923177e-08 1.099932426461354140e+00 3.449677944521725999e-10 1.190225386842510114e+00 -9.779599757191960105e-04 6.250025971873447586e-05 0.000000000000000000e+00 -3.551116961013146226e-03 inf 0.000000000000000000e+00 -9.000000000000000000e+01
7.273029300832099223e-05 1.587739277876566713e-04 1.480049135551025734e-02 1.063218266435201020e-05 -8.179717184111426342e-02 4.668914996085013383e-06 3.321975018376907229e+01 -1.014688867480884049e+01 inf 0.000000000000000000e+00 -3.000000000000000000e+01
2.401809655213995784e-07 1.373528290859175049e+00 1.855952791478708352e-05 -2.076307730688074363e-07 -1.490822487195958427e-03 1.525567943537110838e-01 -3.969466378509563698e-04 -1.464561386472994198e-04 inf 0.000000000000000000e+00 -9.000000000000000000e+01
1.111232072141882243e-01 8.853571448248792608e-01 2.201691937817235072e-07 2.872148225364723407e-06 -3.247519035320766134e-01 -3.536116226258526291e-08 7.461529651738173844e-08 -3.782653817000826988e-04 inf 0.000000000000000000e+00 -9.000000000000000000e+01
9.693977359782657288e-01 2.868945438195772484e-05 2.854041825529820493e-05 2.093850273555070418e-01 -3.922153938073272977e-02 -1.135655285145547401e-04 0.000000000000000000e+00 2.019439516236504935e-05 inf 0.000000000000000000e+00 -9.000000000000000000e+01
1.963242205954690285e-05 3.219194681817339257e-07 1.015117150226622300e+00 -3.471131656916087981e-05 0.000000000000000000e+00 1.631267175572519423e+06 3.580580152671756689e+06 1.800882822002163676e-06 inf 0.000000000000000000e+00 -3.000000000000000000e+01
7.321798397015143678e+00 -7.494256087481422810e+02 2.201833807815227875e-06 3.137913598720775799e+00 -1.495611257926873883e+00 0.000000000000000000e+00 2.986465192368168015e-06 0.000000000000000000e+00 inf 0.000000000000000000e+00 -2.000000000000000000e+01
4.823166068382565494e-03 5.199335777190781244e-02 1.236066333518255060e-07 1.887850514858498086e+00 -9.153214617495748495e-01 3.507515817095623175e-09 -3.635065700958597934e-01 2.815686137217930304e-02 inf 0.000000000000000000e+00 -9.000000000000000000e+01
9.689308915102585740e-01 -2.887639080018575842e-06 6.497187930041796175e-08 3.749402985946679537e-03 -3.586179764476445098e-02 -2.346206752515092872e-07 5.243952569313733696e-06 2.919980637714783783e-05 inf 0.000000000000000000e+00 -9.000000000000000000e+01
8.874944853386995715e-10 8.228650585043243426e-01 1.997729545082025098e-05 8.198026210919757613e-07 -4.990916935601830140e-01 6.817306006975377660e-05 -5.712729843819873155e-05 -7.069287444195226922e-02 inf 0.000000000000000000e+00 -9.000000000000000000e+01
7.550300688527217996e-09 5.599239409132302902e-04 8.865074853536919985e-07 1.026023417474928716e-05 -5.562183977560901660e+00 1.577222031993296802e+00 6.816086160197721620e+04 3.026042646944922744e+05 inf 0.000000000000000000e+00 -3.000000000000000000e+01
4.113295649230937017e-04 1.211809346535376974e+00 2.183577829568534440e-03 1.983281327391656869e-06 -1.395657437920028512e-02 0.000000000000000000e+00 5.715738964118489331e-10 0.000000000000000000e+00 inf 0.000000000000000000e+00 -9.000000000000000000e+01
1.794259487064515025e-07 1.217528735594070932e+00 6.946714457821732448e-03 3.932102523295320090e-03 2.535677220970950495e-09 4.257080630137145285e-08 -1.392836783350240555e-09 -5.101639713538850126e-06 inf 0.000000000000000000e+00 -9.000000000000000000e+01
1.373044472964938016e-06 1.048291032455400451e+00 6.318125241245360190e-10 1.300279443291680810e-06 -2.570966930863718969e-01 0.000000000000000000e+00 2.410281497684736707e-02 2.723310327945203938e-05 inf 0.000000000000000000e+00 -9.000000000000000000e+01
2.807132769583048915e-01 3.985786893931306425e-03 5.671739162681267731e-05 1.490916728425406820e-05 -1.863070673849033465e+00 1.699653758730886972e-07 4.664509462155037340e+02 3.725554155878872101e-05 inf 0.000000000000000000e+00 -3.000000000000000000e+01
6.658861312851754866e-02 3.125093726483084286e-11 3.812524516377867323e-02 2.264535110001977269e+00 -1.242060597657152295e-08 6.347466635113502316e-11 1.938087698287122365e-03 2.069469643307849174e-02 inf 0.000000000000000000e+00 -2.000000000000000000e+01
3.719463836745823815e-01 2.882006916981624811e-01 1.686464969456181073e+00 1.083033942028846219e+01 -7.263350498589360882e+00 2.797539279384718414e-03 3.548885621240123291e+05 9.529682190420200871e-02 inf 0.000000000000000000e+00 -2.000000000000000000e+01
4.367809464504631145e-01 0.000000000000000000e+00 6.249727370227551625e-06 6.671583967717911474e-04 -5.663752931995016393e-01 1.337441657228696139e-03 -1.315942595075113297e-01 -1.044954416302046676e-02 inf 0.000000000000000000e+00 -9.000000000000000000e+01
0.000000000000000000e+00 8.539599318457009591e-01 7.987554282424033647e-02 1.199965150226546366e-02 -4.377277453854394040e-01 4.644477433190919937e-09 4.913828005335220612e-10 0.000000000000000000e+00 inf 0.000000000000000000e+00 -9.000000000000000000e+01
6.935846750059689036e-02 1.385185062869535031e-03 3.517816748850834043e-05 2.161346610493952367e-02 -9.378046309939860325e-01 -3.052749449850215130e-05 1.490600317309675357e-08 1.397437797477820647e-09 inf 0.000000000000000000e+00 -9.000000000000000000e+01
2.889146720186448469e-01 9.714513468546380759e-01 7.756098577681741317e-03 0.000000000000000000e+00 -4.568826818415650665e-02 6.059452013813860404e-05 3.640608566954357322e-09 4.767463599583087018e-10 inf 0.000000000000000000e+00 -9.000000000000000000e+01
1.231736428321341945e-09 1.208755522622447787e+00 2.105282441285142236e-08 1.214918262578999937e-03 -8.094345017561035277e-03 7.218633370725965593e-10 -7.928587241988347073e-05 -9.811327294013375000e-02 inf 0.000000000000000000e+00 -9.000000000000000000e+01
1.545913346851173387e+01 1.668216617962816839e+00 1.070153622226880166e-03 2.140307244453760679e-02 -2.035126431297747285e+00 1.698241832147148913e-06 9.749355480916209412e+10 3.436232705152734468e+01 inf 0.000000000000000000e+00 -2.000000000000000000e+01
1.241607062157616985e-03 6.052834428018382312e-05 1.540217108055272899e+00 5.515174226994771206e-06 -9.405047914772511499e-10 1.135183599686964044e-04 -4.503766200194569814e-11 3.214875428800972286e-06 inf 0.000000000000000000e+00 -9.000000000000000000e+01
4.191499183161197517e-01 7.449346889504497859e-01 5.276620713399019641e-03 9.311683611880622324e-02 -1.479936915381560303e-01 -2.952704239797884844e-09 2.222388488702175396e-02 -3.317442481459336179e-01 inf 0.000000000000000000e+00 -9.000000000000000000e+01
3.637874197506550944e-01 4.318508724781969788e-01 1.114832415364910734e+00 8.113706312483108442e-04 -1.293792355726119947e-01 1.607705693736765917e-01 1.131678669996761226e-05 8.376095278636282870e-09 inf 0.000000000000000000e+00 -9.000000000000000000e+01
-3.142281729752828268e-01 2.159311547625020644e+00 2.252337460722795668e-07 1.075743264822827747e-05 -7.231276544751701341e-01 1.555985793761590230e-06 3.313092941729136243e+01 -1.011975859633218633e+01 inf 0.000000000000000000e+00 -2.000000000000000000e+01
3.076738886043885243e-07 1.513311674520522972e-04 1.307402120969517689e+00 -2.120826256103464924e-01 -6.854341216733392805e-01 4.790432007227935711e-05 -2.657643874543618931e-02 0.000000000000000000e+00 inf 0.000000000000000000e+00 -9.000000000000000000e+01
1.405020124850184082e+01 8.217251883562999961e-04 5.596598268901847639e+00 1.354141958769258203e+01 -6.700263102349624944e+01 6.566107554027439654e+07 -6.650241059255637167e-03 1.969832266208231747e+08 inf 0.000000000000000000e+00 -2.000000000000000000e+01
5.032633496158802622e-01 2.179655280085031083e-03 6.724283013588549238e-05 7.673873770738599831e-02 -5.044530974873125961e-01 3.086199007316558644e-07 4.574836175551604895e-05 -1.364492090048966162e-02 inf 0.000000000000000000e+00 -9.000000000000000000e+01
9.422201893220430335e+00 1.096888665717610896e-09 2.919901107534456086e-01 8.018499899432561647e-07 -3.410640789473020074e-01 -1.018284840022520427e-01 3.433869134418112594e+02 3.014026565229071617e+09 inf 0.000000000000000000e+00 -2.000000000000000000e+01
5.207243428715774974e-03 3.142760670533371881e-02 9.559230372872338233e-01 8.766722642240630661e-07 -9.271143978073446146e-01 3.231811871485720384e-10 5.255837547156639190e-04 8.624669266093213158e-09 inf 0.000000000000000000e+00 -9.000000000000000000e+01
1.746776055587113685e-01 3.813794388031864768e-01 8.903705727784315405e-02 2.361812853208284472e-06 -6.501888651352033532e-01 5.849003617663148787e-07 1.568680558851113530e-07 2.345524488703399724e-04 inf 0.000000000000000000e+00 -9.000000000000000000e+01
0.000000000000000000e+00 1.221370419905545068e+00 1.837367010122874450e-03 1.442680504271899795e-04 -1.930007363574447752e-04 0.000000000000000000e+00 0.000000000000000000e+00 3.075949235696776545e-05 inf 0.000000000000000000e+00 -9.000000000000000000e+01
0.000000000000000000e+00 1.311759215246486532e+00 2.038263988917817979e-05 8.251076182243085467e-10 -2.452036818421320097e-02 8.283057097678136322e-10 7.189309789799401627e-09 1.586473187025855269e+00 inf 0.000000000000000000e+00 -1.000000000000000000e+01
0.000000000000000000e+00 1.223005944741457185e+00 3.078200368328812178e-05 0.000000000000000000e+00 -1.588351390057667154e-03 -1.287994777302042443e-10 -6.895168825056539712e-03 -9.258649545364005855e-07 inf 0.000000000000000000e+00 -9.000000000000000000e+01
4.283978022282181053e-01 8.759906179982300811e-01 4.207003700399827666e-05 2.263048471546722298e-02 -1.477797917564245209e-02 0.000000000000000000e+00 -6.523518396189606330e-07 4.646065777729656981e-02 inf 0.000000000000000000e+00 -9.000000000000000000e+01
3.992022198497650823e-06 8.718772408988734074e-06 2.449093373311442132e-06 2.221372361056607403e+00 -5.890488847599529842e-01 0.000000000000000000e+00 0.000000000000000000e+00 -2.462729925214040411e-02 inf 0.000000000000000000e+00 -2.000000000000000000e+01
4.472369750437985569e-01 0.000000000000000000e+00 2.237199962963381917e-05 3.324532524982524646e-10 -5.375049883553909558e-01 2.858273385517395393e-04 -4.499723693865740892e-01 -3.573108860250531066e-02 inf 0.000000000000000000e+00 -9.000000000000000000e+01
6.676280460009437201e-02 5.173080666994889915e-02 3.027133376277570953e-01 1.910826109299595288e+00 -6.253311138940516045e-01 -6.821782718395611764e-08 1.435540363349337294e-07 -7.305421407861646677e-04 inf 0.000000000000000000e+00 -9.000000000000000000e+01
8.046621331822051003e-09 6.246078514783546254e-01 2.999721102576389771e-05 1.843028645422933876e-02 -6.743774013969486836e-01 0.000000000000000000e+00 -4.651466266653262707e-07 3.320562158631193417e-02 inf 0.000000000000000000e+00 -9.000000000000000000e+01
2.111313091027662014e-01 1.062966590839181436e+00 1.387719175730627181e-06 8.019549724575539273e-02 -1.233570148652872803e-02 6.221601076538998444e-03 -5.334720577507522099e-03 -9.284267771436583936e-07 inf 0.000000000000000000e+00 -9.000000000000000000e+01
2.500707752831931834e-06 1.037131739026681210e+00 2.659334737153360618e-06 8.281261681486341791e-07 -3.858912810114368597e+01 3.228806357347214773e-01 3.442531038778505249e+11 -6.668952767175338181e+01 inf 0.000000000000000000e+00 -3.000000000000000000e+01
5.486871034345594203e-06 6.812499076243490326e-02 1.714647198232998188e-06 8.989689502671820875e+00 4.492255720759140968e+04 1.292473931773530774e-09 0.000000000000000000e+00 -5.090358869754213206e-08 inf 0.000000000000000000e+00 -2.000000000000000000e+01
4.588699110971544775e-09 8.859595287079740089e-01 1.596424049965225467e-03 1.444535256094244155e-06 -4.358349294450517553e-01 2.818860647665870226e-04 3.646472031340496815e-10 0.000000000000000000e+00 inf 0.000000000000000000e+00 -9.000000000000000000e+01
5.280004031721328150e-01 2.822663219378147459e-06 3.534977885449234714e-08 7.227470307505867719e-02 -4.796623380929939118e-01 2.916633791380057886e-07 -1.957424745096403583e-05 3.303652921942172559e-09 inf 0.000000000000000000e+00 -9.000000000000000000e+01
1.124047524599229630e+00 -1.832886261265213943e-06 -3.517418804255697763e-07 -5.036848015617852514e-07 -3.616538230478478621e-03 3.700826113356838754e-01 -9.629400573021965363e-04 -3.552832272489020080e-04 inf 0.000000000000000000e+00 -1.000000000000000000e+01
0.000000000000000000e+00 2.503395081407444860e-03 4.161625590066348058e-06 5.750954200405368283e+03 -3.452469659920512769e-06 8.733815139690810525e-06 5.762825032342996456e-05 6.412213742612256901e+05 inf 0.000000000000000000e+00 -2.000000000000000000e+01
9.814837506709207793e-02 7.733532035623798772e-05 1.725861589417202900e-04 1.091556694671397959e-01 0.000000000000000000e+00 1.283012373188069932e-07 2.352904727440754181e-04 0.000000000000000000e+00 inf 0.000000000000000000e+00 -9.000000000000000000e+01
1.214077984147926385e-03 1.628919677790948307e-03 2.808744678060093054e-03 7.433373237582817761e-08 -1.352873929240072660e-05 3.140600192878740044e-07 1.311990376433367174e-06 -2.252598008255803919e+00 inf 0.000000000000000000e+00 -3.000000000000000000e+01
1.007578429362776307e+00 2.208297855074358133e-08 1.577355610767398808e-08 1.229954137405732796e-04 2.059325380724103834e-09 4.764928407526516509e-10 -3.300297171809312216e-03 3.308065239248294681e-09 inf 0.000000000000000000e+00 -9.000000000000000000e+01
9.899420610981909396e-01 1.105324100502515316e-07 0.000000000000000000e+00 1.600385912511772049e-03 -1.782630815467657961e-02 1.824602658926773534e-05 4.819727182423758839e-10 1.592728563648079451e-02 inf 0.000000000000000000e+00 -9.000000000000000000e+01
6.472655460883983691e-01 1.969162644809373860e-03 -2.759607062772766166e-06 3.502848837654861658e-01 -3.594227502984988498e-01 7.661540661119127928e-08 -6.085659785798889442e-07 3.341032451132762426e-02 inf 0.000000000000000000e+00 -9.000000000000000000e+01
3.206106888001478183e+03 1.438018937838740586e-03 0.000000000000000000e+00 3.573772666581691553e-06 3.026564902273395564e+05 -5.372733808408727327e+02 -5.009542012502309660e+01 1.048525196652003564e+07 inf 0.000000000000000000e+00 -2.000000000000000000e+01
2.720160196570108068e-05 1.745685225051585990e-05 3.543023601967711968e-03 2.241088691504691255e+00 -4.956253836981528438e-01 1.064897879151759289e-06 5.820011366663432942e-10 5.455120371888295834e-10 inf 0.000000000000000000e+00 -2.000000000000000000e+01
4.574291202854799399e-01 -1.672982764905970495e-05 1.806060939387127335e-06 3.933534458486033780e-01 -5.660017908590763147e-01 4.182717636851664839e-02 7.400776029819431441e-07 -4.128139290027719502e-06 inf 0.000000000000000000e+00 -9.000000000000000000e+01
3.362900953342228233e-04 0.000000000000000000e+00 0.000000000000000000e+00 1.227694565326455967e-07 3.465679450036141796e-08 6.880204959850347694e-08 -1.196815591619364988e-02 -6.179189071352418905e-01 inf 0.000000000000000000e+00 -9.000000000000000000e+01
8.583084035400690456e-07 8.407976963200997034e+02 1.747112096249557922e+01 0.000000000000000000e+00 -2.482468847698346526e+00 -7.728923628916501087e+00 2.376072450899398827e+05 -3.425657720460024980e-02 inf 0.000000000000000000e+00 -2.000000000000000000e+01
1.656282035075426762e-01 1.104843327848533896e+00 7.733719590508135479e-09 3.575504986698436333e-02 -1.362189246055410367e-09 3.887670531606708386e-04 4.815265748824904481e-10 -3.491704088572691731e-05 inf 0.000000000000000000e+00 -9.000000000000000000e+01
3.952687822726850819e-01 3.103591920067009235e-01 6.509500776737333715e-08 7.301492783648211304e-02 -4.772504556329457137e-01 -4.422970179239436918e-06 0.000000000000000000e+00 -7.219716979445384706e-05 inf 0.000000000000000000e+00 -9.000000000000000000e+01
4.888259469636474541e-10 7.833923341959314612e-01 0.000000000000000000e+00 1.510253298827985418e-09 -3.525265503881691576e-01 1.119922132222684942e-09 -4.073640137818843598e-01 3.653324617593865035e-06 inf 0.000000000000000000e+00 -9.000000000000000000e+01
2.415931019607891680e-02 9.594019976871974259e-07 2.256907711988131657e-02 5.710121773005202676e-05 -9.825193898476245469e-01 6.674750085076687942e-06 0.000000000000000000e+00 4.386371001099053880e-08 inf 0.000000000000000000e+00 -8.000000000000000000e+01
6.986495215045132601e-02 7.289406196396739368e-01 -5.498754189889856400e-05 3.675279034186143281e-06 -5.198343292872741328e-01 4.659329404394197832e-08 -7.061306898947494184e-04 3.725316504525813532e-02 inf 0.000000000000000000e+00 -9.000000000000000000e+01
8.865550468230557563e-10 9.617046543360966426e-01 3.000507144655408496e-05 3.094459406143127497e-06 -3.498884819637425037e-01 -3.809820127292178710e-08 8.039069993368817814e-08 -4.075440320533946334e-04 inf 0.000000000000000000e+00 -9.000000000000000000e+01
1.032695428758116041e+00 1.109653540492588798e-05 1.882501670320760385e-05 1.145316948234538069e-09 -6.197219556225275596e-04 5.175951592983008244e-10 6.010918049069187141e-01 -1.684027053322085783e-04 inf 0.000000000000000000e+00 -1.000000000000000000e+01
3.057698764435661659e-02 -3.478132344545565354e-03 1.773704166088655264e-05 2.398158515807998746e-07 -9.784636046194117309e-01 6.606600113587794145e-07 4.926956016912931384e-06 0.000000000000000000e+00 inf 0.000000000000000000e+00 -9.000000000000000000e+01
1.190526276942747069e-09 1.320928451328582165e+00 1.912991945064687377e-04 3.318658137326626662e-07 1.083019294772090274e-01 1.869567190458240152e-09 3.648742571000456575e-10 2.917642143839565549e-01 inf 0.000000000000000000e+00 -1.000000000000000000e+01
8.980800705366083214e-01 5.073225177220073157e-01 1.975705462316855653e-06 6.331596957470483344e-01 -3.446034562692323021e-03 -4.539764389514832886e-09 2.160756806877348404e-02 4.459139748457873509e+01 inf 0.000000000000000000e+00 -3.000000000000000000e+01
3.977897017398351679e-13 1.113723004093037293e-06 0.000000000000000000e+00 2.277478985764708863e+00 -8.739098514875633713e-04 6.673914177527669042e-12 0.000000000000000000e+00 -1.758006661397532498e-11 inf 0.000000000000000000e+00 -2.000000000000000000e+01
2.505828454826235507e-01 7.374666126120734688e-01 8.875485338297264294e-05 -5.243043140255646837e-09 -1.720322643857389866e-01 -1.583995189061143671e-01 1.113397937527469265e-05 -2.089478447039150867e-08 inf 0.000000000000000000e+00 -9.000000000000000000e+01
1.586234690521277208e-05 1.644395289022357391e-10 4.619087890512239768e-11 2.277497847831045252e+00 -1.664940991959355789e-07 7.390540624819583434e-12 0.000000000000000000e+00 -4.635347079886842759e-07 inf 0.000000000000000000e+00 -2.000000000000000000e+01
5.693480895540025538e-02 8.253974513755264475e-01 1.346932154121963410e-07 2.774860228424980762e-09 -4.466708768876705427e-01 -4.874754455341182263e-08 1.246431936385489041e-02 1.379930491973503844e-08 inf 0.000000000000000000e+00 -9.000000000000000000e+01
3.702578792880263983e-05 0.000000000000000000e+00 8.332836667932725446e-05 2.034383952132013048e-08 -1.005273415619404087e+00 -1.096660099196163291e-07 2.307754295699752411e-07 -1.174409167886768463e-03 inf 0.000000000000000000e+00 -9.000000000000000000e+01
4.531836188449530622e-01 8.703342894025398735e-01 3.459086119059103744e-10 6.866544087087473871e-10 -9.494953907322498817e-06 0.000000000000000000e+00 0.000000000000000000e+00 0.000000000000000000e+00 inf 0.000000000000000000e+00 -9.000000000000000000e+01
5.400912452290060628e+01 9.316069479207018640e-04 3.037034828244265938e+01 5.909694060114485836e+00 -2.367741015974339856e-07 3.442531038778615723e+11 9.937140777820820461e-03 1.869185735251151779e-04 inf 0.000000000000000000e+00 -2.000000000000000000e+01
-3.044419999620044670e-02 1.572054025476155303e-01 -1.953119464314402864e-01 1.427912046533143409e+00 1.445564065140242105e-01 -2.585999705588135633e-01 -7.953278891284053520e-01 6.681240884152619963e-02 inf 0.000000000000000000e+00 -1.000000000000000000e+01
5.187645815301930030e-01 3.797405891278623162e-06 2.567260320864420998e-04 6.856981166340811451e-02 -4.889706697531210899e-01 1.079720160988552123e-06 1.711506880576280787e-06 4.960695724170313706e-06 inf 0.000000000000000000e+00 -9.000000000000000000e+01
5.131752627473585302e-04 8.161930369410369231e-04 4.459618081562157305e-08 6.017590878644620808e-05 -3.225673080126253804e-03 6.458242907412755564e-08 -1.832768795526280459e-06 -2.277129699230945548e+00 inf 0.000000000000000000e+00 -3.000000000000000000e+01
1.145932729007633668e+02 4.135498791250563698e-05 7.240353649809160297e-01 2.482756403566316883e-01 1.362595419847328230e+04 5.102339591688782178e-03 2.391755725190839730e+05 -5.831874423582135635e-08 inf 0.000000000000000000e+00 -2.000000000000000000e+01
6.689862049970502954e-08 -7.091164797670545340e+03 8.680659590633564571e-02 1.036788638430600429e+01 -1.271533235811113727e+01 1.234090249900810475e-02 2.914972570793247335e-08 -7.433578917049588064e+00 inf 0.000000000000000000e+00 -2.000000000000000000e+01
6.412213740458017128e+03 9.643368320610689182e+01 4.524242604961833081e+01 6.115163555582062843e-03 4.202308396946566010e+10 1.678979305820611145e+01 -4.311190306685353663e-02 -1.138949212227159148e-02 inf 0.000000000000000000e+00 -2.000000000000000000e+01
9.053199363215544415e-02 9.376178367524855561e-01 1.844665833087626660e-04 2.194483291590254223e-03 -2.867662068564491018e-01 4.060221206045162636e-08 6.393681669289508583e-08 6.216484515361891078e-10 inf 0.000000000000000000e+00 -9.000000000000000000e+01
6.690573730176269064e-04 1.221461725660889064e+00 5.779026228947986120e-10 0.000000000000000000e+00 -6.767037429949712820e-04 0.000000000000000000e+00 0.000000000000000000e+00 -1.403108890842680572e-03 inf 0.000000000000000000e+00 -9.000000000000000000e+01
1.794304730925443461e-08 7.491539629637246067e-01 7.773372287071139645e-09 2.854803117951371512e-05 -5.706905843519473054e-01 4.693977156431585770e-10 -1.176233964491027666e-09 1.838565026907046916e-04 inf 0.000000000000000000e+00 -9.000000000000000000e+01
0.000000000000000000e+00 1.099093269124396199e+00 2.995853474509676643e-06 2.575999849510303419e-02 -1.822078380551968857e-01 6.226855428189800347e-03 0.000000000000000000e+00 3.651521654290702394e-05 inf 0.000000000000000000e+00 -8.000000000000000000e+01
3.253202435316956187e+00 -1.730204946783206310e+02 2.986287149423702790e-07 1.394229615135838429e+00 -2.176358423626674643e+00 8.339814932284804177e-09 -8.643090093829892684e-01 6.694852572679711733e-02 inf 0.000000000000000000e+00 -2.000000000000000000e+01
5.742656809237985278e-03 5.871256845892735415e-02 4.804204797409197835e-07 2.247751261364131281e+00 -3.327636810542227153e-01 0.000000000000000000e+00 6.644688888811032162e-07 0.000000000000000000e+00 inf 0.000000000000000000e+00 -2.000000000000000000e+01
-5.560012736458483373e-02 1.093924840439470674e-04 2.084046593829940667e-04 4.918975973902093735e+00 -1.811910032939999970e+00 9.442536863236139852e-10 -2.401843737256881620e-02 1.821904973482716014e+04 inf 0.000000000000000000e+00 -2.000000000000000000e+01
8.928332166264708603e-01 -2.570381424609335963e-06 1.690172133449120202e-05 2.599374049870767887e-03 -1.123016780287982852e-01 1.064340134413803649e-07 4.768243802173840603e-06 1.413576741018333106e-09 inf 0.000000000000000000e+00 -8.000000000000000000e+01
9.894895665423214526e-01 2.663905695088888031e-08 5.970871245306656909e-06 7.791376487042749044e-03 -1.823578528082803879e-02 3.305569617102438430e-06 -1.574612554092715528e-06 0.000000000000000000e+00 inf 0.000000000000000000e+00 -9.000000000000000000e+01
1.757888512209990206e-01 1.390671051230887023e-01 5.517115130811268697e-01 -3.585405856541662439e-02 -5.623692289166939418e-01 -1.806612153157224343e-01 -2.573686183688078666e-01 7.053671161265390177e-02 inf 0.000000000000000000e+00 -9.000000000000000000e+01
8.778799699002614032e-01 9.836190138938502928e-03 2.536493123597117488e-05 1.412941112210857373e-07 -1.260261861551495721e-01 2.579643524368370455e-07 1.988370467539326419e-03 6.562583108323032099e-02 inf 0.000000000000000000e+00 -1.000000000000000000e+01
7.568494320318243374e-02 9.557761409873153369e-01 5.607047247003008988e-05 4.074227785458671425e-02 -2.778014390369684672e-01 1.646008188040656150e-06 5.574151972478910489e-10 1.327425958097303304e-08 inf 0.000000000000000000e+00 -8.000000000000000000e+01
2.891338923395304628e-01 6.978478512639284537e-01 1.140584123908834624e-02 0.000000000000000000e+00 -1.151181238018501030e-01 -9.334933262104532547e-09 -4.997375916979538979e-01 4.853633391265177011e-10 inf 0.000000000000000000e+00 -9.000000000000000000e+01
6.989258473811021434e-05 1.525790663435355277e-04 4.276478489908099799e-05 2.251422585906897478e+00 -1.895392128491124508e-03 2.653548979887574225e-03 0.000000000000000000e+00 -4.579267382434556825e-03 inf 0.000000000000000000e+00 -2.000000000000000000e+01
1.956852337786260110e-01 1.790911259541985032e+02 9.264472786706824670e-02 1.146593166671636653e-02 -1.088499112893607013e+00 7.464799262185134777e-08 6.237801526717558503e+07 -4.863466015298858851e-03 inf 0.000000000000000000e+00 -2.000000000000000000e+01
6.860554184312512849e-01 -1.883192467019501048e-01 3.808738711879652167e-06 6.062606982489781270e-04 -3.875125706412831939e-01 7.312778326808932431e-05 0.000000000000000000e+00 2.610258739731877978e-08 inf 0.000000000000000000e+00 -1.000000000000000000e+01
2.582354730551589657e-05 4.356865112217193859e-08 2.236429084093019288e-03 9.218026192145919451e-01 5.783771316849368321e-02 9.164612107574577975e-05 0.000000000000000000e+00 2.822304247569265844e-08 inf 0.000000000000000000e+00 -1.000000000000000000e+01
5.284463078571380201e+00 1.208771999009512825e+02 5.467951379910664933e-01 1.085639116257430641e-02 2.244683339093312970e+05 -3.983310836114249582e+02 -7.966621672228499165e+02 3.443157689743520508e+11 inf 0.000000000000000000e+00 -2.000000000000000000e+01
3.468403889702217913e-01 5.218271232980936647e-03 4.710204256950338564e-04 2.416343140350271884e-10 -6.598096462050703215e-01 2.495331694181043163e-08 0.000000000000000000e+00 -1.164320153403454461e-02 inf 0.000000000000000000e+00 -9.000000000000000000e+01
2.199977922178598770e-03 7.801887996490114137e-05 -2.416307867492786536e-10 1.515005388138566911e-08 -1.440323794731570201e-06 1.672163623422650594e-08 -1.539819753171297823e+00 4.056646948270410324e-10 inf 0.000000000000000000e+00 -9.000000000000000000e+01
1.357342773429437432e-01 4.880758683551147947e-01 1.259282415640890548e-06 2.088510692496305055e+00 -4.625370147783936514e-01 0.000000000000000000e+00 -2.466317239939431159e-04 2.762573350931395172e-09 inf 0.000000000000000000e+00 -2.000000000000000000e+01
2.609638380173701742e-10 1.654798540567165299e-01 5.095854712025979846e-05 2.094410247888464083e-01 -9.406975720891531667e-01 -6.198793129149410752e-04 -6.701397977458822645e-03 -1.518285479268014485e-05 inf 0.000000000000000000e+00 -9.000000000000000000e+01
6.660435872405130742e-02 3.826603513462999802e-04 2.977240584072847842e-04 2.158331786032540516e-06 -9.411584985336735043e-01 2.512326138511922582e-04 0.000000000000000000e+00 1.296570672434596483e-07 inf 0.000000000000000000e+00 -9.000000000000000000e+01
1.541755561591427792e+01 5.624965026792893641e-04 3.785207564676390035e+01 4.651981800174455339e-02 -4.459725622872639406e+00 7.142046747155803357e-03 2.419790255909787863e+07 -1.754241103733836127e+00 inf 0.000000000000000000e+00 -2.000000000000000000e+01
2.932250043008026719e-01 1.003852149955061002e+00 1.017417719549048270e-02 7.738397243415050115e-06 -5.992003396382616703e-04 5.897741438191223505e-05 0.000000000000000000e+00 -1.393229956376166367e-06 inf 0.000000000000000000e+00 -9.000000000000000000e+01
1.185410129804743366e-04 6.176315227452179590e-02 1.015117156195110670e+00 -3.471131677324972795e-05 0.000000000000000000e+00 9.772213797914779279e+05 4.563441763284258846e-08 1.112134357683949731e+07 inf 0.000000000000000000e+00 -3.000000000000000000e+01
1.451442365886150609e+00 5.072815179110399697e+00 -8.852463004061042698e-08 6.087860421698554347e-01 -3.592440407259741009e-01 9.875594569218725027e+00 3.861421368961026526e-04 -2.678272443410467944e-05 inf 0.000000000000000000e+00 -2.000000000000000000e+01
7.244721188693695191e-04 5.534672786286300205e-04 8.762848836261013308e-07 1.014192012852504227e-05 -5.498044652763767637e+00 1.559034579619315020e+00 6.317937172401556745e+04 1.114289604149334804e-03 inf 0.000000000000000000e+00 -3.000000000000000000e+01
4.462926388047710469e-01 7.972578833668027774e-08 2.363407400740462610e-03 0.000000000000000000e+00 -9.493151873818103326e+00 -1.034410052040212746e-01 9.523156895600332646e+05 4.789751641705616233e-07 inf 0.000000000000000000e+00 -3.000000000000000000e+01
9.524423871603076019e-01 0.000000000000000000e+00 2.573734165440213329e-09 1.237453556045399639e+00 -2.317970582388248768e-01 -9.358446862033051225e-06 7.446367754162404928e+00 -2.272873878450734075e+00 inf 0.000000000000000000e+00 -3.000000000000000000e+01
2.834361763355605079e-01 2.313267762188852758e-03 1.396231643291320671e-08 2.489806617724317842e-02 -7.246615642393712253e-01 3.074211105014133544e-03 -7.837474920762090621e-10 6.063196555631835544e-02 inf 0.000000000000000000e+00 -1.000000000000000000e+01
