3.972182357491765847e-01 0.000000000000000000e+00 0.000000000000000000e+00 7.628228896199165145e-03 -6.105029042056310251e-01 0.000000000000000000e+00 1.180886822075800589e-09 -5.971496818793184119e-06 3.034666983207944213e+03 0.000000000000000000e+00 0.000000000000000000e+00
3.972241137150778201e-01 1.268378688975352633e-09 2.985792591978761241e-08 3.359016665976106147e-08 -6.105119383207107120e-01 0.000000000000000000e+00 1.191838595675115801e-09 3.382343170600940494e-09 3.102949813858062043e+03 0.000000000000000000e+00 0.000000000000000000e+00
7.540105538575667676e-01 9.581349579405544492e-02 3.572177071452284358e-01 2.330246704773902833e-02 -1.278381153121772307e-01 -1.273173897915573782e-01 -4.452203201299859137e-02 -3.178256351439615054e-06 2.263608649171840807e+04 0.000000000000000000e+00 0.000000000000000000e+00
5.048485833253451016e-01 4.207071527711208625e-01 6.664317747498565438e-05 1.348569352658982860e-09 -3.072140603956556859e-01 6.742846763294914300e-10 6.524159841242106453e-10 -7.016642789705030390e-07 3.095123699379689788e+04 0.000000000000000000e+00 0.000000000000000000e+00
6.043011656029578793e-01 7.012224504728328157e-10 4.344866099523188508e-05 8.708830511571754446e-03 -4.234019493625902353e-01 5.365861887129824703e-02 7.203831262623761646e-08 2.329994128095951651e-04 3.605969067498435470e+04 0.000000000000000000e+00 0.000000000000000000e+00
4.190862675359114942e-01 6.875634076761048818e-02 8.280983459483636233e-01 1.924573483668698604e-05 -5.037094561729705822e-01 -2.041400628044753794e-05 -5.226477511560363910e-05 -1.266988459259233282e-08 6.711947869399032788e+04 0.000000000000000000e+00 0.000000000000000000e+00
3.087652167543574189e-01 2.519189074681869589e-01 8.114062672847066615e-01 2.041899032739123990e-09 -4.918701708761274993e-01 4.718687782543445842e-05 2.824775605116831491e-08 1.963441603634176729e-03 8.747799176169685961e+04 0.000000000000000000e+00 0.000000000000000000e+00
6.255598979295089457e-01 8.724988467425411169e-07 0.000000000000000000e+00 4.032883558276634684e-05 -3.821780001413093708e-01 2.349035356614533638e-06 8.762274742927228611e-08 3.818114611386162829e-06 9.191638215718528954e+04 0.000000000000000000e+00 0.000000000000000000e+00
4.197315943622484391e-01 2.792602992550430319e-01 8.949787903836319281e-01 1.905194511483953301e-01 -3.011300817268235397e-01 6.289082108232020491e-06 0.000000000000000000e+00 8.648490622369447547e-10 9.269297024173222599e+04 1.000000000000000000e+00 0.000000000000000000e+00
8.584331082611071917e-01 0.000000000000000000e+00 -3.115569519187528377e-07 8.584331082611071917e-01 -1.542225472837515377e-01 1.843654835157513623e-08 1.372797885680717977e-01 2.982992092839123112e-06 9.854414416787218943e+04 0.000000000000000000e+00 0.000000000000000000e+00
1.643147415392512967e-01 8.697349250439680990e-01 3.799366215830378157e-08 4.457923026574309841e-07 -2.910920636751391788e-01 1.105024556284177371e-06 3.852135191050244107e-10 1.161977900163078427e-03 1.146243451063042739e+05 0.000000000000000000e+00 0.000000000000000000e+00
6.325182735446562531e-03 5.781176603695056260e-01 5.841447713945757621e-05 2.211591049735692760e-01 -5.199178959027769276e-01 -2.121058082787448118e-01 2.418647355693730760e-09 -1.509303787711390398e-04 inf 0.000000000000000000e+00 -9.000000000000000000e+01
9.068952921952751040e-07 3.942670714102712304e-01 9.274103052874440589e-01 2.665716169385863865e-01 -4.213361539250062848e-01 8.799578082686827150e-06 0.000000000000000000e+00 1.253925846843327772e-09 inf 0.000000000000000000e+00 -9.000000000000000000e+01
3.351831237990132023e-02 2.665408313802931084e-01 9.634005953504570785e-01 2.247924922266755334e-06 -1.577568474886373584e-01 -3.000591437601944633e-02 -2.520898224500362494e-01 2.835268044199277327e-09 inf 0.000000000000000000e+00 -9.000000000000000000e+01
1.388805243076373652e-01 6.866041545970842132e-05 6.463403307163910082e-05 2.593159789806666338e-02 -8.732112965842699914e-01 7.648802069440897512e-07 1.165531743914803353e-04 2.819274643445038642e+00 inf 0.000000000000000000e+00 -3.000000000000000000e+01
2.249354739770462420e-08 5.033038957953831094e-08 1.486382062030111806e+00 1.012127863250076032e-01 -1.362757873018852484e-01 2.089772931933750705e-04 4.500354249094087877e-02 8.697973824805341550e-03 inf 0.000000000000000000e+00 -9.000000000000000000e+01
1.901267354754860306e-01 1.077546920239583317e+00 -2.341843661508790725e-07 3.617105061340310626e-07 1.543356125932464098e-09 -1.118392561620506175e-02 3.791468074553638155e-06 3.435322345437053770e-06 inf 0.000000000000000000e+00 -9.000000000000000000e+01
1.357098672079737271e-09 1.220875181316571023e+00 1.612244443069262012e-02 6.646115658941848125e-09 -2.959619469419472958e-06 0.000000000000000000e+00 1.298410601097764461e-02 8.307644573677310156e-10 inf 0.000000000000000000e+00 -9.000000000000000000e+01
1.055344570219842026e+01 1.938159348705230212e+00 6.017361597881348313e-04 1.109382665500306675e-02 -2.114610272070012731e-01 3.098428379590893130e-06 1.826727151207768591e+06 7.295329751515196232e-08 inf 0.000000000000000000e+00 -2.000000000000000000e+01
1.245663224357001081e-01 5.530043118985021728e-07 1.530032992696564627e-02 3.730904314577323556e-04 -8.902010139325466920e-01 1.769583612765218694e-02 -1.492361725830929423e-03 1.044966461736846161e-10 inf 0.000000000000000000e+00 -9.000000000000000000e+01
8.747724840217198372e-02 1.744657970925999890e-01 4.858679289751974069e-08 3.772761774663506706e-01 -8.464279007405690614e-01 1.119141429726198538e-04 -2.840567074511869336e-02 0.000000000000000000e+00 inf 0.000000000000000000e+00 -8.000000000000000000e+01
-2.208874406782146416e-02 0.000000000000000000e+00 9.163463467027541665e-01 8.168552169125112283e-03 -9.809605121753842694e-01 1.621472902485509085e-02 -4.038385342039381432e-03 1.857962598085893425e-07 inf 0.000000000000000000e+00 -9.000000000000000000e+01
6.764840362305527544e-01 2.999054528098623453e-06 1.246650174603653881e-04 4.047727249302544461e-09 -3.317122494257922494e-01 2.241818168844486043e-06 6.689453086287257730e-10 1.634659081449104561e-08 inf 0.000000000000000000e+00 -9.000000000000000000e+01
9.575055117992971043e-01 1.473085402768149199e-01 1.090313532526901672e-09 0.000000000000000000e+00 -1.116018937664621986e-07 2.422837833500245466e-02 1.949567243591148411e-09 2.411686886516457863e-09 inf 0.000000000000000000e+00 -9.000000000000000000e+01
0.000000000000000000e+00 9.768606870242305718e+01 5.618306516698667354e-03 -2.574904580156176962e+03 -1.410847060554910742e-05 2.693129770996032748e+05 9.330999077744119333e-06 -1.412602781341379121e-01 inf 0.000000000000000000e+00 -2.000000000000000000e+01
0.000000000000000000e+00 4.309007633587782620e+05 6.555455331583964096e+00 1.927499552719464049e+00 -2.369625877788046620e-02 -8.934431616927823881e-07 1.849015694656486893e+10 1.853658952785810750e-03 inf 0.000000000000000000e+00 -2.000000000000000000e+01
7.978716333578562692e-01 1.201763174467578577e-01 0.000000000000000000e+00 6.246144942015472075e-10 -1.627129521444075355e-01 8.368431147377797670e-06 4.024609647367604525e-09 -9.550755615771441273e-08 inf 0.000000000000000000e+00 -9.000000000000000000e+01
6.982990709006300922e-02 1.152057611135669957e+00 4.659855667683193009e-02 1.502921928681716686e-08 -6.683338342165316681e-06 1.339984461654981594e-05 1.621082687212555097e-06 8.291983054795678326e-09 inf 0.000000000000000000e+00 -9.000000000000000000e+01
9.680241814772836406e-01 2.859406458736936686e-07 1.086439381405413830e-02 4.957155542304362498e-09 -3.792498867328959744e-02 -6.536483341925795020e-03 7.148516146842341879e-09 -8.316726927883742737e-02 inf 0.000000000000000000e+00 -8.000000000000000000e+01
1.060050690281723884e-01 7.082536480124045353e-01 7.075801954790867732e-04 0.000000000000000000e+00 -5.020679642982670554e-01 0.000000000000000000e+00 3.679944040024107990e-09 6.569574966063868775e-05 inf 0.000000000000000000e+00 -8.000000000000000000e+01
1.619208058594486753e-08 5.032822514994255592e+00 1.100929925154993522e-01 1.717870085118039424e+04 -2.183939951961143677e+01 3.956094580212325944e-05 6.550244881355393678e+07 -1.854419334474527786e-06 inf 0.000000000000000000e+00 -2.000000000000000000e+01
-6.294217154436938699e+02 6.167770827673696488e+01 -2.208043473596487943e-09 1.063859552277609638e-04 -7.408964458783715533e-03 0.000000000000000000e+00 6.378792257056521000e-10 0.000000000000000000e+00 inf 0.000000000000000000e+00 -2.000000000000000000e+01
3.375570282681312317e+00 5.090873660022087605e-02 6.575023854961860259e+00 6.076346599418724204e-05 1.967748091603061766e+04 -1.215388756671939921e-02 2.063867700008954493e-03 7.964389014790110188e+00 inf 0.000000000000000000e+00 -2.000000000000000000e+01
4.588818732074118500e+00 1.370674809149952419e+07 1.517891221362580836e+03 1.438740458004400170e+04 -2.504770992347493319e+01 2.947508833768290315e-01 3.442531038752623901e+11 1.001908396938997328e+02 inf 0.000000000000000000e+00 -2.000000000000000000e+01
9.374290378765637310e-01 1.379290120834006650e-01 8.804926333679475789e-04 -1.474109959293811193e-04 -1.144322556001664722e-02 4.675661485399055109e-08 3.911258736333815326e-07 1.242861442768474715e-03 inf 0.000000000000000000e+00 -9.000000000000000000e+01
5.908876000923732885e-01 2.548970452940914809e-08 3.802954282650084211e-05 6.523904923198868555e-02 -4.172999977306060537e-01 7.577842482033377594e-06 9.538082985198261405e-07 -1.734483945887639632e-04 inf 0.000000000000000000e+00 -9.000000000000000000e+01
2.803547931040659691e-01 1.094938619468738934e-10 3.194606392329617132e-06 1.659519501116003271e-01 -7.216874996678859233e-01 -1.718303570637823643e-02 0.000000000000000000e+00 -2.290948496119207732e-10 inf 0.000000000000000000e+00 -9.000000000000000000e+01
1.242278245754192056e+01 1.321997490176946843e-01 3.362906002202384337e-01 8.754738666066065322e-01 5.406210884300650221e+00 9.009789824598598911e-05 1.947401512751657865e+05 1.306614541662567280e-04 inf 0.000000000000000000e+00 -2.000000000000000000e+01
-1.125794319826849132e-02 4.686239300141844027e-10 4.373733876705023096e-05 2.255504445983530726e+00 -2.195829507771989006e-06 4.947338319551583102e-05 -2.151658511349173530e-09 -1.457911292235007699e-05 inf 0.000000000000000000e+00 -2.000000000000000000e+01
1.843561097050320806e-09 7.577806569930497504e-01 2.019953022816095534e-04 8.608397929010649929e-03 -5.625361509820854256e-01 8.728109568847612824e-09 7.120754737356864402e-08 1.002897236795374531e-04 inf 0.000000000000000000e+00 -9.000000000000000000e+01
4.528313067358742949e-01 8.546826872320970221e-05 1.405091336995747175e+00 1.462149136433749447e-05 -1.204974058431024070e-07 -2.243302768355629826e-08 2.119386996389319037e-07 0.000000000000000000e+00 inf 0.000000000000000000e+00 -9.000000000000000000e+01
0.000000000000000000e+00 8.409037657487998807e-01 7.975824455484823534e-04 9.403077252782107154e-01 -4.231384763751948608e-01 -4.788118299756514052e-04 3.227689877176103338e-10 -1.695912147376772983e-01 inf 0.000000000000000000e+00 -9.000000000000000000e+01
3.529543269554188571e-05 1.329868005203016068e+00 -2.682237010655094477e-05 7.667851800279191924e-04 -2.469600917657487613e-04 9.892219619819642498e-03 2.011602202019189822e-01 1.761533521685760314e-04 inf 0.000000000000000000e+00 -9.000000000000000000e+01
1.121627334841627244e+00 2.202713922640786137e+00 0.000000000000000000e+00 7.363846630760871766e-03 1.859932140721971903e-04 2.425688031374362730e+00 1.817576825737335700e+00 2.698757412169530689e-03 inf 0.000000000000000000e+00 -2.000000000000000000e+01
3.769874603210030941e-08 0.000000000000000000e+00 0.000000000000000000e+00 1.446148838662643030e-02 -1.005290799910416144e+00 0.000000000000000000e+00 4.740534398406044961e-06 -5.935296235633452655e-01 inf 0.000000000000000000e+00 -9.000000000000000000e+01
8.570635661766202729e-01 2.903463737463947555e-04 9.083461971954248995e-04 6.017793556419689851e-04 -1.507335632374579293e-01 4.891484823066880229e-06 -4.331332193352818010e-10 1.001106997467055817e-05 inf 0.000000000000000000e+00 -8.000000000000000000e+01
4.986339264034738705e-01 8.187859104701338264e-01 1.614006626991110194e-02 8.000313626230232816e-03 0.000000000000000000e+00 0.000000000000000000e+00 5.174494788207190518e-06 8.697508713483412604e-03 inf 0.000000000000000000e+00 -9.000000000000000000e+01
1.789245318119061936e-06 1.382790219216617061e+03 6.027919548055630372e+01 1.736145134484560777e-03 -1.498847339932883882e-01 1.781128781897755702e-08 4.632484865893095195e-10 4.630126403563089371e+08 inf 0.000000000000000000e+00 -2.000000000000000000e+01
4.200318790941400026e-04 1.222220545487904042e+00 9.280257509680341053e-10 3.739943776401177518e-07 -7.424206007744272902e-06 1.378118240187530583e-07 -2.488269044783041440e-08 4.748881772531737504e-10 inf 0.000000000000000000e+00 -9.000000000000000000e+01
5.174926311776100641e-10 9.126187487433510270e+00 3.913515880868700253e-03 7.868397049081140367e-06 -7.466948220046389068e-06 -8.500353287188254399e+03 5.879416771003847942e+06 3.884740028803488807e-04 inf 0.000000000000000000e+00 -2.000000000000000000e+01
1.100695975464054843e+00 6.026484490843004165e-10 1.312131852464741282e-07 2.295983011319552070e+00 -3.026104084746809590e-06 2.407761949272800328e-05 2.788280186487575422e-06 1.037405956874871720e+02 inf 0.000000000000000000e+00 -2.000000000000000000e+01
5.270038167938932020e+03 2.523102150618575454e-05 1.218255239588614041e-03 1.391199708894919236e-02 6.950839694656489883e+05 -1.540734567715011704e-04 1.507889450961397290e-04 4.414383691685801539e-03 inf 0.000000000000000000e+00 -2.000000000000000000e+01
6.454072458218160135e-10 4.920144559757984593e-01 4.698349114679344613e-06 4.679212235778822766e-04 -7.685716011648093815e-01 5.807766733631858950e-08 7.696968082422585649e-10 6.608970197215395978e-07 inf 0.000000000000000000e+00 -9.000000000000000000e+01
5.473071382245995459e-02 4.774719704198517434e+01 -1.033874697812650581e-05 4.953282480021515277e-01 1.714202647900779297e+01 8.121701597257499584e-04 1.617888732824442387e+09 1.768994513358795118e+01 inf 0.000000000000000000e+00 -2.000000000000000000e+01
2.453869729680257746e-13 1.363243059088456964e-02 4.732080746058310395e-08 2.274225387673634469e+00 -7.248285814762382056e-04 -1.024653217546492800e-04 -6.149529167774953982e-11 3.545905839046360053e-05 inf 0.000000000000000000e+00 -2.000000000000000000e+01
5.501878874415803281e-08 9.833758197646747662e-03 1.518457138836627918e+00 2.702332361853322369e-04 -1.457893675651121025e-02 1.579205960559590448e-05 -1.152774621306168237e-07 5.655264588490425047e-06 inf 0.000000000000000000e+00 -9.000000000000000000e+01
6.688225764931048367e-01 6.218876588444658404e-01 4.950167095754887635e-03 7.066700315596499033e-10 -7.348859176105249427e-03 0.000000000000000000e+00 4.639252330898815032e-08 6.859953783931927417e-03 inf 0.000000000000000000e+00 -9.000000000000000000e+01
4.125728352147358530e-03 8.662398816840619631e-01 1.616390145376408346e-06 1.149149880693218004e-04 -4.560805160191988561e-01 1.338697503405954024e-07 4.884231931498982520e-11 9.185271990580176197e-11 inf 0.000000000000000000e+00 -9.000000000000000000e+01
8.077886450381625139e+01 3.480462655993795085e-06 5.121449477799942113e-03 1.291522542938922591e+01 2.913709923664102796e+06 -4.320498320610657930e+08 3.442531038778602905e+11 6.210712986137988936e-04 inf 0.000000000000000000e+00 -2.000000000000000000e+01
4.301291954047528066e+00 4.479822718073092798e-03 0.000000000000000000e+00 4.104557545506445655e-08 -6.610852658437580409e+00 8.044023471828705201e-04 2.016273446870276937e+06 -2.849870777435431268e+00 inf 0.000000000000000000e+00 -2.000000000000000000e+01
4.825213944209386379e-10 1.232345949434279886e+00 2.157559949339340075e-09 -1.151854885169428244e-01 3.391436086501454675e-09 0.000000000000000000e+00 0.000000000000000000e+00 7.117190567708845323e-10 inf 0.000000000000000000e+00 -1.000000000000000000e+01
2.000881515383143849e+00 1.644978996448855924e-01 6.868551705618420655e+00 3.125954198468116829e+03 -3.473412899564870759e+00 3.055902197951988975e-07 4.307366106863110542e+09 -4.693492536091145897e-06 inf 0.000000000000000000e+00 -2.000000000000000000e+01
5.193467246420790245e-02 7.869888991401663425e-01 5.753344998515095123e-04 3.273825045796836222e-04 -4.704347050726134238e-01 -2.692908942588558008e-02 6.800969013170082671e-03 2.747866267947507990e-01 inf 0.000000000000000000e+00 -1.000000000000000000e+01
4.864109162820627330e-01 5.247237672395337550e-10 1.705849906800821145e-02 1.115656300653215674e-03 -5.205279144180792184e-01 5.083828886749807431e-10 5.622308042434347161e-06 9.731901011778202590e-10 inf 0.000000000000000000e+00 -9.000000000000000000e+01
5.159669250015440183e-03 0.000000000000000000e+00 0.000000000000000000e+00 2.705152671752095102e+03 1.336859358776832104e+09 0.000000000000000000e+00 3.919019612641936279e-06 1.665672709921428805e+02 inf 0.000000000000000000e+00 -2.000000000000000000e+01
6.407492131160679925e-09 1.029658709795364224e+00 7.070105276610015035e-05 1.961477183008371395e-10 -3.139725629746039159e-10 -1.959861748758221778e-01 0.000000000000000000e+00 1.886559651712912832e-10 inf 0.000000000000000000e+00 -9.000000000000000000e+01
5.124448684760684984e-03 4.493453137756570699e-04 4.795878695345850898e-10 0.000000000000000000e+00 -2.459735368685128654e-02 -1.202210958306602295e+00 0.000000000000000000e+00 1.106632341904942616e-04 inf 0.000000000000000000e+00 -9.000000000000000000e+01
1.516935216813882978e-02 5.683801929004871772e-03 1.837942987183384011e-08 2.311787663566600240e-08 -9.901107678181730876e-01 1.902270991734802453e-06 7.067285656283764546e-10 7.995051994247720755e-06 inf 0.000000000000000000e+00 -9.000000000000000000e+01
3.684725412891800000e-01 1.428315852908007630e-09 4.897082924256026303e-08 5.476818397713406457e-07 2.201214041711042016e-09 -8.962845598925999191e-01 0.000000000000000000e+00 -9.029237047806932814e-01 inf 0.000000000000000000e+00 -9.000000000000000000e+01
6.115040370605749620e-02 2.612345246322776426e-01 8.187786751108620161e-08 3.188898005765107942e-05 -8.355591162395696880e-01 -1.557424344388651997e-04 1.024202313506731903e-09 0.000000000000000000e+00 inf 0.000000000000000000e+00 -9.000000000000000000e+01
8.562043192994518714e-02 7.142254234732542489e-09 1.403097053999682986e+00 7.552501363786384249e-08 -4.345288748793343925e-01 1.761354035332464164e-05 6.057817847811906163e-07 5.584504564438010771e-03 inf 0.000000000000000000e+00 -9.000000000000000000e+01
2.733982729775305695e-06 2.104007633587786756e+02 1.335551720539122522e+00 6.306262416694002199e-04 2.088842748091603443e+07 8.427058542076187359e-08 1.528790888895515602e-04 5.213695734682430447e-07 inf 0.000000000000000000e+00 -2.000000000000000000e+01
4.223847253252439177e-03 4.339733747019526966e+00 1.030023180231426841e-08 0.000000000000000000e+00 -1.911896044776023856e-07 -1.991161282338599625e-01 1.538500927037022770e+01 6.394902969676184323e-06 inf 0.000000000000000000e+00 -2.000000000000000000e+01
1.192301895429742631e-01 1.245124076957133518e-09 6.825806189255827390e-03 2.220417956078996280e+00 -9.538415163437941047e-01 -3.646538817193757077e-08 1.899864659602803041e+00 1.186872658152121439e-09 inf 0.000000000000000000e+00 -2.000000000000000000e+01
7.230868864084010195e-01 6.506609586729766882e-07 0.000000000000000000e+00 3.007499542310647803e-05 -2.850070288162145360e-01 1.712851070694673642e-06 5.756715880353192680e-10 -3.592538284638828308e-06 inf 0.000000000000000000e+00 -8.000000000000000000e+01
9.514393621772653242e-01 0.000000000000000000e+00 1.209854991410596714e+00 7.794371375507106863e-10 -1.235985620112368998e-03 5.762962186027417721e-02 7.427384584897994604e-04 4.458402305727259686e-06 inf 0.000000000000000000e+00 -9.000000000000000000e+01
2.585818367610679925e-12 1.454698412040536389e-09 2.045890364275304482e-16 2.139884413011152774e-13 -1.009138261382840129e+00 1.455261300779159967e-17 0.000000000000000000e+00 6.494035230164602321e-06 inf 0.000000000000000000e+00 -9.000000000000000000e+01
1.985636603740974763e-05 7.464217557250891559e+02 9.077195902815885019e-05 2.579914122137053027e+02 -1.373406426753405704e-07 -1.211682967557086812e+02 2.281722137404268980e+07 4.081871673350469243e-02 inf 0.000000000000000000e+00 -2.000000000000000000e+01
1.550931036075500031e-04 8.475008103188347297e-02 1.460906840939286466e+00 1.273730274395434789e-07 -2.760372669712357814e-04 -3.794326693762691574e-05 5.789683065433794516e-10 0.000000000000000000e+00 inf 0.000000000000000000e+00 -9.000000000000000000e+01
6.562686950454995616e-01 5.097232582877666562e-01 1.712351570810466059e-02 8.694498285898102224e-03 -2.215105956426329393e-03 -1.311475466636232712e-01 9.620926685599054255e-08 7.654808033155497654e-10 inf 0.000000000000000000e+00 -9.000000000000000000e+01
5.875502619256645770e-02 5.687127726120173588e-01 6.979962558181797803e-03 1.267045412167940900e-02 -8.499295773657514208e-02 -5.507723065990199895e-01 8.453393409444572557e-05 2.047776723795533630e-08 inf 0.000000000000000000e+00 -8.000000000000000000e+01
7.828953772210629083e-07 1.117610588032287300e+00 5.254552035791299619e-03 2.655405311449136451e-03 -2.627276017895649809e-03 -1.306435199789808246e-09 -1.872285778920068922e-01 1.692152815326929005e-06 inf 0.000000000000000000e+00 -9.000000000000000000e+01
2.586689751510186294e-07 2.797299481558380139e-04 5.807586876382756096e-10 6.708628471702302992e-11 1.107513808113108240e+02 1.434363787441785664e-07 1.198847646611023857e-13 -3.001319157728393971e+00 inf 0.000000000000000000e+00 -3.000000000000000000e+01
3.772578764478489166e-01 2.212906824821205543e-01 1.883181536646920118e-01 4.995174771836601302e-01 5.410736252087980369e-02 -5.406002820703379452e-01 -1.029938631868706628e-01 -5.490190913413867113e-01 inf 0.000000000000000000e+00 -9.000000000000000000e+01
1.205477735262077202e-02 1.596044552583692232e-05 1.492937810593803483e-01 2.151314112160014780e+00 1.331589252181802241e+00 -5.983921931048532226e-03 8.756971298758129144e-10 -6.925701411722029986e-03 inf 0.000000000000000000e+00 -2.000000000000000000e+01
4.470922072226980477e-04 6.534871395914367403e-07 1.659230598358196751e-02 2.314157091144111444e-01 -1.005806804982115832e+00 -2.010447452609725311e-04 0.000000000000000000e+00 -7.238002157366321687e-02 inf 0.000000000000000000e+00 -9.000000000000000000e+01
1.183655174439116719e-06 1.217586223226987618e+00 7.916765261909344126e-03 4.387974544391613600e-03 -8.783620372951743719e-04 2.786833701843996234e-06 0.000000000000000000e+00 3.902765820732925620e-04 inf 0.000000000000000000e+00 -9.000000000000000000e+01
1.028371058669163673e+00 3.049328386775763647e+03 1.338872434603997936e-13 2.775970955916760463e+00 9.556069714913455471e+00 -1.416990168431110533e+03 1.129043983930714428e+06 1.880235940161591615e-09 inf 0.000000000000000000e+00 -2.000000000000000000e+01
2.028038825093651794e-06 2.338209468931504441e-05 1.415095823051888191e+00 6.596613816022269157e-03 -4.602970529402205524e-01 -1.509099478672629216e-05 1.627364851678937742e-09 0.000000000000000000e+00 inf 0.000000000000000000e+00 -9.000000000000000000e+01
1.197925167746468986e-07 0.000000000000000000e+00 1.051508879748499453e-09 2.296897061842142485e+00 -4.119313137159069945e-09 -7.056935536451168338e-05 4.886241110232175666e-02 0.000000000000000000e+00 inf 0.000000000000000000e+00 -2.000000000000000000e+01
6.104237654861392213e-06 7.219788892274783265e-01 3.994555329742195682e-03 0.000000000000000000e+00 -5.953366906252812729e-01 2.876969788534533675e-10 1.845493447799255949e-07 4.902973800537013975e-09 inf 0.000000000000000000e+00 -9.000000000000000000e+01
9.131575936910730773e-01 1.034353189240689447e-02 5.598145620996555216e-01 9.808790417462828409e-06 3.426580758418306181e-06 -1.559013046484158229e-06 2.040114728797628871e-07 6.252291905170842535e-07 inf 0.000000000000000000e+00 -9.000000000000000000e+01
6.720724940638914680e-01 4.092581529999961276e-01 3.016649568385866657e-05 1.055833733378584299e-01 -1.490588800063883668e-01 2.237109013253772791e-03 -2.283254932513968780e-11 1.100443635954252340e-07 inf 0.000000000000000000e+00 -9.000000000000000000e+01
4.837338979007634521e+01 7.275263343418715169e-08 3.340497669827848018e-06 5.344796271724556829e-05 -3.389268249045802150e+01 -1.683312233622747870e-05 1.392014656488549948e+09 -5.073730748516458525e-08 inf 0.000000000000000000e+00 -2.000000000000000000e+01
5.060896468657368752e-01 6.468425956872914974e-03 9.514713474159987901e-07 8.019403213438786744e-10 -4.998799579471388532e-01 7.849761991616042461e-09 0.000000000000000000e+00 3.917170031179714606e-09 inf 0.000000000000000000e+00 -9.000000000000000000e+01
6.318143374914700350e-02 1.027762783324608943e-08 7.363076656653915232e-09 1.146676471329569778e-05 -3.847607768322799870e+01 0.000000000000000000e+00 4.167150560425676107e+08 0.000000000000000000e+00 inf 0.000000000000000000e+00 -3.000000000000000000e+01
1.447112792993337294e-05 3.055347422732324682e-05 5.690279040096681840e-01 1.685574066172968788e+00 -8.384302986208819834e-06 9.324180367225111946e-10 3.103087226212517067e-04 2.650513889220291758e-03 inf 0.000000000000000000e+00 -9.000000000000000000e+01
1.005976256546204928e+00 6.321171886116569113e-05 3.981130421014053740e-03 1.705830639942591126e-02 0.000000000000000000e+00 2.832167548404123543e-09 3.854868032256973664e-02 0.000000000000000000e+00 inf 0.000000000000000000e+00 -9.000000000000000000e+01
4.070495496806784130e-01 1.491517345030917048e-02 3.811412947952124266e-04 -1.600263425705412135e-01 -1.232322558248955646e+00 3.117720202823823437e-06 1.117956920873410770e-09 1.009518639717544465e+04 inf 0.000000000000000000e+00 -3.000000000000000000e+01
3.180877864752336415e-02 4.306063914420953619e-03 1.431790999038728085e+00 3.642428592478912158e-09 -5.976354759999411570e-01 8.326500505016571285e-05 7.259264836571723001e-02 0.000000000000000000e+00 inf 0.000000000000000000e+00 -9.000000000000000000e+01
7.599128094226317596e-09 3.272788621091846650e-01 8.362707640760062011e-01 2.735453190454984731e-06 -1.919710340431486084e-01 -3.651357454128589808e-02 -3.067628737381611348e-01 1.725089423689307616e-09 inf 0.000000000000000000e+00 -8.000000000000000000e+01
7.501186384661107749e-07 1.183728445743886803e+00 1.954526948988608449e-03 3.407113125085200339e-02 -5.244520560399005410e-02 0.000000000000000000e+00 6.150415816631168337e-09 2.195990881402570653e-04 inf 0.000000000000000000e+00 -9.000000000000000000e+01
1.000411286183740867e+00 4.315573399868823120e-08 6.438649896544074559e-05 4.395388305758869902e-05 -7.329131808435114873e-03 1.397920953452132201e-08 6.489311479977481224e-10 -6.979163863873881474e-07 inf 0.000000000000000000e+00 -9.000000000000000000e+01
3.710534344235315307e-02 1.122888295933383712e-01 4.302552183427916233e-01 1.783280026413017305e+00 -3.935667888717008234e-01 2.236500824309322061e-10 2.777899690519904535e-07 6.274627312645597896e-10 inf 0.000000000000000000e+00 -9.000000000000000000e+01
-2.269319347043693980e-02 0.000000000000000000e+00 8.287730269092538071e-01 5.339288430097136554e-10 -9.997577533347066225e-01 3.947735595411190623e-02 5.087895696713268722e-04 3.054087969491856777e-06 inf 0.000000000000000000e+00 -9.000000000000000000e+01
9.503777205142015516e-01 0.000000000000000000e+00 8.895535464012926941e-01 7.929714105540369012e-03 -8.000249951984782964e-04 1.088201052053614632e-04 -2.756095389491184516e-02 1.160129053362062439e-07 inf 0.000000000000000000e+00 -9.000000000000000000e+01
4.600573385591030018e+00 1.783327429532749630e-08 1.034092846581046921e+01 9.436967315414862065e-07 -5.429505527138963394e+00 2.200839120931097391e-04 7.569337134667837114e-06 5.106714141547474861e+09 inf 0.000000000000000000e+00 -2.000000000000000000e+01
1.554820630196595114e-09 1.201618770942063374e+00 5.196075567624118541e-02 1.447688473225629812e-06 0.000000000000000000e+00 0.000000000000000000e+00 3.899590451541460493e-09 5.533957711399081577e-06 inf 0.000000000000000000e+00 -9.000000000000000000e+01
1.074931093754659308e-03 2.736535691122973096e-02 8.561228977814887287e-02 5.671814197802362706e-02 -2.167777705738563256e-04 4.586372666686546807e-04 9.148284679150765486e-01 3.761559003210477792e-08 inf 0.000000000000000000e+00 -1.000000000000000000e+01
6.291105623909649669e-01 6.835318913175190136e-01 6.568824468087971179e-04 2.814603105420218285e-03 0.000000000000000000e+00 2.615284707965506148e-10 -2.838293481512952136e-10 6.510364056155149769e-06 inf 0.000000000000000000e+00 -9.000000000000000000e+01
1.422473590010310193e-02 1.212385182870325817e+00 -2.634889026624263777e-07 7.386167877851432283e-09 -3.289176321552348244e-06 -3.130561219751600608e-09 4.265911422114847746e-06 9.232709847314290354e-10 inf 0.000000000000000000e+00 -9.000000000000000000e+01
6.715841790366622321e-01 6.244554647182999352e-01 6.687882128307632884e-05 8.893205267391153274e-05 -3.451810130739423228e-03 6.766688815082903063e-10 1.179817915780076336e-07 3.749049336441984798e-04 inf 0.000000000000000000e+00 -9.000000000000000000e+01
1.737334697023330266e-01 9.274978308042699577e-06 2.354954960159501287e-01 2.052809795459791808e-01 -8.922168981132601040e-01 4.684392670170448936e-10 1.819980286191192009e+00 -6.420584749868829544e-02 inf 0.000000000000000000e+00 -1.000000000000000000e+01
3.052139312685956396e-01 9.959612494027857421e-01 7.078152024485523733e-03 3.589275671990885958e-03 -7.200513695121576151e-04 2.279574392859159091e-06 0.000000000000000000e+00 3.192384612107278751e-04 inf 0.000000000000000000e+00 -9.000000000000000000e+01
1.071445234686430464e-01 1.008841537313894095e-06 9.436689430225126199e-03 2.085684203013235205e+00 -7.539973467727703049e-01 -3.076009076386426178e-01 3.486618511189835496e-09 -7.004250850384487713e-03 inf 0.000000000000000000e+00 -2.000000000000000000e+01
1.355897143257857076e-06 2.194664944056460842e-01 8.182283432732240236e-01 5.337568274267751045e-02 -4.458990605344630295e-06 -2.916280319683721145e-01 -9.750753216120416900e-02 -3.816808598359062166e-01 inf 0.000000000000000000e+00 -9.000000000000000000e+01
1.007748037001704677e+00 4.467646170030882599e-06 2.826486591427086048e-09 0.000000000000000000e+00 -2.738474147410956290e-06 2.178905175284164729e-05 2.523255311977574953e-06 1.210316053252111239e-09 inf 0.000000000000000000e+00 -8.000000000000000000e+01
1.008807637914916677e+00 5.816982979359246816e-10 0.000000000000000000e+00 2.104309682213146626e+00 -5.672384159556878159e-08 1.385386465642433201e-02 9.909056179350136767e-10 8.098708315590938729e-07 inf 0.000000000000000000e+00 -2.000000000000000000e+01
5.323084096728999404e-01 8.017688779234671825e-02 2.362600731338052040e-02 3.207247712913354203e-04 -5.146750047976070830e-01 3.980786857913213498e-08 5.275692153896945959e-10 5.318234910388293457e+01 inf 0.000000000000000000e+00 -3.000000000000000000e+01
5.112093620753473955e-01 2.519467869457210065e-04 9.206944313078200409e-03 2.255054382238915522e+00 9.147621731342042040e+00 -4.110776217623023088e-02 6.051374898949032571e-09 -1.486797088395736249e-03 inf 0.000000000000000000e+00 -2.000000000000000000e+01
1.597183998670291131e-09 1.217584124266196444e+00 1.162696588039905048e-05 2.751158702117921428e-08 -1.256805189160628424e-05 2.501467333015357046e-05 7.596689143370908680e-04 0.000000000000000000e+00 inf 0.000000000000000000e+00 -9.000000000000000000e+01
0.000000000000000000e+00 1.221326744473279380e+00 1.158406956119823784e-03 5.968868079307788557e-06 -5.151590864895087130e-08 -5.868245764554369916e-04 7.631448092748083129e-10 5.868946985613406738e-10 inf 0.000000000000000000e+00 -9.000000000000000000e+01
3.944104540281020421e-01 1.461486105773636759e-02 1.273553492955486295e-03 5.531457648951895625e-07 -2.271218094403312238e-01 -6.593858983751551550e-01 0.000000000000000000e+00 -6.642702383631192697e-01 inf 0.000000000000000000e+00 -8.000000000000000000e+01
9.935027625813636076e-01 8.287565424887206667e-08 9.635370182567824781e-07 8.323291909277283906e-01 2.580902727473524731e-08 -2.754431156190055791e-04 0.000000000000000000e+00 -2.936493769925432536e-07 inf 0.000000000000000000e+00 -9.000000000000000000e+01
3.207175843744156651e-01 9.802663708453901448e-01 2.133907835146986060e-07 1.848654514583426001e-01 -1.773175796348328850e-07 1.410411464373341370e-06 1.635996006946022620e-07 2.197608032465888251e-03 inf 0.000000000000000000e+00 -9.000000000000000000e+01
5.561053216840007151e-04 1.230846445327254818e-01 0.000000000000000000e+00 0.000000000000000000e+00 -9.866544196277914347e-01 6.945137573031297251e-02 1.206825784904515323e-07 3.017064462261288308e-08 inf 0.000000000000000000e+00 -9.000000000000000000e+01
2.806763778361698433e-04 1.569924304245464428e-03 2.259386609967508307e-03 2.265908550697311341e+00 -1.121028440871301296e-01 -1.656245847477641622e-08 0.000000000000000000e+00 1.630478074099502384e-09 inf 0.000000000000000000e+00 -2.000000000000000000e+01
9.928783931995281975e-01 3.679106275110480967e-02 3.169987129990753383e-03 5.513856401862704537e-02 0.000000000000000000e+00 4.399632942606721871e-05 0.000000000000000000e+00 -5.276745266985674008e-08 inf 0.000000000000000000e+00 -9.000000000000000000e+01
2.357032603372012647e-02 1.930576826722797679e-03 3.310218893342014579e-01 4.877651082840201207e-10 -8.999369470478568722e-01 -1.350827487115891790e-01 1.477309984301347727e-07 -1.733485102920052201e+00 inf 0.000000000000000000e+00 -9.000000000000000000e+01
5.866304976939837757e-04 6.101193179018109789e-12 3.344691740678708476e-05 2.285148468666171162e+00 -4.070497330937846749e-03 -1.786828973129981990e-10 9.309466836874322193e-03 8.366698220508950167e-09 inf 0.000000000000000000e+00 -2.000000000000000000e+01
1.663823706947294492e-02 1.177475238762700771e+00 6.582635859817521852e-05 4.199555029554469764e-03 -3.220992048064634516e-02 7.453637321490369662e-07 -1.647825402072801426e-02 1.153823667653607753e-09 inf 0.000000000000000000e+00 -9.000000000000000000e+01
6.478473824810009329e-01 1.533651446849927935e-01 3.232158066478628460e-05 1.027305761763264505e-02 -3.019161368462414119e-01 3.030148187323714393e-07 4.617368666398040947e-05 1.116883385508647075e+00 inf 0.000000000000000000e+00 -1.000000000000000000e+01
4.539706486174659994e-01 5.594719214395478013e-10 8.607484623267987653e-08 3.200771300992791605e-04 -5.537659205118227179e-01 3.052974491851799770e-06 1.118943842879095603e-09 4.142789347133860496e-07 inf 0.000000000000000000e+00 -9.000000000000000000e+01
7.318841798431156842e-02 9.351666686914475455e-09 1.917361249589000748e-03 2.006381593319918593e-03 -9.361105437993384459e-01 8.620251415312224990e-10 2.169357299534983505e-02 8.940381598083568804e-01 inf 0.000000000000000000e+00 -1.000000000000000000e+01
0.000000000000000000e+00 9.768606870229010042e+01 9.746041916708912331e-03 2.782399417789838472e-02 7.665929770992368460e+07 1.540734567715011704e-04 1.445185137159042080e-04 4.431104842033095864e-04 inf 0.000000000000000000e+00 -2.000000000000000000e+01
7.321712690237086596e-01 5.398045549102410412e-01 2.760364201245550653e-02 2.108611542618128905e-05 1.334525391068227951e-09 1.301619285535038947e-09 4.672491486483353823e-06 -3.067071334717278407e-05 inf 0.000000000000000000e+00 -9.000000000000000000e+01
1.009115985265022220e+00 4.831279454739736761e-09 1.349327753039736938e-07 3.690809341901017779e-04 -4.431055121211000663e-09 -1.200673000586206642e-08 1.786715774681855279e-09 -2.271627577185271143e-05 inf 0.000000000000000000e+00 -8.000000000000000000e+01
0.000000000000000000e+00 8.361872875727540677e-01 3.575741754398149715e-08 5.721186807037039544e-07 -4.876362739151732240e-01 7.541019621705593942e-09 -4.135699916705262023e-10 -5.259361780866691920e-10 inf 0.000000000000000000e+00 -9.000000000000000000e+01
2.039546056677122721e+01 6.114037769720313646e-04 7.896472564568506047e-02 7.297571122713048089e-07 -9.231352450483658600e-01 3.670077614693678508e-09 5.450639692272265255e+07 9.565072421962446392e-02 inf 0.000000000000000000e+00 -2.000000000000000000e+01
2.454727006665298819e-03 3.656589920905835592e-07 3.408157206355589067e-03 2.273205280885457924e+00 -2.525878514104872886e-03 -8.838351314759568481e-06 1.424419826671156929e-06 -3.413124870501104649e-09 inf 0.000000000000000000e+00 -2.000000000000000000e+01
1.734697438249913895e-04 5.808024015473785620e-03 5.621704660995091200e-05 1.435542440218389342e-05 -1.006587100168483406e+00 1.806976498176993570e-06 2.274406182601250578e-07 -4.082428384770245050e-05 inf 0.000000000000000000e+00 -9.000000000000000000e+01
3.295403323075360991e+00 8.146969326491865004e+00 7.556765613389305128e-07 -1.298709295725880120e+00 -8.581779487175419163e+00 -1.771279286153006538e+01 3.335498861463143490e+06 5.877625013351915097e-03 inf 0.000000000000000000e+00 -2.000000000000000000e+01
5.247284758002740933e-04 7.957287029662537536e-01 4.986923300544589309e-04 1.448410815644115245e-02 -4.788728148005676477e-01 -9.301701309653037115e-10 -1.333050662185734370e-01 3.011994024080175426e-07 inf 0.000000000000000000e+00 -9.000000000000000000e+01
8.855538463248371905e-02 1.240142834583537503e-02 1.488171401500245142e-02 2.124465923920439706e-09 -9.200941208287934936e-01 0.000000000000000000e+00 1.925436578731181403e-01 2.062311602696327226e-02 inf 0.000000000000000000e+00 -1.000000000000000000e+01
2.285949315608213628e-01 0.000000000000000000e+00 -8.958461559990724960e-07 2.468325599804278792e+00 -5.055164555520213175e-03 -3.085406999755348489e-01 3.947322315476478605e-01 1.800887541408541111e-09 inf 0.000000000000000000e+00 -2.000000000000000000e+01
4.926402791599355235e-01 8.781848454590154840e-02 -1.624345986689611966e-05 4.643603174826158053e-04 -4.904983649027183645e-01 5.990666438154107140e-03 1.218213733792231773e-01 1.066773702324928249e-04 inf 0.000000000000000000e+00 -1.000000000000000000e+01
6.121139685943929182e-02 1.171341290302230220e+00 2.780144477301403465e-09 0.000000000000000000e+00 -5.160415155767854017e-08 -1.000806338651832536e-02 9.668481449932701971e-10 1.189405642520023052e-09 inf 0.000000000000000000e+00 -9.000000000000000000e+01
1.201371621934214104e-03 2.774194361569168876e-01 8.695065045720882025e-08 3.386467726524864351e-05 -8.873265860599514054e-01 -2.191691472447552765e-04 1.087657263999095393e-09 0.000000000000000000e+00 inf 0.000000000000000000e+00 -9.000000000000000000e+01
7.802945524809001832e-01 4.751599123084080945e-01 3.502412679801735976e-05 9.715729836338056480e-02 -4.029400593363019702e-11 -5.791026256285939503e-09 1.479426238910548631e-08 3.930432859490945466e-10 inf 0.000000000000000000e+00 -9.000000000000000000e+01
6.263615714315996549e-12 6.958052130195144882e-14 1.576854305701929183e-12 1.405466322384838407e-19 -1.009358948087089036e+00 1.962431304630223440e-19 4.703151162185119534e-03 6.487528113194243226e-16 inf 0.000000000000000000e+00 -9.000000000000000000e+01
1.437483503231464610e-08 3.345416152975044950e-06 7.282520295482712880e-13 2.457571796550711216e-03 8.460004729944266624e-03 -1.254463799955679359e+00 4.289579863070332177e-02 1.831033674292796347e-12 inf 0.000000000000000000e+00 -1.000000000000000000e+01
5.215925854165343045e-01 4.263638481392031249e-02 2.862665330752948295e-02 8.218735430265271258e-02 -1.902426631854259587e-01 -4.270244743969178747e-01 -3.259574252254646143e-01 -5.060731701199118193e-01 inf 0.000000000000000000e+00 -8.000000000000000000e+01
5.481811298357595064e-01 7.950707768998631210e-09 5.682811045964040186e-01 0.000000000000000000e+00 -1.147754240593621376e-02 -5.609720228652604890e-01 0.000000000000000000e+00 2.353235237535507190e-05 inf 0.000000000000000000e+00 -9.000000000000000000e+01
9.573669778810993056e-04 6.130279013680064223e-04 6.542868839823364443e-10 0.000000000000000000e+00 -1.007056150073685652e+00 9.651928659836696181e-05 2.078555880042670320e-02 4.017289225986084289e-03 inf 0.000000000000000000e+00 -9.000000000000000000e+01
6.703430230524290339e-06 1.214464685473386707e+00 1.604723735327073450e-02 2.811716568914355204e-07 9.822387351671009161e-08 -4.527142985545049926e-08 5.848044602150096997e-09 1.856245003070528404e-08 inf 0.000000000000000000e+00 -9.000000000000000000e+01
5.418501992245130516e-01 5.503166085873960334e-02 6.627989044085560444e-01 1.540403024194559215e-05 -4.031623506134769386e-01 -1.633909917037040257e-05 -4.183203100847844076e-05 -2.172343522039551290e-08 inf 0.000000000000000000e+00 -9.000000000000000000e+01
6.454091958091105708e-04 1.287212753652807080e-03 1.539636256335512376e+00 -8.978038533880923662e-04 2.670291168705777334e-11 1.194367576043396006e-04 -2.985918940108490014e-05 -1.365125915784233313e-09 inf 0.000000000000000000e+00 -9.000000000000000000e+01
3.745689721922765346e-04 8.187501472165946703e-01 1.433446936682952457e-09 2.372654330522564192e-01 -5.396866586007282862e-01 4.318107946093526633e-02 0.000000000000000000e+00 3.033595050667053689e-08 inf 0.000000000000000000e+00 -9.000000000000000000e+01
0.000000000000000000e+00 1.213625911159547585e-02 4.058949535650660745e-05 0.000000000000000000e+00 -1.002722893287139261e+00 4.280923338381555858e-06 7.393449414341699396e-09 2.932218812232375501e-09 inf 0.000000000000000000e+00 -9.000000000000000000e+01
2.520375591816121363e-01 3.856464353822552198e+02 2.317586751095283837e-02 6.961412577156607585e+04 -2.212522818378964473e+01 4.007870968487531077e-05 7.983904856489369273e+07 7.899108176649759505e-01 inf 0.000000000000000000e+00 -2.000000000000000000e+01
1.996426471540143355e-01 9.747258655166582408e-02 2.852411084850425325e-09 -7.848696226348995941e-02 -7.703857443119612736e-01 0.000000000000000000e+00 0.000000000000000000e+00 0.000000000000000000e+00 inf 0.000000000000000000e+00 -1.000000000000000000e+01
3.243562988032224759e-01 9.815726195992651171e-01 1.518521998142427433e-04 1.029154557334809278e-04 -6.450752628827695006e-06 5.145772786674046389e-05 5.968799846214131625e-06 9.840022547962930244e-02 inf 0.000000000000000000e+00 -1.000000000000000000e+01
5.957248164858124084e-02 7.796807414129242400e-03 5.672177393779024301e-01 1.680211997744851748e+00 -8.357631238442677477e-06 1.673739504960170446e-09 0.000000000000000000e+00 2.634468130164763569e-03 inf 0.000000000000000000e+00 -9.000000000000000000e+01
6.199400047380253520e-01 2.671092307004857789e-08 9.587444259320625495e-01 3.854200649611599694e+00 -8.506153553382208576e-01 0.000000000000000000e+00 0.000000000000000000e+00 3.799069240818153048e+03 inf 0.000000000000000000e+00 -2.000000000000000000e+01
9.857643651609954150e-01 3.693558787575937918e-01 1.273681374111846428e-06 6.306262416701466931e-04 3.422359958477334595e+11 1.236170757819321812e-04 0.000000000000000000e+00 2.239265267178223894e+03 inf 0.000000000000000000e+00 -3.000000000000000000e+01
1.587345231859567150e-08 1.221582875633668630e+00 7.271326640676598410e-03 8.722272434450182664e-09 -3.479089645340668233e-10 4.892734343082497462e-10 1.092180200487675051e-06 3.016497696585007063e-06 inf 0.000000000000000000e+00 -9.000000000000000000e+01
1.348329326830758633e-06 9.618320326049777213e+05 2.404836570054472238e+07 5.597605941218942404e+07 3.442530936902987671e+11 6.592557056813285271e+03 3.442530936902987671e+11 1.001908367296851878e+02 inf 0.000000000000000000e+00 -2.000000000000000000e+01
2.418914795474457480e-01 5.908957259270151899e-10 1.452185336038232531e-06 1.011689117439968608e-05 -7.661218663699429499e-01 1.203063697987402941e-08 2.517121249132936488e-04 6.003500575418474370e-09 inf 0.000000000000000000e+00 -8.000000000000000000e+01
2.210967082409864745e-06 2.521306461977212954e-05 1.525907020044749762e+00 7.113171536810815147e-03 -9.229782584023726719e-06 -1.627271772653660574e-05 1.754798092750727244e-09 0.000000000000000000e+00 inf 0.000000000000000000e+00 -9.000000000000000000e+01
3.135572517680866295e+05 9.297607324083789587e+08 0.000000000000000000e+00 8.464122133617062354e+05 1.573344263112755127e+11 -4.320498318677354455e+08 3.442531037238165283e+11 5.732965830792800029e-04 inf 0.000000000000000000e+00 -2.000000000000000000e+01
1.336030161978878894e+01 2.055431018429044521e+00 1.526377895611682369e-08 1.684556991064510276e-07 -1.254894727040890245e+01 8.191621823725756338e-05 1.510961656101525128e+08 1.000987299527919192e-02 inf 0.000000000000000000e+00 -2.000000000000000000e+01
0.000000000000000000e+00 1.308548112345398915e-03 5.611350660498676383e-07 1.123596344178109498e-09 -7.680477273798524496e-05 -1.226230296038150369e+00 1.545835374420566706e-13 3.777459533129530323e-12 inf 0.000000000000000000e+00 -9.000000000000000000e+01
3.913704675577847625e-02 4.309007633593652863e+05 6.535886808215005672e+00 -2.574904580156177417e+03 -1.410847060554911080e-05 4.348245570228759948e-06 2.117963432063952255e+10 2.283631390290785310e-03 inf 0.000000000000000000e+00 -2.000000000000000000e+01
2.234852805162836683e-09 1.310755495541752330e-02 1.886398858568990797e-02 5.715360698423953778e+00 0.000000000000000000e+00 1.220339036931776633e+02 0.000000000000000000e+00 1.361312829036947733e-08 inf 0.000000000000000000e+00 -2.000000000000000000e+01
8.132474528107752620e-01 1.243537110382614053e+00 1.441470352865659721e-01 6.604170013949184615e-09 -9.208198672037348764e-01 -5.141961407983473009e-01 0.000000000000000000e+00 2.763547373865546251e+04 inf 0.000000000000000000e+00 -3.000000000000000000e+01
1.272167535981852282e+00 3.434071876270030632e-01 2.357990027346059682e-05 9.812747028750582414e-10 4.497463451592284001e-01 -6.536443628127615313e-02 6.105709262333694897e-09 2.595065679226784550e-01 inf 0.000000000000000000e+00 -1.000000000000000000e+01
2.258136358915935488e-13 1.976399891203444731e-15 6.765221687676102960e-08 2.277498920415663708e+00 -8.189478885081598139e-07 5.411886950409432442e-15 5.134288984482548268e-12 8.887167296015488911e-16 inf 0.000000000000000000e+00 -2.000000000000000000e+01
2.055875607612756798e-04 2.954011069134564876e-02 1.253429062239395213e-05 2.270331651387263783e+00 -2.886288107942615224e-03 1.034139256286306176e-09 2.342671410035196211e-12 0.000000000000000000e+00 inf 0.000000000000000000e+00 -2.000000000000000000e+01
4.310921573911915565e-06 7.705106080033398142e-01 1.189766221374046040e+02 2.117375381120288960e-02 -1.142801765267175895e+01 3.776138689269433656e-08 3.168540531297710800e+10 0.000000000000000000e+00 inf 0.000000000000000000e+00 -2.000000000000000000e+01
-4.456488549618321849e+04 3.309832274458791163e-02 1.939653440286185498e-03 1.987428155564170337e-02 -4.884303435114505021e+01 8.121701597257426943e-04 2.639574961832061708e+08 1.102224266057023842e-07 inf 0.000000000000000000e+00 -2.000000000000000000e+01
4.986423431063869427e-01 8.187997311858792315e-01 1.610547836375494576e-02 4.149027613430554371e-07 1.849276129784251625e-09 2.101110137570601435e-08 0.000000000000000000e+00 1.006592397734684110e-03 inf 0.000000000000000000e+00 -9.000000000000000000e+01
1.242790514982811316e-09 1.118041102341454929e+00 1.482080695140134373e-02 6.621463181709726434e-03 -1.343452614910296827e-01 -1.036892957816672005e-02 1.189045728800640182e-02 2.729592535013318036e-05 inf 0.000000000000000000e+00 -9.000000000000000000e+01
2.476431949048929322e-05 9.281115617066302281e-01 0.000000000000000000e+00 4.907424779766685107e-04 1.361767966541479469e-01 -4.454439179848665997e-01 8.344318519354396169e-02 2.010081189792434220e-01 inf 0.000000000000000000e+00 -1.000000000000000000e+01
2.778059823174510237e-02 2.824392316186807287e-10 2.031876263286628565e-10 3.846653714209644128e-11 -9.813170992492608047e-01 -2.762677236322665692e-08 -3.406132823102895773e-09 1.595446103976339364e-06 inf 0.000000000000000000e+00 -9.000000000000000000e+01
7.936453354891063191e-09 1.815027290445777153e+00 -3.930096231159462694e-07 1.297112228571649199e-02 1.272492800476946882e-08 6.040172786237586466e-01 -1.450021064348364804e-06 5.942191996928813686e-04 inf 0.000000000000000000e+00 -9.000000000000000000e+01
3.965674608035852602e-08 3.746979317151522590e-08 -1.574606094367176879e-07 7.586624786143996400e-03 -5.283501312022902408e-01 -5.694746061135795741e-03 3.943057460639313838e+00 4.169790212861227412e-08 inf 0.000000000000000000e+00 -3.000000000000000000e+01
1.041214256443047770e+00 4.671684223052038039e-06 0.000000000000000000e+00 4.481342658584332593e-08 -9.855873888295438407e-06 9.365760991578284123e-02 -3.303257732874017993e-08 0.000000000000000000e+00 inf 0.000000000000000000e+00 -9.000000000000000000e+01
3.288090067360623899e-09 9.600645141976005270e-01 8.393282540367908983e-10 1.833413523887030605e+00 -3.288090067360623899e-09 0.000000000000000000e+00 0.000000000000000000e+00 -3.544214977870820172e-07 inf 0.000000000000000000e+00 -9.000000000000000000e+01
5.018000997354168111e-04 1.436901179709336063e+00 1.278795548285008021e-01 1.137564931979383838e-03 -6.993849107711461066e+00 1.657485393772200410e-07 1.895565244458061934e+05 7.570245788863415844e-09 inf 0.000000000000000000e+00 -3.000000000000000000e+01
1.130117185399959139e-10 1.807234685229956536e-12 8.484164207108197497e-11 2.277450487713967409e+00 -7.534046413213930709e-04 0.000000000000000000e+00 3.637585403797639783e-09 4.867623507496158516e-12 inf 0.000000000000000000e+00 -2.000000000000000000e+01
-9.001520753816796283e-01 3.907355863800031795e-08 2.874126871123569224e-02 1.026409898550456031e-05 -2.224390743342975069e-02 -1.245964574449845257e-02 4.301007387391825552e-08 0.000000000000000000e+00 inf 0.000000000000000000e+00 -1.000000000000000000e+01
1.119305596875031379e-04 6.116406070165308906e-02 6.028778476036865674e-01 1.615151814975458011e+00 -1.572418986435680524e-06 3.542756246989778416e-05 -1.357983021342464203e-09 -4.546109314524926741e-06 inf 0.000000000000000000e+00 -9.000000000000000000e+01
1.214893260519928075e+00 0.000000000000000000e+00 1.372395193232005810e-05 3.355652755871575688e-02 2.072176811290038501e-01 9.179200965625833826e-06 9.233020384968266344e-05 2.236636025190028509e-08 inf 0.000000000000000000e+00 -9.000000000000000000e+01
9.300947395856230926e-07 1.084779585490764253e+00 6.295977730261114076e-03 3.154672493294316277e-03 -6.332737685161789242e-04 -1.300366695540979278e-01 0.000000000000000000e+00 -8.746154042419193377e-06 inf 0.000000000000000000e+00 -9.000000000000000000e+01
4.312876874889538803e-02 7.867224431705119869e-01 3.947037513517586138e-01 9.182903602877648952e-01 -1.312322846756272254e-01 -7.301917147240665136e-09 3.225846958883718816e-10 -2.586279037795269277e-06 inf 0.000000000000000000e+00 -9.000000000000000000e+01
2.430062307547799227e-01 4.148242390414786800e-05 0.000000000000000000e+00 9.888687707471864769e-10 -7.642834487063262516e-01 1.267953334428670556e-05 1.599617053850984809e-06 -1.482825441738776184e-07 inf 0.000000000000000000e+00 -8.000000000000000000e+01
4.588818732073875140e+00 1.366570992356017791e+07 2.316118196659088663e-02 1.438740458004323773e+04 6.412213740409242746e+03 2.947508833768134329e-01 3.442531038752441406e+11 5.197889022205215773e-03 inf 0.000000000000000000e+00 -2.000000000000000000e+01
4.596892133394381852e-01 4.877103922389872635e-03 8.155302824176344529e+02 6.942631329035959808e-01 -3.019193351809643211e+00 -3.333957759446202081e-06 7.206110809010926459e+03 1.847387849390103476e-05 inf 0.000000000000000000e+00 -2.000000000000000000e+01
3.715906958345770086e-04 0.000000000000000000e+00 2.719511532851479178e-09 4.615431694632731591e-02 -1.000597405553966146e+00 1.182725015677183862e-07 2.982012646061081460e-09 1.935368207471755366e-05 inf 0.000000000000000000e+00 -9.000000000000000000e+01
5.621159598614445807e-01 4.365949202807336005e-01 1.455316400935778749e-02 2.095655617347521371e+00 -3.616972890997614213e-03 4.404949306548834774e-10 7.633438305994780407e-08 4.692965222746258435e-10 inf 0.000000000000000000e+00 -2.000000000000000000e+01
