4.051491286554371185e-01 3.637134223156764795e-02 4.642333765843550258e-03 2.831992105817327928e-08 -6.408722580549641723e-01 1.639012384106086351e-01 -1.706537238881992713e-01 5.762774633930609751e-09 3.810137640847330204e+03 0.000000000000000000e+00 0.000000000000000000e+00
4.234910345926700126e-01 1.037755523634702019e-02 1.241411443399611196e-08 8.280348951649712033e-03 -5.843250613915256242e-01 9.130079084242587878e-03 -1.864434466460429356e-04 -5.434623429993853317e-08 5.537937453704191284e+03 0.000000000000000000e+00 0.000000000000000000e+00
3.869797228287263913e-01 3.048931149559662157e-01 6.031289082912993753e-03 1.660037838542506894e-08 -4.876335396250869869e-01 -5.879300678171378377e-10 -7.604720708775778371e-06 6.276107968524740341e-09 8.547029521989381465e+03 0.000000000000000000e+00 0.000000000000000000e+00
3.835811512861218575e-01 4.394671468377422952e-01 2.245065073429353174e-04 0.000000000000000000e+00 -4.166046941120793989e-01 2.183046701235171990e-04 5.886900173119526737e-07 -6.065396800590904360e-04 1.913486170808552197e+04 0.000000000000000000e+00 0.000000000000000000e+00
5.467234885866399940e-01 4.797126329816626678e-01 0.000000000000000000e+00 1.223214030884505754e-01 -2.292196727440095616e-01 2.664753392241020701e-10 1.450259838751247021e-09 1.636495391814931895e-09 2.856673035323962904e+04 0.000000000000000000e+00 0.000000000000000000e+00
7.027329416686101116e-01 2.702819006417731540e-01 6.337644566772611121e-01 1.752063101883800163e-04 -1.116077848339735584e-01 4.739273138806999011e-10 -4.205679574641383450e-02 3.416443053909221229e-09 3.836705244618176221e+04 0.000000000000000000e+00 0.000000000000000000e+00
5.693433354064041385e-01 3.856531714492703600e-01 5.588169152614457050e-05 -7.773065514772768335e-08 -2.577432667042505177e-01 -8.625503444976668002e-03 1.037555205142972714e-08 5.024656296888629090e-05 5.221804608856388222e+04 0.000000000000000000e+00 0.000000000000000000e+00
6.026778506601910834e-01 1.148816987485638243e-08 1.729350950079497600e-04 1.811427800699118724e-09 -4.050464775540894569e-01 4.683470269413214744e-10 -5.804313271675661776e-05 -4.595678491647725420e-04 5.917474611959489266e+04 0.000000000000000000e+00 0.000000000000000000e+00
5.811989080784989437e-01 5.785749852429301621e-01 3.062898207412972493e-06 4.410423276605689883e-08 -1.613712543874838978e-01 1.771147914008969898e-02 1.239803539806278859e-01 -1.997890464704671034e-05 9.775368205743082217e+04 0.000000000000000000e+00 0.000000000000000000e+00
3.036254764170630005e-01 4.005272242097426272e-01 9.793536643580158518e-01 4.667434185347404257e-02 -1.288793245642639584e-01 3.452124765114213296e-03 -4.447361576578816392e-09 1.644176098007926326e-08 1.063823467558999400e+05 0.000000000000000000e+00 0.000000000000000000e+00
6.868126998377125370e-01 1.843989982147526698e-04 2.134334057319901131e-08 -7.826925354275926505e-03 -3.209039395253129867e-01 9.172178149542101373e-05 4.347976702562072113e-07 1.607310996034966616e-09 1.207575983543075708e+05 0.000000000000000000e+00 0.000000000000000000e+00
6.543876774790086115e-01 1.130566523522585492e-08 7.631559191614344616e-03 2.837754534357566846e-02 -3.663148411974885277e-01 3.645366138130346628e-02 -1.306030447973290708e-05 2.134509596410641292e-06 inf 0.000000000000000000e+00 -9.000000000000000000e+01
2.631748120097749943e-01 7.239682554203918929e-01 3.351916017221971966e+00 1.149014578607659293e-02 -1.176590928494243116e+01 1.755096669770430708e+03 -7.230486679896566076e-07 3.562835902659408898e-03 inf 0.000000000000000000e+00 -2.000000000000000000e+01
3.440762845392889360e-03 3.039502051592141152e-01 9.963673817081381001e-03 1.339862128865107138e+00 -6.341634865793452324e-06 -7.722816437208603058e-02 -6.203065411412532759e-01 3.766639761851142735e-10 inf 0.000000000000000000e+00 -9.000000000000000000e+01
4.477278148788143852e+01 2.723938454157821809e+01 3.629758641183351464e-06 2.717175572478533286e+04 9.602717770731646670e-04 7.380304122027262449e+08 -1.408933683185080277e+00 -1.057013358762851340e+03 inf 0.000000000000000000e+00 -2.000000000000000000e+01
-6.291984732824428647e+03 1.532612866117754463e-02 1.164327140982824638e+00 -9.629591048218823148e-06 -2.097745706106870855e+01 -6.873443836474237845e-01 7.129466482829161828e-08 0.000000000000000000e+00 inf 0.000000000000000000e+00 -2.000000000000000000e+01
6.576364530155655030e-01 6.487150282653544320e-01 2.580840731311085864e-02 1.097753436061138944e-03 3.024033788752606069e-06 7.288485398610010380e-03 9.298174631815690091e-08 -5.882766695161822068e-07 inf 0.000000000000000000e+00 -9.000000000000000000e+01
5.965123676497262606e-01 4.456506541832416652e-09 3.533388448232561356e-04 8.937299222857381256e-09 -4.164177867062979210e-01 1.706212800227615081e-02 -5.719385779844872879e-09 -1.316075783817360345e-01 inf 0.000000000000000000e+00 -9.000000000000000000e+01
5.057785940163190830e+00 2.796817945290258620e-09 7.525648286998129704e-09 3.440822077429462913e-09 4.445468523566621709e-08 1.639983386664852980e-02 4.240447732232819544e+04 2.870418417534739240e-09 inf 0.000000000000000000e+00 -2.000000000000000000e+01
1.122605110165141751e+00 3.057317332193486366e-09 8.388310556246991343e-04 8.717198772115685168e-01 1.169380323088689416e-01 1.292033393300679917e-10 -8.132508610571340113e-02 1.262930748935784608e+00 inf 0.000000000000000000e+00 -1.000000000000000000e+01
9.252381336668679124e-01 2.019458231921240216e-02 1.202449558928925466e+00 9.304430112717074991e-07 -6.890909008644900517e-04 5.801020338910247760e-05 -2.510651114363233049e-08 2.570505943339080446e+00 inf 0.000000000000000000e+00 -3.000000000000000000e+01
9.911988932312848499e-01 3.808751960261390104e-07 7.222814598215900147e-07 1.390316819185322475e-02 -1.383850229328646535e-02 -8.859228103646008684e-03 4.344740059954132463e-05 -5.157105410699045454e-03 inf 0.000000000000000000e+00 -9.000000000000000000e+01
1.988669904796434851e-01 4.436639492764528070e-01 1.160106751486758227e-05 2.228092080066767178e+00 -5.882944878071025840e-01 5.042062011747494853e-10 0.000000000000000000e+00 1.000686969293144601e+00 inf 0.000000000000000000e+00 -2.000000000000000000e+01
3.871546897783985641e-01 3.050309677041928014e-01 3.771260023636447962e-04 4.813372693834840427e-08 -4.878540156551032236e-01 -3.764453704863567751e-08 -7.608159066671631709e-06 4.898597361688756476e-10 inf 0.000000000000000000e+00 -9.000000000000000000e+01
2.460198586865190162e-01 6.430618088439705726e-01 6.937272846922833969e-01 1.247150174727700428e-01 -2.309176495394257844e-01 -1.650281725347689521e-02 2.177641125403445566e-01 8.720307862353843253e-02 inf 0.000000000000000000e+00 -9.000000000000000000e+01
7.324351789881897723e-01 1.414254918778008741e-01 1.264804460667010141e-04 6.007950146507443448e-10 -2.188373400635444943e-01 8.754969813495154188e-08 2.783539012287856735e-03 7.172071271215230040e-05 inf 0.000000000000000000e+00 -9.000000000000000000e+01
1.747421463848469469e-01 1.008546367369981711e+00 1.960369559626716496e-03 7.817859328149917098e-04 -1.163939902390416642e-01 2.524271044398859124e-05 -8.325146930626033567e-09 3.077781592534473316e-08 inf 0.000000000000000000e+00 -9.000000000000000000e+01
7.396466380918505429e-05 0.000000000000000000e+00 1.408853505064514566e+00 6.714357898476989994e-02 -4.033261353548808215e-01 3.780501330773760724e-09 2.575726181406298961e-09 2.908077946749046934e-09 inf 0.000000000000000000e+00 -9.000000000000000000e+01
6.432251908405670292e+03 3.710005233311042738e-05 2.945610687026895448e+03 2.111642415289794253e-03 -1.056269095600628786e-05 3.442531038783294678e+11 -4.132872137410184905e+02 2.564885496186684577e+03 inf 0.000000000000000000e+00 -2.000000000000000000e+01
2.366095789642748892e-04 1.815087181095807354e-03 2.102043821154763598e-02 2.518703566029524411e-05 -1.020044422686680052e+00 4.259404584971494823e-02 0.000000000000000000e+00 4.030761862054778535e-09 inf 0.000000000000000000e+00 -9.000000000000000000e+01
6.415284028600444222e-01 6.390983710310291221e-02 1.409015037576021576e-06 2.223965129914820427e+00 3.555851066251164410e-09 1.400115995233436198e-04 1.419443602821238778e-09 -9.699956153418085259e-06 inf 0.000000000000000000e+00 -2.000000000000000000e+01
5.629897220919140022e-01 -2.766259359313586050e-08 3.344858472383658264e-03 0.000000000000000000e+00 -4.449978641684589342e-01 0.000000000000000000e+00 1.566201447436337685e-02 -6.040059393700673851e-02 inf 0.000000000000000000e+00 -9.000000000000000000e+01
6.175458267305179445e-05 1.009749003539504646e-09 8.150995492619090111e-08 1.191512419541021321e-02 -1.007526926378374155e+00 3.483852279088284034e-07 2.285325839052081380e-08 -3.055036277899483404e-09 inf 0.000000000000000000e+00 -9.000000000000000000e+01
2.785878187543211482e-01 2.201300469501357160e-01 4.310118917203124150e-03 2.046022013146489460e+00 -9.334975434980858910e-01 -1.952398237991348831e-02 1.318222754184381174e+01 3.139821727763865335e-03 inf 0.000000000000000000e+00 -2.000000000000000000e+01
3.510628023227550755e-04 3.084952418231294802e-05 9.856542548048142713e-03 2.447485263979527723e-07 -1.006959079691278625e+00 1.233980967292517921e-04 7.533023346843859100e-05 9.867008817093038290e-09 inf 0.000000000000000000e+00 -9.000000000000000000e+01
8.233306485998933555e-01 5.514428054734242524e-02 2.052966275932188220e-07 4.696511891516101347e-08 -1.627788388349359350e-01 3.925712485489283796e-03 0.000000000000000000e+00 8.975690048982539956e-03 inf 0.000000000000000000e+00 -9.000000000000000000e+01
1.799881139834596522e-01 2.525707754447983981e-08 2.789815766743624845e-02 2.607256393988972576e-01 -6.746983015608545298e-01 -3.373491507804272649e-01 7.119172722738627626e-03 3.711564327313076132e-06 inf 0.000000000000000000e+00 -9.000000000000000000e+01
5.536896024955334505e-01 0.000000000000000000e+00 1.972630676957468964e-06 1.062604761053500824e-01 -4.540506990851754798e-01 -2.825192032949818923e-05 -5.872704354487078005e-03 3.627264869024309164e-09 inf 0.000000000000000000e+00 -9.000000000000000000e+01
7.465649018278681659e-01 2.855712739232282305e-01 5.698676760878706310e-02 6.170379311555467677e-02 -1.330966115963617413e-01 0.000000000000000000e+00 9.872397117344879461e-08 1.434230728409070516e-04 inf 0.000000000000000000e+00 -9.000000000000000000e+01
9.831438823912782565e-01 1.053496530103737719e-03 3.280334160118759113e-01 5.435885658572172429e-07 5.880971598401572171e-06 5.326295786732775095e-10 -1.329348245645794457e-01 4.489051967413576014e-09 inf 0.000000000000000000e+00 -9.000000000000000000e+01
1.495879601607727309e-02 1.684725358139748228e-07 1.357300279207704075e-01 -2.849294479252813955e-02 -1.130600049367516569e+01 1.485363114711576145e+03 -1.007924970697140843e+01 -7.495587181216210176e-03 inf 0.000000000000000000e+00 -3.000000000000000000e+01
2.754669970047894934e-01 1.352416372024685529e-08 3.262109175056717835e-03 5.516136000877158198e-03 -7.336121078127552098e-01 5.225490574815827298e-10 2.437520466917381112e-02 -8.654358651273519017e-05 inf 0.000000000000000000e+00 -9.000000000000000000e+01
6.432251908396957333e+03 5.526151001908405647e+01 7.184869289853202844e-07 9.515194492485702371e-01 -3.869751937516779320e-03 3.442531038778631592e+11 0.000000000000000000e+00 3.541902731393135717e+00 inf 0.000000000000000000e+00 -2.000000000000000000e+01
3.932385755247179079e-03 9.682010382237372405e-05 1.538847144841239523e+00 4.403661901758025936e-10 -2.866537090946175668e-03 3.116138491078000387e-06 0.000000000000000000e+00 3.313321528376504567e-08 inf 0.000000000000000000e+00 -9.000000000000000000e+01
9.286356330702125739e-01 8.222244949018854872e-07 2.627715753973571173e-08 1.126092893996720967e+00 -7.697900642555709216e-02 7.064535147877948988e-10 2.336862695061554633e-03 -1.484595123921458176e-02 inf 0.000000000000000000e+00 -9.000000000000000000e+01
4.993897988344590116e-02 2.390015637688978345e-01 5.767786815677460321e-01 1.171195854926554647e+00 3.439505899257200988e-02 2.487302943974057604e-03 -2.293003932838134085e-01 2.590491996596942862e-06 inf 0.000000000000000000e+00 -9.000000000000000000e+01
4.444032876113934716e-01 6.253824017495079907e-10 9.941939242739700051e-08 0.000000000000000000e+00 -5.501203692458218608e-01 0.000000000000000000e+00 -2.642927040860710286e-01 3.442804875795681886e-06 inf 0.000000000000000000e+00 -9.000000000000000000e+01
8.532654247339857001e-01 9.533947555397973482e-07 1.989162817958233312e-02 1.632333856012842199e+00 -1.503465393696038765e-01 5.273522932177376594e-10 1.011061638031248814e-09 3.009152197172485182e-06 inf 0.000000000000000000e+00 -8.000000000000000000e+01
5.056641967118384873e-01 4.520990223096356614e-10 9.708752576867297757e-01 0.000000000000000000e+00 -4.422263247607168823e-01 0.000000000000000000e+00 1.821540344973326953e-02 0.000000000000000000e+00 inf 0.000000000000000000e+00 -9.000000000000000000e+01
2.637164283344764319e-03 5.598599446638851083e-08 1.176452363720377226e-04 4.578021422511977032e-08 -4.613245944030413171e-05 4.747145780795859226e-07 -2.332749769432854730e-06 0.000000000000000000e+00 inf 0.000000000000000000e+00 -9.000000000000000000e+01
9.982253472457847110e-01 2.538379406292896184e-02 2.299689550599503596e-05 0.000000000000000000e+00 -1.702571752184532490e-09 3.942324943884863018e-05 0.000000000000000000e+00 2.036867887673846062e-05 inf 0.000000000000000000e+00 -9.000000000000000000e+01
8.227608837323170388e-01 2.134704656965054070e-01 6.224195810740932450e-02 2.100666086125064780e+00 -1.744476755549460509e-02 1.536134527853081946e-09 -1.243015667281758413e-02 4.247846724568824544e-07 inf 0.000000000000000000e+00 -2.000000000000000000e+01
9.998739379213555933e-01 3.489922079142585152e-09 5.039805423007958859e-05 1.172900171172761297e-05 -6.553579706427804189e-04 6.957472862906050811e-09 4.351216951238671590e-09 3.724820680623336112e-09 inf 0.000000000000000000e+00 -9.000000000000000000e+01
1.102112825481216474e+00 1.088109331476132258e-02 1.469736082515587378e-02 4.851030902046276042e-07 -2.131558871260374577e+00 2.613985547615705896e-01 4.224878868224199323e+03 -2.462596423236417476e+00 inf 0.000000000000000000e+00 -3.000000000000000000e+01
2.754592292685382592e-03 6.916665153004951661e-01 6.480811608149876328e-05 4.718002732946582369e-10 -5.390135539158156242e-01 -2.034809938811271007e-02 -2.120930525433158964e-01 1.127166501374708349e-02 inf 0.000000000000000000e+00 -9.000000000000000000e+01
4.653371543681199540e-01 2.213620830937338899e-02 1.386203420038052858e+00 1.266643999636080974e-09 3.059692254300408038e-06 -6.708973902994704204e-03 3.292494925823265223e-05 -3.780183265139147944e-03 inf 0.000000000000000000e+00 -9.000000000000000000e+01
2.973346870525824248e-01 3.317940050884777281e-01 3.298249012007122699e-02 2.271065725580536673e-08 -5.434726730232631864e-01 -4.332028553083982353e-02 4.394248101588387199e-07 1.043625060515686709e+00 inf 0.000000000000000000e+00 -1.000000000000000000e+01
3.394945243192615814e-01 3.047734934229734752e-02 3.882004148821101806e-03 3.403234861063057556e-09 -5.987448883448794890e-01 5.364881510016740592e-04 -8.785706780868163257e-01 -2.443331803812867631e-02 inf 0.000000000000000000e+00 -9.000000000000000000e+01
3.921532084923805428e+01 1.131383638174975009e-06 7.656184771589016336e-01 2.905925721612700130e+00 -2.142192366412290931e+07 3.442531038778750000e+11 7.607263463144358084e-01 7.107287690839950756e+01 inf 0.000000000000000000e+00 -2.000000000000000000e+01
3.192325666529775841e-02 2.087923447860767060e-05 2.167828737460089631e-10 2.276799648807657395e+00 -2.438786616785028403e-04 -1.409204530925311193e-06 -5.073991857668478771e-13 4.210358027091133816e-05 inf 0.000000000000000000e+00 -2.000000000000000000e+01
9.893876917296806628e-01 9.489795310526020350e-03 7.305534050560094222e-07 2.998818964488222759e-07 -1.478571333865828438e-02 0.000000000000000000e+00 -2.050781118643160998e-05 3.463009982268568207e-04 inf 0.000000000000000000e+00 -9.000000000000000000e+01
6.191761104284309453e-02 0.000000000000000000e+00 1.521807748216493339e+00 1.132998110812480537e-02 0.000000000000000000e+00 1.197740860001765204e-02 -5.904923538479146435e-08 1.150674263677019935e-09 inf 0.000000000000000000e+00 -9.000000000000000000e+01
5.537332673367847402e-01 1.672049238547954932e-03 2.414085463765977096e-05 2.357505335708962091e-09 -4.535339141996522772e-01 9.334463793228445043e-05 -3.819619667114168061e-04 4.567666587936113870e-10 inf 0.000000000000000000e+00 -9.000000000000000000e+01
5.664443854729040995e-01 1.399063908064003417e-03 4.253154280514570215e-03 3.636705198561446806e-01 -4.397107194624294557e-01 8.528908824159406115e-05 -3.678428243858182571e-08 1.140775186575264312e-04 inf 0.000000000000000000e+00 -9.000000000000000000e+01
8.469006980300733956e-01 1.074794809090154566e-06 1.268703380317425244e+00 5.650981980107037429e-03 -2.284850345031888856e-04 0.000000000000000000e+00 -1.151004674939383346e-07 -9.783021195629496361e-03 inf 0.000000000000000000e+00 -9.000000000000000000e+01
7.715624735320190108e-01 9.596068816203069399e-08 1.169494300432390999e+00 1.285511105566826255e-07 -4.822265459575118818e-02 2.301967271549146266e-03 -9.753696377388650779e-03 0.000000000000000000e+00 inf 0.000000000000000000e+00 -9.000000000000000000e+01
4.025984897712941014e-05 2.298407660071328240e-01 1.336323264071210826e+00 1.010916757149675590e-08 -1.164823817037775270e-03 0.000000000000000000e+00 -1.675320788070313789e-06 -6.166745002002011017e-06 inf 0.000000000000000000e+00 -9.000000000000000000e+01
1.908427707569796683e-01 1.489034224205988543e-08 1.293489890686195576e+00 0.000000000000000000e+00 -3.710831653607938319e-01 -8.780092751840211374e-02 1.184907870720945743e-08 7.381186096011011549e-06 inf 0.000000000000000000e+00 -9.000000000000000000e+01
1.362222814723515821e-03 1.828056388705153523e+00 1.318174861428228396e-09 8.407013056265305595e-01 -2.089986856340518884e+01 7.627415217541837592e+03 0.000000000000000000e+00 0.000000000000000000e+00 inf 0.000000000000000000e+00 -3.000000000000000000e+01
1.053253849527037822e+00 8.064455050754580547e-04 2.266852278286548075e-02 3.786091552364184883e-03 -4.578529319138084468e-03 4.221081854264377774e-07 -7.347809153719472579e-07 4.039249004256220132e+01 inf 0.000000000000000000e+00 -3.000000000000000000e+01
2.623645092894868417e-04 1.689545769938135362e-04 2.672238675160158727e-02 2.232920023527471542e+00 -5.359586279259945468e-05 6.729598619596487662e-03 4.575986053162788633e-07 2.240817501519158162e-04 inf 0.000000000000000000e+00 -2.000000000000000000e+01
6.988529761725863487e-01 1.224261869751352679e-04 4.438329427622390577e-01 1.755714845402006397e+00 -7.932259058291160571e-06 3.532100259918328328e-04 9.213767892000935952e-07 0.000000000000000000e+00 inf 0.000000000000000000e+00 -9.000000000000000000e+01
4.262170844749297305e-01 3.890058382842639646e-06 1.916281056193649690e-01 3.170837477754056936e-03 -5.731884929145606433e-01 0.000000000000000000e+00 5.811729973153675552e-03 2.032361433386467602e-07 inf 0.000000000000000000e+00 -9.000000000000000000e+01
6.285123269532939698e-09 2.125944973378636211e-03 -8.574367910208756133e-05 5.540744086868070253e-03 -1.003446027434716115e+00 4.321022247803895784e-09 -2.723866997141377632e-04 2.458294182035061223e-08 inf 0.000000000000000000e+00 -9.000000000000000000e+01
6.382346158262101779e-05 2.726832465077802439e-09 2.071815566059113598e-08 8.786646871036750406e-02 -3.033269107511825727e-03 -1.229931290915092544e-06 -1.731187284343108423e+00 6.002998413270286271e-01 inf 0.000000000000000000e+00 -1.000000000000000000e+01
0.000000000000000000e+00 6.977153773881357963e-10 1.529711052148367889e+00 0.000000000000000000e+00 -1.735652845815127020e-05 1.059358426400834363e-09 3.717252188639617726e-08 6.418923024609392930e-06 inf 0.000000000000000000e+00 -9.000000000000000000e+01
4.351168199931224612e-01 8.591242743693991990e-01 8.193247550672523489e-07 1.495400111955990133e-08 -4.870744405986010393e-05 5.019465975319597519e-03 -8.748625423265972423e-02 -1.522107626870628248e-06 inf 0.000000000000000000e+00 -9.000000000000000000e+01
3.580529679071743354e-01 5.336366348616540245e-01 7.665647224575172086e-03 7.584956201158590990e-03 -3.795705741515958964e-01 -1.117906886917212578e-04 2.454286295731368477e-07 -1.704194414558185544e-01 inf 0.000000000000000000e+00 -9.000000000000000000e+01
2.817437646712575919e-02 3.387450576599248132e-03 1.582064169576369528e+00 -1.308150885558100607e-01 -6.017195277751689521e-10 5.857041791271606333e-10 2.752903354566315231e-04 -1.190150891986390304e-06 inf 0.000000000000000000e+00 -9.000000000000000000e+01
-5.229444375924926135e+03 0.000000000000000000e+00 7.858163094060634322e-04 4.627497885634597630e+00 -1.020593191182666430e+02 -8.254653997894696379e-03 7.762623117233149962e-05 3.778680724133924999e-07 inf 0.000000000000000000e+00 -2.000000000000000000e+01
1.100729440004715398e+00 5.197399809160042849e+01 2.058608659351041226e+01 3.013912702107095221e-06 8.010650381678985357e+08 9.882104305820111900e-01 1.041339497074773472e-05 -9.580749045801043451e+01 inf 0.000000000000000000e+00 -2.000000000000000000e+01
1.006826779955114048e+00 3.000081957838055544e-05 5.420087645882649800e-05 9.977311840447526670e-03 -2.244895164100693761e-03 0.000000000000000000e+00 1.715796285182267042e-11 -8.695479239579711657e-07 inf 0.000000000000000000e+00 -9.000000000000000000e+01
2.669763593854643756e-03 3.098718415888843201e-03 6.594176901588658595e-10 2.300830435351349215e-05 -3.241169830668857473e-05 -1.222687702877660598e+00 2.727897074360542379e-13 3.078200797024328119e-13 inf 0.000000000000000000e+00 -9.000000000000000000e+01
7.093589724471716096e-01 7.060323234729365538e+01 3.776138689267582756e-08 9.267652671751185380e+02 -1.079556297709394812e+03 4.926767513039774327e-06 3.442531038776939697e+11 7.858940663224658375e-04 inf 0.000000000000000000e+00 -2.000000000000000000e+01
1.001923451997938752e+00 5.280412155690807224e-10 4.067355946689488232e-04 1.110416616494808509e-02 -3.071849246450802343e-04 -1.459318012387986023e-02 1.449002963052030660e-07 5.226161345872066295e-10 inf 0.000000000000000000e+00 -9.000000000000000000e+01
1.574128924313278055e-01 7.051303067901749655e-01 1.160733867691573183e-02 1.791626864013345921e+00 -3.823593917101653084e-01 2.863040088089509067e-03 1.154318744230305022e-09 -7.945130217354084284e-03 inf 0.000000000000000000e+00 -9.000000000000000000e+01
5.294174241454748797e-01 3.014512556963306125e-02 1.155365898309380847e-06 3.803724726873779085e-06 -7.405348018721979564e+00 -4.677061906561250648e-01 4.325280332974062185e+05 -9.581480989135895410e-01 inf 0.000000000000000000e+00 -3.000000000000000000e+01
3.885462385026641208e-01 8.205182330732730955e-01 5.356795567591877277e-02 5.466243035624798377e-09 -9.942212573450523450e-02 0.000000000000000000e+00 -3.068997460599512752e-05 4.239488679592367025e-07 inf 0.000000000000000000e+00 -9.000000000000000000e+01
4.017944203702543127e-01 8.572892883317598800e-01 2.588072277533000420e-07 1.100859175620649166e+00 -7.959922651465453495e-05 -4.590427446761684839e-10 -6.386667350940516833e-04 1.344334363241523258e-07 inf 0.000000000000000000e+00 -9.000000000000000000e+01
9.764469736778582654e-01 1.677969664894068957e-02 5.971422294996686685e-04 5.063766106157190777e-02 -2.490083097013618546e-02 6.904457028589919081e-05 0.000000000000000000e+00 -1.236084415064314136e-02 inf 0.000000000000000000e+00 -9.000000000000000000e+01
7.125488006854313909e-05 5.109421205778902846e-05 1.922619796372128931e-01 3.522450922158645614e-09 -9.959800912353978797e-01 2.033628332392924678e-09 -1.088108572860953353e-07 9.541690203563011903e-05 inf 0.000000000000000000e+00 -9.000000000000000000e+01
3.371478825353786957e-01 5.479422132902767202e-03 7.161316337065343207e-01 1.451950735006375393e+00 -1.455026901817829676e-01 7.233798517560232570e-04 -2.026059822235628854e-09 1.053771132158606783e-06 inf 0.000000000000000000e+00 -9.000000000000000000e+01
1.954403366615450333e-01 2.681794093288117700e-02 3.300581343408963750e-05 4.665586984213574567e-02 -7.876392515081814816e-01 -3.673690538750846307e-02 -4.888687149223131315e-04 8.155784334075772053e-05 inf 0.000000000000000000e+00 -9.000000000000000000e+01
2.816290932079679177e-01 1.436259481420843354e-03 1.207688370361322868e-07 2.950734736947006460e-09 -7.255860665288617062e-01 1.086266728800671082e-04 -5.003989150694959686e-04 1.519081957169014404e-09 inf 0.000000000000000000e+00 -9.000000000000000000e+01
8.398194275528815373e-06 9.475950600208625624e-11 5.444346633791094151e-05 2.277451282928509180e+00 2.815486586623644761e-06 4.133070260575127317e-13 6.942790878553114583e-13 3.362244026436718636e-09 inf 0.000000000000000000e+00 -2.000000000000000000e+01
2.130030353007727195e-01 8.283451372807827395e-01 2.188446712786666393e-05 3.697969362860637431e-05 -2.715788700084852403e-01 -9.281903100780199492e-03 0.000000000000000000e+00 -1.312779123815526220e-03 inf 0.000000000000000000e+00 -9.000000000000000000e+01
5.305781781143174003e-01 2.207994682094160686e-06 1.989668167928690112e-01 7.737598430833795282e-01 -4.602363741976465139e-01 -1.488482815022410324e-02 0.000000000000000000e+00 2.773476840143022648e-01 inf 0.000000000000000000e+00 -9.000000000000000000e+01
8.310821832119716923e-01 2.602642532691648873e-07 6.466085635974150314e-01 1.485773353854354583e-04 -1.412078995503178447e-01 8.840351455433408633e-04 -9.779406645486669753e-06 -3.485681963426315218e-09 inf 0.000000000000000000e+00 -9.000000000000000000e+01
1.000472271922530521e+00 5.764439847991142951e-02 4.269708077290844368e-05 1.512432692320387906e+00 -5.748601377804991359e-05 4.762990552365562597e-02 -1.496783138826818250e-05 -2.501180679806326301e-01 inf 0.000000000000000000e+00 -9.000000000000000000e+01
1.007398646781430873e+00 2.021167032088230786e-02 5.551301052488426418e-07 3.311192202189998813e-04 -3.433208677848734592e-05 1.941545300521118483e-02 -2.984618693809265911e-05 7.429041483726554949e-10 inf 0.000000000000000000e+00 -9.000000000000000000e+01
1.011446371480007711e+00 0.000000000000000000e+00 -1.504964769757218657e-09 6.880890267594130061e-10 9.154895714317751702e-09 1.034040937639778453e-02 -3.466202477044743166e-09 -7.976005321973693440e-02 inf 0.000000000000000000e+00 -9.000000000000000000e+01
1.000995005541041261e+00 3.678409814577506357e-09 3.928323422908155949e-02 1.670901455924476151e-03 4.380906595040080913e-06 4.715446766231479250e-10 -2.968066586197273260e-01 4.609232816212236905e+00 inf 0.000000000000000000e+00 -3.000000000000000000e+01
3.096199207193687797e-01 4.878416629697282165e-10 4.790226232441054111e-03 2.907381812918925501e+00 -9.603293278705667957e-01 3.310970021420592547e-07 1.461812084707839610e+01 -2.911923104547989727e-09 inf 0.000000000000000000e+00 -2.000000000000000000e+01
2.769314023180335371e-01 2.137091207598972586e-01 2.785388295223168662e-06 1.500416118668445320e-01 -6.411273622796918037e-01 -3.989219529158645407e-05 -8.292359112818930428e-03 5.121760108403882812e-09 inf 0.000000000000000000e+00 -9.000000000000000000e+01
3.786738238810235147e-04 8.518613324146403695e-03 5.163996604249990185e-02 3.244554966623636730e-07 -1.001630441090330725e+00 9.320538335797714661e-08 8.125494177283542154e-05 3.693875448212708811e-04 inf 0.000000000000000000e+00 -9.000000000000000000e+01
7.072074785044943912e-01 1.365542895486320518e-01 1.221240048389287487e-04 6.854122038822778983e-10 -2.462768590456030637e-01 1.207202806453778370e-04 2.687663922585466214e-03 1.033830074189102479e-08 inf 0.000000000000000000e+00 -9.000000000000000000e+01
1.464966855202888844e-06 1.330048073338241550e-02 3.629758641235183104e-06 1.615577290075295309e+02 9.602717770868770056e-04 7.380304122132650614e+08 -1.408933683205199294e+00 -1.057013358777945086e+03 inf 0.000000000000000000e+00 -2.000000000000000000e+01
-8.147486451483159726e+02 1.360256714615814470e-07 8.189597631013227630e-03 4.055596151436845709e+00 -1.587573639126744693e-03 7.892766671794895490e-06 -2.210625220094942875e-11 7.535101099026515281e-04 inf 0.000000000000000000e+00 -2.000000000000000000e+01
4.628070946438654354e-01 1.333252226291930242e-01 6.497689010894005524e-01 5.994355360009747887e-10 -3.351009427001939711e-01 -1.675504713500969856e-01 3.535864081940404222e-03 7.200838311833931219e-09 inf 0.000000000000000000e+00 -9.000000000000000000e+01
4.064897568430065888e-01 1.624988884754262619e-01 2.105209480547313161e-01 1.955807517411697560e+00 2.124259424577278278e-06 1.225890129601434678e-08 -9.919708266634229277e-02 2.153716611435500250e-01 inf 0.000000000000000000e+00 -9.000000000000000000e+01
8.343056702479531017e-01 6.467289211856397640e-04 1.279052272675850199e+00 4.746700764924658480e-10 -4.783223150428027894e-07 8.513827614030471294e-07 -2.423538428766628381e-08 0.000000000000000000e+00 inf 0.000000000000000000e+00 -9.000000000000000000e+01
2.038575723401239454e-03 4.361629789912346542e-08 6.693619070924416992e-01 2.235933489087040538e-01 -2.703919568198281942e-01 3.651597033414987532e-07 0.000000000000000000e+00 0.000000000000000000e+00 inf 0.000000000000000000e+00 -9.000000000000000000e+01
6.095982300940426590e+00 1.866635950146853375e-08 4.555029388575573129e-03 4.733622620048437035e+00 6.436572221163423535e-01 7.487188622155857630e-05 6.015293662484342349e+04 9.447070349720186009e-06 inf 0.000000000000000000e+00 -2.000000000000000000e+01
6.463741775119443409e-05 6.977079484997862920e-10 1.529694764629156101e+00 0.000000000000000000e+00 -1.735634365541332140e-05 6.779821740395828670e-08 7.656522827515978210e-09 5.771615490207655772e-10 inf 0.000000000000000000e+00 -9.000000000000000000e+01
1.225009357947276362e-01 2.802162078729549810e-01 4.315629297722514690e-01 1.911516238793279122e-05 -6.728185953741003811e-01 -7.267639615956318633e-02 -1.185322988266071563e-03 -1.329903125600254143e-02 inf 0.000000000000000000e+00 -9.000000000000000000e+01
6.243779623637708831e-02 7.765507136104580754e-09 1.514239467779853854e+00 6.744633993053529043e-03 -3.902362264773568019e-03 2.058726549132512337e-03 -1.637186924566666664e-04 6.703244367486500176e-10 inf 0.000000000000000000e+00 -9.000000000000000000e+01
1.640869574100116413e-01 3.660711482267581807e-01 9.572146018962367570e-06 2.135146256617743710e+00 -4.854071172522211874e-01 2.662560699763592455e-08 3.859871953064323595e-10 4.190289007412242017e-10 inf 0.000000000000000000e+00 -2.000000000000000000e+01
6.173917376623334619e-01 1.856615778560464624e-03 3.782136884985029014e-03 2.783162753906392450e-01 -3.910147671861445295e-01 7.584371157263753577e-05 -3.271059129833293127e-08 1.054465888451858513e+00 inf 0.000000000000000000e+00 -1.000000000000000000e+01
5.236370195809723072e-01 1.405349354022462222e-02 6.756306508211451564e-08 2.444922848778804253e-02 -4.794872316555177094e-01 3.710154728807239091e-10 1.227274264642903715e-03 -7.716587206447538330e-03 inf 0.000000000000000000e+00 -9.000000000000000000e+01
8.815319969587751547e-01 1.129531913396425585e-01 4.055981873021429720e-07 0.000000000000000000e+00 -6.617308088289832770e-09 -1.657015031877396849e-01 -2.261135095582698061e-03 6.946527396164949141e-09 inf 0.000000000000000000e+00 -9.000000000000000000e+01
9.001312089465474120e-02 3.858932704598340435e-07 9.556533209002596729e-01 0.000000000000000000e+00 -5.619510725012090147e-01 -2.357783814322239320e-04 -2.978438184162440654e-08 -1.012857921094993507e+00 inf 0.000000000000000000e+00 -8.000000000000000000e+01
3.738764014255770065e-04 1.180296794916038117e+00 1.164889439602656424e-01 8.793896398812816416e-08 -4.810239067121753178e-05 -1.384482107091574909e-09 -1.607212579298974466e-05 1.932922757496992883e-01 inf 0.000000000000000000e+00 -1.000000000000000000e+01
3.593449506294961182e-01 4.132535310579563877e-06 2.034526558711117761e-01 0.000000000000000000e+00 -6.394226327377798835e-01 0.000000000000000000e+00 0.000000000000000000e+00 -1.981681713030309516e-02 inf 0.000000000000000000e+00 -9.000000000000000000e+01
1.045418961739795538e+00 1.721720801917435983e-01 4.734517498211952098e-06 -5.032007739416966691e-02 1.421211667923217252e-08 3.553371619065211900e-02 -3.863033633798563377e-02 7.277305075845553972e+01 inf 0.000000000000000000e+00 -3.000000000000000000e+01
1.580619555691071820e-01 3.615606812406488846e-01 6.960526483777197404e-01 2.797503265615314608e-02 -5.665095165963107693e-01 1.581337057878527141e-05 3.332608844364896394e-04 2.263399298677579453e-07 inf 0.000000000000000000e+00 -9.000000000000000000e+01
7.689972528122085427e-01 9.422054796665977131e-03 3.606752111773608937e-08 6.700543923206082939e-06 -2.358468350496459309e-01 -1.641472961091633654e-05 2.710151733293429274e-10 2.641664144365436265e-10 inf 0.000000000000000000e+00 -8.000000000000000000e+01
2.321363619276753040e-02 0.000000000000000000e+00 2.797571374593680882e-01 3.569436899519529557e-06 -9.681697521631373871e-01 4.855191095189092329e-10 -4.308546357629346180e-02 0.000000000000000000e+00 inf 0.000000000000000000e+00 -9.000000000000000000e+01
7.628155293896637934e-01 2.933905882267937582e-01 1.226676166293060206e-02 5.804581034314583443e-02 -1.196325415786840124e-01 1.596575938087617039e-02 -3.260334527035356695e-04 -1.076439951287270880e+00 inf 0.000000000000000000e+00 -8.000000000000000000e+01
7.748036941383548148e-01 4.974420604390215606e-01 4.269579452468103822e-07 2.546681950045890774e-04 -2.640526443869836110e-05 1.497978932003871805e-02 -1.154655291657367212e-05 8.310944851710850362e-10 inf 0.000000000000000000e+00 -9.000000000000000000e+01
4.827970006822825400e-01 3.943638866959238432e-02 1.361391938557565018e+00 3.107109410331521104e-01 -4.216108461403695329e-01 -3.238564039230162894e-02 4.273470481286738565e-01 1.529653863547825871e-02 inf 0.000000000000000000e+00 -9.000000000000000000e+01
3.084151516853767538e-01 6.440621255378266326e-10 5.199061810235406785e-08 5.944124619486886550e-03 -6.942737555560684060e-01 -1.456310531774287174e-02 1.514368471205640250e-08 2.093877603823156935e-06 inf 0.000000000000000000e+00 -9.000000000000000000e+01
1.011058124295772820e-04 0.000000000000000000e+00 3.509201823239963686e-02 0.000000000000000000e+00 -9.799609563532222234e-01 0.000000000000000000e+00 -4.620812338676225650e-01 5.993978269509254823e-03 inf 0.000000000000000000e+00 -9.000000000000000000e+01
6.438268102600546161e-01 -6.433375801610728695e-02 7.110468586428355271e-07 0.000000000000000000e+00 -3.894271587895163367e-01 7.053168427421089896e-10 4.500916910632600521e-02 -1.168132414072765418e-04 inf 0.000000000000000000e+00 -1.000000000000000000e+01
1.415319389907803045e-02 1.593994906730357445e-07 1.284203221318941657e-01 -2.983811873961472044e-02 -9.881502649538115302e-01 0.000000000000000000e+00 1.366303999781125905e-02 -5.269154438617795061e-02 inf 0.000000000000000000e+00 -9.000000000000000000e+01
2.755839950727704268e-01 1.351389157879568620e-08 3.259521854072857609e-03 1.396585026822964037e+00 2.008268996727809388e-09 8.926157708933072016e-05 -9.815621179085927128e-01 3.403627030779236562e-01 inf 0.000000000000000000e+00 -8.000000000000000000e+01
0.000000000000000000e+00 9.958610497601476612e-08 7.566436335743767219e-07 1.463035406194713950e+00 -1.107774165188973453e-01 -3.979228914173881226e-05 -5.163723961719284120e-08 -3.528699267619957169e-04 inf 0.000000000000000000e+00 -9.000000000000000000e+01
1.298717650582450339e-02 8.358451698542658021e-06 7.531967994590760274e-01 2.434575513403073987e+00 -4.151364343609520230e-04 3.536553785338937984e-03 0.000000000000000000e+00 1.049910690155075654e+00 inf 0.000000000000000000e+00 -2.000000000000000000e+01
5.605665724939145056e-01 6.701025694180127168e-01 7.861028478566813374e-10 0.000000000000000000e+00 -7.973576246680680324e-02 6.180808651086883545e-10 3.890509005295789605e-10 3.330435729469146329e-10 inf 0.000000000000000000e+00 -9.000000000000000000e+01
8.015267175572381575e+01 4.657308563931217726e+00 3.085877862595366878e+03 9.515194492485523625e-01 -3.869751937516706462e-03 3.442531038778566895e+11 3.776138689269367481e-08 -3.185755605915975863e+01 inf 0.000000000000000000e+00 -2.000000000000000000e+01
1.006072353012278819e+00 8.618999908983697791e-03 5.350289721777072183e-07 1.895200548168574431e-02 -7.203462698035053338e-07 5.953108957021765362e-04 -3.706345952515960722e-07 6.127426776336870954e-08 inf 0.000000000000000000e+00 -9.000000000000000000e+01
1.007366606948656429e+00 5.309099079337282575e-10 4.089452693315596271e-04 3.013802712164705827e-02 -3.059940127166215092e-04 3.050407603405572797e-05 4.375279460451108453e-07 1.603638831498453205e-09 inf 0.000000000000000000e+00 -9.000000000000000000e+01
2.709030703571136400e-01 5.711458234243840248e-01 3.716359809953183324e-02 2.336371904657445243e-07 -4.508531243127414934e-01 1.882629640568388857e-02 0.000000000000000000e+00 4.386526592451915183e-09 inf 0.000000000000000000e+00 -9.000000000000000000e+01
1.006182511476476193e+00 1.335184364853157135e-05 1.725094043265845700e-02 1.737328752792553777e-01 -3.985838962997881210e-04 0.000000000000000000e+00 0.000000000000000000e+00 -1.932208917258134354e-07 inf 0.000000000000000000e+00 -9.000000000000000000e+01
3.805969186231223668e-04 1.201512910397506628e+00 1.185828604209564485e-01 8.951968777161139958e-08 -3.875590573784233633e-05 -2.664178430361856405e-04 -3.365486995970707037e-08 4.648258015699214818e-01 inf 0.000000000000000000e+00 -1.000000000000000000e+01
3.868676738224611222e-01 0.000000000000000000e+00 7.083758675948384002e-07 1.440554538160727871e+00 -3.383333656520068899e-01 3.380255937786094494e-10 -7.048025621274655039e-01 1.266490187518044448e-06 inf 0.000000000000000000e+00 -9.000000000000000000e+01
5.944450544517244639e-01 1.027005400263268691e-08 6.932500068900318904e-03 2.577813132416332045e-02 -3.607592268864632246e-01 -1.335347586087207161e-01 2.126864098808253084e-02 0.000000000000000000e+00 inf 0.000000000000000000e+00 -9.000000000000000000e+01
8.501966219624118581e-01 1.302150289370263177e-03 2.799921780469315940e-05 6.349649003017437808e-09 -1.569907431441384116e-01 5.506573597114404887e-10 1.025361980152337504e-09 3.577677830599681441e-06 inf 0.000000000000000000e+00 -9.000000000000000000e+01
2.816350684271698990e-01 1.436289954001409002e-03 3.091747823191197956e-05 2.950797341582981251e-09 -7.256014610172224488e-01 1.069577625320198124e-04 1.337694794850951522e-08 -9.253117589655274765e-10 inf 0.000000000000000000e+00 -9.000000000000000000e+01
3.807144985677015647e-01 5.172751339235075532e-03 -2.086275686625084329e-04 1.344915348201119673e-02 -6.103846580297389579e-01 1.051371220755076929e-08 -8.276402142776120852e-02 1.722566608085118040e-04 inf 0.000000000000000000e+00 -9.000000000000000000e+01
8.787588577890623753e-01 3.032336903638314096e-01 9.940186023406207688e-03 1.336703614665052609e+00 -5.835659125031383147e-06 1.902946118099554246e-02 -6.798826165085106448e-06 3.757760501128717944e-10 inf 0.000000000000000000e+00 -9.000000000000000000e+01
7.556524888920447269e-01 6.781661636648559547e-07 5.473878117455928550e-06 9.195097654307406998e-01 -2.505584568431516446e-01 3.204221337047373074e-05 3.926218919777396557e-10 2.708113203896572298e-07 inf 0.000000000000000000e+00 -9.000000000000000000e+01
-2.859671102796423980e+01 1.343058023361846584e-02 3.204467959196265259e+00 2.879394651785397996e-01 -6.350495773240015573e+00 -5.219568628327289454e-04 -6.075625442084841253e-04 4.151685311876620599e-01 inf 0.000000000000000000e+00 -2.000000000000000000e+01
5.512843837574451511e-01 5.905128420656838512e-04 2.620956739017767795e-02 2.597835608912516280e-09 -4.570477369613006324e-01 7.381410525821048140e-05 -4.486363800109416920e-05 8.921069230035009179e-01 inf 0.000000000000000000e+00 -1.000000000000000000e+01
2.909372682202665960e-08 2.164455085673143431e-01 6.310939657543561399e-02 2.129942134420951927e+00 -1.814395151543773954e-01 -6.070581604180085543e-03 2.979197626575529943e-05 -3.528332962835633614e-03 inf 0.000000000000000000e+00 -2.000000000000000000e+01
5.430343511450262667e+03 1.265074460561011090e-02 1.927499552719423415e+00 4.649481154580050912e+01 -2.142192366412166879e+07 3.442531038778550415e+11 7.240353649809001535e-01 5.009541984732714504e+00 inf 0.000000000000000000e+00 -2.000000000000000000e+01
6.147971270282830414e-01 2.368480735272893434e-01 2.679238845929265977e-01 5.081315052624470197e-02 -1.159043764069713905e-01 -4.927894798120401329e-10 -7.172633148663302149e-01 -1.894994559914704377e-02 inf 0.000000000000000000e+00 -8.000000000000000000e+01
5.204304958904297784e-01 1.229156467220274702e-06 9.630781357593260238e-08 1.352743527224221642e+00 -4.847330972553460793e-01 9.976593599828701970e-05 -4.073202352481787082e-04 9.747246620522294997e-05 inf 0.000000000000000000e+00 -9.000000000000000000e+01
6.026980569513855635e-01 2.813821222865770711e-09 2.134421901697143940e-08 -1.128224345652705310e-02 -4.050600577562883386e-01 4.117218203820173993e-08 1.422947934464762627e-07 0.000000000000000000e+00 inf 0.000000000000000000e+00 -9.000000000000000000e+01
5.626408838453802325e-03 1.845524924988756600e-08 1.535055654305901074e+00 4.027554769740935518e-04 -1.689869505805502090e-02 1.583967255162004910e-10 1.079186481538948419e-10 1.230040505840091712e-10 inf 0.000000000000000000e+00 -9.000000000000000000e+01
8.793257272995342877e-01 1.836300743167285088e-01 2.019930817484013874e-01 6.629667240406180865e-09 -3.725067221853635424e-02 0.000000000000000000e+00 -2.992106422462562907e-07 0.000000000000000000e+00 inf 0.000000000000000000e+00 -9.000000000000000000e+01
1.403599826189682598e-01 3.674702322732710802e-01 9.513287710841182854e-01 0.000000000000000000e+00 -2.729221884257716502e-01 -6.457533922574061613e-02 8.714694692378755783e-09 2.982052327802778621e-06 inf 0.000000000000000000e+00 -9.000000000000000000e+01
1.075323412558574360e-02 2.414339588569273870e-08 6.429819536578812444e-01 1.305626964002547963e+00 6.134873686277032556e-01 2.772798228097466625e-03 -2.556197369282096621e-01 6.855786823929526993e-06 inf 0.000000000000000000e+00 -1.000000000000000000e+01
7.683773081854665399e-02 0.000000000000000000e+00 3.841886540927332699e-02 1.193548811655882151e-05 -9.260032958286548155e-01 0.000000000000000000e+00 1.701268577220199727e-09 1.792551175265580735e-02 inf 0.000000000000000000e+00 -9.000000000000000000e+01
3.991573656599197426e-04 1.761844889768371354e-05 1.829271081226812178e-10 2.277476995984455854e+00 -1.256050102737114850e-09 5.592977815961492225e-08 1.458973291504785622e-10 2.647050606216050720e-13 inf 0.000000000000000000e+00 -2.000000000000000000e+01
1.153404868047428958e-04 1.962396711468527358e-08 3.828434028504056119e+00 5.929502033760665028e-07 -2.584927323593531501e+00 3.169962958384113239e-01 1.288390442983830553e+03 -1.363318577841034855e-05 inf 0.000000000000000000e+00 -2.000000000000000000e+01
1.924036592903199672e-01 2.322113129365930770e-02 1.249960324492975339e+00 1.206734292255593156e-05 1.305540724238937159e-04 8.098887867487202400e-08 2.055092796374877452e-06 2.985574023470482456e-03 inf 0.000000000000000000e+00 -9.000000000000000000e+01
7.264274420309241309e-01 9.519929313657098380e-01 3.245372303380361302e-06 4.378101820553124690e-01 -1.088397888695721960e+01 1.571385108441739931e+03 -6.368789071351857454e-07 3.501060571470311800e+01 inf 0.000000000000000000e+00 -3.000000000000000000e+01
4.109661056202386191e-03 6.830996803939815010e-01 4.049301645776650479e-09 0.000000000000000000e+00 -6.033216155304508277e-01 0.000000000000000000e+00 0.000000000000000000e+00 -2.991677432382400803e-01 inf 0.000000000000000000e+00 -9.000000000000000000e+01
1.003249699577897225e+00 3.334227788863713005e-05 2.986723121495764617e-06 1.275372649462381694e-10 -5.942375237438630130e-03 2.660114159616608115e-04 3.393600267265119737e-09 -2.147062129877539968e-08 inf 0.000000000000000000e+00 -9.000000000000000000e+01
2.864831822519084525e+01 5.181744990458016531e+01 2.715132618678435805e-01 3.013912702107248110e-06 8.010650381679390669e+08 9.882104305820612611e-01 1.004015500763900671e-05 -2.933367518068270667e-03 inf 0.000000000000000000e+00 -2.000000000000000000e+01
1.124249089267382873e-01 4.819743539129338395e-07 1.644345630563975869e-01 3.966392814938663608e-02 -8.867908704127767106e-01 -1.557836805299406092e-09 -1.808455954141503102e-05 -2.132921169357744895e-01 inf 0.000000000000000000e+00 -9.000000000000000000e+01
4.884312264810882764e-01 1.409151030891478268e-08 6.921879656718017693e-02 0.000000000000000000e+00 -5.167036926845843814e-01 -2.985669922351961991e-03 -1.129499924245489122e-09 9.008192680010490561e-01 inf 0.000000000000000000e+00 -1.000000000000000000e+01
5.251741862946901485e-01 2.379494118984323743e-06 6.179008921878647085e-07 2.173134563978027955e+00 1.438695567818787102e-01 2.626558528515962235e-08 0.000000000000000000e+00 -4.464483623913194539e-03 inf 0.000000000000000000e+00 -2.000000000000000000e+01
6.550288832336658151e-01 6.520716422258389100e-01 4.106981485031101449e-08 4.373582750958549462e-09 -5.039439022126952555e-04 0.000000000000000000e+00 -2.876649692519638581e-06 -1.761637709740653977e-03 inf 0.000000000000000000e+00 -9.000000000000000000e+01
1.009142905582094851e+00 6.034685626724481045e-13 1.605125518453112250e-10 1.007925926730292376e-15 -1.962298220950721761e-09 -1.239346244810982083e-10 9.927108338880641781e-05 1.638290024229367736e-15 inf 0.000000000000000000e+00 -9.000000000000000000e+01
3.458816457332467303e-11 1.205917348388890975e+00 3.342488302599642969e-02 7.344084637874866431e-09 -2.687098439344811143e-02 2.949254384646743821e-03 2.069939651446511125e-02 -6.673370743037482103e-04 inf 0.000000000000000000e+00 -9.000000000000000000e+01
2.154268765398718344e+01 2.183143284401361354e-05 7.933465766520541251e+01 3.867789432657406934e+01 -1.087815777934895589e+00 4.154041830110637966e+04 -1.711344146318552359e-05 8.432680449107718412e-02 inf 0.000000000000000000e+00 -2.000000000000000000e+01
1.566736759615088018e-05 1.118893284035615458e-04 9.787197069890665735e-02 7.237885643912453424e-08 -1.003334214589989282e+00 -2.509068111105952712e-03 1.230496450473950457e-05 -1.460570670516056534e-03 inf 0.000000000000000000e+00 -9.000000000000000000e+01
9.071876292947398390e-01 2.166920946211445265e-02 1.088625155153687851e+00 2.235714480389954592e-07 -1.355729037590839431e-02 0.000000000000000000e+00 -1.880398631169359619e-05 2.964780115849532417e-04 inf 0.000000000000000000e+00 -9.000000000000000000e+01
5.306385357081306849e-04 0.000000000000000000e+00 5.937942878108161404e-02 5.875438216233338368e-02 -6.417145285815135658e-01 1.412051931677310926e-04 -6.050451269482842731e-01 -1.320098458796256535e+00 inf 0.000000000000000000e+00 -9.000000000000000000e+01
1.651767042656689388e-01 4.785909130588514729e-10 3.363057221985691347e-01 5.812806315655578288e-03 -7.916577177417645217e-01 -2.988557487089054873e-02 -3.253931471419784227e-01 7.465279107172819562e-09 inf 0.000000000000000000e+00 -9.000000000000000000e+01
1.816783720804058260e-09 6.601609231574679411e-06 5.311466170318370761e-01 2.645064413097444222e-06 -9.792412175823324016e-01 0.000000000000000000e+00 7.403233209694461505e-05 1.599475608107236643e-02 inf 0.000000000000000000e+00 -9.000000000000000000e+01
9.386916829570098875e-01 1.613089303515898715e-02 5.238234837929742552e-03 1.828515495267407330e-08 -6.337546587478834481e-02 1.524828634328863515e-03 -6.117253697719322869e-04 1.287625282894892673e-07 inf 0.000000000000000000e+00 -8.000000000000000000e+01
9.958971341126250376e-01 2.440156762042202526e-02 9.986682634500858067e-09 1.198417096395485881e+00 -8.665329410661229946e-05 -7.594906365814842837e-05 0.000000000000000000e+00 3.971779221639547795e-03 inf 0.000000000000000000e+00 -9.000000000000000000e+01
4.152823041143566485e+00 4.739103941069717330e+00 6.870479296009577175e-04 1.049656559112574321e-03 -1.666014890623477962e+00 2.188782026390962017e+02 -1.314246350667787500e+00 -7.848568362455385361e-04 inf 0.000000000000000000e+00 -2.000000000000000000e+01
2.974415553433657422e+01 1.455635856125387908e-06 5.195500286478307687e-04 9.267652671751185380e+02 -8.115458015263200195e+02 -9.438778625949574634e+05 3.442531038776939697e+11 6.912404116780047577e-05 inf 0.000000000000000000e+00 -2.000000000000000000e+01
2.369074174355071116e-01 1.061225655389337774e+00 1.821646151416557100e-02 4.032289658083524784e-05 0.000000000000000000e+00 1.901051240068047862e-02 1.559076927859465159e-09 -1.195747217340098999e-02 inf 0.000000000000000000e+00 -9.000000000000000000e+01
1.713229168148747428e-01 6.852916672594989711e-01 1.263769423351911587e-05 2.004967620782077020e+00 -2.266357442436771619e-01 -7.480080921649441723e-03 8.916951324521829752e-10 0.000000000000000000e+00 inf 0.000000000000000000e+00 -2.000000000000000000e+01
4.113652285241112955e-02 0.000000000000000000e+00 9.359732043681681102e-01 1.128673569973379198e+00 -2.427524086195516073e-01 -9.717134913330956539e-03 -3.923084531060326533e-08 3.367904674062602186e-10 inf 0.000000000000000000e+00 -9.000000000000000000e+01
5.871984796714841970e-01 1.433396962161030512e-02 7.771313002017979604e-05 -4.260648901320028825e-01 -4.280419893901560302e-01 4.633826386296435013e-04 2.570229035599089218e-01 1.909077643280086471e-08 inf 0.000000000000000000e+00 -1.000000000000000000e+01
1.007840166862816522e+00 4.621196261377738910e-10 5.224648971618349326e-08 6.306404485565761100e-08 -1.862863551279119644e-09 1.855671027915107501e-09 0.000000000000000000e+00 4.368272753883376686e-02 inf 0.000000000000000000e+00 -1.000000000000000000e+01
6.432251908419025312e+03 6.027105200402367302e+01 1.268896437787633280e-01 5.885844922267936818e-02 -1.056269095602821924e-05 3.442531038790442505e+11 -4.132872137418766556e+02 6.492366412236026008e+03 inf 0.000000000000000000e+00 -2.000000000000000000e+01
5.284556688263050139e-01 2.739407383188145791e-07 2.922519986690929605e-01 5.742451514944933721e-02 -4.583952581864539910e-01 -1.482528332289705271e-02 -1.029329937989580569e-05 0.000000000000000000e+00 inf 0.000000000000000000e+00 -9.000000000000000000e+01
4.081231995700230208e-01 9.104286759638974269e-01 8.682524451865171689e-07 4.666389084448011386e-08 -1.056274009178631953e-04 -1.274235312659936976e-04 2.937836937376793297e-07 -1.197589579567609934e-07 inf 0.000000000000000000e+00 -9.000000000000000000e+01
6.814640650338413014e-05 4.889803554365633443e-05 1.846160276338136008e-01 2.091988514725866555e+00 -5.021314163407251409e-05 6.304857707653448509e-03 4.287171132819807619e-07 2.099387540700746197e-04 inf 0.000000000000000000e+00 -2.000000000000000000e+01
1.006028546148189484e+00 1.082606108148282710e-02 1.366338647813601675e-06 8.287747325089961717e-03 -3.746306447688266912e-04 3.153778387084510507e-05 -1.364938710674448460e-08 1.397479342314800199e+00 inf 0.000000000000000000e+00 -1.000000000000000000e+01
2.170469840598422406e-01 6.405297662921566326e-01 2.884313254839681595e-01 4.157655561324088977e-01 -9.333020314573216292e-02 0.000000000000000000e+00 7.313003350658200961e-10 -1.173018367185636235e+00 inf 0.000000000000000000e+00 -9.000000000000000000e+01
4.088830657733057150e-02 1.063245198406862629e-02 1.389605514044168988e+00 1.663298791768954921e-09 -4.715585722057102913e-01 9.628454235774832616e-10 -5.151778931511115958e-08 6.893350607598609700e-10 inf 0.000000000000000000e+00 -9.000000000000000000e+01
1.056184588280131731e+00 1.763077915463124451e-02 6.757311708266599376e-07 -3.858588030474851410e-02 1.089797674129792537e-08 2.724756778443010452e-02 -2.962208349549155101e-02 3.562153489105940452e+01 inf 0.000000000000000000e+00 -3.000000000000000000e+01
3.062311162936769415e-01 1.197383477024150281e-05 5.952367322958345142e-01 3.661967379237349891e-08 -6.660526779387473395e-01 0.000000000000000000e+00 -2.373739732012754592e-04 -8.785005148674857045e-01 inf 0.000000000000000000e+00 -8.000000000000000000e+01
