5.164378305392790525e-01 2.875619738230076883e-01 6.423569946985699180e-05 2.670113408057412330e-08 -3.658101299653226945e-01 -2.941947276835085983e-03 0.000000000000000000e+00 1.270927342699816370e-08 2.063553871726801663e+04 1.000000000000000000e+00 0.000000000000000000e+00
8.734193838306972824e-01 1.472765671375455181e-05 5.047477960905659700e-01 2.848956544627929827e-05 -1.064084303670550513e-01 8.629486355715557700e-09 3.734728521162143408e-07 3.366914348623447021e-08 2.430885628329931933e+04 0.000000000000000000e+00 0.000000000000000000e+00
3.067618783829959006e-01 6.345942696246218429e-01 6.071724525510055068e-10 8.862009819953214906e-02 -3.581987185967103748e-01 1.736097659005156319e-08 0.000000000000000000e+00 0.000000000000000000e+00 2.457701623842172921e+04 1.000000000000000000e+00 0.000000000000000000e+00
5.585716453497000522e-01 5.228421157964143751e-01 1.414293878150893191e-01 8.962156996282501231e-02 -1.935349517469643066e-01 4.049346682705715073e-02 0.000000000000000000e+00 4.742011575220994216e-08 2.697793258828148464e+04 1.000000000000000000e+00 0.000000000000000000e+00
5.795704631907798721e-01 3.889831701554884863e-02 -3.998128922596447126e-06 1.807542612246693822e-05 -4.141441633179624993e-01 -1.279754290897317329e-07 -5.088678161003341713e-08 2.506553231826470087e-06 2.886527970796666705e+04 0.000000000000000000e+00 0.000000000000000000e+00
5.351253046818214010e-01 3.899666809778082888e-01 2.659944818846518333e-09 8.418286899206563865e-08 -2.934558122448698292e-01 -2.360053637079605627e-03 -1.833315813604984984e-08 8.827213603622421564e-04 3.334297245595202548e+04 1.000000000000000000e+00 0.000000000000000000e+00
6.628556107525451768e-01 2.098791113772295602e-01 1.439973511299500924e-07 5.416843971696482657e-02 -2.581966046439299056e-01 2.234838889536825375e-05 0.000000000000000000e+00 1.259976822387063259e-09 3.592352037279766955e+04 0.000000000000000000e+00 0.000000000000000000e+00
5.524985274012239600e-01 3.834504705098046862e-01 2.032117978572507649e-06 2.593058037301686669e-04 -2.811970117071900810e-01 -2.154800023718526008e-07 4.208593796325246109e-10 2.721261403617968727e-02 3.735604686016661435e+04 1.000000000000000000e+00 0.000000000000000000e+00
2.215848082756647075e-01 5.615438408398742975e-01 2.369318797097683951e-04 3.232973713459097887e-03 -4.999109802598881158e-01 1.428624073862709822e-09 0.000000000000000000e+00 1.166223733765477358e-08 3.810215469072392443e+04 1.000000000000000000e+00 0.000000000000000000e+00
6.013989735291372929e-01 9.553473277415983457e-04 1.185910863136587031e-08 0.000000000000000000e+00 -4.059443071321676699e-01 -8.812183995599325208e-09 7.393273013257060696e-10 2.551052587200617852e-08 5.164251898681579769e+04 1.000000000000000000e+00 0.000000000000000000e+00
6.416843756046292091e-01 5.693298159125486074e-04 1.125265589680735687e-08 0.000000000000000000e+00 -3.658383482867855752e-01 -3.265019327571046496e-08 8.672707588860592564e-10 4.606009408537726200e-08 1.107354501297293755e+05 1.000000000000000000e+00 0.000000000000000000e+00
6.490181398332743878e-01 2.556147963633102278e-09 -8.669055657859957308e-08 1.211057753837812501e-05 -3.587193634319453261e-01 8.502287030033181333e-10 4.824638250447095112e-10 5.703306466349501171e-05 1.113585247513043869e+05 1.000000000000000000e+00 0.000000000000000000e+00
6.815094940781216692e-01 5.543794177791197344e-10 0.000000000000000000e+00 6.088955885535984296e-09 -3.266155459171081188e-01 -5.225124773747142439e-08 1.348419296450875420e-08 3.462740753285848025e-06 1.129729214285875059e+05 1.000000000000000000e+00 0.000000000000000000e+00
2.319121107129177017e-01 3.729637086348867999e-04 1.514652143350974377e-09 8.046773328559739487e-08 -7.756719958312907615e-01 6.367421146320115276e-09 2.853545816630775320e-06 2.776372084122951135e-07 inf 0.000000000000000000e+00 -9.000000000000000000e+01
1.364548423098500551e-01 1.130765574983416899e+00 4.682502235139925501e-10 9.445171823721934949e-09 3.331894671096248626e-03 1.047131394778061444e-07 4.941224148521197627e-09 0.000000000000000000e+00 inf 0.000000000000000000e+00 -9.000000000000000000e+01
9.358275098604534881e-01 2.308634034544361350e-04 9.397431061360203008e-01 2.251467858450881959e-02 -1.290923147100913292e-02 -6.797417493217088696e-09 0.000000000000000000e+00 2.637281293505685956e-08 inf 0.000000000000000000e+00 -9.000000000000000000e+01
2.244956410547806203e-01 5.689205208187376739e-01 2.434320404132058998e-04 3.275443438402738869e-03 -4.916107636343098886e-01 1.039758497664507149e-08 0.000000000000000000e+00 0.000000000000000000e+00 inf 0.000000000000000000e+00 -9.000000000000000000e+01
1.007717548790978412e+00 4.212097609398088701e-05 7.413134268915107563e-10 0.000000000000000000e+00 4.948175829743827957e-10 1.431501789859469025e-09 0.000000000000000000e+00 7.120991046494807636e-10 inf 0.000000000000000000e+00 -8.000000000000000000e+01
1.779355268901038623e-01 1.005218526444032681e-09 5.841564687738299427e-02 2.189975715570509074e+00 -3.959554307169893539e-01 8.158295287082005567e-10 0.000000000000000000e+00 -4.400817572003092593e-06 inf 0.000000000000000000e+00 -2.000000000000000000e+01
5.549162531659243003e-01 6.750862444451670441e-02 9.593026190407888104e-07 0.000000000000000000e+00 -4.268586562814802310e-01 -3.318620683951068753e-07 5.129118534632256653e-04 1.734113291143513438e-02 inf 0.000000000000000000e+00 -9.000000000000000000e+01
-6.085810770515239554e+00 1.242601234494269180e+00 -8.002264809062425814e-04 8.884109613549577844e+00 -2.105573115458005518e+01 9.520854961832016706e+06 8.047986704543309761e-08 4.446804247981357717e-08 inf 0.000000000000000000e+00 -2.000000000000000000e+01
4.583990661407305600e-01 4.544894792226859548e-01 4.817186639894138715e-06 2.512349722395447130e-09 -3.332922847633030261e-01 -2.488755481524255238e-07 4.054713986753000011e-08 -4.602333404504123688e-08 inf 0.000000000000000000e+00 -9.000000000000000000e+01
7.725087598977239400e-01 1.203451744375421969e-08 -7.464889081053341772e-08 8.310321507990666712e-01 -2.336058686811930407e-01 0.000000000000000000e+00 0.000000000000000000e+00 1.521069984465847386e-05 inf 0.000000000000000000e+00 -9.000000000000000000e+01
8.798859230072593185e-01 1.466022181847184139e-05 -6.697945286673480150e-06 4.710151661838187648e-02 -1.277412859074440465e-01 2.439999380240075503e-09 0.000000000000000000e+00 0.000000000000000000e+00 inf 0.000000000000000000e+00 -9.000000000000000000e+01
5.415558500561800104e-01 1.674099131805862088e-03 7.787890137307099965e-06 1.979211308118988599e+00 -4.616861023860239222e-01 1.681307388898598738e-07 6.502293769221099369e-09 0.000000000000000000e+00 inf 0.000000000000000000e+00 -9.000000000000000000e+01
4.362209778849274189e-02 9.126698269292717047e-02 1.939698377437706206e-04 2.228624062231698399e+00 -1.352662167735394494e-01 2.952251813711649171e-09 1.323567919731029781e-06 1.289999168143648619e-07 inf 0.000000000000000000e+00 -2.000000000000000000e+01
6.312155531164662658e-01 5.600414289631375263e-04 1.419272775681078812e-02 1.189302475079195398e+00 -3.733409064164464608e-01 -7.079475340121203222e-10 1.064609709375188564e-09 1.546229105171990972e-07 inf 0.000000000000000000e+00 -9.000000000000000000e+01
3.330727202870753523e-01 5.750313225624887892e-01 1.164610172394299249e-08 0.000000000000000000e+00 -3.786297792929063100e-01 -3.379179774822837433e-08 7.448526847405249553e-10 2.570590328704515316e-08 inf 0.000000000000000000e+00 -9.000000000000000000e+01
2.795033107338912668e-08 1.224316045248581508e+00 -2.538778858602468201e-04 1.299854775604463580e-02 -7.544484343960164018e-05 7.035092483822445695e-10 1.814268854142801570e-05 3.421315871638163503e-02 inf 0.000000000000000000e+00 -9.000000000000000000e+01
9.952898903799813901e-01 2.859747474814779492e-02 5.334815376444839027e-05 4.771261632961290820e-10 -1.714779134871575973e-03 -4.988335826338766670e-08 0.000000000000000000e+00 2.046616287628708904e-07 inf 0.000000000000000000e+00 -9.000000000000000000e+01
1.679340190607929995e-01 6.431515623604838749e-01 1.290273196093563446e-01 3.860103444186770388e-10 -4.637043363191636902e-01 -1.442525093993106613e-07 2.371079632843000173e-08 0.000000000000000000e+00 inf 0.000000000000000000e+00 -9.000000000000000000e+01
5.196094612204281704e-01 -1.388441541364070719e+00 -1.353413522757069442e-09 2.619664696669936430e-04 -8.420771214358157009e-01 3.082005863915633486e-07 -1.434240637325445191e-06 1.422237278679220618e-01 inf 0.000000000000000000e+00 -1.000000000000000000e+01
3.057731051276484924e-01 1.705786645417340375e-01 -3.038223828753671319e-04 1.567870292865208445e-08 -6.409217924072981853e-01 -1.018717753739830903e-07 1.472365503452099244e-08 2.547664124819009945e+00 inf 0.000000000000000000e+00 -3.000000000000000000e+01
3.624271338993254044e-02 3.743690321397320580e-04 2.632525123218530938e-01 3.773630623113369787e-10 -1.041250892892599313e-07 -1.062715211031996843e+00 8.879556225500777468e-08 0.000000000000000000e+00 inf 0.000000000000000000e+00 -9.000000000000000000e+01
6.418922564892436400e-01 4.205831352220566477e-01 1.137682171016383276e-01 8.742189314125892174e-02 -1.556828234022419044e-01 -2.485171272008443880e-07 0.000000000000000000e+00 3.746030226189198904e-08 inf 0.000000000000000000e+00 -9.000000000000000000e+01
4.673524730077376343e-01 4.633665244106567327e-01 2.455637735094330698e-06 2.510680512809757925e-04 -3.398021179011482817e-01 3.412968486250535921e-02 5.085719356314146401e-10 3.363144128787024650e-02 inf 0.000000000000000000e+00 -9.000000000000000000e+01
1.004434485820730583e+00 4.240718051531021991e-09 0.000000000000000000e+00 1.827250572203808056e-08 -3.204250638360403667e-03 -3.453378854463681617e-09 0.000000000000000000e+00 0.000000000000000000e+00 inf 0.000000000000000000e+00 -9.000000000000000000e+01
9.461675265822733216e-01 7.189531036124461515e-10 -4.546652596336761228e-08 8.253923174888275267e-06 -6.165675015761422351e-02 5.000224910634779726e-09 1.398970029642080500e-07 4.546652596336761254e-06 inf 0.000000000000000000e+00 -8.000000000000000000e+01
6.285545365389941797e-01 4.774193927359451264e-10 1.054232680880964335e+00 5.452303040295021219e-01 -3.052202864749870570e-01 6.605891872826814154e-06 4.120045009595175480e-07 7.245585435608001626e-03 inf 0.000000000000000000e+00 -9.000000000000000000e+01
6.913567836683649492e-01 1.513919964237295593e-02 1.090359662048061024e-09 9.051979786168830311e-02 -3.103535926686455948e-01 6.641418300143775746e-06 0.000000000000000000e+00 1.201673971613353431e-01 inf 0.000000000000000000e+00 -9.000000000000000000e+01
6.466569901325157632e-01 2.945777105195498345e-05 7.637816910505544340e-10 4.241919031481517638e-02 -3.610344420127603038e-01 -4.818531885939901690e-06 1.640638188776179379e-07 0.000000000000000000e+00 inf 0.000000000000000000e+00 -9.000000000000000000e+01
2.734760726487500346e-05 2.418715265171727987e-08 6.354606982386733494e-01 1.390971235396067546e-09 -9.693945906612134733e-01 -1.116976146763332608e-08 -4.044629415648278118e-07 1.189201672042766255e-07 inf 0.000000000000000000e+00 -9.000000000000000000e+01
6.413154630382510435e-01 5.766759968610360889e-10 -2.056261840235922997e-07 5.599539935221797523e-04 -3.672557762472742904e-01 5.075337217271873755e-10 0.000000000000000000e+00 1.759497310912496855e-05 inf 0.000000000000000000e+00 -9.000000000000000000e+01
5.116587299104796704e-02 1.057811306781216487e+00 -6.145136112841730997e-09 1.147399492636328594e-02 -1.755353545310859298e-01 1.047985573147265409e-09 0.000000000000000000e+00 0.000000000000000000e+00 inf 0.000000000000000000e+00 -8.000000000000000000e+01
4.078840079917501749e-01 4.661531519905716126e-01 1.262498119974464761e-01 3.316339229476927613e-10 -3.573840831927715955e-01 2.124000712033863109e-07 4.859944398106188834e-10 -2.324291410619655773e-01 inf 0.000000000000000000e+00 -9.000000000000000000e+01
6.686988551556586373e-07 2.939849814836866804e-01 4.208391232533441632e-08 2.103544712231099734e+00 -8.667383305026289397e-01 1.853781826237075581e-05 4.643742049692073502e-09 2.046634576063967662e-02 inf 0.000000000000000000e+00 -2.000000000000000000e+01
-6.806526993771088666e-04 3.163597053442899853e-05 1.358636473240040443e+00 0.000000000000000000e+00 -6.459413290404237840e-01 -3.093838671149853233e-09 -1.174927291095773982e-07 0.000000000000000000e+00 inf 0.000000000000000000e+00 -9.000000000000000000e+01
9.042902229004127213e-01 2.777556014398973558e-05 -1.420256478660955766e-07 2.234358563710739265e+00 -1.627194832469784966e-05 -4.225845096343663346e-08 -7.261352283317796391e-09 5.238650945880574780e-10 inf 0.000000000000000000e+00 -2.000000000000000000e+01
9.978829919194226461e-01 2.941945395693563998e-08 -6.693104850139986904e-04 6.089232235637337398e-01 -8.173184787646481028e-03 -8.793858519736195654e-09 0.000000000000000000e+00 9.018701493252178564e-10 inf 0.000000000000000000e+00 -8.000000000000000000e+01
8.005874736828557658e-01 2.380088715203561251e-09 4.598962969225963218e-03 1.085367237203393065e-07 -2.072108755414450165e-01 5.351983273106386470e-08 1.399749471427824123e-07 3.924448400406155583e-04 inf 0.000000000000000000e+00 -9.000000000000000000e+01
6.119646715429868412e-03 1.399482844821537397e-01 2.175874387708397542e-02 2.199611199210671053e+00 -2.775476136593950371e-02 -1.086909229738429986e-09 1.179020181411178297e-09 6.084875995455834576e-05 inf 0.000000000000000000e+00 -2.000000000000000000e+01
4.013339255734396649e-01 0.000000000000000000e+00 1.083715733575978778e-09 1.038956168274437070e-01 -6.067504022722711721e-01 1.282765562191974834e-09 4.022186616854858631e-06 9.030669557831502168e-08 inf 0.000000000000000000e+00 -9.000000000000000000e+01
1.553556253273442878e-01 -3.771989278523965175e-06 5.441802714076076723e-06 2.251190948139630610e+00 -2.827423526987437458e-02 1.824867540281949993e-05 9.318155332322048685e-10 1.970789852786113305e-07 inf 0.000000000000000000e+00 -2.000000000000000000e+01
8.599850272342098867e-01 2.674226371041503181e-01 4.344753599253509573e-06 1.531427475790673620e+00 -2.681441010531722749e-02 -1.738021846988123029e-09 0.000000000000000000e+00 1.695019244588416902e-09 inf 0.000000000000000000e+00 -9.000000000000000000e+01
3.960317846173893042e-01 7.242208652317997375e-01 -3.113680009978636932e-08 1.953869875285792146e+00 -1.085483264047662350e-01 4.599754560195714251e-08 4.959900178233015633e-10 4.505179562697816942e-03 inf 0.000000000000000000e+00 -9.000000000000000000e+01
-3.598747130822122463e-03 1.125609019732786778e-07 4.836601256664317930e-08 2.203201659820609670e+00 4.909883093886504715e-09 -4.705671040827344603e-07 1.200649621048305967e-06 -9.880345839876684634e-07 inf 0.000000000000000000e+00 -2.000000000000000000e+01
7.498968656689725121e-01 1.507394037408914256e-01 6.339773537388956567e-05 7.738981368883002587e-10 -1.982413166844496644e-01 1.241068353668432721e-09 4.285068396783481455e-03 4.154833985463226020e-01 inf 0.000000000000000000e+00 -1.000000000000000000e+01
2.720941017598876299e-01 8.047389191443949930e-01 2.758710476868385964e-08 4.509135209089047127e-04 -2.457092191649894453e-01 1.539897772123683549e-08 5.406024093625697164e-10 0.000000000000000000e+00 inf 0.000000000000000000e+00 -9.000000000000000000e+01
-1.255237897836445141e-02 1.117389954146770226e+00 3.309263548841537284e-02 7.345768157261939973e-09 -3.674423664575775933e-02 7.209735413608940610e-09 0.000000000000000000e+00 0.000000000000000000e+00 inf 0.000000000000000000e+00 -9.000000000000000000e+01
2.006894449496217647e-01 4.894592574049108635e-01 1.326780219389166182e-01 4.319619444252853587e-10 -5.708499767455907925e-01 3.567812354659942453e-02 1.727847777701141435e-09 -3.523214700226693363e-01 inf 0.000000000000000000e+00 -9.000000000000000000e+01
2.758661296231814664e+00 1.585506820168197661e-01 6.131053904417321323e-10 8.620816550724420824e-02 -1.281065396523733838e-03 2.083464475475776112e+01 2.301952473270239360e-11 -2.260703640924236271e-02 inf 0.000000000000000000e+00 -2.000000000000000000e+01
2.030818881443705870e-01 3.119990243837963702e-09 -1.431950409530894831e-10 2.266960611844136775e+00 -2.326570000038967771e-04 1.096985441923659846e-06 -2.527270292752956967e-07 7.406653531236389164e-07 inf 0.000000000000000000e+00 -2.000000000000000000e+01
7.679906874067902178e-01 0.000000000000000000e+00 -1.690120350807196858e-01 8.376328887057151037e-06 -2.481096674984964723e-01 5.880640475652820471e-10 2.425795677151518926e-08 0.000000000000000000e+00 inf 0.000000000000000000e+00 -1.000000000000000000e+01
1.128544816755363334e+00 4.444756406899457607e-09 -1.470948445086726642e-07 6.868478276644632457e-08 -6.012390495891713205e-02 0.000000000000000000e+00 7.750247536753700039e+00 2.146044893988788973e-06 inf 0.000000000000000000e+00 -3.000000000000000000e+01
6.001419667599130481e-01 0.000000000000000000e+00 4.788191378027331539e-10 3.672998346034178543e-03 -4.075882738418301621e-01 9.321498043916326805e-09 5.490944941494460747e-09 1.621940659641440672e-07 inf 0.000000000000000000e+00 -9.000000000000000000e+01
3.774433801503795372e-01 1.965443508036950615e-01 1.599482021514445442e-04 6.991503026101590634e-02 -5.495419161774955930e-01 -6.793654644238920339e-10 4.429535682249076342e-07 5.769212287272641043e-02 inf 0.000000000000000000e+00 -9.000000000000000000e+01
6.894978579950756803e-01 4.584427247307684391e-04 -8.060968148444694438e-09 0.000000000000000000e+00 -3.181592509631532839e-01 1.312314684440493159e-05 -1.934632355626726599e-08 9.758416763296843078e-07 inf 0.000000000000000000e+00 -9.000000000000000000e+01
7.159406362755470488e-01 8.032454116344162640e-10 -1.820731191700101270e-06 1.971976840267734898e+00 -2.878416300815430096e-01 4.807369199137986425e-06 0.000000000000000000e+00 0.000000000000000000e+00 inf 0.000000000000000000e+00 -9.000000000000000000e+01
8.704705733488281583e-01 3.115706480252263266e-01 1.411553556009904854e-03 0.000000000000000000e+00 0.000000000000000000e+00 2.136628917788430368e-07 2.967540163595042086e-09 1.968388535933001675e-09 inf 0.000000000000000000e+00 -9.000000000000000000e+01
4.593063209123001700e-01 5.289966366992104631e-06 1.823095753596149106e-05 4.064606926050431094e-05 -5.484254578057315976e-01 3.553437307894645734e-09 4.797505194950163308e-10 0.000000000000000000e+00 inf 0.000000000000000000e+00 -9.000000000000000000e+01
2.168712981599814626e-01 1.068913642943314146e+00 9.079591366168108535e-10 0.000000000000000000e+00 -1.991407014349421774e-07 -2.421224364311495747e-09 4.248881373587098248e-03 4.046846408581461592e-06 inf 0.000000000000000000e+00 -9.000000000000000000e+01
-1.238521960234052921e+00 1.369147323227488207e-03 1.702967695321822711e-02 2.946960726531945961e-07 -2.239247704103167536e+00 6.902325348966356609e-09 7.582961067869777457e-07 1.868668387267198811e-04 inf 0.000000000000000000e+00 -3.000000000000000000e+01
6.138215227398738927e-01 1.489244133332544954e-09 -3.029464838466204126e-09 8.185916007876502948e-03 -3.939013911849827965e-01 6.525001190542593502e-09 -1.827874217439945278e-09 7.636115678989275138e-04 inf 0.000000000000000000e+00 -9.000000000000000000e+01
5.886170335307179258e-01 1.719595771817142293e-02 7.313992795797813666e-09 0.000000000000000000e+00 -4.122236554042487677e-01 2.302764919301967773e-08 1.182095515336463013e-09 -2.411029054282989859e-01 inf 0.000000000000000000e+00 -8.000000000000000000e+01
-6.577509079668953772e-04 2.007846969905708878e-01 4.525633069393215392e-03 2.199304260434614910e+00 -1.923902959743460580e-09 -1.883932595591223755e-06 0.000000000000000000e+00 0.000000000000000000e+00 inf 0.000000000000000000e+00 -2.000000000000000000e+01
8.704144379462955827e-01 7.979420822046456074e-09 3.331045492257938995e-08 2.235426789177510809e+00 1.893298940503749995e-09 8.037452973479520758e-09 0.000000000000000000e+00 4.769517445905040414e-10 inf 0.000000000000000000e+00 -2.000000000000000000e+01
2.066651799930516436e-03 5.509263803488435293e-05 0.000000000000000000e+00 -1.829488469419048492e-07 -1.005623300265426234e+00 3.478435313566480603e-08 4.852056179174696711e-10 9.907307865315758896e-03 inf 0.000000000000000000e+00 -9.000000000000000000e+01
5.113675556622927498e-01 4.441963936897034421e-02 7.564796624622188487e-05 2.927446246234365956e-08 -2.860191413026382801e-01 -4.015824307178456620e-01 3.581816583627929949e-06 0.000000000000000000e+00 inf 0.000000000000000000e+00 -9.000000000000000000e+01
1.613279074562740112e-01 8.309503138496326588e-03 6.009932885180190622e-10 1.121220680555355612e-08 -8.442614603640584692e-01 6.983874578035477818e-10 4.741433216924767172e-09 1.319158531818841358e-02 inf 0.000000000000000000e+00 -9.000000000000000000e+01
5.642641480030874401e-01 1.030218627332361387e-08 5.747357736166258842e-03 2.233946797554885233e+00 -1.819896313525316001e-01 4.562806733867561532e-09 8.494281718394956902e-09 7.662071685173828853e-09 inf 0.000000000000000000e+00 -2.000000000000000000e+01
3.261044405668349355e-02 2.409333194145769875e-04 -8.148794248714801361e-04 1.965909016990178060e+00 -9.712294050140343193e-01 4.047625720169665881e-09 4.731936543363818047e-09 1.807745357612466406e-06 inf 0.000000000000000000e+00 -9.000000000000000000e+01
6.617701314922628253e-01 4.457376857899575010e-05 2.623585728401278683e-01 -4.770692808283099243e-07 -3.328429655434458345e-01 1.522933981117770092e-08 -2.322328446302193819e-08 1.070726451656305381e-03 inf 0.000000000000000000e+00 -9.000000000000000000e+01
5.651591882338703465e-01 6.347819041984013801e-05 1.666843389853963145e-02 7.287362595927186449e-07 -4.430981801241882789e-01 7.375066084499614131e-09 1.143010664278445317e-09 1.099408077630221181e-09 inf 0.000000000000000000e+00 -9.000000000000000000e+01
9.702197010792558141e-01 -4.022283710539330259e-03 -2.371192334984396854e+00 2.756818770085665449e+00 -1.166622526403439108e-01 4.783473837038664837e-09 4.951583141215742486e-08 1.121747538781590896e-08 inf 0.000000000000000000e+00 -2.000000000000000000e+01
1.028336717168109082e+01 1.733988326452909139e-04 3.053578315666944193e-07 3.286050008818955652e-04 -8.606731219776564856e+00 -1.376886222337094863e-06 2.323828617828283994e-05 8.193247665183592224e+10 inf 0.000000000000000000e+00 -2.000000000000000000e+01
1.388994678843289907e-04 1.214258166623122914e+00 -1.198268653761396030e-09 1.381753541368609782e-09 -4.099252140529737430e-03 -2.193310943844859272e-06 4.693378663052636352e-06 4.821833062735857347e-07 inf 0.000000000000000000e+00 -9.000000000000000000e+01
5.288020028182416343e-01 3.135569486848386635e-03 5.864010331999330729e-07 2.235949271958738382e+00 -1.553984744011323027e-01 -6.157210848599297371e-08 1.819175932540701406e-08 1.752539451495254502e-08 inf 0.000000000000000000e+00 -2.000000000000000000e+01
2.262469469615626394e-01 9.333276976952981085e-01 2.027028311422885379e-09 7.657662509819789639e-07 -1.563418360005787711e-01 9.220163499874929892e-10 9.009014717435046128e-10 0.000000000000000000e+00 inf 0.000000000000000000e+00 -8.000000000000000000e+01
3.361066381763963551e-01 3.035999742651755429e-01 7.187499390747527188e-03 3.458340669579650799e-08 -5.397332875825342491e-01 1.692612822426404294e-08 0.000000000000000000e+00 3.804266130318524778e-10 inf 0.000000000000000000e+00 -9.000000000000000000e+01
4.306777336773279785e-01 5.283407141766477411e-01 3.452226257404232123e-03 2.697051763597056143e-04 -3.154033960387866431e-01 5.391736888701373004e-09 6.694938780494791097e-10 1.573014399025928489e-01 inf 0.000000000000000000e+00 -1.000000000000000000e+01
9.564986481594843770e-01 2.368630024040134020e-04 7.778637026703259403e-10 3.638215716925646159e+00 -1.322276249807385229e+00 1.602379739411553317e+01 1.559370795048709656e-09 6.919455967002405283e-02 inf 0.000000000000000000e+00 -2.000000000000000000e+01
3.713095627254428543e-01 7.820938962389726301e-01 4.842791093997483236e-04 4.588115396307084100e-08 -1.677677758493695270e-01 2.929335214565291896e-07 -3.694021113949806155e-07 0.000000000000000000e+00 inf 0.000000000000000000e+00 -8.000000000000000000e+01
9.563534861117568564e-01 5.066706056177755757e-10 2.496827065537281509e+00 0.000000000000000000e+00 -6.084584305351747012e-03 5.822112041199318383e-02 1.269769871426105353e-07 2.693824430341140541e+01 inf 0.000000000000000000e+00 -2.000000000000000000e+01
1.727847933195313958e-04 1.053037183890103701e-01 9.675113212391307782e-02 2.206567256395100429e+00 -6.050954782556331457e-01 -9.644921549298805594e-07 9.194030234979586047e-02 4.039957889967919046e-08 inf 0.000000000000000000e+00 -2.000000000000000000e+01
-2.231447680802547701e-04 -1.098370264445847955e+00 -2.853954544545747487e-04 3.591385752364615350e-05 -1.306276064501669110e+00 -6.272953780796861197e-05 1.296938010751788783e-09 5.279337055975984584e-05 inf 0.000000000000000000e+00 -1.000000000000000000e+01
8.610285984681449456e-01 3.065473444115933872e-09 -8.160130605867342058e-05 7.876413508349950021e+00 -2.957288097692278406e+00 -7.778317429590770265e-07 -1.298808961824311492e-01 6.811404284882668406e+06 inf 0.000000000000000000e+00 -2.000000000000000000e+01
2.956935436896706015e-01 1.406013009067440311e+00 3.056603028826859395e-09 2.248492629969283935e-06 -1.387997243491645882e+01 3.176289132194336162e+03 -2.287710524678050216e-08 1.101507406128739847e-03 inf 0.000000000000000000e+00 -3.000000000000000000e+01
9.345279917857203245e-01 8.113579845001546442e-02 1.104982665496669124e-04 2.174048382564270021e+00 -3.616897039338039244e-02 -2.855029539926050707e-09 4.897977973470074296e-10 1.157009927068650655e-03 inf 0.000000000000000000e+00 -2.000000000000000000e+01
3.585633366812172040e-01 1.107743217168220915e-03 8.938440452355462285e-09 1.426562980254494128e+00 -6.459907835114689911e-01 -3.518078485734778342e-08 -2.200231495964421562e-08 -1.810607168554055350e-07 inf 0.000000000000000000e+00 -9.000000000000000000e+01
7.999739224710217256e-01 4.238667798167354284e-01 3.113573977138320260e-09 8.362170110028630538e-09 -1.047407221252370617e-02 -1.034469068322690799e-08 -2.758855296118382092e-05 2.673861080775112613e-08 inf 0.000000000000000000e+00 -9.000000000000000000e+01
2.140964770890940075e-09 1.664213852836875232e-09 1.144202203329756054e-07 2.292918564045519914e-01 -1.016704975685300383e+00 2.362535600550777840e-02 1.130076250202228303e-08 6.610494033182953526e-05 inf 0.000000000000000000e+00 -9.000000000000000000e+01
-1.910457091660924681e-03 -7.192422539070033594e+00 -8.006586249233003938e-02 1.450741578480189444e-04 -2.014186998602230272e+00 -1.374624747609280717e-01 0.000000000000000000e+00 7.476029329103106580e-02 inf 0.000000000000000000e+00 -2.000000000000000000e+01
9.542373481341237529e-01 2.354050074104248129e-04 9.602262854655094770e-01 9.638149019921676784e-09 -1.313199279434055025e-02 3.980147934816755800e-02 1.903831905169714112e-08 3.867855359853273473e-02 inf 0.000000000000000000e+00 -9.000000000000000000e+01
1.006697151120528932e+00 7.228807394966408337e-08 3.582905626045442638e-08 1.417413214699295893e-07 -5.521889106068353847e-04 1.165176658625696746e-05 -1.704833116568875454e-08 7.708712011392152409e-05 inf 0.000000000000000000e+00 -9.000000000000000000e+01
3.468346699396525942e-09 2.696013826128845997e-09 3.983260820048655643e-02 7.217410653796744395e-05 -1.005893334797829164e+00 -6.421804816614598588e-09 4.848534148847102634e-09 0.000000000000000000e+00 inf 0.000000000000000000e+00 -9.000000000000000000e+01
9.645385382111238970e-01 0.000000000000000000e+00 2.452064722608872897e-08 2.212601372956929602e+00 -3.830705109429986127e-02 1.013696810730414002e-05 6.309096259253100602e-07 1.220440063208419468e-02 inf 0.000000000000000000e+00 -2.000000000000000000e+01
-6.354755221320897715e-04 2.953618623994220299e-05 1.283123533138822436e+00 4.643436002595079936e-10 -5.059172787804500082e-01 4.108075145825294317e-08 6.879796724433151483e-10 -3.290295345691694462e-01 inf 0.000000000000000000e+00 -8.000000000000000000e+01
2.543804445106190964e-07 6.599684016078357640e-01 1.769081965421004099e-01 0.000000000000000000e+00 -6.031377892471609936e-01 -2.893468286357901448e-07 -6.815713155648568250e-09 0.000000000000000000e+00 inf 0.000000000000000000e+00 -9.000000000000000000e+01
3.504888051794239900e-01 6.050992138052061486e-01 5.994187881326535131e-07 2.007054434522902220e+00 -2.929617672472389356e-01 8.512667508901892304e-10 0.000000000000000000e+00 0.000000000000000000e+00 inf 0.000000000000000000e+00 -2.000000000000000000e+01
6.633709203028151924e-01 7.098487864776218629e-04 -1.301159717349271820e-02 1.316156134430585434e+00 -3.422711663264524917e-01 -3.593932531658165741e-06 9.760120057775149944e-10 1.417550635731275636e-07 inf 0.000000000000000000e+00 -9.000000000000000000e+01
1.109917151819382219e+00 4.639275546424035166e-05 2.090227574405360360e-07 6.817533364026103735e-10 -3.819389031674187696e-02 0.000000000000000000e+00 5.199767512803643577e+00 0.000000000000000000e+00 inf 0.000000000000000000e+00 -3.000000000000000000e+01
1.007906607643625829e+00 0.000000000000000000e+00 -8.508509579132859111e-04 2.707646887453175676e-08 0.000000000000000000e+00 9.307536175620291489e-09 0.000000000000000000e+00 0.000000000000000000e+00 inf 0.000000000000000000e+00 -8.000000000000000000e+01
2.403876184774052513e-08 1.030287932497470305e+00 -2.302872983733126043e-08 0.000000000000000000e+00 -2.668920219874204025e-01 1.212684832977780914e-05 -1.787756658424400315e-08 9.017565788933924606e-07 inf 0.000000000000000000e+00 -9.000000000000000000e+01
1.006883016392845942e+00 7.238639799859246611e-10 -3.809507483325682924e-04 1.978068791341939386e-02 -1.247074619541520659e-04 1.052893061797708579e-09 0.000000000000000000e+00 3.081467027527960493e-07 inf 0.000000000000000000e+00 -9.000000000000000000e+01
6.924432328774352552e-01 1.840092076419279354e-02 -2.440218588865249591e-07 4.890064436561449845e-01 -2.710384552047624962e-01 -9.003025609948404895e-02 0.000000000000000000e+00 1.409807669869250573e-04 inf 0.000000000000000000e+00 -9.000000000000000000e+01
-7.801145159082084526e-04 -2.590312549295402444e+00 9.170084572323139449e-01 4.742603876751314562e-01 -1.550406051403087515e+00 4.147243404652550984e-06 0.000000000000000000e+00 7.503870751836590192e-02 inf 0.000000000000000000e+00 -2.000000000000000000e+01
1.789415235847323093e-01 2.176922381402889017e-02 1.050165754962230556e-07 1.080843151336806602e-08 -8.210962219339557056e-01 -6.406581847527737421e-08 -1.073499524849878296e-02 1.346951729190686915e-06 inf 0.000000000000000000e+00 -9.000000000000000000e+01
2.187543489509640615e+00 1.126736209394170185e-01 1.745804395297277446e-08 0.000000000000000000e+00 -1.750899433303170882e+00 3.663934501200467339e-09 2.381142169133363285e-03 8.105384222285053693e+06 inf 0.000000000000000000e+00 -2.000000000000000000e+01
1.357772370828270736e-01 1.125150437761635036e+00 0.000000000000000000e+00 2.238621113193564605e-02 -2.980772677893604988e-03 -3.212525640961751613e-09 0.000000000000000000e+00 0.000000000000000000e+00 inf 0.000000000000000000e+00 -9.000000000000000000e+01
1.004391496054157340e+00 3.975503014614962792e-09 -3.367484906497380325e-08 1.754085471295524235e-05 -3.341023958432103036e-03 9.400895363971852967e-08 0.000000000000000000e+00 2.642540239126416468e-08 inf 0.000000000000000000e+00 -9.000000000000000000e+01
1.009138356566396277e+00 2.417698067064634227e-14 -2.054963010055303594e-19 3.253269227471477156e-09 -2.382765547464460605e-13 2.860949056928990977e-07 0.000000000000000000e+00 3.165253986508345294e-12 inf 0.000000000000000000e+00 -8.000000000000000000e+01
1.244909016724377211e-02 2.503498352313857436e-02 1.343796580415357327e-08 2.241383442858483122e+00 -4.377702036832974986e-01 2.031527351467802417e-02 3.141613753048718940e-07 0.000000000000000000e+00 inf 0.000000000000000000e+00 -2.000000000000000000e+01
2.962997311445585980e-01 7.293531843558366257e-01 7.714312526840579054e-02 1.872474040605849765e+00 -7.801975169191040227e-02 2.481922812251391192e-09 2.397014926569106714e-09 7.524144946614743614e-08 inf 0.000000000000000000e+00 -9.000000000000000000e+01
3.362606823524209171e-02 5.174458500199606847e-01 1.069358419981044370e-03 2.472505017297212462e-02 -1.523063090655082941e-01 -2.354191788930451359e-07 4.586241015093878535e-09 -2.057124174391280924e+00 inf 0.000000000000000000e+00 -3.000000000000000000e+01
1.901189501825516937e+00 2.653823374027067250e-02 3.819125537610558405e-08 3.595811130213251161e+00 -6.931427841394685927e-06 2.498962142818610246e-07 -2.407759144905522134e-07 3.572430707204886130e+04 inf 0.000000000000000000e+00 -2.000000000000000000e+01
-3.024492509015044243e-04 2.474763903141951465e-03 1.004880247294900663e-04 2.283970640188893064e+00 -3.405779541200398608e+00 -2.299387054835719769e-07 -3.846129887685580812e-02 2.784196560226880480e+06 inf 0.000000000000000000e+00 -2.000000000000000000e+01
9.375474485848982908e+00 6.888024508436235704e-01 0.000000000000000000e+00 5.817076155617089111e-04 -8.716140168025605841e-04 6.414972719211350851e-10 3.818487952845778022e+00 2.133369870262452841e+09 inf 0.000000000000000000e+00 -2.000000000000000000e+01
1.695686770588938352e-01 9.990092601919325910e-01 2.920366553937919925e-04 3.933188185171774404e-03 -1.330916942032015493e-01 1.936798731899933948e-07 0.000000000000000000e+00 6.390378097515710502e-10 inf 0.000000000000000000e+00 -9.000000000000000000e+01
-3.858753208018673303e-02 1.666981385864066967e-01 3.313382754618700993e-02 7.109551809044822095e-06 -9.779624130402526649e-01 2.252156222636631338e-08 -6.145589692488846811e-09 0.000000000000000000e+00 inf 0.000000000000000000e+00 -9.000000000000000000e+01
7.366044166561390091e-03 6.818029675472587758e-01 2.351375662289955249e-03 1.497755275736248564e+02 -5.184159500989967917e+00 -5.600075566877583366e-06 -9.367112842428555464e-01 5.853345236574240774e+07 inf 0.000000000000000000e+00 -2.000000000000000000e+01
6.759689055671000979e-01 4.530277866062806247e-01 3.081517870251711602e-03 2.407435836134149689e-04 -1.168297209938909814e-01 2.789696686530280422e-09 0.000000000000000000e+00 0.000000000000000000e+00 inf 0.000000000000000000e+00 -9.000000000000000000e+01
4.841462528167604362e-01 -6.308176363009078066e-03 -3.718757928612459018e+00 4.336406304298957792e+00 -6.337329688033342956e-01 1.116904674834836662e-08 -4.678536320338199512e-07 3.176707140575089627e-01 inf 0.000000000000000000e+00 -2.000000000000000000e+01
3.358790851330092919e-01 7.681346101114645553e-01 2.472343372900898204e-03 1.668607018219660842e+00 -1.352147066488345872e-01 4.029712279106217408e-08 6.344653375614044133e-09 5.723048821922127569e-09 inf 0.000000000000000000e+00 -9.000000000000000000e+01
-8.262628312422261034e-01 6.890902908992784653e-04 -3.142092742517830642e-08 2.220994490379103681e+00 1.588283557150470692e-09 4.420106953620302580e-09 0.000000000000000000e+00 -9.960138499166239260e-07 inf 0.000000000000000000e+00 -2.000000000000000000e+01
1.652695107146157265e-13 1.227534358672397241e+00 2.681295558446912497e-12 1.349540242317134333e-04 -5.522256623734480072e-05 9.420408339966862513e-10 9.476992922096844965e-14 -9.493317566644668773e-05 inf 0.000000000000000000e+00 -9.000000000000000000e+01
5.846463895909322916e-01 5.462028444420493527e-04 7.550322080336133322e-09 1.995593009803715567e+00 -4.189965792068348072e-01 8.566711591150612298e-09 7.441423204177439648e-10 5.176556574503046390e-03 inf 0.000000000000000000e+00 -9.000000000000000000e+01
6.138303795516644179e-01 1.489265621590141711e-09 -4.340353596419191086e-09 3.197669578986607833e-05 -3.939070747759884639e-01 6.525095339583213117e-09 1.827900591780565213e-09 5.249905278933236720e-05 inf 0.000000000000000000e+00 -9.000000000000000000e+01
6.823621879402407275e-01 1.387273701056667696e-01 2.156891973374324215e-02 2.180421703992953208e+00 -2.751262772855316702e-02 -1.077426990571051893e-09 -1.504745491916180814e-09 2.360843412559755581e-07 inf 0.000000000000000000e+00 -2.000000000000000000e+01
8.391304670704483959e-04 7.469786848685300296e-02 2.212253049549363706e-03 9.998773507259800519e-01 -9.998773507259800519e-01 6.468933055234002416e-02 3.026427132877926474e-09 -6.171118024011907899e-01 inf 0.000000000000000000e+00 -9.000000000000000000e+01
-1.321355221398281543e+00 4.082186141844975670e-03 3.293938268255802584e-08 2.448019025486583711e-09 -2.323884786158907811e+00 -1.034634456054707090e-08 0.000000000000000000e+00 -6.672336492107907415e-07 inf 0.000000000000000000e+00 -3.000000000000000000e+01
7.086465887146108367e-01 6.155616554512508692e-02 8.870398283822570251e-05 2.218023786146295695e+00 -1.326210070687654230e-01 6.458095341445751015e-09 5.788362516475127362e-06 2.815908546108447415e-07 inf 0.000000000000000000e+00 -2.000000000000000000e+01
7.814045579073926329e-02 1.634869478503651608e-01 3.474590241955828151e-04 0.000000000000000000e+00 -2.671572303323434107e-07 -1.001639041375240069e+00 3.807205288851915950e-06 5.429047253055981486e-06 inf 0.000000000000000000e+00 -9.000000000000000000e+01
3.049787463252674052e-03 2.244932310228595421e-02 3.028974553014939381e-07 1.233618727046084387e-05 -1.888572765883369442e+01 3.992739183519692544e-08 2.305104707108969169e-05 8.127231765126599121e+10 inf 0.000000000000000000e+00 -3.000000000000000000e+01
-2.753141904276589121e-03 8.611222871194290866e-08 3.588009529664287751e-08 1.345503573624107948e-09 -1.008296582394705876e+00 -3.599969561429835721e-07 1.023778719130876793e-06 6.383666954861046315e-08 inf 0.000000000000000000e+00 -9.000000000000000000e+01
5.912789423071009853e-01 3.046285091278138485e-02 1.372213663702345204e-08 0.000000000000000000e+00 -4.045067088418511925e-01 -2.393188255133808072e-08 1.231569204678623367e-09 -2.511936722808039146e-01 inf 0.000000000000000000e+00 -9.000000000000000000e+01
5.882213896910584161e-01 1.106507663018196225e-01 1.170594304767677882e-08 0.000000000000000000e+00 -3.832061170625787883e-01 1.778315886993529771e-02 2.750040083785920113e-07 0.000000000000000000e+00 inf 0.000000000000000000e+00 -9.000000000000000000e+01
2.085876558105326023e-04 1.823471812977967010e+00 -1.838823283435947167e-09 1.120650226783810233e+01 -2.161599036576530519e+00 -6.708387229993111143e-07 -7.600919436558718314e-07 1.270214524637053692e+05 inf 0.000000000000000000e+00 -2.000000000000000000e+01
1.007941320182413669e+00 1.243765619251752065e-03 1.994540727715355940e-08 3.078694494484877420e-10 -3.674790189245262033e-06 1.315188067729883303e-07 -1.849483220245148271e-08 9.960615512954263001e-08 inf 0.000000000000000000e+00 -8.000000000000000000e+01
2.074719846964489731e-02 9.865224172983468043e-02 2.226547130659994759e-10 3.134407053568041140e-03 -9.496995749813611498e-01 -2.723041548301419060e-10 -9.860276764375664501e-09 2.899117919093841477e-09 inf 0.000000000000000000e+00 -9.000000000000000000e+01
5.369602814885497111e+01 0.000000000000000000e+00 6.108888458702288439e-08 1.767664465285439797e-04 -2.716111044847328770e+01 2.539236641221374739e+05 0.000000000000000000e+00 1.017078899472724617e-06 inf 0.000000000000000000e+00 -2.000000000000000000e+01
1.553556039595352101e-01 -3.771988759719791698e-06 5.441801965603651971e-06 2.251190638507981845e+00 -2.809102901784048603e-02 6.460829468740958551e-10 9.318154050691184854e-10 1.216019103615199587e-07 inf 0.000000000000000000e+00 -2.000000000000000000e+01
1.258582832737549229e-01 7.414906611477034559e-01 2.167572026766839601e-04 2.919314589016965521e-03 -4.517239159360351142e-01 -1.112176312776759168e-09 0.000000000000000000e+00 5.360980592633070336e-10 inf 0.000000000000000000e+00 -9.000000000000000000e+01
5.741201777551282470e-01 7.418406791217948548e-01 -5.577769202664367613e-07 7.223539221521100250e-03 -2.704627475964877133e-03 0.000000000000000000e+00 0.000000000000000000e+00 0.000000000000000000e+00 inf 0.000000000000000000e+00 -9.000000000000000000e+01
3.296884030261392207e-01 8.040733829359728579e-01 2.184185670048172101e-01 8.170841936928565311e-10 -1.048592281847025992e-01 2.504132768979359885e-09 0.000000000000000000e+00 0.000000000000000000e+00 inf 0.000000000000000000e+00 -9.000000000000000000e+01
2.793216168953056577e-01 1.679305189189299607e-01 1.348633574035841615e-09 6.840621578326319462e-08 -6.683465878582539599e-01 -9.516511783965733481e-08 1.459898481054014430e-01 1.656098710444221453e-02 inf 0.000000000000000000e+00 -1.000000000000000000e+01
1.136857195011275481e-04 5.680146829355655624e-01 0.000000000000000000e+00 -1.306131887650821920e-07 -7.179474926444457950e-01 1.299687157942018529e-09 2.551065309424682421e-03 0.000000000000000000e+00 inf 0.000000000000000000e+00 -9.000000000000000000e+01
7.438005000682504919e-01 2.192862764682790325e-08 -4.910792217089974664e-04 3.716842797475246063e-09 -2.639292097016372463e-01 6.816942942383457512e-08 1.782892769546442591e-07 6.033537952607563853e-04 inf 0.000000000000000000e+00 -9.000000000000000000e+01
5.653527787325222098e-01 1.046492811949687698e-08 5.838147747508204768e-03 8.453563104886055449e-09 -4.421097854448097775e-01 4.634884598885803682e-09 1.497155176092923556e-07 4.310314416006343427e-05 inf 0.000000000000000000e+00 -9.000000000000000000e+01
2.612989402891583435e-01 1.077926317351517449e+00 7.225067844940040028e-06 7.315849407363861187e-10 -1.251943774454317981e-01 1.259951842379331787e-09 2.406101582866336789e-08 4.163326747989261278e+00 inf 0.000000000000000000e+00 -3.000000000000000000e+01
9.879383069095502012e-01 1.906920720315562910e-11 4.562456801536259079e-12 5.711218404125653408e-04 -2.119524379299148401e-02 3.527803332583791189e-10 1.220429261001960262e-08 9.732923356490633235e-08 inf 0.000000000000000000e+00 -9.000000000000000000e+01
3.223804434038787803e-01 3.196309300272998644e-01 3.387805254497499073e-06 1.751507771741583777e-09 -5.457784052509163653e-01 2.017818894930362669e-09 7.067487500009899069e-10 -3.444119814316418455e-10 inf 0.000000000000000000e+00 -9.000000000000000000e+01
4.111093778869404636e-01 6.597470858307041136e-04 2.679315210803227707e-09 1.435904850838234556e-07 -5.952793964307715457e-01 -4.528302833947823962e-07 2.297447761341175289e-06 2.538846258003834973e-07 inf 0.000000000000000000e+00 -9.000000000000000000e+01
5.914442548120533161e-01 7.255635839701768397e-01 -1.604069050116062980e-07 4.167434296870163625e-08 -1.831783950563911921e-05 -3.464671201997011446e-09 -1.315755985552718503e-07 0.000000000000000000e+00 inf 0.000000000000000000e+00 -9.000000000000000000e+01
8.750942117568968337e-01 2.687879542958164004e-05 3.700737156141540945e-04 2.116858568396813300e+00 -1.285235559383779425e-01 2.181018137727587587e-07 5.283471376286862949e-05 0.000000000000000000e+00 inf 0.000000000000000000e+00 -2.000000000000000000e+01
9.811804356645849046e-01 7.208589707386747758e-02 0.000000000000000000e+00 2.874522235199351608e-09 -2.012741679411737624e-05 -1.747406937713290044e-10 8.260469160099189392e-10 7.957887872183467855e-10 inf 0.000000000000000000e+00 -9.000000000000000000e+01
-6.085810770515239554e+00 1.242601234494269180e+00 -8.002264809062425814e-04 8.884109613549577844e+00 -2.105573115458005518e+01 9.418259541984690353e+06 2.491376753754276738e-06 1.987502803556782423e-06 inf 0.000000000000000000e+00 -2.000000000000000000e+01
8.699149805649454947e+00 5.158223408146396516e-02 2.155246549364789599e-01 2.191167325187536041e-02 -1.018885622057039697e+01 2.709843683893717635e-06 1.447773938056501208e+02 8.088639630509011841e+10 inf 0.000000000000000000e+00 -2.000000000000000000e+01
4.965119391780305480e-01 8.851560351130426776e-09 1.043834114841730665e-08 1.416406152073761637e+00 -6.222436447063173920e-02 1.816194888460886519e-09 1.725385144037842286e-09 -8.339347815651676488e-01 inf 0.000000000000000000e+00 -9.000000000000000000e+01
5.436413449263864939e-01 1.680545974086739090e-03 6.281159935107574170e-06 4.010393801797900002e-04 -4.634640242717755765e-01 1.687781989688941294e-07 0.000000000000000000e+00 -2.769454425069699030e-07 inf 0.000000000000000000e+00 -9.000000000000000000e+01
1.778128963256757067e-01 1.004525744527875098e-09 5.837538766735782259e-02 2.188466416316008800e+00 -4.494172104934661127e-01 -3.428781207988480157e-07 6.638604920358131367e-09 0.000000000000000000e+00 inf 0.000000000000000000e+00 -2.000000000000000000e+01
1.001539634850679761e+00 2.977504971157588931e-09 5.876067404225035831e-03 0.000000000000000000e+00 -5.983462892030715075e-03 -5.021521897303609280e-08 1.815894687785763739e-05 3.424381839746809542e-02 inf 0.000000000000000000e+00 -9.000000000000000000e+01
9.944342131796262141e-01 2.857288873821617683e-02 5.330228893722719074e-05 4.434903072529963741e-01 -1.713304893624340670e-03 -6.419289791458352676e-09 0.000000000000000000e+00 0.000000000000000000e+00 inf 0.000000000000000000e+00 -9.000000000000000000e+01
-2.224436256917806248e-04 -1.094919079113259031e+00 -2.019177117330970173e-04 9.165059255970360932e-03 -1.302171619088268839e+00 -1.600830350042823161e-02 1.292862906404128994e-09 4.654131653422449114e-05 inf 0.000000000000000000e+00 -1.000000000000000000e+01
1.318524704746063536e-01 1.897004746819867149e-09 -6.315283659693690781e-10 6.315283659693690781e-10 -8.755523655161052687e-01 1.669557749114424033e-09 0.000000000000000000e+00 6.560147545780907474e-02 inf 0.000000000000000000e+00 -1.000000000000000000e+01
1.650064184681701573e-01 3.901590614139467394e-01 -3.172248285161060535e-09 1.134542782857809714e-03 -6.647740600156495372e-01 -1.437771416084893974e-07 4.030288378946632440e-07 3.526124963752558987e-05 inf 0.000000000000000000e+00 -9.000000000000000000e+01
3.696984899360354904e-01 9.100270521502411558e-01 7.391577149470013926e-04 1.743215882649575346e-02 -3.746205112517519281e-02 4.573004287741112404e-06 -1.061888313166161616e-06 3.037542994047016293e-06 inf 0.000000000000000000e+00 -9.000000000000000000e+01
7.390358607590077344e-01 8.205562400343316229e-10 3.773661921381931613e-08 3.731993806478155299e-05 -2.684120471486298731e-01 1.165817608791946634e-08 5.452439278042335190e-07 1.775371163875466562e-02 inf 0.000000000000000000e+00 -9.000000000000000000e+01
5.095561299595157134e-01 1.823872494689041390e-01 1.214661475844454497e+00 4.623030903777078406e-10 0.000000000000000000e+00 1.241774119123636947e-07 1.754650365751754776e-09 0.000000000000000000e+00 inf 0.000000000000000000e+00 -9.000000000000000000e+01
6.223432572851268496e-01 5.504215129290626618e-04 2.123403880988561920e-01 4.684207466667530434e-10 -3.747758923588107027e-01 -5.001931608920247735e-06 1.712415019098629483e-07 0.000000000000000000e+00 inf 0.000000000000000000e+00 -9.000000000000000000e+01
6.914630028226484981e-01 3.850191720262474693e-01 8.600572424653600816e-05 3.575037547277377176e-08 -1.401260251932261169e-01 1.155002523571045790e-05 -1.689946788178061569e-08 4.105829148183188583e-08 inf 0.000000000000000000e+00 -8.000000000000000000e+01
8.733948337499136683e-01 8.006743246051097869e-09 3.342451362351513048e-08 2.235265525301792344e+00 -1.899781806563033357e-09 1.874567844195468573e-06 0.000000000000000000e+00 5.823085997128071271e-10 inf 0.000000000000000000e+00 -2.000000000000000000e+01
2.316168939873534394e-01 8.246130720745340646e-10 -2.970511861054677666e-05 2.118757072424397592e+00 -7.720563132911780757e-01 2.140717379160379768e-09 1.453357785307523078e-08 4.043522780053480231e-02 inf 0.000000000000000000e+00 -2.000000000000000000e+01
8.718733684198227696e-01 1.503381353416239922e-05 -7.527160484149391439e-08 7.467614949246016431e-01 -1.343975203561946496e-01 2.417779876874610740e-09 0.000000000000000000e+00 0.000000000000000000e+00 inf 0.000000000000000000e+00 -8.000000000000000000e+01
3.261054817780888182e-02 2.323463389892457191e-04 -8.148820266809685868e-04 1.965915293895174942e+00 -9.712325060297236634e-01 4.047638643739316317e-09 4.731951651853517458e-09 1.759295944605428381e-06 inf 0.000000000000000000e+00 -9.000000000000000000e+01
7.736775069200808597e-01 1.161603182784205550e-08 -6.633074415176776740e-06 5.201808995390695689e-02 -2.339592966002012331e-01 5.040164185952771885e-10 0.000000000000000000e+00 1.451823478737568733e-05 inf 0.000000000000000000e+00 -8.000000000000000000e+01
-6.554955134921581616e-04 2.000962164568015622e-01 4.510114903327968813e-03 2.199590682615598425e+00 1.917305994155456778e-09 -7.465100144544440124e-09 0.000000000000000000e+00 5.230673196983042638e-10 inf 0.000000000000000000e+00 -2.000000000000000000e+01
4.766114866780987724e-01 2.481837016121705985e-01 2.019724134213627873e-04 4.659232271403855249e-03 -4.259869505283525037e-01 -1.920869282845137827e-08 -2.929141665028217977e-08 7.066019956114542346e-04 inf 0.000000000000000000e+00 -9.000000000000000000e+01
5.489994122396412157e-01 3.697805565203354306e-05 2.176506545565441431e-01 3.942239931066746656e-07 -4.482953780418371670e-01 5.566768075548573574e-10 4.562329488003940291e-09 1.347641941071933071e-07 inf 0.000000000000000000e+00 -9.000000000000000000e+01
8.950339341840707515e-04 9.543897151247129050e-05 -1.582911922685233119e-01 3.610088628090962093e+00 -2.364747977315397875e+00 1.617543586850058901e+01 0.000000000000000000e+00 6.651337019469715385e-08 inf 0.000000000000000000e+00 -2.000000000000000000e+01
6.151699299876769444e-01 3.476410768038576624e-10 4.882984861685763859e-10 2.283864410732693084e+00 -3.474911979770710091e-01 -5.995527791952003981e-07 2.505943256792439143e-07 4.312942872418593782e-02 inf 0.000000000000000000e+00 -2.000000000000000000e+01
9.783398847484248151e-01 7.014217190760295428e-02 -7.209500762858708637e-06 3.883263104056346220e-05 -2.126754980005154515e-03 -1.137923409590281848e-06 5.872639694249146798e-06 6.095449872350740862e-06 inf 0.000000000000000000e+00 -9.000000000000000000e+01
5.903146777327741845e-02 6.097654228672745765e-04 1.389338938178600507e-04 7.424581456737854737e-07 -9.484553817965911682e-01 -4.155127439621058578e-07 4.769916703646623030e-08 1.080592240887846141e-08 inf 0.000000000000000000e+00 -9.000000000000000000e+01
9.247493981938397223e-01 7.524921573538106978e-02 1.024813714393161640e-04 2.016316334885391637e+00 -4.895732108085033840e-02 -3.317969280662592648e-08 -2.145331929027767424e-08 1.044734499338168974e-03 inf 0.000000000000000000e+00 -2.000000000000000000e+01
2.070693267509583074e-02 3.186431522238276082e-01 8.599467334480974390e-02 2.081412150306102937e+00 -8.599467334480974390e-02 -9.051402563451133500e-07 2.838727542920136966e-09 7.643509864926649763e-08 inf 0.000000000000000000e+00 -2.000000000000000000e+01
4.396840849092594622e-02 6.701473303352401250e-04 9.483509162280043370e+00 7.549978168028772529e+00 -4.502940485123868020e-01 3.172734255028668110e-09 1.495258204650335070e-09 8.120830175855338950e+01 inf 0.000000000000000000e+00 -2.000000000000000000e+01
4.593067094929060845e-01 5.289970842389552217e-06 1.310467926947005819e-08 4.064610364773893432e-05 -5.484259217825744326e-01 5.691341776273187363e-10 0.000000000000000000e+00 1.313386563755350898e-09 inf 0.000000000000000000e+00 -9.000000000000000000e+01
1.016581291819138810e+00 3.316456824272602522e-02 5.574020258722970489e-05 0.000000000000000000e+00 -8.902068317784355214e-03 7.942041342337022303e-02 4.723769095098805625e-03 4.580201424679636868e-01 inf 0.000000000000000000e+00 -1.000000000000000000e+01
2.637769038281795320e-01 2.943013053628815157e-01 -5.241882044211059952e-04 2.732526988535871110e-08 -1.977305961553595034e-07 -7.371930936682746793e-01 1.598322318922489315e-07 7.144562556394825754e-10 inf 0.000000000000000000e+00 -9.000000000000000000e+01
5.354562002075073934e-01 4.836693779246645786e-01 5.125145148432674534e-07 1.954219708786523402e+00 -2.149641679665175720e-01 2.696525231504918105e-08 4.950424291099741831e-10 0.000000000000000000e+00 inf 0.000000000000000000e+00 -9.000000000000000000e+01
9.956230756069922583e-01 5.351431380362893008e-08 2.856428514572786124e-08 9.589438584637211125e-09 -1.201129262995911072e-02 -1.186292250439922297e-08 -2.177619847034571385e-03 1.234909829647140795e-06 inf 0.000000000000000000e+00 -9.000000000000000000e+01
