2.540279460472020800e-01 5.058324527416934169e-01 3.050715127498622838e-04 4.569167869820571215e-01 -4.969386953308504440e-01 1.098386368469394145e-06 7.633573217161812303e-08 -1.186119449541635757e-08 1.661245044788654013e+03 1.000000000000000000e+00 0.000000000000000000e+00
3.782978628149926137e-01 4.849972600192213323e-01 2.191615814539982828e-04 4.003431928158663333e-01 -3.906432476154819144e-01 9.068940686394575155e-06 2.463757619359384935e-09 3.010646110653985351e-07 2.292755293260949202e+03 1.000000000000000000e+00 0.000000000000000000e+00
4.288130900066203233e-01 4.804655758483268868e-01 2.334107614922399376e-01 2.699573316632586928e-01 -3.069911894365577321e-01 5.669506786173872694e-08 4.737901098845353561e-10 3.313555695505703003e-02 6.791961922774004051e+03 1.000000000000000000e+00 0.000000000000000000e+00
3.947788333634856262e-01 5.740238189853467121e-01 8.070227139819492889e-10 4.387653329025926197e-01 -3.112044842391822330e-01 2.353065212747368968e-08 4.761188218773506015e-07 -1.887695769557777761e-07 6.992778639874594774e+03 1.000000000000000000e+00 0.000000000000000000e+00
3.911330774115853171e-01 3.386389012326620485e-01 6.503197112464284069e-08 7.714705923966686777e-05 -4.662718001774951437e-01 -4.495795135862101284e-07 2.650359577909972390e-08 2.388292022846234645e-03 8.748199183599805110e+03 1.000000000000000000e+00 0.000000000000000000e+00
3.381938393335239823e-01 4.428498125370213812e-01 4.360665550145724489e-02 2.150050375419072703e-03 -4.554472907929978942e-01 6.227152276371398091e-10 6.053153006967861576e-08 2.652738209671982525e-02 9.714559318025761968e+03 1.000000000000000000e+00 0.000000000000000000e+00
3.870620440883318913e-01 4.642789670251455947e-01 2.359502963582891798e-09 1.109382373839032099e-01 -3.978137675352300118e-01 0.000000000000000000e+00 2.516803161155084694e-08 1.217620047873640454e-08 1.082557068155827437e+04 1.000000000000000000e+00 0.000000000000000000e+00
2.466413404919330921e-01 5.849201750796831911e-01 2.269612137678979173e-03 2.315309026357079414e-01 -4.542880026452206232e-01 2.086026895578764548e-08 1.468934816719531313e-06 -2.330541322583112775e-03 1.089646424296943769e+04 1.000000000000000000e+00 0.000000000000000000e+00
3.566276480516696878e-01 4.506832914938683210e-01 4.874237772134771413e-02 2.780030086117067992e-02 -4.310883657767435873e-01 0.000000000000000000e+00 2.737379500240745290e-09 3.345004752507517824e-07 1.093477815516973169e+04 1.000000000000000000e+00 0.000000000000000000e+00
4.141473935400373785e-01 4.160781506194781154e-01 1.351529955608513633e-01 8.469322551196306918e-10 -3.842206588087059838e-01 -1.019627316227251380e-07 1.618341888763625505e-09 8.721064622781759158e-10 1.236904784733110500e+04 1.000000000000000000e+00 0.000000000000000000e+00
3.433262620499695217e-01 4.495704921399314435e-01 2.515469144262299584e-08 3.987223818411104607e-08 -4.515379778823381818e-01 1.269461701008829560e-08 6.145015531904172670e-08 2.692996109919173695e-02 1.245139104571280222e+04 1.000000000000000000e+00 0.000000000000000000e+00
4.136819073000557179e-01 3.623566086275922249e-01 6.194933045610104068e-09 1.707048217012561929e-08 -4.311325088486933077e-01 -1.208394347168390635e-08 1.051609004656036241e-09 1.284875002052465957e-09 1.303186069255247457e+04 1.000000000000000000e+00 0.000000000000000000e+00
4.042018582770676716e-01 3.929218064181727588e-01 1.257842601498915658e-08 1.392311298318398853e-08 -4.239419490301337690e-01 3.800981830097391273e-07 2.779019734269319129e-08 3.525016205904660249e-02 1.307249705108421040e+04 1.000000000000000000e+00 0.000000000000000000e+00
4.984248567311203026e-01 2.638719829752990131e-01 1.424257398478644992e-08 5.937119616944227379e-02 -3.967852781035977605e-01 1.202900420391984454e-08 0.000000000000000000e+00 -1.044892314323545727e-09 1.324743608501774725e+04 1.000000000000000000e+00 0.000000000000000000e+00
4.423220486505128890e-01 4.384076942376764485e-01 7.199915093697500167e-10 1.137609251230577850e-01 -3.581634287745303347e-01 5.705249175512195887e-10 1.235833527475165876e-09 2.354728826471895204e-03 1.361321592945919474e+04 1.000000000000000000e+00 0.000000000000000000e+00
2.560463700021659017e-01 4.096741920034654982e-01 2.824040845612124043e-03 2.235699002776265175e-03 -5.614946278635732924e-01 1.278379492490026030e-08 -8.582379177110007086e-09 1.503029551619733977e-06 1.372877073029164785e+04 1.000000000000000000e+00 0.000000000000000000e+00
3.900654883298259601e-01 4.086400353931509688e-01 6.278074706436343258e-03 8.274334615758081137e-09 -4.281921901966510569e-01 5.280715313754057398e-10 5.631209135682119414e-07 3.292252857678391467e-09 1.399504114389422284e+04 1.000000000000000000e+00 0.000000000000000000e+00
4.249735884934046637e-01 5.033667747203434129e-01 2.551484443967245952e-08 1.583336063925670223e-01 -3.342025307569493342e-01 1.894400347704596652e-09 1.759909450808733043e-09 3.258522301934073117e-09 1.400943114248570600e+04 1.000000000000000000e+00 0.000000000000000000e+00
3.709071184574819768e-01 4.723270336606996689e-01 4.720855576721205704e-02 1.051741122131582596e-04 -4.037478529042382025e-01 1.810075063926359122e-07 2.608028002412979403e-08 3.284073444675621872e-02 1.492619566269536335e+04 1.000000000000000000e+00 0.000000000000000000e+00
4.334638946661358849e-01 3.999542170236166649e-01 5.904729487814881078e-02 3.060428727095479807e-08 -3.837398568740105764e-01 -1.103365093716001919e-09 1.665904108795383760e-05 1.097847301796244998e-03 1.494846326473362205e+04 1.000000000000000000e+00 0.000000000000000000e+00
3.456952162788359262e-01 4.903228067628387365e-01 1.248749560557617502e-05 3.387871911236040728e-02 -4.244760989002033247e-01 1.533113137414572157e-09 1.286068512942097931e-02 -1.593806335681814288e-03 1.496857955346849667e+04 1.000000000000000000e+00 0.000000000000000000e+00
5.835990976687605025e-01 7.207101946324495596e-10 1.487609550909851624e-08 3.762397113175891539e-01 -4.232696752322878120e-01 3.663278337358307143e-09 -3.353243942559689940e-05 9.337377935983944856e-10 1.500045942618532717e+04 1.000000000000000000e+00 0.000000000000000000e+00
3.821259885160488978e-01 4.466280735341031649e-01 4.776574856450611223e-02 1.064154604568100948e-04 -4.085132051143438026e-01 1.794157803560813412e-07 7.456240222590393055e-09 6.043632211669947237e-10 1.506622742719892631e+04 0.000000000000000000e+00 0.000000000000000000e+00
4.977170617223939386e-01 4.146012459141356077e-01 1.573651697231022374e-08 1.500973850184429692e-01 -3.168179331985375713e-01 5.118010728262931813e-10 1.453442192581430445e-09 2.797603017299595424e-09 1.523600104026914778e+04 1.000000000000000000e+00 0.000000000000000000e+00
1.935875438091473055e-01 5.846734908983337586e-01 6.147382230808149522e-02 1.935875438091473055e-01 -4.966791528032667991e-01 2.368350757614454265e-07 0.000000000000000000e+00 2.243639374216449159e-09 1.540518276091273947e+04 1.000000000000000000e+00 0.000000000000000000e+00
4.652949336223047294e-01 3.646613782109690560e-01 3.559032831667701454e-03 3.719654265875982357e-02 -3.776463531027542953e-01 5.965978788783825396e-10 3.199054572147867849e-08 3.817400862351416548e-05 1.595660496330609749e+04 1.000000000000000000e+00 0.000000000000000000e+00
4.329330280108661388e-01 3.725475702032039482e-01 6.596663491965214395e-05 2.031443225120235874e-08 -4.063224872820658806e-01 5.700089379794956649e-10 0.000000000000000000e+00 1.975014246644673674e-09 1.596776244004043474e+04 1.000000000000000000e+00 0.000000000000000000e+00
3.824397540622571645e-01 4.329140363242809375e-01 1.388539229778797436e-08 2.153650264785870756e-03 -4.222367843073143723e-01 4.646544037150402876e-10 3.391796347740916691e-09 -3.677888656412490586e-03 1.605924877068026944e+04 1.000000000000000000e+00 0.000000000000000000e+00
4.443020645334770369e-01 3.574844197395792289e-01 1.866963171734201804e-08 7.181847119527797497e-10 -4.034467022775251044e-01 -8.019824407275615398e-07 2.830884374531751706e-08 1.030507864832906924e-09 1.613455972901588029e+04 0.000000000000000000e+00 0.000000000000000000e+00
4.745215486090993418e-01 3.135231660452977853e-01 4.687642543473629900e-09 1.597074827036065910e-03 -3.961407570977748538e-01 0.000000000000000000e+00 1.411921722088231828e-04 1.417341078801117757e-08 1.653468225707802776e+04 0.000000000000000000e+00 0.000000000000000000e+00
3.961079726121746747e-01 4.230099192298633071e-01 4.166838829083727932e-07 6.579801229577542177e-09 -4.146610392450634230e-01 4.865735363048939142e-09 1.627809648729099660e-06 -3.507689160280528032e-03 1.672144329197371917e+04 1.000000000000000000e+00 0.000000000000000000e+00
3.799239914247743988e-01 4.499878963368756368e-01 4.432584092798325401e-07 6.999436133797780479e-09 -4.144625360997538643e-01 -5.176053611547938526e-09 1.742918416106687787e-06 1.199903337222476776e-07 1.756643614680272731e+04 1.000000000000000000e+00 0.000000000000000000e+00
3.201230175116804300e-01 5.051482478165966183e-01 2.832223693671018865e-05 3.426393153794744968e-03 -4.395572931582401033e-01 1.068555025183580066e-09 2.676869651402144506e-05 3.298285820477641939e-05 1.767769838187978894e+04 1.000000000000000000e+00 0.000000000000000000e+00
4.909812816110907252e-01 3.179390464785194492e-01 3.578875705289590625e-07 8.176736854446357205e-08 -3.804844326710151159e-01 5.805576366545071397e-10 3.596359706068498474e-02 -1.834173798960915129e-07 1.824842635059159875e+04 1.000000000000000000e+00 0.000000000000000000e+00
4.392968472039426864e-01 4.576458555638125425e-01 -2.669880835219686334e-08 6.732467037922831854e-02 -3.497105122704605162e-01 1.990347911797808254e-09 1.841574431522012499e-09 3.409727331726346482e-09 1.826649525258470021e+04 1.000000000000000000e+00 0.000000000000000000e+00
4.441567537935334764e-01 4.954056100004796126e-01 8.503476846403556881e-05 1.117509781179242823e-01 -3.207798777397741774e-01 7.602733897074024804e-08 4.454726892816811357e-09 7.229113831274958926e-05 1.844642025111298426e+04 1.000000000000000000e+00 0.000000000000000000e+00
4.751500840887835642e-01 3.436171208968241686e-01 3.369576273631227480e-03 3.046347087666491639e-09 -3.793043589721619702e-01 1.318817592067089628e-08 1.694103243265904408e-09 3.472635122425799626e-05 1.856894866267263569e+04 1.000000000000000000e+00 0.000000000000000000e+00
4.688774558133589343e-01 4.208598850372920475e-01 1.346856587804538441e-08 5.990427334563245415e-02 -3.427136424017322436e-01 -1.249882913482611684e-06 5.488440595303494206e-08 1.993376482891256758e-03 1.884483395256035146e+04 1.000000000000000000e+00 0.000000000000000000e+00
3.604183530235715582e-01 6.373251364441203659e-01 3.179006796733073025e-05 1.851539405014384354e-01 -3.010811851477396273e-01 7.230731440354101580e-08 5.464802124588273170e-10 1.428626173394237785e-09 1.893083530187167707e+04 1.000000000000000000e+00 0.000000000000000000e+00
1.851292931415233489e-01 5.553878794245701300e-01 5.878790053673374483e-02 1.075245894508847777e-01 -5.292079793843547098e-01 4.695263458976042512e-09 3.246280076977501095e-09 1.041456805811451540e-09 1.918154642041012266e+04 1.000000000000000000e+00 0.000000000000000000e+00
4.938490280532911725e-01 3.672210721421908519e-01 4.383275396922702710e-02 2.161198285982721470e-03 -3.438436033586031448e-01 1.096888984825627547e-05 4.397936811935832042e-09 0.000000000000000000e+00 1.928981827108969446e+04 1.000000000000000000e+00 0.000000000000000000e+00
3.507110260707768101e-01 5.079936867877546947e-01 3.199383315826724583e-02 2.175153256227615496e-03 -4.024873056856825837e-01 -3.344640980441825963e-07 1.834195523745082260e-08 3.749910848545501525e-08 2.001611485672780327e+04 0.000000000000000000e+00 0.000000000000000000e+00
5.569614323654037413e-01 2.142085630053478310e-03 3.925719347068924725e-02 7.974892226787369840e-10 -4.477773630250492243e-01 1.235473045857186477e-05 2.531856901799543237e-09 4.021722154483028897e-09 2.001852025609192060e+04 0.000000000000000000e+00 0.000000000000000000e+00
4.561345338357916113e-01 4.561345338357916113e-01 1.397228446718839606e-08 6.446440949285277278e-02 -3.340428491902371344e-01 1.397228446718839688e-09 1.921189114238404416e-09 6.462274714637748719e-05 2.021737206459522349e+04 1.000000000000000000e+00 0.000000000000000000e+00
4.310215542210459327e-01 4.784642077301540231e-01 1.236537245716115285e-01 7.565707398653687880e-05 -3.280609019246836788e-01 -4.408965274561518445e-07 2.599171668409628749e-08 2.342165573837284766e-03 2.047735792167816544e+04 1.000000000000000000e+00 0.000000000000000000e+00
4.573237343705267022e-01 5.100918575671259392e-01 8.755561529383644101e-05 1.175067928590936700e-01 -2.980421773141253006e-01 1.840539213697706908e-07 1.437921260701333522e-09 1.118898734953931623e-04 2.063522016900120070e+04 0.000000000000000000e+00 0.000000000000000000e+00
4.417743458156991321e-01 4.368874614593307726e-01 3.127605988075746191e-02 6.353566945987028664e-10 -3.567425580148897990e-01 5.679979619335108116e-10 4.860751789623313636e-10 -1.715062564033083085e-07 2.091356212083902574e+04 1.000000000000000000e+00 0.000000000000000000e+00
3.586138675856770930e-01 5.687010107217005395e-01 1.031780175853130856e-05 8.061483399405548755e-02 -3.566595685797606108e-01 2.910455062522126186e-05 7.698950166838970756e-10 1.612593344638138904e-09 2.100990970878232838e+04 1.000000000000000000e+00 0.000000000000000000e+00
3.993557905569828370e-01 5.046803946599233148e-01 5.403371616739396921e-02 2.050264103305938709e-02 -3.521791449692073805e-01 4.607094295681195566e-05 0.000000000000000000e+00 1.679321026655232337e-07 2.123010712258009517e+04 1.000000000000000000e+00 0.000000000000000000e+00
3.550955581315461962e-01 5.143445410261949791e-01 3.239381484347670509e-02 2.202346667555071975e-03 -3.936713987085108113e-01 -1.044707260107097207e-07 1.691311485571238857e-09 3.077523644333548130e-08 2.136249210700209369e+04 1.000000000000000000e+00 0.000000000000000000e+00
5.133329823070525988e-01 3.885504589399232378e-01 3.712762145851561854e-08 5.795285892152249319e-02 -3.165215226873526189e-01 9.580468281487895981e-10 5.464411882676123136e-06 3.114807652647475378e-03 2.170351757605597231e+04 1.000000000000000000e+00 0.000000000000000000e+00
5.460597459506889573e-01 5.054742242921917983e-01 3.608883033837956972e-02 1.895528341095719105e-01 -2.061560020607752786e-01 4.750204453812612300e-07 3.573649184002544122e-08 3.936512024224340984e-08 2.191447986287040112e+04 0.000000000000000000e+00 0.000000000000000000e+00
3.747296421930917387e-01 4.868610185015105341e-01 4.457345750441075446e-05 2.873584120609157611e-06 -3.967725623220971776e-01 1.281727968077448759e-09 0.000000000000000000e+00 4.712760216886440389e-10 2.192090967768103292e+04 1.000000000000000000e+00 0.000000000000000000e+00
5.247846872772073956e-01 2.895363791874247528e-01 1.551995720497912330e-08 5.748825846921562781e-10 -3.578991353844556134e-01 5.261954602556869484e-10 1.490575040439597347e-09 2.071539171296747086e-04 2.202530291402453440e+04 0.000000000000000000e+00 0.000000000000000000e+00
5.546639361056827644e-01 6.909716550976405247e-02 4.421746939618006745e-05 2.245418367774769130e-06 -4.263743182308989965e-01 0.000000000000000000e+00 8.461925689856339810e-09 4.550744920416926367e-10 2.230954812180954832e+04 1.000000000000000000e+00 0.000000000000000000e+00
4.935698386604696619e-01 3.577621212467059220e-01 6.116384618381768195e-09 1.001335224042431405e-06 -3.537081595328622208e-01 7.456703469940735049e-10 1.038275166700608816e-09 1.268583476405107355e-09 2.244784053858599509e+04 1.000000000000000000e+00 0.000000000000000000e+00
4.547854605185622234e-01 4.136960143936818657e-01 8.464165080045852178e-06 1.107893661571658085e-06 -3.614003556892886881e-01 4.673815061035419720e-05 7.751693271961184703e-06 1.864672310221591021e-09 2.285911990330407571e+04 0.000000000000000000e+00 0.000000000000000000e+00
2.417401054424422047e-01 6.214669377387402882e-01 1.016309307252538213e-09 8.558337066317397990e-02 -4.360801902098957461e-01 1.225535609425145696e-07 2.629062686715060654e-10 3.225834740381173377e-02 2.331065584605977710e+04 1.000000000000000000e+00 0.000000000000000000e+00
4.172996942200363768e-01 4.866867628140002511e-01 5.338406509782080839e-02 2.766902814627772299e-08 -3.469353429698194269e-01 -9.210873843431926456e-10 4.324523472799280588e-07 0.000000000000000000e+00 2.332232369871570700e+04 1.000000000000000000e+00 0.000000000000000000e+00
3.518195125218891439e-01 5.115592911878166227e-01 7.228543279327686284e-10 1.531247878316021813e-03 -4.037594405543686316e-01 -1.663587172486888932e-07 8.999171304819569552e-10 1.139043183409211172e-09 2.343926592930664629e+04 0.000000000000000000e+00 0.000000000000000000e+00
4.870396135243932889e-01 4.371620627417747151e-01 2.693128172272535817e-08 4.657683051023941978e-02 -3.168691461484004490e-01 7.669148813086699528e-10 1.766496590217741733e-02 -3.963911595552650106e-09 2.371747411708975415e+04 0.000000000000000000e+00 0.000000000000000000e+00
4.960633331821164838e-01 3.688676067251635549e-01 2.501880510496763943e-08 -6.640702365353238286e-05 -3.453853187638799560e-01 1.101807182021287999e-05 4.650931718231163592e-09 0.000000000000000000e+00 2.371994367312383110e+04 1.000000000000000000e+00 0.000000000000000000e+00
5.488497173229570647e-01 4.168212141599792056e-05 0.000000000000000000e+00 6.594304295923570388e-10 -4.587713286020136949e-01 -9.649379142986481076e-07 3.596041916640924785e-08 -3.273197264569161760e-05 2.385760070391303816e+04 0.000000000000000000e+00 0.000000000000000000e+00
4.151055687101263825e-01 4.637097017552994083e-01 3.618001583059663992e-06 1.989399762430313645e-06 -3.717559365347017919e-01 3.298310177596700694e-09 2.280434039703356859e-09 6.263853156266731287e-10 2.395254740505629525e+04 1.000000000000000000e+00 0.000000000000000000e+00
4.697390451285807789e-01 4.086899273501370944e-01 8.197513373570322484e-04 2.526952068774390230e-09 -3.493366183988723672e-01 -2.385442752923024543e-07 1.277626965972331714e-06 -2.027021488737389045e-03 2.421064626202065847e+04 1.000000000000000000e+00 0.000000000000000000e+00
5.166589675969530671e-01 3.413639607337011217e-01 5.103904267516753675e-09 2.762776031246240547e-06 -3.390574474855004294e-01 0.000000000000000000e+00 1.830119154456108499e-04 -2.392132909219973342e-08 2.428183939716524765e+04 1.000000000000000000e+00 0.000000000000000000e+00
3.701115202663945447e-01 5.869343454905766588e-01 8.186499521602532388e-06 8.319945619067452280e-02 -3.317893465058414093e-01 5.924440443264990488e-07 4.042396710730221443e-09 5.638316899130033666e-08 2.430619004693676834e+04 1.000000000000000000e+00 0.000000000000000000e+00
3.983494387928384617e-01 5.081307801924396239e-01 5.332236582266342007e-02 3.776521506091430167e-08 -3.513002924787236858e-01 2.156929721974120600e-05 5.589220669596949573e-10 -2.273391164062959685e-07 2.444256049607473324e+04 1.000000000000000000e+00 0.000000000000000000e+00
4.430692770012578108e-01 4.411717640376550120e-01 4.170584114364020649e-09 8.233722671883409638e-07 -3.567324371573296071e-01 4.842118844642973078e-10 1.462164377776218628e-05 9.635808018295555655e-04 2.451863221824385982e+04 1.000000000000000000e+00 0.000000000000000000e+00
5.747090744976087739e-01 7.159428521590108230e-02 1.160658207425017616e-02 4.206181705679957531e-08 -4.046421034728061583e-01 1.638488372191811667e-09 8.767733333861960720e-09 4.860848837502374073e-10 2.455459612552711769e+04 0.000000000000000000e+00 0.000000000000000000e+00
4.146083479864281496e-01 4.680122335584505078e-01 6.993140200526720809e-06 1.432403833115700554e-08 -3.689723003157908687e-01 -4.648078094832513124e-10 8.685865344404215551e-07 4.050806093105104901e-03 2.458620710542019879e+04 0.000000000000000000e+00 0.000000000000000000e+00
5.179989011926379172e-01 3.657492241529098909e-01 1.212579419960125040e-08 2.614216921526936146e-09 -3.254993095332116559e-01 1.288202652602799500e-08 1.453791455113483152e-09 3.281243039649311272e-02 2.489531863688746671e+04 1.000000000000000000e+00 0.000000000000000000e+00
5.571662519917833789e-01 2.572221195297530461e-01 1.823615524355363028e-09 7.858125077676746656e-10 -3.417761034582185720e-01 1.812209638166667665e-07 -2.498897037359564368e-05 7.476823649856989117e-10 2.531188173249321699e+04 1.000000000000000000e+00 0.000000000000000000e+00
4.426095011489517561e-01 4.759031361911295055e-01 4.994045256326667959e-02 3.536999722712134399e-08 -3.290194521815216766e-01 5.690717375650711101e-10 0.000000000000000000e+00 0.000000000000000000e+00 2.531934196152149525e+04 0.000000000000000000e+00 0.000000000000000000e+00
4.027709354888731608e-01 4.809788841274892923e-01 1.933240917885714209e-05 7.528414550504987749e-08 -3.724653553914094029e-01 9.556191844294256481e-08 4.346901899904582378e-08 -2.307470713622271624e-08 2.563980467429229975e+04 1.000000000000000000e+00 0.000000000000000000e+00
4.334069749107747338e-01 5.283064705458653254e-01 5.747420449720543166e-06 6.383703185762540366e-02 -3.101354651167395060e-01 1.151700019094771950e-09 7.445521946228884926e-07 -2.216563606167548835e-03 2.636647925214018687e+04 1.000000000000000000e+00 0.000000000000000000e+00
4.084200628538862676e-01 4.833373524898061935e-01 1.452461373092396801e-09 5.893872183374932291e-09 -3.657252633839533362e-01 0.000000000000000000e+00 7.397349761720574619e-10 9.362974140595615347e-10 2.700724451198516545e+04 1.000000000000000000e+00 0.000000000000000000e+00
4.412660858020640009e-01 4.562560165299472947e-01 4.646041380464616035e-07 2.029962695464539903e-06 -3.494527600937789025e-01 1.245971133432893694e-09 4.519699209511476862e-10 -3.992691811336779901e-09 2.701296693759050322e+04 1.000000000000000000e+00 0.000000000000000000e+00
4.418441952760033264e-01 4.576596474559049832e-01 6.215759385301276239e-09 -2.791200008328416752e-09 -3.479399479578370591e-01 4.959221531631158975e-05 1.550257524414595406e-09 7.088469678142746310e-10 2.725108822795002925e+04 1.000000000000000000e+00 0.000000000000000000e+00
4.643535123610028625e-01 4.643535123610028625e-01 2.738129182734674906e-08 2.243463837825509025e-02 -3.211695599413360025e-01 2.444758198870245393e-09 1.985439991809775101e-09 3.845272159707849432e-04 2.733656152204114187e+04 1.000000000000000000e+00 0.000000000000000000e+00
4.487226666994901803e-01 4.526331038820565200e-01 6.147490780960788476e-09 2.760543845952770750e-09 -3.441184720658399532e-01 4.904753668319016425e-05 1.558723965788635808e-09 3.132015445276230743e-09 2.734322184611055491e+04 1.000000000000000000e+00 0.000000000000000000e+00
4.285977443729770964e-01 4.751199013834387919e-01 1.906836431810351991e-06 2.230149044629681230e-08 -3.504009272702861000e-01 8.141813972457566975e-09 3.067929902665169877e-08 2.783905672168586563e-03 2.750105127432001245e+04 1.000000000000000000e+00 0.000000000000000000e+00
4.523545500789759033e-01 4.582165960843189723e-01 4.474771446135927463e-04 1.672486079468864534e-07 -3.370676453072282697e-01 -1.000900226005261428e-09 2.541806141944881451e-06 3.908030670228733461e-03 2.776620782354002586e+04 1.000000000000000000e+00 0.000000000000000000e+00
4.957343440199997175e-01 4.119621387681111080e-01 4.980711881646641026e-05 1.668320423822989916e-08 -3.212910460248905031e-01 5.323645718625297038e-10 5.676988935149779158e-07 6.975811631302114372e-09 2.824086880667551668e+04 1.000000000000000000e+00 0.000000000000000000e+00
5.383336775984054468e-01 4.141028289218502967e-01 4.505004575797536828e-06 5.003742516139024488e-02 -2.776022667957588896e-01 9.027378284496889743e-10 5.836028655010444743e-07 -1.929124868530610439e-03 2.861354144920671752e+04 1.000000000000000000e+00 0.000000000000000000e+00
5.668351263758778513e-01 2.953623647016068166e-01 8.250226897757142108e-04 7.497645547949684400e-07 -3.127366214487601881e-01 -1.268593342021873322e-08 3.163392836291788613e-09 5.663363134026220629e-10 2.890180221805582187e+04 1.000000000000000000e+00 0.000000000000000000e+00
5.881509720582347445e-01 7.326880731847908168e-02 3.506759522628784677e-04 9.956531412516849650e-09 -3.911003912836221175e-01 2.682897686007534272e-08 8.972802260980754148e-09 6.185569664961815512e-10 2.904079677189346694e+04 1.000000000000000000e+00 0.000000000000000000e+00
4.615062702278761586e-01 4.595297979785062381e-01 4.388308005871146732e-09 4.076474014325458424e-03 -3.271061572707216203e-01 1.272314804386802166e-08 4.749091717763237239e-10 2.347060796126778856e-03 2.940560322162679950e+04 0.000000000000000000e+00 0.000000000000000000e+00
4.883501299865523060e-01 4.338872902111003960e-01 1.955707035393730871e-05 5.375368821587573308e-03 -3.158844706976212113e-01 4.446670059407706803e-10 6.267403920082601115e-07 0.000000000000000000e+00 2.963805040084919528e+04 1.000000000000000000e+00 0.000000000000000000e+00
5.982174125121832997e-01 7.477717656402291246e-02 2.499278562725517835e-03 6.528688195974165979e-05 -3.803236529878781802e-01 0.000000000000000000e+00 0.000000000000000000e+00 -1.896467269745280696e-09 3.058204992929362197e+04 1.000000000000000000e+00 0.000000000000000000e+00
5.105737523173511372e-01 4.108064673817767853e-01 2.145437683328189558e-08 8.271303568537686690e-10 -3.071267398997093445e-01 -4.906522701872294251e-07 0.000000000000000000e+00 2.987871773656785750e-09 3.127333054965080737e+04 1.000000000000000000e+00 0.000000000000000000e+00
5.865618685714092395e-01 9.441271172481883780e-07 5.932434131502524313e-09 6.981984558223600264e-05 -4.206789871880921572e-01 0.000000000000000000e+00 5.596262864050714409e-09 2.560816981354957413e-03 3.146390967983420342e+04 0.000000000000000000e+00 0.000000000000000000e+00
4.688593400170407710e-01 5.229160639248877640e-01 1.362450082167165344e-01 1.008939812938812051e-09 -2.564936389504987591e-01 1.962151626433834817e-07 3.600127397696127928e-09 -2.498718559131558985e-08 3.529204776007540204e+04 1.000000000000000000e+00 0.000000000000000000e+00
3.666104642639468336e-01 5.444513127822300236e-01 2.095715306386891337e-04 7.414176555482052768e-08 -3.666104642639468336e-01 9.474986013395595091e-08 -2.431660410477845451e-05 2.990542460477984841e-08 3.830082049796911451e+04 0.000000000000000000e+00 0.000000000000000000e+00
3.484649513267497056e-01 5.621462894044736425e-01 6.069580525889373434e-06 6.013050503235736362e-09 -3.731204903357178693e-01 0.000000000000000000e+00 -5.853845500095074710e-09 1.047128045272237113e-06 4.087610108721122378e+04 1.000000000000000000e+00 0.000000000000000000e+00
5.256657213991259292e-01 4.210250040245926972e-01 2.279283217434630319e-09 3.491229816815769743e-03 -2.856076050693143187e-01 7.888062643838157879e-10 3.968245839802489200e-07 5.998596475662970847e-09 4.105725946760180523e+04 1.000000000000000000e+00 0.000000000000000000e+00
5.491647915805425439e-01 3.895699694786158851e-01 1.827924447318172924e-09 5.893671551353139326e-09 -2.805300289120821744e-01 1.737082141451451486e-08 1.320536934062583102e-08 7.404017205803912329e-10 4.172138080954036559e+04 1.000000000000000000e+00 0.000000000000000000e+00
3.604881074808201080e-01 5.805755836270050096e-01 5.128654818600483258e-03 1.820227779549535643e-02 -3.462583137644719145e-01 2.825577528311321355e-05 8.039867059561627159e-10 1.641614223005790490e-03 4.260013525714238494e+04 1.000000000000000000e+00 0.000000000000000000e+00
2.766525746564054700e-01 6.700022353496947192e-01 1.217271328488184201e-01 4.791119588367749593e-02 -3.259470334133650060e-01 7.888859912099263630e-10 -1.817104410811390749e-02 -1.015620444740570177e-09 4.328543447853816906e+04 1.000000000000000000e+00 0.000000000000000000e+00
5.743328298681996680e-01 4.073074660799987368e-01 1.037326863576323185e-05 2.753232422093516638e-02 -2.451658848587042749e-01 5.148762712011218923e-10 3.301262935088442483e-06 1.144007771488570423e-08 4.391999436915374827e+04 1.000000000000000000e+00 0.000000000000000000e+00
4.685199203473247032e-01 4.854543752996376416e-01 1.345829562529956593e-08 2.087406773635796468e-03 -3.038793860887266662e-01 4.503622364195297291e-10 3.287469087638279308e-09 -3.564761567652680561e-03 4.515337433684829011e+04 1.000000000000000000e+00 0.000000000000000000e+00
4.551564488400831610e-01 5.185613272854678879e-01 3.580677287205877996e-02 2.402507484657100212e-08 -2.898508728931872835e-01 0.000000000000000000e+00 0.000000000000000000e+00 -3.441794430267194277e-09 4.538515875795637112e+04 1.000000000000000000e+00 0.000000000000000000e+00
3.916986934261219022e-01 5.576400118233951764e-01 2.146624612987983391e-02 2.848571520949287352e-06 -3.289883114736639746e-01 -4.839627325643815049e-07 5.319219672315267305e-10 4.715416358160560665e-08 4.678377871548256371e+04 1.000000000000000000e+00 0.000000000000000000e+00
3.136604535461044452e-01 6.234245039425678758e-01 7.378813464632737185e-02 7.762365649675528022e-03 -3.467798803180534017e-01 4.717450676982630424e-10 5.183679956197036327e-07 8.012408534444343731e-09 4.696953117220387503e+04 1.000000000000000000e+00 0.000000000000000000e+00
3.814653189159146196e-01 5.653511649574324283e-01 2.176308550225410435e-02 2.887962114783242181e-06 -3.335376250008381671e-01 -9.216106490328951370e-07 3.789517471352365255e-08 -2.028849353893266131e-08 4.742133422370485641e+04 0.000000000000000000e+00 0.000000000000000000e+00
3.762343646619641935e-01 4.414365730577144431e-01 5.198554453174680789e-01 7.646665011242623709e-07 -3.312977075243525582e-01 8.304456764441894464e-10 3.991391077296973931e-07 -1.546138859416090897e-07 4.895095654538504459e+04 1.000000000000000000e+00 0.000000000000000000e+00
5.275787781609214688e-01 5.408095939141733810e-01 6.460359254517552587e-04 8.000508900794538192e-02 -2.075584221291399412e-01 0.000000000000000000e+00 4.012094446698980545e-08 7.100643196898917858e-10 4.906903098447788216e+04 1.000000000000000000e+00 0.000000000000000000e+00
4.050535888090251446e-01 5.725006844136798501e-01 3.887999950317576857e-03 1.794911255259392519e-02 -3.077658908040861174e-01 5.495476903460801714e-07 3.749703954522513637e-09 5.230070348464115794e-08 5.225750866943900473e+04 0.000000000000000000e+00 0.000000000000000000e+00
4.300482893241850957e-01 5.355007434113415732e-01 2.828455229951168887e-07 6.462234518430100409e-08 -3.097665838810222394e-01 5.570362676173363360e-10 9.302474978506066137e-07 6.613846593473056122e-10 5.344030435460476292e+04 1.000000000000000000e+00 0.000000000000000000e+00
4.759542845123738153e-01 5.039515953660428371e-01 5.140700896288312693e-06 2.840913653211962434e-06 -2.846393270123019903e-01 0.000000000000000000e+00 8.775503953843969154e-07 1.223764496606030082e-09 5.585620537814077397e+04 1.000000000000000000e+00 0.000000000000000000e+00
3.679037639130708914e-01 4.596503384549838200e-01 5.468095842698010856e-01 3.784546199853908773e-03 -3.137732849333422780e-01 5.878661133799339105e-10 4.408995850349504587e-10 2.178981145370432245e-03 5.608986567143443972e+04 1.000000000000000000e+00 0.000000000000000000e+00
5.234599534266649590e-01 4.668168987648242951e-01 2.104134215848697562e-05 5.783329126303230275e-03 -2.607533723226110878e-01 1.004381346658655826e-05 9.071470990778290187e-07 0.000000000000000000e+00 5.659883176225608622e+04 1.000000000000000000e+00 0.000000000000000000e+00
3.227056165913415042e-01 6.297649002570421262e-01 5.782083519635972948e-08 7.792607218825007599e-03 -3.481309075955077992e-01 4.735829495669584815e-10 5.203875167672375256e-07 1.544609004741464490e-08 5.944265127493547334e+04 1.000000000000000000e+00 0.000000000000000000e+00
4.108249743346460980e-01 5.658912636668409490e-01 2.328511649874679366e-03 2.050230907934419975e-04 -3.071118067942820162e-01 1.896548094260753687e-07 1.470424946499634796e-09 -4.068503780133651127e-05 5.984024237640807405e+04 0.000000000000000000e+00 0.000000000000000000e+00
2.805955287933048492e-01 6.460993972687445464e-01 6.579210852788403044e-07 1.095691653560530247e-06 -3.767807573394731935e-01 -1.528401290416998418e-06 6.705734138418949724e-08 2.435725076330771260e-03 6.028368139602268639e+04 1.000000000000000000e+00 0.000000000000000000e+00
5.018169851277596294e-01 4.973761268522927104e-01 8.085628904903109964e-10 1.181771367250712912e-04 -2.625657455369804216e-01 6.472638995485098276e-10 0.000000000000000000e+00 2.547696882567936261e-09 6.267378871272091055e+04 1.000000000000000000e+00 0.000000000000000000e+00
3.751639993324801803e-01 6.023759989282075900e-01 6.678639717934572816e-06 2.181026037786022113e-03 -3.170399994358987228e-01 5.642871051920638418e-10 2.838757827794122130e-07 4.383067282189518672e-09 6.333485243468513363e+04 1.000000000000000000e+00 0.000000000000000000e+00
6.160087293769553884e-01 6.920351231924657398e-01 1.177917948050556169e-04 1.247612616459656543e-01 -1.934165067021196161e-03 2.361041341578608595e-07 1.230919375607696025e-09 2.345365514340662805e-03 6.556840700371528510e+04 0.000000000000000000e+00 0.000000000000000000e+00
3.141811654308794832e-01 6.441206338300790035e-01 7.694483871249987745e-04 4.238447078737252091e-08 -3.476675592385594649e-01 1.284155538052318487e-09 1.077227741974998328e-02 -1.273437080691872982e-03 6.566318530860013561e+04 1.000000000000000000e+00 0.000000000000000000e+00
1.934199000167429738e-01 6.365718228399135370e-01 6.273904984720302114e-03 2.819429823358959773e-08 -4.710631489015360551e-01 7.092354524598625511e-09 1.105823572954702507e-06 7.862152263636851272e-10 6.589647583947039675e+04 1.000000000000000000e+00 0.000000000000000000e+00
4.440923159111117569e-01 5.697041736409808044e-01 2.928573700764047771e-03 3.840372372769740739e-03 -2.710051103778276516e-01 6.508427855244556042e-08 1.717010518876790770e-09 2.310405109573747395e-03 6.772773731621899060e+04 1.000000000000000000e+00 0.000000000000000000e+00
4.961596554128481773e-01 5.173857369278362928e-01 1.359072610880654103e-09 4.190885723733798729e-09 -2.547129781798578851e-01 3.044322648372665356e-09 4.145719045896124433e-05 0.000000000000000000e+00 6.787833108737456496e+04 1.000000000000000000e+00 0.000000000000000000e+00
4.826826545359101939e-01 5.350754599936187184e-01 1.336953835662156069e-05 2.511572389274684798e-08 -2.591771759344090320e-01 1.947631366682915505e-09 1.633791606360723847e-02 -1.672110812480058365e-03 6.832114558540251164e+04 1.000000000000000000e+00 0.000000000000000000e+00
3.056532226562878596e-01 6.701589291780721824e-01 1.918019020788447196e-08 4.063906395954138343e-03 -3.331809973675684544e-01 0.000000000000000000e+00 -1.253218917712805579e-08 9.674963202207212808e-09 7.323144561076059472e+04 1.000000000000000000e+00 0.000000000000000000e+00
2.930595819716054207e-01 6.971389498711727528e-01 7.653018331431199472e-02 8.466244949779692689e-09 -3.044880893465426452e-01 1.085649945068732228e-09 3.938141957602263712e-10 -1.727308596075741925e-09 7.427826196546563006e+04 1.000000000000000000e+00 0.000000000000000000e+00
4.960784002249434832e-01 6.228716015603922296e-01 5.432667684172672474e-04 6.854757447197701303e-02 -1.794916256404947286e-01 -3.022985490213604018e-07 1.055683214160532126e-08 5.919029206912378975e-10 7.778757241820824856e+04 1.000000000000000000e+00 0.000000000000000000e+00
3.183437847137005616e-01 6.894193619873392187e-01 1.973143074006838381e-08 4.180703461059909892e-03 -3.046725792351980822e-01 8.730721566401940506e-10 4.737871570034119610e-08 8.639776550085252807e-10 8.115130190095071157e+04 0.000000000000000000e+00 0.000000000000000000e+00
2.923301642188976257e-01 8.053994320316567590e-01 8.593585582764813203e-10 7.183964069665087215e-02 -2.227277441667791513e-01 5.204305061976105024e-10 1.553625447591930512e-05 -3.759773583172471793e-03 9.100940661203215132e+04 1.000000000000000000e+00 0.000000000000000000e+00
3.986177710290663145e-01 6.953774384045137147e-01 3.393167644089574756e-09 9.508458423558020384e-07 -2.193866847924099694e-01 5.126237139726723255e-10 1.536297879672714377e-05 1.897255026802772924e-09 9.278993074026738759e+04 1.000000000000000000e+00 0.000000000000000000e+00
2.867465045784816646e-01 8.153744143796280985e-01 7.024458809212579240e-06 1.403938362705937148e-08 -2.213995120384875392e-01 4.759728921182136231e-10 1.337084154958035369e-09 4.068947529892358132e-03 9.863191268620430492e+04 1.000000000000000000e+00 0.000000000000000000e+00
3.528037891091708178e-01 7.886202344793229457e-01 5.066690445616538023e-04 2.980009250906389049e-09 -1.811185227512320806e-01 2.171752024835080758e-09 4.084299471430945480e-07 -1.619325781624603926e-07 9.905411854452162515e+04 1.000000000000000000e+00 0.000000000000000000e+00
2.540298971208175272e-01 7.260636332253185277e-01 2.728836785477532057e-05 5.877328074295278676e-02 -3.362432092799185201e-01 -1.226285125705295909e-06 5.384818844018406425e-08 1.955741537492657577e-03 1.106338255293850380e+05 0.000000000000000000e+00 0.000000000000000000e+00
6.523339426298041532e-01 0.000000000000000000e+00 4.520910721797086190e-08 1.785357109473047985e-07 -3.560816935360913149e-01 1.685994854105306667e-09 1.414314992110660835e-02 -1.681195326442842938e-03 1.114932116975729441e+05 1.000000000000000000e+00 0.000000000000000000e+00
1.584067381137037600e-01 7.423013425560768264e-01 2.367179180569064980e-03 2.199275395131189795e-06 -4.181201110675668575e-01 1.015540006238194160e-09 2.585509961828051044e-08 1.115035479822341492e-09 1.115255133384459623e+05 0.000000000000000000e+00 0.000000000000000000e+00
6.609675983368811236e-01 7.441004944643571031e-10 4.492324994419908193e-03 4.757135730933081431e-03 -3.462211229383663214e-01 7.711586942630609978e-10 2.101520184366002761e-09 2.827800364908531882e-03 1.116320341299360734e+05 1.000000000000000000e+00 0.000000000000000000e+00
1.471245134260283083e-01 7.646841994118261931e-01 6.540818422772948812e-05 1.345167983695608467e-08 -4.095873799699924489e-01 3.758891943171954165e-07 5.380671934782433867e-08 9.439181776938499644e-10 1.118410208238808991e+05 0.000000000000000000e+00 0.000000000000000000e+00
6.613917681517907932e-01 0.000000000000000000e+00 7.347891562359363816e-09 7.240589018909037186e-07 -3.463501271090738687e-01 8.047690758774541873e-09 3.149096383868298778e-08 2.988676282213274023e-03 1.121699916956774396e+05 0.000000000000000000e+00 0.000000000000000000e+00
1.539394420741959091e-01 8.001050013979812414e-01 6.797395912865819036e-05 3.694071488045905238e-02 -3.677442227328013291e-01 3.549493428902629423e-05 5.629909090854162344e-08 1.023040572973373370e-09 1.123108740585889755e+05 0.000000000000000000e+00 0.000000000000000000e+00
6.742157700562225742e-01 6.852353837993376280e-07 6.185327711899719742e-03 8.525255906015552637e-09 -3.332552234849328610e-01 0.000000000000000000e+00 4.061695995626938581e-09 1.858608205400524155e-03 1.123860326461309742e+05 1.000000000000000000e+00 0.000000000000000000e+00
1.681607277927680832e-01 7.880089918661109527e-01 2.512939654970053945e-03 1.474156089389727512e-03 -3.656518150842748005e-01 -1.078072489751705514e-09 2.709749771538070471e-08 3.429513389305635825e-03 1.123908013422176446e+05 0.000000000000000000e+00 0.000000000000000000e+00
6.797595931153442850e-01 1.995039186293339436e-07 4.442634767577210674e-09 5.228613863630924056e-05 -3.279541896609117213e-01 0.000000000000000000e+00 2.102847123319879901e-09 3.346784858241498840e-09 1.129262616078401188e+05 1.000000000000000000e+00 0.000000000000000000e+00
1.403668000885154588e-01 8.717016195327469408e-01 7.208667868952574331e-02 1.632061438317315427e-01 -2.721688462733248826e-01 6.062176978976076585e-10 4.732752202884831157e-10 1.237251324948918548e-09 1.131304826814778498e+05 0.000000000000000000e+00 0.000000000000000000e+00
1.475777060148847353e-01 8.544499046556714994e-01 9.379938941624028914e-02 3.227800974625909078e-09 -2.841496170049305769e-01 -1.152645491687197556e-06 4.580048311339857889e-08 1.829088093616685565e-03 1.132961532912359253e+05 0.000000000000000000e+00 0.000000000000000000e+00
1.236203541953206364e-01 9.183226311652389340e-01 2.572718768376880231e-03 5.275290849984139684e-03 -2.742501975425600813e-01 0.000000000000000000e+00 9.649439017211072850e-07 0.000000000000000000e+00 1.141188266263863188e+05 0.000000000000000000e+00 0.000000000000000000e+00
6.133628932975032644e-01 3.821270421502016568e-01 7.233775136857784668e-04 2.079089895356493080e-08 -2.219276283256940430e-01 -3.737689699517290882e-07 1.353366607615297604e-02 -1.561576854940728088e-03 1.161995107325178978e+05 0.000000000000000000e+00 0.000000000000000000e+00
4.954674264786081972e-01 1.194692167396644022e-01 1.272737070954244269e-08 3.960920861550966081e-08 -4.651725739720266040e-01 1.262834768800366855e-07 7.845390125590379042e-10 0.000000000000000000e+00 inf 0.000000000000000000e+00 -9.000000000000000000e+01
4.229576535334230725e-01 3.697662244886518179e-01 1.201096784881931639e-01 7.526637529680103959e-10 -4.066570543100254675e-01 7.063213987512963453e-10 1.185010667227262907e-02 -1.611963039978262131e-03 inf 0.000000000000000000e+00 -9.000000000000000000e+01
1.730846302134572134e-01 3.446542964863152925e-01 2.071239762537952270e-04 2.620887617236595246e-01 -6.787038453884361999e-01 3.171748424383787922e-09 2.246184827232646996e-09 4.627741412299082348e-03 inf 0.000000000000000000e+00 -9.000000000000000000e+01
2.433764078894410932e-01 3.758471109178710412e-01 7.894329686287251263e-03 3.547632392768620016e-08 -5.927293782016261892e-01 8.648731143861386515e-09 6.487099232491190886e-07 -2.168242406512001279e-07 inf 0.000000000000000000e+00 -9.000000000000000000e+01
2.810916520942137176e-01 3.371680170322007841e-01 1.713514916495791411e-09 2.883673829880664674e-02 -5.777995070825503454e-01 0.000000000000000000e+00 1.500108268624068644e-06 4.347692851204694453e-02 inf 0.000000000000000000e+00 -9.000000000000000000e+01
4.913624903812225386e-01 4.397338229136303345e-01 2.993127488961704399e-02 2.777266249980823165e-01 -3.035409587318784186e-01 8.058038119242693940e-10 0.000000000000000000e+00 -9.517106749887462311e-10 inf 0.000000000000000000e+00 -9.000000000000000000e+01
5.749317755807274999e-01 7.162202816545626405e-02 4.535577988826755422e-05 9.704418150746121907e-02 -4.047989032150020039e-01 1.639123290190076174e-09 8.771130850617118869e-09 4.899157389568116617e-10 inf 0.000000000000000000e+00 -9.000000000000000000e+01
5.587502320375516973e-01 6.598008059166833306e-01 1.228457956961993142e-01 2.162301170150307571e-04 -1.125425999281309819e+00 4.263937940939046989e+00 -8.101637887146465677e-08 2.606758063916326043e-02 inf 0.000000000000000000e+00 -3.000000000000000000e+01
7.265642916458288081e-01 3.373334211212776212e-01 1.747752740847258689e-04 6.532383082815892426e-08 -1.327964146495527464e-01 1.869360148394607186e-10 2.634788496912928452e-07 0.000000000000000000e+00 inf 0.000000000000000000e+00 -8.000000000000000000e+01
4.513892415570032457e-02 7.315820450634453742e-01 3.863131467968953202e-03 7.921247489526245245e-03 -5.381573679038137437e-01 -1.621266914938282747e-09 4.016558034427745686e-08 1.943195900915275189e-08 inf 0.000000000000000000e+00 -9.000000000000000000e+01
5.445081066936072745e-01 2.060737202209995955e-01 3.938241173508078478e-08 6.147238259856188658e-02 -3.777121451570279453e-01 0.000000000000000000e+00 -2.264167971088520783e-08 1.096806580895572284e-08 inf 0.000000000000000000e+00 -9.000000000000000000e+01
4.644651547094743038e-01 7.857521020701264679e-06 1.674079946963873610e-03 -8.189625394996698834e-05 -5.429979103366801008e-01 -5.264025520404441241e-07 7.125860258105923239e-10 7.274797675288037675e-03 inf 0.000000000000000000e+00 -9.000000000000000000e+01
1.009138248879532185e+00 3.052655255124272658e-10 2.106728355279615825e-13 5.981507118360188475e-18 -2.349583080223603604e-10 1.285844943407968643e-17 1.014080361009418196e-18 4.309281887291677938e-19 inf 0.000000000000000000e+00 -8.000000000000000000e+01
4.587702086149927361e-01 6.399348685985163376e-01 3.122629769863273672e-09 2.111085753747048635e-06 -2.045988946082580584e-01 4.398543009162245496e-10 1.235621242268478167e-09 1.745986537988066979e-09 inf 0.000000000000000000e+00 -8.000000000000000000e+01
2.425728037754507349e-01 3.290169302117931793e-01 6.240736678950232347e-02 1.768576260253740817e-01 -3.228423497520544472e-01 0.000000000000000000e+00 -8.926679178936587356e-01 0.000000000000000000e+00 inf 0.000000000000000000e+00 -8.000000000000000000e+01
-8.756521001004047289e-01 1.388803061987200937e+00 2.271164227938027193e-09 5.343360933408383140e-01 -4.872580234429671475e-01 2.755562343580099211e-07 2.569309338941475218e-09 4.707806989787122198e-03 inf 0.000000000000000000e+00 -1.000000000000000000e+01
3.801429119737807505e-01 2.867363678887946410e-01 4.901128257947673372e-02 6.910455078380514649e-02 -4.996163985941118879e-01 -6.757023749566651301e-10 4.681848695268601390e-07 3.937194445442729340e-02 inf 0.000000000000000000e+00 -9.000000000000000000e+01
2.486329129993775922e-01 8.570760578189926537e-01 2.441832869092002972e-08 5.028247947538137668e-08 -2.183118260482339867e-01 0.000000000000000000e+00 2.286583705625521722e-05 8.107648198157040212e-10 inf 0.000000000000000000e+00 -9.000000000000000000e+01
4.954675756046859614e-01 1.194692526975796032e-01 1.272737454023397468e-08 -6.632727075729951923e-05 -4.651727139799418653e-01 1.262835148889119287e-07 8.118433988764807014e-10 3.507233381770873766e-05 inf 0.000000000000000000e+00 -9.000000000000000000e+01
3.334744021647489953e-01 4.548305301696576319e-01 6.042007199700099135e-08 3.569297882497313428e-03 -4.578899283546553622e-01 1.113121296222415220e-09 2.788513970701026116e-05 6.597823234247963096e-05 inf 0.000000000000000000e+00 -9.000000000000000000e+01
4.505565279754694119e-01 1.373894345396050320e-01 3.030649291314816730e-03 2.404689989446571051e-06 -5.020775659278212677e-01 9.634174637205813199e-08 -2.472514578892499756e-05 3.040786369868084671e-08 inf 0.000000000000000000e+00 -9.000000000000000000e+01
4.185058405247708002e-01 1.339609816633028083e-01 2.091230538910193021e-04 1.909799578913418168e-06 -5.358439266532112333e-01 4.589743555890859591e-09 2.994261272176417688e-09 2.156450940545546689e-09 inf 0.000000000000000000e+00 -9.000000000000000000e+01
-1.772433771004119807e+00 1.098241893054971996e+00 5.705616776283423119e-01 6.598980572152435276e-01 -7.504255885299701001e-01 2.788808337985260411e-07 5.200616363478114662e-09 7.632303878141943601e-09 inf 0.000000000000000000e+00 -1.000000000000000000e+01
4.174651182057186882e-01 1.394801679986396592e-01 3.604526459718775579e-08 1.905050371484916672e-06 -5.345114130297520250e-01 4.505658074648469474e-09 2.986815272065356306e-09 2.151088371122495093e-09 inf 0.000000000000000000e+00 -9.000000000000000000e+01
1.140833708529794887e-09 1.157609066825784350e+00 5.231028187272055048e-04 6.293183836016537080e-01 0.000000000000000000e+00 0.000000000000000000e+00 0.000000000000000000e+00 1.007540422997104102e-09 inf 0.000000000000000000e+00 -9.000000000000000000e+01
3.900621800550321261e-01 4.287780291920080256e-01 8.772741084046814075e-06 1.609581993403475774e-08 -4.171632744509152779e-01 1.182667772930869204e-08 8.034294864850955023e-06 1.932652214301664331e-09 inf 0.000000000000000000e+00 -9.000000000000000000e+01
4.338815791534886834e-01 4.827421173464491733e-01 1.934877312441233288e-01 -3.527730857531743980e-01 -3.156390767265244146e-01 2.417221468696425172e-09 -2.463305941612873784e-05 3.028807623426845903e-08 inf 0.000000000000000000e+00 -1.000000000000000000e+01
2.833198993626407369e-01 8.294866983670786675e-01 0.000000000000000000e+00 0.000000000000000000e+00 -2.119946100126053057e-01 2.773245299887445309e-05 0.000000000000000000e+00 1.007719949087007728e-07 inf 0.000000000000000000e+00 -9.000000000000000000e+01
4.095412381151505299e-01 3.111756751498487850e-01 6.336598027955978979e-08 7.839707858208437005e-10 -4.625073104810822344e-01 1.682242750482263533e-07 3.086554644400265693e-09 -2.142266237209316704e-08 inf 0.000000000000000000e+00 -9.000000000000000000e+01
4.527220336269195400e-01 3.085818345797837203e-01 3.021424726945353724e-03 3.043542686007022966e-06 -4.202397352501002215e-01 1.701646748647175483e-09 3.444701747419653232e-05 1.240311407902830284e-09 inf 0.000000000000000000e+00 -9.000000000000000000e+01
4.151825090073691937e-01 1.360529244316823705e-07 1.118117818344804533e-03 3.786597084490392275e-04 -5.925952991999454689e-01 9.209736423067728525e-06 -1.887352767807292505e-09 2.997961075217359684e-09 inf 0.000000000000000000e+00 -9.000000000000000000e+01
4.704473301380579509e-01 2.779448121165769003e-01 1.310004512179541769e-08 1.280184268951473529e-06 -4.179466434049267654e-01 1.267053544567097814e-08 1.108288360713956585e-09 5.138776482203120853e-10 inf 0.000000000000000000e+00 -9.000000000000000000e+01
1.189169200827515649e+00 1.168754278924897472e+00 7.639646555745439882e-02 2.207363430720603037e-01 -8.829453722882412148e-01 9.023395480957287162e+00 0.000000000000000000e+00 0.000000000000000000e+00 inf 0.000000000000000000e+00 -3.000000000000000000e+01
3.093849638141761837e-01 2.508331365502783350e-01 2.225059793786240449e-03 1.144362476231968066e-06 -5.927468932888422248e-01 2.057353472894445671e-09 1.193480443961804161e-08 3.543818285771060939e-09 inf 0.000000000000000000e+00 -9.000000000000000000e+01
8.526739788716901381e-10 -2.340370310668028679e-07 1.923376330802131209e-03 6.513670641055141096e-04 -1.006792262104221125e+00 0.000000000000000000e+00 0.000000000000000000e+00 3.420541223284041956e-07 inf 0.000000000000000000e+00 -9.000000000000000000e+01
1.211741484259364066e-01 8.050892573384249573e-01 9.156714356814444222e-09 -5.996932994464212514e-05 -3.976155107671404676e-01 -3.854633979510337167e-07 5.217980607743525565e-10 5.327041482708009222e-03 inf 0.000000000000000000e+00 -8.000000000000000000e+01
5.426241316469518905e-01 2.968704488358324123e-01 2.582333620163717062e-04 3.067005961482771603e-01 -3.352080233543670573e-01 -6.115565453388834069e-10 4.237391076302567263e-07 3.563428400761232961e-02 inf 0.000000000000000000e+00 -9.000000000000000000e+01
4.048851887461498711e-01 4.488944483924705020e-01 1.447874080378083565e-03 3.344703733120368283e-01 -3.872814848876215965e-01 3.351810812504340092e-09 -3.068136862278755404e-05 8.015199769032117206e-10 inf 0.000000000000000000e+00 -9.000000000000000000e+01
6.125045191827749314e-01 2.661361489100875222e-01 7.433863879109033372e-04 6.755750733645640785e-07 -2.817912164930338470e-01 -1.143065559214904780e-08 2.850373939113697611e-09 8.618695654185537991e-04 inf 0.000000000000000000e+00 -8.000000000000000000e+01
5.822364012199607863e-01 7.277955015249509829e-02 2.432511868714395172e-03 6.354278294822820550e-05 -3.971546312957348057e-01 -3.300326834261273893e-07 7.032729883592965629e-08 5.207035504089971434e-10 inf 0.000000000000000000e+00 -9.000000000000000000e+01
2.546182125048576661e-01 3.453548845974978576e-01 2.522673341223554094e-04 9.855605526643992605e-05 -3.490584222339321308e-01 0.000000000000000000e+00 -9.369950220178761002e-01 5.484209248731403135e-10 inf 0.000000000000000000e+00 -9.000000000000000000e+01
3.317344294485048417e-01 3.469283727820241525e-01 2.469015791696887313e-02 1.111057106263599187e-01 -5.191263972285762307e-01 1.801825548647708797e-09 1.045247491047990263e-08 1.310675450319861990e-03 inf 0.000000000000000000e+00 -9.000000000000000000e+01
3.036292549830257870e-01 1.000940536112022050e+00 0.000000000000000000e+00 0.000000000000000000e+00 -3.859420612316877397e-10 1.644051430117192701e-05 4.260206598980553007e-10 0.000000000000000000e+00 inf 0.000000000000000000e+00 -9.000000000000000000e+01
3.911793476628770416e-01 4.765275689711411244e-01 8.781390594370515629e-10 7.391765595447871706e-02 -3.860990963945279963e-01 -4.863830566278496640e-10 9.127801312989821927e-07 1.235450814656265725e-07 inf 0.000000000000000000e+00 -9.000000000000000000e+01
-3.647572757633588481e+01 3.114911436124613141e-03 0.000000000000000000e+00 4.927933887926905184e-08 -3.428405295801527330e+01 -6.479445759576697294e-05 3.032574700262711192e-06 0.000000000000000000e+00 inf 0.000000000000000000e+00 -2.000000000000000000e+01
1.009138248911624292e+00 1.904918992671771895e-10 1.694080966555632755e-12 2.146500433543715035e-16 -2.459376682181423172e-10 1.149326642198521107e-18 7.934852974609007111e-19 1.543972526481083020e-12 inf 0.000000000000000000e+00 -8.000000000000000000e+01
1.005042871007123084e+00 2.949719182887263965e-07 7.425725365299852532e-05 2.601147854268163530e-08 -1.985933121850240891e-03 0.000000000000000000e+00 3.109116122105043754e-09 1.040021238028095589e-08 inf 0.000000000000000000e+00 -9.000000000000000000e+01
1.305619121503340629e+01 1.097848691558801271e+01 5.072520262317858691e-04 1.975337631086839711e-06 -9.772905408502412072e+00 1.087424259123065349e+04 -6.465897741781714793e-04 7.950275295395948506e-07 inf 0.000000000000000000e+00 -2.000000000000000000e+01
4.693189425524877390e-01 3.918674864141596936e-01 1.909788237304133490e-09 2.185237512474255406e-01 -3.577519640675152490e-01 1.736670742411816399e-07 -2.588738564891335492e-05 4.808819302564365499e-10 inf 0.000000000000000000e+00 -9.000000000000000000e+01
1.270110744632316546e+00 1.749515290400396772e+00 7.198850727848607467e-03 6.794523385448326697e-04 -1.052199587465007191e+00 1.339842314925855504e+01 -2.545749354648149321e-07 8.191124747092605463e-02 inf 0.000000000000000000e+00 -3.000000000000000000e+01
2.764309554177452610e-01 3.852388846779216114e-01 1.483779299983049311e-05 9.979612388595670083e-05 -5.567829172953167038e-01 3.926331312959177544e-08 2.278674422699522741e-09 -1.980366726993505278e-05 inf 0.000000000000000000e+00 -9.000000000000000000e+01
4.297455379353826155e-01 4.781403057208986618e-01 1.916432804306436033e-01 -1.022097495630099218e+00 -3.310202116529298300e-01 1.384585412564737076e-09 4.303752990722057737e-08 -1.569196800906702006e-08 inf 0.000000000000000000e+00 -1.000000000000000000e+01
4.286090378010584123e-01 3.490102164951475183e-02 4.576932225089873352e-02 1.630342256737511644e-06 -5.633147353956767800e-01 1.108561202731059955e-09 1.318412294606075486e-09 1.660560813967513897e-09 inf 0.000000000000000000e+00 -9.000000000000000000e+01
3.006084234903433457e-10 2.096196669549520708e-10 3.711714999095026269e-14 9.233429276498154127e-18 -1.009138248849812847e+00 3.679212641541434942e-19 0.000000000000000000e+00 1.111272389690066104e-18 inf 0.000000000000000000e+00 -9.000000000000000000e+01
5.920365323726360929e-01 7.120261191118564259e-01 1.593482932582686274e-04 1.687765615672548458e-01 -6.283795322023038449e-03 0.000000000000000000e+00 1.239878607580909792e-06 7.343506427221175061e-10 inf 0.000000000000000000e+00 -9.000000000000000000e+01
