2.580497729377108085e-01 3.841422756231830937e-01 0.000000000000000000e+00 2.736879599257378381e-06 -5.747472215430831088e-01 1.975055739416406923e-08 4.810047252100842018e-07 1.498944957631425246e-06 1.232768090722548368e+04 0.000000000000000000e+00 0.000000000000000000e+00
3.441933013574102751e-01 4.451438506382149329e-01 7.650340357841438094e-09 9.512782767053774189e-09 -4.451438506382149329e-01 4.343788757486000141e-08 -6.513714013118587776e-02 7.096765167903248331e-07 1.506506620255253256e+04 0.000000000000000000e+00 0.000000000000000000e+00
4.792920051366291734e-01 2.756766952621521050e-01 3.406108247140684467e-05 2.307561623288103441e-04 -4.105823120925669589e-01 1.224229972461413524e-06 5.573762439894489996e-08 -2.285442376788278453e-07 1.529744654323920258e+04 0.000000000000000000e+00 0.000000000000000000e+00
3.839129678083142982e-01 4.503406568947402322e-01 1.885081419325083471e-09 1.328290961493543362e-09 -4.102886678867481152e-01 2.016090938814857663e-09 6.856747117829246588e-06 5.590335737110175077e-04 1.833552045272730538e+04 0.000000000000000000e+00 0.000000000000000000e+00
4.497135606801535013e-01 5.071016020662519885e-01 -1.696614535302212392e-07 9.703796088922106433e-02 -3.098954234849317646e-01 7.571950867780219100e-09 1.643384821511001750e-02 3.445470867145988454e-08 2.101303936019944376e+04 0.000000000000000000e+00 0.000000000000000000e+00
4.168790309408452188e-01 4.467684708950945272e-01 1.752294533707626685e-06 1.063655346572447050e-09 -3.799105131026948023e-01 1.007981926228434783e-08 2.947695462182144878e-05 -2.347894644907907565e-07 2.194267984474103650e+04 0.000000000000000000e+00 0.000000000000000000e+00
4.236446444639510034e-01 4.559316497002336432e-01 2.192712908232261251e-08 -1.557059432175568620e-08 -3.678761808740082517e-01 5.266738950125694053e-10 5.778640141721040971e-03 6.487747634064868976e-09 2.388889486133075843e+04 0.000000000000000000e+00 0.000000000000000000e+00
5.060512786390009010e-01 3.565805341761299485e-01 1.406830582830236336e-07 1.317447927836676112e-09 -3.419265396209465457e-01 6.667305535350250884e-09 6.405271693349586031e-09 0.000000000000000000e+00 2.433982922097192932e+04 0.000000000000000000e+00 0.000000000000000000e+00
3.251775579561557161e-01 5.429391057766443929e-01 0.000000000000000000e+00 1.196829681187680516e-09 -4.091573476985863045e-01 6.751720025180349708e-09 2.415486043491245683e-08 2.926428276845066269e-05 2.802738896473187924e+04 0.000000000000000000e+00 0.000000000000000000e+00
6.315238279413141198e-01 1.996293875127863951e-04 5.771794048810934103e-10 -1.600055429452268515e-06 -3.758509349128343335e-01 2.137538936707927740e-09 0.000000000000000000e+00 0.000000000000000000e+00 4.013479984014895308e+04 0.000000000000000000e+00 0.000000000000000000e+00
6.920102321326045969e-01 2.580849812287535055e-03 1.516434708352922924e-09 1.765252345541881707e-01 -3.146924358793066201e-01 1.791725932330838050e-08 1.042840484051933226e-08 1.478173894172941521e-06 4.198815994913451868e+04 0.000000000000000000e+00 0.000000000000000000e+00
5.430425616839192893e-01 4.639302460429167163e-01 1.979329506404671997e-09 3.033859635306968353e-02 -2.427087708245574682e-01 1.932757047430444474e-08 6.258174174661830365e-10 1.080481048202079788e-07 5.089820037926740042e+04 0.000000000000000000e+00 0.000000000000000000e+00
3.090431252453133548e-01 2.524696569627013498e-01 6.349738529630482020e-01 3.034491069263237344e-03 -5.252044368923084461e-01 0.000000000000000000e+00 9.279405194082000861e-10 -4.432995649010642442e-03 5.482076542792664259e+04 1.000000000000000000e+00 0.000000000000000000e+00
3.012425333251508852e-01 7.235800800465163052e-01 2.212600244770339120e-01 7.507429357392605154e-09 -2.249975248904973191e-01 -5.268566893244365458e-09 2.265859625662192903e-03 3.849506804028018538e-07 8.125629376597006922e+04 0.000000000000000000e+00 0.000000000000000000e+00
3.179452838312233354e-01 6.934000505259754199e-01 1.567009050192935594e-09 1.248710336872495645e-09 -3.023355670539797924e-01 7.039298467663577580e-10 -5.092779413127040901e-07 7.204731530615071655e-04 8.297335765791314770e+04 0.000000000000000000e+00 0.000000000000000000e+00
4.987437024974740174e-01 5.835503239747773518e-01 -2.076106724971080907e-09 -2.581593579746648515e-08 -2.165597655581137371e-01 1.347188518259244752e-02 7.115931021096531142e-09 1.236276421965388057e-06 8.756015557715453906e+04 0.000000000000000000e+00 0.000000000000000000e+00
2.815901317200023568e-01 7.726482010669106781e-01 6.004326979079248794e-10 3.339770207743853122e-06 -2.665385433875300802e-01 2.429766559627400418e-08 5.420248479168815858e-09 6.112545043542653931e-07 9.379446358501883515e+04 0.000000000000000000e+00 0.000000000000000000e+00
6.524360207193340422e-01 5.113687729962347328e-01 4.525280536272539117e-09 -8.028723532096440635e-09 -1.038411684628369469e-01 1.137451159310826608e-07 4.071602419091189390e-03 4.230290636024166156e-06 1.027380326351248514e+05 0.000000000000000000e+00 0.000000000000000000e+00
6.439357620250245606e-01 6.308830100920849171e-01 6.848061695281438515e-10 1.114329565800234008e-09 -3.052440425984332892e-02 6.084485927073448111e-03 6.133269930164487425e-08 6.224037138433307196e-06 1.046509372127319511e+05 0.000000000000000000e+00 0.000000000000000000e+00
7.193302421305556305e-01 2.367021644239048145e-04 -4.101127470802282309e-07 0.000000000000000000e+00 -2.883185073756982519e-01 1.677733965328206592e-08 0.000000000000000000e+00 7.482081811522274413e-10 1.144001939326499996e+05 0.000000000000000000e+00 0.000000000000000000e+00
1.898675715969954606e-03 8.287795854460163758e-01 5.297076184802235400e-05 9.883706135570402484e-09 -4.912734335112392547e-01 2.019460585656820857e-08 1.099829303573099271e-07 1.240756583827550633e-05 inf 0.000000000000000000e+00 -9.000000000000000000e+01
4.852957879572423749e-01 5.852399311246574420e-01 2.303261821632984685e-06 2.743475685153282329e-06 -2.189497981760382128e-01 1.995947344365187829e-08 6.417738384189604072e-09 6.007033834483690105e-10 inf 0.000000000000000000e+00 -9.000000000000000000e+01
5.758629883392198286e-04 3.869799281639557664e-02 1.918488857839910007e-09 1.505641771595251857e-05 -9.926342284332578814e-01 6.795258244562734443e-09 2.366624423106331542e-08 1.091927704126287683e-07 inf 0.000000000000000000e+00 -9.000000000000000000e+01
4.893957562561138674e-01 3.429477837400797813e-01 1.107628652890257637e-01 2.501570799503908225e-07 -3.549973004660825771e-01 1.375642952907405402e-08 -6.215254305304543153e-10 2.262905034180213953e-07 inf 0.000000000000000000e+00 -9.000000000000000000e+01
9.711103214999269317e-01 -1.132364802929804126e+00 6.714711930952818990e-09 2.282841864589223869e-06 -3.422178439234059844e-01 7.662514211465045412e-09 4.288471586120463400e-10 7.873753976068221302e-04 inf 0.000000000000000000e+00 -1.000000000000000000e+01
2.512722681724562923e-01 7.876419175405841022e-01 0.000000000000000000e+00 1.086822151486693617e-09 -2.826813016940132872e-01 0.000000000000000000e+00 2.124141016570266467e-09 0.000000000000000000e+00 inf 0.000000000000000000e+00 -9.000000000000000000e+01
4.010254430786419078e-01 4.796493284391347366e-06 1.646523499613506989e-09 3.258980995786734538e-08 -6.496421666974674380e-01 6.086459281329928942e-08 -3.413697428078003492e-09 3.206679457434537284e+01 inf 0.000000000000000000e+00 -3.000000000000000000e+01
1.084805814851295347e+00 1.026167662697171357e-01 1.626195259527329567e-09 3.223264633809393658e-08 -2.513245453654406464e-03 6.019349617354891245e-08 -3.373748374243265559e-09 1.234267949341918325e+02 inf 0.000000000000000000e+00 -3.000000000000000000e+01
3.413652592760104687e-01 5.072802176950770292e-01 -6.006148312920814829e-05 -8.602556177360542513e-07 -4.176479987790295834e-01 7.335276206663550867e-10 4.350499987281557582e-03 1.452846473862175344e-09 inf 0.000000000000000000e+00 -9.000000000000000000e+01
3.722300650940240486e-05 8.268153543602905220e-01 2.696256817798537213e-07 5.872268141763427101e-04 -4.971141903281912078e-01 4.200173479387827489e-10 0.000000000000000000e+00 0.000000000000000000e+00 inf 0.000000000000000000e+00 -9.000000000000000000e+01
2.219742052698966128e-01 4.928414072952770897e-01 1.193676678600679607e-07 2.039974792530458461e-08 -5.456458437911996251e-01 8.538751631591776047e-09 -3.242102795271621240e-09 2.834982111676614233e-07 inf 0.000000000000000000e+00 -9.000000000000000000e+01
5.430425678936159350e-01 4.639302513479632295e-01 6.333854492922632038e-08 3.033859669999180650e-02 -2.427087735999344520e-01 1.973507971599974592e-08 1.602092607033371618e-07 1.143353880891548655e-07 inf 0.000000000000000000e+00 -9.000000000000000000e+01
2.962696214105186021e-01 3.466474517718213799e-01 -1.158204606392702461e-07 4.052903949267753548e-04 -5.577545504287091394e-01 0.000000000000000000e+00 2.091202761542379444e-09 4.713550720188855979e-03 inf 0.000000000000000000e+00 -9.000000000000000000e+01
3.297756230918140186e-01 1.996288798609269888e+00 -1.442993309983729843e-06 1.026415604960734642e-03 -3.392985555233423156e+00 6.060429999180464944e-10 6.453947350888769517e-08 6.080071201925097033e+06 inf 0.000000000000000000e+00 -3.000000000000000000e+01
3.569510960894611840e-02 8.756264725693319040e-01 2.281701160899661833e-07 1.991302831330614002e-06 -4.167645230017493208e-01 1.018317875144918652e-08 2.210114894706246419e-02 1.186216955437806638e-05 inf 0.000000000000000000e+00 -9.000000000000000000e+01
6.103369310341862919e-01 1.974119253444571193e-03 1.273155063144560395e-01 1.167832716411959081e-06 -3.906933857893994944e-01 8.399590470224903553e-09 -3.330872083020220731e-09 8.656791723244204686e-07 inf 0.000000000000000000e+00 -9.000000000000000000e+01
3.658810240908043077e-01 5.326321102914806094e-01 1.635132010317311424e-01 1.097647660873869651e-08 -3.480726556616058898e-01 7.044244329124614321e-09 4.380940993729554429e-08 1.447447464888619282e-09 inf 0.000000000000000000e+00 -9.000000000000000000e+01
7.270903246664229824e-01 4.329142039091599670e-01 1.269205006364233072e-06 1.182988498330562295e-08 -7.691613637703546835e-02 5.436387273881548374e-08 1.249603384644321988e-07 0.000000000000000000e+00 inf 0.000000000000000000e+00 -9.000000000000000000e+01
8.080092036322361615e-01 1.088269054528889432e-02 1.107821948664852785e-08 -1.151551762427939088e-08 -1.956438749714857483e-01 1.931400107869644767e-09 8.436209905128730664e-10 2.552421769723820563e-06 inf 0.000000000000000000e+00 -9.000000000000000000e+01
4.110956298150009181e-01 5.897904047702151598e-01 5.196309971679599284e-07 4.423428035776613143e-01 -2.831775122241099174e-01 1.517918504271997687e-07 -3.630374490182740007e-09 2.252432749820794023e-08 inf 0.000000000000000000e+00 -9.000000000000000000e+01
2.350364390436494033e-01 3.501165212309964581e-01 1.068879407435019857e+00 8.094615950465934573e-02 -1.138610135201081758e-01 1.060867461066671873e-08 2.301937066204942986e-08 1.246155955979001589e-09 inf 0.000000000000000000e+00 -9.000000000000000000e+01
8.290969585551974941e-01 9.017595955849720983e-04 1.557487665870196326e-08 1.208516745246648447e-07 -1.782951397840857322e-01 1.611355660328864595e-07 1.145426784345327586e-09 0.000000000000000000e+00 inf 0.000000000000000000e+00 -9.000000000000000000e+01
3.251774764887253033e-01 5.429389697529467540e-01 0.000000000000000000e+00 1.196829381343375871e-09 -4.091572451915191921e-01 5.052147856564377779e-08 4.889175345062301290e-09 3.456879786832621145e-06 inf 0.000000000000000000e+00 -9.000000000000000000e+01
3.967713335978260147e-01 4.653490949604132121e-01 -7.081977723372474582e-07 6.015249353804078547e-01 -3.850151459356682127e-01 3.780986622595380530e-09 1.757305134916297210e-02 4.307113100890119503e-07 inf 0.000000000000000000e+00 -9.000000000000000000e+01
8.569696859232950326e-01 2.379813033595064818e-03 2.468685719496955230e-06 -2.362609379987320319e-07 -1.494641082012236610e-01 1.542928574685597019e-07 6.121237631504138854e-10 6.568558843037132909e-10 inf 0.000000000000000000e+00 -9.000000000000000000e+01
3.227692810082397612e-01 6.967193687236684640e-01 4.397558204065416734e-10 -3.908211802489475889e-03 -2.947023870075232699e-01 0.000000000000000000e+00 4.935720921346149340e-10 3.023059871975151790e-07 inf 0.000000000000000000e+00 -9.000000000000000000e+01
-1.683342706772052777e+00 1.756355161523611486e+00 3.447810363268059564e-01 3.362130618389666416e-09 -3.111902368317311096e-02 1.337296897651620146e-09 1.295742474278264730e-09 -1.185259084483128158e-05 inf 0.000000000000000000e+00 -1.000000000000000000e+01
1.128210585410612232e+01 2.723460964282974217e+01 8.327938485823970893e+00 3.213079019744397976e-06 1.153532019995887836e+01 6.058062608990938242e-08 -1.332892181641589957e+00 3.203690411670921094e+04 inf 0.000000000000000000e+00 -2.000000000000000000e+01
8.065854248037577223e-01 1.428532286799737670e-02 3.594272884346235157e-04 -2.170432091533254213e-08 -1.957731613601353671e-01 -4.527568018897326077e-08 3.792421665313481903e-09 3.245437771277883727e-09 inf 0.000000000000000000e+00 -9.000000000000000000e+01
8.035651003645006840e-01 3.465420319061665415e-04 5.310303174870664826e-06 3.057899300136197373e-06 -2.043127809929204675e-01 1.028428404104494768e-08 5.773791209279600933e-03 6.482303680262041817e-09 inf 0.000000000000000000e+00 -9.000000000000000000e+01
5.030757711322279002e-01 4.992207843802567435e-01 2.541887220363630893e-09 1.341535389685940993e+00 -2.447916587501645092e-01 3.033031530738976676e-07 4.220509330046478646e-06 1.063858786918292521e-07 inf 0.000000000000000000e+00 -9.000000000000000000e+01
5.027166231919706352e-01 9.711571129844887018e-02 7.254189929120672317e-10 1.793287559014835886e-01 -4.709242675750870966e-01 6.055027920429296569e-09 1.117737427854307798e-09 1.816138314614470950e+00 inf 0.000000000000000000e+00 -1.000000000000000000e+01
5.655284349369285035e-01 1.728003551196170273e-01 4.475138676188490527e-10 2.083768988207146400e-01 -3.714745602036687022e-01 2.258223824292038348e-08 2.196260365698659385e-09 2.740712621872483760e-07 inf 0.000000000000000000e+00 -9.000000000000000000e+01
8.514558775801218671e-01 3.423345849264590457e-03 1.980516102442210743e-09 1.739254384081346527e-01 -1.547157631212660589e-01 9.747852691707755929e-09 3.115082478951665575e-03 3.137137506268461987e-05 inf 0.000000000000000000e+00 -9.000000000000000000e+01
-7.228845657068284636e-01 1.129855567994220378e+00 4.288790217427851699e-07 7.823506482328400624e-01 -7.544759220487721185e-01 3.710601040388250112e-09 -9.345730232321152073e-10 3.448045556622987128e-04 inf 0.000000000000000000e+00 -9.000000000000000000e+01
8.491073233585225699e-01 -1.433113166728381960e-01 2.944518881844306106e-08 -1.443105788626664843e-08 -2.098312452308791209e-01 0.000000000000000000e+00 1.328473627800805331e-05 5.821401290363079074e-06 inf 0.000000000000000000e+00 -9.000000000000000000e+01
4.529261395065531381e-01 6.107796687651012579e-01 8.916839954311348874e-10 1.738452266670938717e-01 -2.295582369936402800e-01 2.244583850568029336e-08 0.000000000000000000e+00 3.674353015655883629e-09 inf 0.000000000000000000e+00 -9.000000000000000000e+01
4.336320383113589916e-01 5.738428258595714704e-01 4.600618736217021251e-10 1.198407600525905163e-02 -2.794930268345161561e-01 -6.544639585656093571e-09 2.814661918910721372e-03 4.640190975572151206e-07 inf 0.000000000000000000e+00 -9.000000000000000000e+01
2.457004770995756537e+00 6.881617330787922690e-03 -3.039732808691597479e-03 3.598949423448857788e-07 1.455469101880184191e+00 2.066819105053416168e-09 4.630211631450834988e-09 3.717590208440235652e-09 inf 0.000000000000000000e+00 -2.000000000000000000e+01
4.451173998727147030e-01 4.379048494118142343e-01 1.567298069700002528e-07 5.895792111724147336e-07 -3.565060656387946669e-01 7.773012320097115631e-05 2.008254188056037858e-08 1.768737633517244161e-08 inf 0.000000000000000000e+00 -9.000000000000000000e+01
2.156656148894809943e-01 6.625087566442525722e-01 -6.173821762670575427e-09 2.139959958800066521e-09 -4.293296927498252979e-01 8.854363941028150544e-10 3.483586385893348990e-08 6.561549699456650552e-10 inf 0.000000000000000000e+00 -9.000000000000000000e+01
4.321039044159580289e-01 4.882473351521381955e-01 -2.485904010944169130e-07 -8.401463385164102959e-01 -3.549066871537103207e-01 1.108300146368511709e-03 6.792352557814652914e-02 7.400345017195334307e-07 inf 0.000000000000000000e+00 -1.000000000000000000e+01
6.170224076259451795e-01 4.195843229213571074e-04 1.082212076202573980e+00 5.943585446495013198e-03 -3.190102761940423193e-01 6.854845501204325562e-08 6.681548845275003220e-08 5.560280971044299621e-05 inf 0.000000000000000000e+00 -9.000000000000000000e+01
3.703157543908871530e-01 4.162388162810499170e-01 0.000000000000000000e+00 7.916848996464246567e-10 -4.455514089768984887e-01 1.077419449633755049e-09 1.160290127544006539e-02 1.039913605008666524e-06 inf 0.000000000000000000e+00 -9.000000000000000000e+01
7.883613277523210882e-05 1.103774661296398785e+00 6.818813562117479095e-05 5.831826133606781261e-04 -5.082731343051806183e-01 1.699744137047161588e-08 1.189820895933013045e-08 1.374182678623115450e+01 inf 0.000000000000000000e+00 -3.000000000000000000e+01
3.926213923166357866e-01 2.848564297402165213e-01 2.024883054779852420e-01 2.245550262682900408e-04 -4.749895165788670659e-01 1.002851854719625440e-06 0.000000000000000000e+00 6.021836544000688867e-10 inf 0.000000000000000000e+00 -9.000000000000000000e+01
6.522288875874722169e-01 5.112064254063971580e-01 4.688015619051784086e-10 -1.774065940659547830e-04 -1.038082013277358273e-01 9.018501642253705377e-09 1.549319042516694115e-03 6.220285315551200640e-10 inf 0.000000000000000000e+00 -9.000000000000000000e+01
9.938183014736493570e-01 2.639419058766615759e-03 6.402773616536234125e-05 5.541247529975358996e-07 -1.261169884889262391e-02 -1.185115510334803621e-09 -4.975526274794051191e-09 8.643327158980482205e-02 inf 0.000000000000000000e+00 -1.000000000000000000e+01
5.809407924295578729e-01 3.537662916862443184e-03 5.596245586795593282e-09 9.017387908410867774e-10 -4.264144537025037485e-01 2.521444411586622712e-03 -1.548440347908937030e-09 -2.513087351510341169e-05 inf 0.000000000000000000e+00 -9.000000000000000000e+01
9.631715733344768937e-01 1.056244441172702123e-03 4.569143836617446941e-01 1.394062641215806997e-08 -2.016887195699116134e-02 1.811693221495647857e-08 -1.757283603642288476e-09 1.779341556826082864e-09 inf 0.000000000000000000e+00 -9.000000000000000000e+01
7.389949883956984690e-03 2.410298223740937190e-03 1.531628288531905913e+00 1.350745806604058095e-02 2.141127863729258736e-03 5.702842948900905718e-10 4.375582825243661323e-09 1.781037233187180028e-07 inf 0.000000000000000000e+00 -9.000000000000000000e+01
6.321766679620192120e-01 3.613553052671789056e-01 -7.072964263463949602e-03 -2.929601981432064056e-06 -2.146278810982163998e-01 5.663729694476528086e-09 3.243807748416225288e-03 3.370233173761277101e-06 inf 0.000000000000000000e+00 -9.000000000000000000e+01
3.552857335281007778e-01 7.044458509608895191e-01 -9.853241425285066589e-07 0.000000000000000000e+00 -2.547235359633940877e-01 6.967614520720973069e-09 6.693778142177354444e-09 3.567418634609138211e-06 inf 0.000000000000000000e+00 -9.000000000000000000e+01
-8.543692121105520565e-01 7.091453062992661982e-01 6.358520684653179021e-10 -7.846157654678342008e-04 -1.489959553128777259e+00 8.487395565813304106e-09 1.296642016172195599e-01 0.000000000000000000e+00 inf 0.000000000000000000e+00 -9.000000000000000000e+01
2.073303379577163185e-04 6.473600899799750730e-01 -8.497144998267062391e-07 2.148078255561913438e-02 -6.543209511625555086e-01 0.000000000000000000e+00 2.759082726488084097e-08 1.619768265294658739e-06 inf 0.000000000000000000e+00 -9.000000000000000000e+01
2.913553380356836420e-01 3.135602483247773020e-01 3.421589116324626929e-10 0.000000000000000000e+00 -5.800191717939013891e-01 3.338869379446448872e-09 2.318157959543600488e-08 1.971316609472094459e-04 inf 0.000000000000000000e+00 -9.000000000000000000e+01
1.439455815118106984e-03 2.571612074199764418e-03 8.609104886766768378e-05 1.679491474363135478e-06 -1.004750941393001362e+00 1.185108446931030657e-09 -2.211242693518861753e-06 -4.245585971556214565e-04 inf 0.000000000000000000e+00 -9.000000000000000000e+01
5.069880260178384335e-01 4.558240967866804549e-01 -7.558307727330160729e-03 0.000000000000000000e+00 -2.852776660161537858e-01 3.419257260728688541e-08 7.707190690399261087e-08 -2.308978221990884303e-05 inf 0.000000000000000000e+00 -9.000000000000000000e+01
1.003774920730359677e+00 3.173007315960190778e-04 2.634290453350865520e-07 -2.571781866322200914e-06 -2.560351724694102243e-03 2.159894926794035792e-08 -7.981007093838426985e-09 3.580849056927786584e-07 inf 0.000000000000000000e+00 -9.000000000000000000e+01
5.164390700466741091e-01 1.307855714917861324e-02 8.164570338366022499e-09 1.520903111201323508e-06 -4.907919830466135891e-01 5.927999208441287322e-10 1.224685550754903292e-09 2.387510644369274626e+00 inf 0.000000000000000000e+00 -3.000000000000000000e+01
2.725890460728163656e-01 4.171570385587189400e-01 1.142001954435532724e-08 3.129766403591641415e-03 -5.416945260616350399e-01 0.000000000000000000e+00 1.008984681333666742e-09 -4.449711365106376847e-03 inf 0.000000000000000000e+00 -9.000000000000000000e+01
4.785794472648238762e-01 3.328430733433155875e-01 3.619903481276172674e-01 5.236597514623877308e-07 -3.422454200479290720e-01 8.182183616599808293e-09 9.145251286909161217e-04 1.572413938637745088e-05 inf 0.000000000000000000e+00 -9.000000000000000000e+01
2.263650534169884543e-01 1.179895066073105847e-01 -4.472403172904423538e-04 2.780530150362828464e-09 -7.498888642153517248e-01 4.664955492714965152e-02 0.000000000000000000e+00 0.000000000000000000e+00 inf 0.000000000000000000e+00 -9.000000000000000000e+01
7.933987640686480658e-01 9.222051182962563059e-04 0.000000000000000000e+00 2.236997490886237117e+00 -1.916977196720742738e-02 1.748585884640958951e-07 6.819600292176562986e-09 1.184793813128755332e-06 inf 0.000000000000000000e+00 -2.000000000000000000e+01
7.270095658544984962e-01 5.530744815505996836e-01 6.697999860111370385e-10 1.789239614805402461e-05 -4.074695016116836521e-04 7.431867670871398361e-08 5.751543358139111472e-09 4.904902197386543572e-04 inf 0.000000000000000000e+00 -9.000000000000000000e+01
7.255249354081017010e-01 1.060909103662790176e-01 9.418243150661996826e-07 1.114628095646105812e-09 -2.405379165908261563e-01 2.185778410411061415e-06 2.226342130911437481e-08 6.061245592010196040e-07 inf 0.000000000000000000e+00 -9.000000000000000000e+01
2.304762688332619713e-01 4.342988195021331155e-01 3.121299556741482936e-08 -3.065228307219181374e-08 -5.738388734215910114e-01 1.652933709876197100e-09 3.387637991972418001e-09 4.234547489965522501e-10 inf 0.000000000000000000e+00 -9.000000000000000000e+01
1.745699496469551367e-04 2.641432945968909306e-04 9.602981780672858599e-07 2.641777733878587576e-08 -1.006945622365082338e+00 1.428635088713798075e-08 -8.180731653249402274e-09 7.371820907376101784e-05 inf 0.000000000000000000e+00 -9.000000000000000000e+01
5.630202350699328728e-02 9.203098328926901939e-01 2.113286140340314531e-09 1.115084400700667056e+00 -2.556416202479694921e-01 2.009889307722805607e-08 1.979414451793434622e-07 3.881916171955599591e-09 inf 0.000000000000000000e+00 -9.000000000000000000e+01
4.996501759301884560e-01 2.550766663907869103e-01 1.515903716691745625e-08 -2.117793510988822121e-07 -4.006204113314123516e-01 4.829427769991401925e-08 8.429140135586845759e-09 2.140688575972485150e-06 inf 0.000000000000000000e+00 -9.000000000000000000e+01
8.211712970082678531e-01 8.954830224536775669e-04 0.000000000000000000e+00 5.768591336112541631e-08 -1.862299191429464540e-01 1.118757107609705077e-08 -6.282083367925589845e-10 5.153129255428816901e-10 inf 0.000000000000000000e+00 -9.000000000000000000e+01
1.659426072004544228e-01 6.368887603456692137e-01 0.000000000000000000e+00 1.244072001618824143e-09 -4.993786870892179541e-01 1.324955939804567963e-08 3.874639524506813125e-05 -5.018809848264373023e-07 inf 0.000000000000000000e+00 -9.000000000000000000e+01
1.867533451046969883e-01 2.484678125961916895e-01 4.270222606925623617e-09 1.509771588366212844e-08 -7.169611179881471008e-01 2.424590813520316543e-08 -2.143107975011361565e-09 4.183858554201284760e-08 inf 0.000000000000000000e+00 -9.000000000000000000e+01
2.643588841489556973e+00 -3.407805353745489896e+01 1.186535060584299360e-03 1.427764675526335480e-08 -5.757597968091338059e-01 6.178952668060959778e-07 3.860043750537426460e-02 1.678913642546630456e-06 inf 0.000000000000000000e+00 -2.000000000000000000e+01
4.120435600297509549e-01 3.287254110338102674e-04 7.700486203834689958e-01 -6.743854802649850667e-09 -5.505172154495853176e-01 2.179506507363852103e-07 0.000000000000000000e+00 2.611113214733442598e-06 inf 0.000000000000000000e+00 -9.000000000000000000e+01
5.016967249055026556e-01 2.834664157747808777e-01 3.905733779847970924e-10 8.158643895682428705e-10 -3.844270570096343653e-01 1.408957296878490267e-09 5.165983879478916805e-08 -2.118238551298881960e-07 inf 0.000000000000000000e+00 -9.000000000000000000e+01
1.339193517136389455e-01 3.538598928491774043e-01 -3.758050310146074099e-09 2.214977373496328218e-06 -7.155398938276184007e-01 8.466537762683743817e-10 4.171615298447495495e-04 6.991721507248510887e-07 inf 0.000000000000000000e+00 -9.000000000000000000e+01
6.145045127725677903e-01 6.986564046490659763e-01 1.949376129043152797e-04 2.814471509839417059e-06 -6.134801347282863764e-04 6.089000862633355029e-08 2.408771414049401830e-08 6.925946862430180256e-10 inf 0.000000000000000000e+00 -9.000000000000000000e+01
1.007428152536564703e+00 6.962320466112434543e-05 6.523437077623602820e-07 9.035585359463655708e-10 -2.794498386398392960e-04 1.758197134997049100e-08 -1.266369232117475790e-07 0.000000000000000000e+00 inf 0.000000000000000000e+00 -8.000000000000000000e+01
2.000835996119017246e-01 6.261785024528954136e-01 1.030118862849468713e-06 6.359625415537219217e-02 -4.725690885699195265e-01 -2.000287420501402819e-08 9.704018273219633551e-08 1.571304497317486797e-06 inf 0.000000000000000000e+00 -9.000000000000000000e+01
-2.205404675490243160e-01 2.559971343575491165e-01 -6.843976366086407800e-07 0.000000000000000000e+00 -1.120430671149384105e+00 7.988584073556886424e-09 0.000000000000000000e+00 4.504145451525956220e-10 inf 0.000000000000000000e+00 -9.000000000000000000e+01
5.175069140832684322e-01 3.941277822488468141e-01 2.734331766061205012e-10 -1.029163493898780474e-04 -3.187294239055891709e-01 5.140969297123634584e-09 7.853995660756005193e-02 1.995921748838251687e-06 inf 0.000000000000000000e+00 -9.000000000000000000e+01
4.291984396397453549e-01 6.981946761827612091e-01 1.124566623355141979e-09 5.951607406423538161e-07 -1.876995961655710810e-01 1.001198324476181859e-08 -7.059160784229307277e-10 3.557282587747402241e-06 inf 0.000000000000000000e+00 -9.000000000000000000e+01
-2.083699564677878868e+01 6.516281182325891000e-03 8.082484155603972318e-07 -3.961217482201947023e-07 -2.180366039327883598e+01 1.072329581040527016e-07 3.646560772302592291e-04 3.381039164101661964e-08 inf 0.000000000000000000e+00 -2.000000000000000000e+01
3.975334598935096331e-01 3.052301763298451154e-01 1.720533021249586373e-07 8.498726656108853565e-10 -4.782988330117160514e-01 9.002789064678067883e-09 1.245569877634677275e-02 3.040942084069036527e-07 inf 0.000000000000000000e+00 -9.000000000000000000e+01
1.007416091265573854e+00 1.019214092516791648e-04 4.764160696161881578e-10 9.035477182375981554e-10 -2.794464929717400698e-04 1.769858318390253060e-08 7.914712941976214437e-09 9.345786499750510711e-10 inf 0.000000000000000000e+00 -8.000000000000000000e+01
7.686591979197990865e-01 4.680781889689433414e-03 7.404550859853947760e-09 1.298881629999379950e-07 -2.374561663607460127e-01 1.567000416634691407e-03 -2.048785231404900886e-09 -5.861936097384374991e-07 inf 0.000000000000000000e+00 -8.000000000000000000e+01
6.657011769008008839e-01 1.096275108444669060e-04 3.982861380658352865e-07 7.238003639809550462e-10 -3.422708881235249634e-01 1.324189110345763523e-08 3.018028184356952118e-09 2.012393118648430886e-05 inf 0.000000000000000000e+00 -9.000000000000000000e+01
5.183267278131745703e-01 5.306190612790996353e-01 2.701758125758097183e-09 1.417715793070026820e+00 -2.048722244320848040e-01 -5.006647826263592587e-08 4.063932674586643062e-06 3.396277869950150792e-09 inf 0.000000000000000000e+00 -9.000000000000000000e+01
7.664399231638450161e-01 1.357431144256354694e-02 3.233709096328039921e-04 2.923736279158954682e-06 -2.362569666063308593e-01 5.377776454005206995e-09 3.977891346132717449e-09 1.026767215754396220e-07 inf 0.000000000000000000e+00 -9.000000000000000000e+01
3.112131436007424257e-01 1.177563246056863161e-01 1.866115877690055967e-09 3.698808784436409005e-08 -7.383134637975571346e-01 6.929695975660983614e-08 3.576257890976167136e-08 7.105753073348843429e+01 inf 0.000000000000000000e+00 -3.000000000000000000e+01
7.566527723895852819e-01 1.860980487647996284e-01 5.637502464574465766e-09 4.374284319734631822e-08 -1.760268602434104657e-01 3.292635513531610926e-05 -9.069593085368643894e-10 4.518484324904881909e-10 inf 0.000000000000000000e+00 -9.000000000000000000e+01
8.943564452857448721e-01 1.204788154549314531e-02 1.131478430571614209e-08 3.557741456951982845e-08 -1.088590312232375484e-01 0.000000000000000000e+00 1.414348038214517803e-08 1.268538962109928388e-08 inf 0.000000000000000000e+00 -9.000000000000000000e+01
7.004631000619241377e-01 2.311999037281032231e-04 1.840448795392566577e-09 9.814949425440849597e-07 -3.071863315914024617e-01 1.638546095858411777e-08 -1.155291620078106145e-09 1.231825134341955504e-09 inf 0.000000000000000000e+00 -9.000000000000000000e+01
6.966548219370447548e-01 2.757906833047953782e-02 0.000000000000000000e+00 1.601203399966304641e-04 -2.999695925260377205e-01 3.107534230250345907e-08 7.003211200056938382e-09 1.807098709982538152e-09 inf 0.000000000000000000e+00 -9.000000000000000000e+01
7.289182060871166602e-01 5.078528485033190210e-01 2.361232762278112499e-05 1.172542606103251228e-01 -2.847336742527799627e-02 2.069960399182783479e-09 1.274917544786987597e-07 4.050890243562006903e-08 inf 0.000000000000000000e+00 -9.000000000000000000e+01
2.969636918144680782e-01 6.550388829090839637e-01 5.780380820520229585e-10 1.422752092615940378e-01 -3.752628002671574148e-01 2.486026183289340319e-07 0.000000000000000000e+00 1.443759170493491117e+00 inf 0.000000000000000000e+00 -1.000000000000000000e+01
3.590248761853453430e-01 1.903028032239262313e-01 0.000000000000000000e+00 6.490027522873574048e-09 -5.709084096717786938e-01 1.224188750091580788e-09 -5.262184478005600356e-10 1.761370082221319123e-09 inf 0.000000000000000000e+00 -9.000000000000000000e+01
1.685308683621421204e-08 8.514112281269361891e-06 1.484191519688762506e+00 1.101401618250046899e-01 -6.077413480232675947e-06 0.000000000000000000e+00 -1.764814940456717477e-07 0.000000000000000000e+00 inf 0.000000000000000000e+00 -9.000000000000000000e+01
5.210201279976137689e-01 1.673712890617334598e-05 7.882888837505748977e-07 1.242208786005052969e-07 -4.867424879977707564e-01 9.133690345940310930e-05 3.093847070407321434e-08 3.825629464268193077e-06 inf 0.000000000000000000e+00 -9.000000000000000000e+01
5.181693671117797440e-01 8.533200763858953799e-05 3.100184936607410261e-07 6.133354597329509534e-08 -4.900611231410935686e-01 2.964697531013195445e-08 2.349176790544853859e-09 2.768022264828045103e-07 inf 0.000000000000000000e+00 -9.000000000000000000e+01
5.540743540647813381e-01 6.440502804905881389e-03 1.457235426926033943e-04 1.272047082179630362e-01 -4.488858453460811138e-01 4.126353037550305341e-08 2.677026210933696329e-07 5.085037533023564763e-09 inf 0.000000000000000000e+00 -9.000000000000000000e+01
2.580181615954839636e-01 3.840952178296408448e-01 4.733145153349337475e-10 1.918032735345216733e-02 -5.746768144626688279e-01 1.934035927276283190e-08 1.878694537790968072e-09 1.491304811393760631e-06 inf 0.000000000000000000e+00 -9.000000000000000000e+01
4.590341745994391820e-01 7.105731572690678899e-01 -9.175789737462137097e-05 2.740490587279137705e-06 -1.541532675893639015e-01 9.603993258543703712e-03 5.060830178100842699e-09 -3.524554651759544637e-06 inf 0.000000000000000000e+00 -9.000000000000000000e+01
3.041470508414383933e-01 3.530452905265570873e-01 4.517571420188784806e-09 -7.956754823945407315e-09 -5.457043548859248361e-01 1.101704514084748871e-08 0.000000000000000000e+00 6.776357130283177002e-10 inf 0.000000000000000000e+00 -9.000000000000000000e+01
4.630894005988724360e-01 2.595963169681563820e-01 -1.183440636866936678e-07 2.008130993316585905e-05 -4.345623328001739227e-01 7.254808501866278726e-09 0.000000000000000000e+00 4.817646270770575749e-10 inf 0.000000000000000000e+00 -9.000000000000000000e+01
3.190899947948388918e-04 6.467730962807782813e-01 2.319508505372853621e-02 -6.876607900460243675e-08 -6.467730962807782813e-01 5.337786552105504049e-08 4.658541191308294552e-09 -5.378570447241399349e-03 inf 0.000000000000000000e+00 -9.000000000000000000e+01
2.731753394339912155e+00 3.420013340446331540e+00 0.000000000000000000e+00 0.000000000000000000e+00 -2.547271346929944169e+00 0.000000000000000000e+00 5.899769896197903684e-08 7.094910438005723059e+07 inf 0.000000000000000000e+00 -2.000000000000000000e+01
3.841249163789570709e-01 4.496118614104840927e-01 -2.908269234534367737e-07 0.000000000000000000e+00 -4.105151778095724180e-01 2.017203971269080479e-09 6.860532553260560497e-06 5.555241663996725266e-04 inf 0.000000000000000000e+00 -9.000000000000000000e+01
1.158740543365720347e-04 2.348686017249075608e-01 1.235989912923435123e-02 6.599575769622045450e-04 -9.082236989778130765e-01 0.000000000000000000e+00 1.691698467317620435e-09 -7.675344767907257490e-03 inf 0.000000000000000000e+00 -9.000000000000000000e+01
4.872165712390586489e-01 3.161405267177464506e-01 6.171824154085516982e-09 2.549350978120425158e-06 -3.821698772347441597e-01 8.557070203973639348e-09 1.759118961792490193e-09 0.000000000000000000e+00 inf 0.000000000000000000e+00 -9.000000000000000000e+01
3.205903867011673514e-01 6.492725980666670671e-02 -3.696793879698954588e-07 3.295787287132206976e-09 -6.612176725711577108e-01 0.000000000000000000e+00 0.000000000000000000e+00 0.000000000000000000e+00 inf 0.000000000000000000e+00 -9.000000000000000000e+01
1.009138248974195795e+00 3.060641117946801975e-10 8.120488892060875791e-10 6.805747363473142444e-17 -1.020213705982267411e-10 0.000000000000000000e+00 -9.680377116275877704e-17 0.000000000000000000e+00 inf 0.000000000000000000e+00 -9.000000000000000000e+01
2.273628096981385224e-07 1.314927505390430320e-04 4.006661457601428766e-04 1.989630731168081867e+00 -8.218296908690189164e-05 2.809932398927160550e-07 2.163345803905211751e-06 6.873759362966978866e-07 inf 0.000000000000000000e+00 -9.000000000000000000e+01
4.965300806468159189e-01 5.541520900058291010e-01 9.733630807628731875e-08 4.649416367382718671e-09 -2.311010375356168101e-01 5.526320043745666931e-10 -2.320140977043635434e-09 5.836670869871787116e-06 inf 0.000000000000000000e+00 -9.000000000000000000e+01
1.175050956812598112e-04 1.210667179203292143e+00 1.310000786586593786e-04 -1.012123723304968911e-05 -2.586823663804361378e-02 -4.178610392201662907e-08 2.275735505906751756e-07 1.772858953955822880e-01 inf 0.000000000000000000e+00 -1.000000000000000000e+01
3.786926995851561673e-01 5.862066095923739173e-01 -7.648669013975910140e-05 6.358646075123890185e-02 -3.245937425015624211e-01 6.918342327686031880e-10 -4.974468612101761309e-07 -2.913837341825551967e-06 inf 0.000000000000000000e+00 -9.000000000000000000e+01
8.193749876426091872e-01 4.301555592968514877e-03 2.546915093547926929e-09 3.907084406102224289e-07 -2.054961155313868582e-01 5.121093672766307420e-02 6.785292882810889024e-09 1.141645086285482608e-03 inf 0.000000000000000000e+00 -9.000000000000000000e+01
3.914703425790421187e-01 7.142092509648173548e-01 0.000000000000000000e+00 3.117064026081487726e-08 -2.084355449991464604e-01 1.675421914018799744e-09 -4.953905327165222250e-09 1.590237007134601291e-06 inf 0.000000000000000000e+00 -9.000000000000000000e+01
2.568154849389731598e-01 5.136309698779463195e-01 1.230653995160101838e-08 -6.092646626285232504e-09 -4.973575134065658654e-01 1.969046392256162941e-07 0.000000000000000000e+00 2.289137677696819714e-06 inf 0.000000000000000000e+00 -9.000000000000000000e+01
7.341296800749660401e-01 5.131013892997074999e-01 1.263018804430049158e-01 1.806762892384599408e-05 -4.153145635294732633e-04 6.892988638915203516e-08 1.352719613438990387e-08 8.789148653579248816e-07 inf 0.000000000000000000e+00 -9.000000000000000000e+01
1.009138248877128330e+00 3.424198597527017819e-10 5.847918367558824443e-16 9.227841483462253040e-19 -2.234228872145288089e-10 5.247203980792262001e-18 -3.455917104590765687e-18 3.763511820706174142e-16 inf 0.000000000000000000e+00 -9.000000000000000000e+01
9.857668151959861902e-01 1.824568395266404353e-02 0.000000000000000000e+00 1.061760557497974460e-04 -3.986556973219061717e-02 2.532598312548486641e-09 7.091275275135762759e-09 1.506843553613986053e+01 inf 0.000000000000000000e+00 -3.000000000000000000e+01
3.948164978116666131e-05 6.990884121251910166e-01 2.484711826228088727e-01 2.755490140977256866e-04 -5.407406754028586393e-01 1.732021226819674055e-08 3.903323199571874379e-09 1.007207996031006126e-09 inf 0.000000000000000000e+00 -9.000000000000000000e+01
2.633564498996023295e-01 6.958761668880003581e-01 -1.168701678721549624e-08 4.385152024316779727e-06 -3.517827031505637025e-01 1.091154884980496297e-04 3.101226442989728563e-03 1.006143295713098858e-09 inf 0.000000000000000000e+00 -9.000000000000000000e+01
5.285499184008300988e-01 5.763809331519468074e-04 0.000000000000000000e+00 3.397934678559871350e-08 -4.794702831207529603e-01 7.200921173107011591e-09 -4.043486010289581635e-10 4.453694735971133358e-10 inf 0.000000000000000000e+00 -9.000000000000000000e+01
5.965303570130741084e-01 6.488106945075182170e-04 0.000000000000000000e+00 1.197107498177102976e-06 -4.113515021109112602e-01 8.820537106940842048e-10 -3.791514457908899287e-10 6.345520724694755100e-10 inf 0.000000000000000000e+00 -9.000000000000000000e+01
8.080091996024427736e-01 1.088269049101353060e-02 1.107821943139799973e-08 -9.729883513760741531e-10 -1.956438739957488404e-01 1.975129911782143047e-09 -8.509092885629713325e-10 2.256458378921592416e-08 inf 0.000000000000000000e+00 -9.000000000000000000e+01
5.176725667640426076e-01 6.896203451238306359e-01 1.842950922313685291e-01 8.422621944035382394e-09 -5.476262356006546261e-02 3.870590019589075920e-08 3.717947032901055514e-08 2.930200190886096027e-09 inf 0.000000000000000000e+00 -9.000000000000000000e+01
7.823797384862600790e-01 2.579682259121248030e-04 2.170103565113894748e-09 9.737226093117040682e-01 -2.232333492963513855e-01 1.710738576878106828e-08 1.013771008520359645e-08 7.999286864105962499e-10 inf 0.000000000000000000e+00 -9.000000000000000000e+01
4.884736284763319114e-01 -2.375500522706245121e+00 0.000000000000000000e+00 1.904147186118406564e-09 -1.035881430225910504e+00 3.188496574183194761e-08 1.085068352178338110e-09 1.992215893401513230e-03 inf 0.000000000000000000e+00 -2.000000000000000000e+01
6.730473096796092403e-01 4.110307370921598702e-01 -2.414776442928205380e-09 1.311210655686183724e-05 -1.452888103920927654e-01 2.995340511103473325e-10 2.161271176505857454e-08 4.255927830448178198e-10 inf 0.000000000000000000e+00 -9.000000000000000000e+01
3.057422527912307952e-01 6.370449511534326259e-01 1.523521278558436755e-07 1.464810150028726388e-01 -3.578462379935948845e-01 8.555157948828145865e-09 3.632839770153038685e-03 5.625309336215766547e-06 inf 0.000000000000000000e+00 -9.000000000000000000e+01
4.879050387967405755e-01 3.393288482004835904e-01 1.374796354471650011e-09 5.338637770881286764e-07 -3.767125348666385820e-01 2.495630327826355267e-07 0.000000000000000000e+00 1.449336775364777452e+00 inf 0.000000000000000000e+00 -1.000000000000000000e+01
3.448269809869397573e-01 7.446886921064584941e-01 1.461860019146627443e-01 1.348649465118984436e-09 -1.853122553682930718e-01 5.670093950737773584e-10 8.649295857057620196e-10 3.191100685177610712e-04 inf 0.000000000000000000e+00 -9.000000000000000000e+01
1.050060547039482595e+00 -1.778328345792671850e-01 5.583931276513788980e-07 1.076674984867672213e+00 -1.848644900281922951e-02 0.000000000000000000e+00 -7.728920889738142181e-10 -5.131678991308540278e-06 inf 0.000000000000000000e+00 -9.000000000000000000e+01
5.749605778876476503e-01 3.196843650276948168e-01 2.490684532046224932e-08 7.549302270534845220e-10 -2.914076152955153987e-01 1.708834312400135592e-08 3.707936371016184351e-08 2.007295099839885105e-09 inf 0.000000000000000000e+00 -9.000000000000000000e+01
4.900379732659437132e-02 6.992974321200493559e-01 2.140906990375453056e-08 -1.960151893063774575e-02 -5.657951950789490425e-01 6.997418717805315984e-08 4.142876063971378399e-07 1.894607956084471859e-09 inf 0.000000000000000000e+00 -9.000000000000000000e+01
7.772702501014598919e-01 1.455520439605703098e-01 1.114955980304967145e-09 1.235889478130673819e-01 -1.708654429102347272e-01 9.540916846390764074e-10 1.736224984255993643e-09 0.000000000000000000e+00 inf 0.000000000000000000e+00 -9.000000000000000000e+01
3.385205115581514379e-01 1.728182791738310520e-01 8.539794550594798012e-10 6.911363660680934433e-10 -5.997810865444724859e-01 8.725359931073354987e-09 2.963365514785112799e-10 1.477494281661754809e-06 inf 0.000000000000000000e+00 -9.000000000000000000e+01
1.009117388834480433e+00 6.808251153407497381e-08 1.756016898996171180e-04 8.841998228669459907e-12 -1.254765806558831264e-05 4.862317930518320623e-13 -2.196830390294421755e-14 0.000000000000000000e+00 inf 0.000000000000000000e+00 -8.000000000000000000e+01
1.077781885736125433e+00 2.333163031609461592e-06 7.535486007495422855e-07 1.856283425486581762e-07 -9.963236729575537180e-06 2.140885531587776683e-12 8.389144147654349749e-13 6.305354639496743374e+01 inf 0.000000000000000000e+00 -3.000000000000000000e+01
1.472034819531454986e+00 1.640219793256202652e-01 1.038017675456026865e+02 9.533257174001787126e-02 -4.179646376723927248e-01 3.880812668940592551e-08 2.747337459751294272e-07 5.205520097958371480e+04 inf 0.000000000000000000e+00 -2.000000000000000000e+01
2.690632797856886693e-01 3.457330383759363041e-05 1.639916755689429832e-06 2.233427525439099615e+00 3.479615347604394504e-01 1.886714580851538039e-04 6.390852062613219340e-08 7.902469448592829325e-06 inf 0.000000000000000000e+00 -2.000000000000000000e+01
5.763173335441114029e-04 3.872852481416429182e-02 6.144008031760953411e-08 1.506829694995541426e-05 -9.934173984077696584e-01 5.100464682854989965e-08 1.696678229953864012e-02 1.689162513502981682e-09 inf 0.000000000000000000e+00 -9.000000000000000000e+01
3.071379961011398985e-01 3.238529890862359428e-01 4.148822314822830926e-05 3.621581813437477204e-02 -5.585593489186262417e-01 0.000000000000000000e+00 1.440471054570955163e-08 9.487880539635817553e-05 inf 0.000000000000000000e+00 -9.000000000000000000e+01
1.482397124725312274e-10 1.810046158087612174e-12 0.000000000000000000e+00 0.000000000000000000e+00 -1.009138249080041350e+00 3.175417738840817191e-17 7.162244433061106499e-17 2.750208238185228709e-18 inf 0.000000000000000000e+00 -9.000000000000000000e+01
8.033262702497409036e-01 3.464390350572345485e-04 1.192971883805904120e-07 1.527004011271557334e-02 -2.042520565476834971e-01 9.320092842233625112e-09 1.549465435021340163e-08 2.824957420852381058e-04 inf 0.000000000000000000e+00 -8.000000000000000000e+01
8.564562341102225362e-01 1.602601425909136110e-02 1.505085304310466597e-08 4.763517406425909436e-08 -1.448035806151402038e-01 6.836888785688652695e-10 3.462084108497658037e-09 1.687402338595497308e-08 inf 0.000000000000000000e+00 -8.000000000000000000e+01
2.922326856892251135e-01 1.928008808960319511e-04 -7.009314203367497866e-07 3.821567584282811210e-08 -7.154325281756280797e-01 4.107020041035643281e-09 -4.893470687191405042e-09 3.459916798257998884e-06 inf 0.000000000000000000e+00 -9.000000000000000000e+01
3.958912596012246210e-01 4.643169094088436810e-01 -7.066269268877200571e-07 6.001906997411158295e-01 -3.841611482056327409e-01 1.879017017820660691e-09 5.972069591523029417e-09 5.381551350313232133e-05 inf 0.000000000000000000e+00 -9.000000000000000000e+01
7.254550675789788183e-01 1.063251194059487148e-01 6.701693442599034640e-10 1.264580414820861381e-08 -2.405147528631115805e-01 2.379509101288728675e-06 5.754715021362214166e-09 4.907606984074859482e-04 inf 0.000000000000000000e+00 -8.000000000000000000e+01
3.400698262989844123e-01 7.348635326920581745e-01 6.589122048067054190e-10 -3.237015228779844232e-03 -2.438144300620592175e-01 1.127067506122408846e-08 -4.164616366292105206e-09 1.868543958470639602e-07 inf 0.000000000000000000e+00 -8.000000000000000000e+01
4.106678153677352228e-01 1.150080377445604441e-03 -4.939828632275584594e-03 2.289766664764098486e-07 -5.975325355879744782e-01 3.126493121695182244e-10 8.593774038108298622e-04 3.763933466895170641e-10 inf 0.000000000000000000e+00 -9.000000000000000000e+01
8.484248511078582577e-01 6.317187445598270168e-01 0.000000000000000000e+00 1.958532547858622186e+00 -4.191014324749661180e-01 2.201016247004728502e-09 -4.842665942317443684e-02 1.603592478099725895e+03 inf 0.000000000000000000e+00 -3.000000000000000000e+01
4.118466355984761740e-01 5.908678572481700364e-01 5.205802796605073717e-07 3.179338635855220030e-01 -2.836948321224657676e-01 5.994136732650108027e-08 3.607852240590714239e-09 2.433106396692837332e-06 inf 0.000000000000000000e+00 -9.000000000000000000e+01
5.310812480423708903e-01 6.830741978188070718e-01 7.225078466222477032e-05 6.199160980082125266e-04 -1.003600506612056104e-01 3.576304700622026309e-03 0.000000000000000000e+00 0.000000000000000000e+00 inf 0.000000000000000000e+00 -9.000000000000000000e+01
1.571343703735118141e-03 6.271857879854579876e-01 1.827489623612799929e-01 1.095714075375506073e-09 -6.293484975992008623e-01 7.210765422507926187e-10 1.604898851579417830e-08 1.808418073015047179e-05 inf 0.000000000000000000e+00 -9.000000000000000000e+01
7.792521532986941279e-01 9.168982558344962496e-04 -7.780642689186656469e-03 7.558265779497746703e-10 -2.285489547174828495e-01 1.863546185633542951e-08 3.313600360473016786e-09 1.900615008045595470e-03 inf 0.000000000000000000e+00 -8.000000000000000000e+01
4.129443427073662409e-01 4.939050129631961651e-06 1.695459916658698949e-09 3.355841352283079992e-08 -6.689502178774912045e-01 1.552807427119139502e-07 -3.281299580085154544e-09 6.980623036056493902e+01 inf 0.000000000000000000e+00 -3.000000000000000000e+01
9.822332861311406926e-01 1.072751595981873921e-03 4.640551137537939907e-01 1.412862248384312522e-08 -6.283818655295283790e-04 6.236905654601362290e-08 6.526646961352479283e-09 7.168857074254440034e-07 inf 0.000000000000000000e+00 -9.000000000000000000e+01
5.035543761243053140e-01 5.546105852343243825e-01 3.985978538556743406e-08 -2.082494775383687917e-08 -2.227452260192006872e-01 2.177967315229358127e-08 0.000000000000000000e+00 3.565302659861757795e-09 inf 0.000000000000000000e+00 -8.000000000000000000e+01
6.067387416455048976e-01 6.854611733147001340e-01 1.209412357722726292e-04 2.299875728712064427e-06 -1.962060606389241443e-02 3.776666951010057887e-08 -1.709514017597355624e-09 1.734548741704429996e-09 inf 0.000000000000000000e+00 -9.000000000000000000e+01
1.212865620901111406e-04 5.655760325501699715e-01 8.434857651741714644e-10 1.179278572937695994e-02 -7.184344197258916154e-01 1.022148150877730179e-08 4.128453534185818403e-09 5.160566917732273004e-10 inf 0.000000000000000000e+00 -9.000000000000000000e+01
5.162436016507638836e-01 3.758773803847212185e-04 1.132790695706921205e-06 1.548737279286806335e-08 -4.911167006854612604e-01 1.987829826601087915e-08 6.154103298792408510e-08 0.000000000000000000e+00 inf 0.000000000000000000e+00 -9.000000000000000000e+01
1.589864095497901308e+00 -2.049466729218255523e+01 7.135865688589746771e-04 2.441499473600308964e-08 -1.162891860244098075e+00 3.716044961513690454e-07 1.134754125044635190e-09 1.489728492366290182e-08 inf 0.000000000000000000e+00 -2.000000000000000000e+01
1.009138249131876774e+00 6.580748983439374034e-13 -3.434370430621121079e-12 1.971322907711660573e-16 -9.784187609242867578e-11 1.976456561117159583e-19 8.526712793266232145e-12 2.685927461757137420e-17 inf 0.000000000000000000e+00 -8.000000000000000000e+01
3.759448387006738002e-01 5.763871728482075074e-01 5.863313525881016673e-05 -7.740584148185863933e-01 -3.454628247519704876e-01 7.105749529879232839e-10 4.214369352756324946e-03 3.602907500128209286e-07 inf 0.000000000000000000e+00 -1.000000000000000000e+01
4.858896043045941027e-01 1.349320089387527535e-03 1.399709636294115602e-06 -3.572058991822583181e-03 -5.217221709937234220e-01 6.086994115353743289e-10 4.495832495726185813e-09 -2.134557195348526140e-05 inf 0.000000000000000000e+00 -9.000000000000000000e+01
1.444372918540487351e-03 8.238747062652841402e-01 8.769897354731333522e-05 1.625048250051121629e-06 -4.962931251051967974e-01 1.749742546465935428e-07 -6.864890297245661971e-07 0.000000000000000000e+00 inf 0.000000000000000000e+00 -9.000000000000000000e+01
3.821218764742375651e-01 8.248359686553875525e-01 5.206205459184503309e-10 -1.826759196643647978e-07 -1.165422858556338370e-01 0.000000000000000000e+00 2.104326402383666520e-09 9.171076783149742628e-07 inf 0.000000000000000000e+00 -9.000000000000000000e+01
2.334538937180909435e-01 3.477591196879445956e-01 1.022934903594622469e+00 1.825977550450628428e-01 -4.591582805907680753e-01 3.039345445801189574e-07 1.089810890757930311e-09 1.770762314177054986e+00 inf 0.000000000000000000e+00 -1.000000000000000000e+01
4.663630648742439098e-04 3.640384212631475047e-01 -5.095619745400094231e-07 0.000000000000000000e+00 -8.435513955076159309e-01 4.739229673921217805e-09 9.361801386638221629e-09 1.483743444066104433e-09 inf 0.000000000000000000e+00 -9.000000000000000000e+01
1.868777438619069198e-01 3.187062298420118012e-02 0.000000000000000000e+00 2.232875161802216013e+00 -4.664700273142172726e-01 -1.974471352963918047e-08 0.000000000000000000e+00 0.000000000000000000e+00 inf 0.000000000000000000e+00 -2.000000000000000000e+01
8.037778174694949485e-01 1.488016895996022507e-02 9.289265225101387781e-09 2.221663109342250919e-01 -1.976285392788032225e-01 1.245156828045505153e-08 3.979098106284628157e-03 3.680920756431664823e-07 inf 0.000000000000000000e+00 -8.000000000000000000e+01
1.210914989981504292e-01 1.103182339627277964e+00 1.814832244736723257e-06 1.103182339627277880e-01 -3.415125016228975213e-02 3.098694548305002796e-07 -2.735399325400278637e-06 2.768276721138262856e-06 inf 0.000000000000000000e+00 -9.000000000000000000e+01
6.136543620571621727e-01 1.486442560941571844e-01 0.000000000000000000e+00 1.037033317366039178e-06 -3.346482984793591742e-01 4.042027818338368641e-10 9.090861100585195662e-10 4.086445706451977098e-10 inf 0.000000000000000000e+00 -9.000000000000000000e+01
3.085454149509919031e+00 8.702600332006120085e-03 -4.544286700562191750e-02 8.000805254238759599e-08 -1.715176929032704134e+00 2.055762461158570140e-07 4.656024168786167043e-07 3.213829445277696103e+07 inf 0.000000000000000000e+00 -2.000000000000000000e+01
4.765171479660452319e-03 4.615336141155620964e-01 -3.336140131454604713e-07 1.010040240483551917e-10 -7.844440579137291758e-01 3.586933882595423159e-08 1.477544580364510185e-08 -6.271010261083900252e-05 inf 0.000000000000000000e+00 -9.000000000000000000e+01
3.403588100078917544e-01 5.222747257017649192e-01 -2.555691344769859976e-07 -8.823664277928055689e-07 -4.088217890324676862e-01 1.081195483479630969e-03 4.372190941098072363e-09 1.137935562269791619e-06 inf 0.000000000000000000e+00 -9.000000000000000000e+01
