3.365252000617430794e-01 4.011506483171597970e-01 -8.305237970379556631e-08 1.615951279304619764e-08 -4.870552075835063444e-01 1.394979336925290267e-05 5.618249215256759209e-08 0.000000000000000000e+00 8.653666087231984420e+03 0.000000000000000000e+00 0.000000000000000000e+00
5.333271562107817498e-01 4.915973596370374343e-01 4.155593769290810250e-09 3.511409711693124214e-01 -2.315494809884596494e-01 2.244627291441751465e-09 1.315230261579923648e-07 0.000000000000000000e+00 1.338722791912104913e+04 0.000000000000000000e+00 0.000000000000000000e+00
3.153036869278106336e-01 6.004759635007451690e-01 0.000000000000000000e+00 1.511951126735747164e-01 -3.755665076375628297e-01 2.233162911694744356e-06 1.077583206470350091e-07 1.193822620087166969e-02 1.383440036822483307e+04 0.000000000000000000e+00 0.000000000000000000e+00
1.822646604007790716e-01 7.349223840288786613e-01 6.225580689841001509e-10 3.019827349267599770e-01 -3.928707425260760666e-01 1.376180994596431902e-09 0.000000000000000000e+00 4.678287243535489767e-10 1.964845933477666767e+04 1.000000000000000000e+00 0.000000000000000000e+00
5.348967464218500334e-01 3.574308152847713256e-09 5.407243263312922518e-05 8.892181258304066357e-09 -4.730493101168236625e-01 2.223045314576016589e-09 1.738479720884003664e-04 1.005663356593912286e-09 2.165183985132633825e+04 0.000000000000000000e+00 0.000000000000000000e+00
4.341821179364796501e-01 4.557442095721513375e-01 3.215936962706713361e-04 7.790990141795429589e-04 -3.596948922859775077e-01 4.961731313890357757e-03 7.617735725347526371e-08 0.000000000000000000e+00 2.583279039171986005e+04 0.000000000000000000e+00 0.000000000000000000e+00
5.349353332675464978e-01 3.963207031142771952e-01 4.334680608636295355e-09 2.478529643475602053e-04 -2.899193320811337959e-01 -1.853177548814065496e-03 3.723752469164065469e-09 0.000000000000000000e+00 3.712841918994072330e+04 0.000000000000000000e+00 0.000000000000000000e+00
4.477192328398011956e-01 6.099930159214759229e-01 4.715960542183699581e-10 8.382516204369640234e-02 -2.370565807066633002e-01 5.608169293407642521e-09 2.954121383644337248e-08 3.635841702946877020e-08 5.028055284468047466e+04 0.000000000000000000e+00 0.000000000000000000e+00
5.552085212798872904e-01 4.499794694127606243e-01 0.000000000000000000e+00 1.569040326947334849e-02 -2.390202749553305139e-01 8.721261690117342531e-08 9.049802370224502119e-09 0.000000000000000000e+00 5.899630113561034523e+04 0.000000000000000000e+00 0.000000000000000000e+00
4.293619078674921208e-01 5.829150275376431267e-01 -5.406958225201079710e-09 1.002691983541332286e-08 -2.767868335455587192e-01 4.130904424844513865e-05 2.215883992055323124e-04 1.351739556300269928e-09 7.121863978643201699e+04 0.000000000000000000e+00 0.000000000000000000e+00
3.473159181710026577e-01 6.496275201846358760e-01 3.716601347065361300e-04 5.961848947477597525e-04 -3.081817302080727683e-01 5.886118259293189719e-10 2.752816871782024050e-05 1.194280638517147028e-07 7.517381698538684577e+04 0.000000000000000000e+00 0.000000000000000000e+00
3.729255139000750563e-01 6.657749972081093981e-01 4.982409269538244081e-04 1.163395193625087200e-09 -2.688266741304222163e-01 1.094358555761620394e-08 4.184813480365697727e-09 2.400088545969410517e-08 8.440865750103170285e+04 0.000000000000000000e+00 0.000000000000000000e+00
2.514416260908056144e-01 7.905246454528050970e-01 0.000000000000000000e+00 2.476504342577243861e-02 -2.798144165835423913e-01 -2.143095383578493622e-09 1.294604558243334919e-08 0.000000000000000000e+00 9.228571583265831578e+04 0.000000000000000000e+00 0.000000000000000000e+00
4.017705670465376855e-01 7.116520019705094846e-01 6.318236769856752144e-10 1.221929948438374956e-02 -2.018628274820195301e-01 1.114981245675885241e-06 3.379437303992545252e-09 0.000000000000000000e+00 9.404285157526358671e+04 0.000000000000000000e+00 0.000000000000000000e+00
2.098882363726267131e-01 8.510274732193064962e-01 1.148441104766292854e-08 2.446554577592370723e-04 -2.620017164742584059e-01 4.951405507522168297e-10 7.568882318261225478e-07 2.115639394983860515e-07 9.490309290524895187e+04 0.000000000000000000e+00 0.000000000000000000e+00
4.969066098864897141e-01 6.443842400934425285e-01 3.774010820727141918e-10 3.078998887026807073e-07 -1.637533146216841040e-01 3.204815746125671602e-10 2.415366925265370828e-08 3.213309126543203154e-06 9.588090560350836313e+04 0.000000000000000000e+00 0.000000000000000000e+00
2.114303188534177869e-01 8.572276873240611827e-01 1.140201675952882420e-08 1.589566872803987012e-09 -2.540999296877810010e-01 1.443112396882720782e-09 7.535047065545264131e-07 1.323091167835048916e-08 1.003266324166819832e+05 0.000000000000000000e+00 0.000000000000000000e+00
4.940367928263361685e-01 7.093368737467627971e-01 3.213592116888660936e-10 1.771671416091070086e-05 -1.136572971823234524e-01 2.277837059699042467e-07 1.091161865539533326e-04 0.000000000000000000e+00 1.017094943170355837e+05 0.000000000000000000e+00 0.000000000000000000e+00
3.675151685100898069e-01 8.329157329913899899e-01 5.171421499248531205e-10 6.099625358088012098e-09 -1.232466122001148606e-01 -9.369024550023186371e-07 0.000000000000000000e+00 4.760359790333904673e-09 1.040327554153033852e+05 0.000000000000000000e+00 0.000000000000000000e+00
2.450885007610348609e-01 9.324810899443194412e-01 3.440808535277375704e-10 1.388704748208092858e-02 -1.399762350418649048e-01 1.070042992379217776e-09 2.240993830356297544e-04 0.000000000000000000e+00 1.053710941740471462e+05 0.000000000000000000e+00 0.000000000000000000e+00
2.204448697504815813e-01 7.682992381697818784e-02 1.324841089140825323e+00 1.425290106145355069e-02 -2.790853769747476121e-01 1.180616630195039763e-07 8.090848617016446269e-10 5.161961417656493044e-09 1.083581073751894583e+05 0.000000000000000000e+00 0.000000000000000000e+00
6.652877714189319169e-01 6.375849037331153199e-03 5.368804708501192986e-10 4.336101029084348663e-02 -3.401849309774387375e-01 3.458509079662396075e-09 2.634783611422781245e-04 4.213887416556168348e-10 1.116243752407136199e+05 0.000000000000000000e+00 0.000000000000000000e+00
2.269134787465485470e-01 7.356256459003631676e-01 0.000000000000000000e+00 1.188939058281122349e-08 -3.538867249765667022e-01 8.300601228246028400e-10 7.071846627226312460e-04 3.578047400034523772e-07 1.121408777438226971e+05 0.000000000000000000e+00 0.000000000000000000e+00
6.846857480946886287e-01 -6.148018022297268431e-02 8.963535704977527200e-10 5.786753197772256081e-09 -3.458813016860765588e-01 8.647175621272437713e-09 9.786071922610758875e-08 -4.059954407548644284e-09 1.153545452120637929e+05 0.000000000000000000e+00 0.000000000000000000e+00
2.331988330896664907e-01 6.937033879634844080e-01 0.000000000000000000e+00 4.809199761822093022e-02 -3.855778539894124668e-01 1.571246962495698445e-09 0.000000000000000000e+00 1.264042777933784947e-05 inf 0.000000000000000000e+00 -9.000000000000000000e+01
3.930862742282837385e-01 6.101277753359251044e-01 2.062682006686696018e-08 5.582789722935440624e-01 -2.827568444985660845e-01 3.924126744428348765e-08 1.275700544205186528e-08 6.019150455052641260e-10 inf 0.000000000000000000e+00 -9.000000000000000000e+01
5.251041338897024513e-01 4.982739956617613930e-01 4.729779324364159673e-10 8.681376088191423579e-09 -2.390756959954028205e-01 4.943958010750460834e-10 3.947741547472310189e-06 1.152995261712923367e-09 inf 0.000000000000000000e+00 -9.000000000000000000e+01
7.580717314360406744e-01 -1.124375126212628917e+00 6.121380260303946092e-05 3.655924213424058998e-09 -5.543521963731253832e-01 2.605119649086604924e-09 2.037271867882407004e-04 2.452469787488173125e+00 inf 0.000000000000000000e+00 -3.000000000000000000e+01
4.150092964645407112e-01 5.833760573078062839e-01 3.988867710928369444e-10 1.210415029523091532e-08 -2.946418314757148216e-01 4.453780817262919731e-03 4.943775131492132596e-07 3.631245088569274595e-09 inf 0.000000000000000000e+00 -9.000000000000000000e+01
6.923371861053875254e-01 1.356091644344038949e+00 1.128918505153208565e-03 7.630992049162934128e-10 1.561691396107763090e-09 3.206199760190938223e-09 9.218711635205826037e-08 1.000014372297543304e+02 inf 0.000000000000000000e+00 -3.000000000000000000e+01
3.900463682319545988e-01 4.872524728461525949e-03 1.074299763658689610e-09 1.002194220199563952e-08 -6.158626866820335888e-01 2.833238020767662382e-09 7.598030599652508144e-08 1.351068516330080649e-09 inf 0.000000000000000000e+00 -9.000000000000000000e+01
9.908977474359754205e-08 9.759562665624419431e-01 5.622517025639537855e-05 1.161759563803788531e+00 -2.302982973701954705e-01 5.088198847152009506e-03 2.215582080591715984e-04 0.000000000000000000e+00 inf 0.000000000000000000e+00 -9.000000000000000000e+01
3.200705898915582881e-01 5.655234962501152207e-01 4.424152307678915176e-08 3.028437591565924197e-09 -3.986155199262965132e-01 9.392545573842141149e-09 3.591697723330601059e-09 2.135999460717994984e-08 inf 0.000000000000000000e+00 -9.000000000000000000e+01
3.591787262829366223e-01 6.288061170156559188e-01 4.249049655119216439e-04 6.416350150347809749e-05 -3.124562903436928218e-01 1.178494940221172394e-09 5.650973891817461283e-08 5.547991564733519248e-10 inf 0.000000000000000000e+00 -9.000000000000000000e+01
5.418018159762787445e-01 4.391137461612800719e-01 0.000000000000000000e+00 6.485012467088359984e-09 -2.591651285807109462e-01 1.464592703241303754e-09 4.681596078768843976e-10 0.000000000000000000e+00 inf 0.000000000000000000e+00 -9.000000000000000000e+01
4.036325461832218631e-01 9.147701288801347586e-01 0.000000000000000000e+00 4.869927629852604877e-08 3.040792132515621656e-08 -3.495536188133820251e-05 1.910689309320160865e-08 5.228181875350135018e-09 inf 0.000000000000000000e+00 -9.000000000000000000e+01
2.957632042015123086e-01 7.761257659228750772e-01 1.124392027958425839e-09 5.302915508133250813e-04 -2.512976655288475802e-01 -1.493501017799315133e-04 2.947526237771335832e-04 -1.011952825162583173e-08 inf 0.000000000000000000e+00 -9.000000000000000000e+01
1.289714986923812257e+00 1.002143402001610895e+00 7.084616017037542778e-04 1.263210438473285583e-05 9.956076841624699192e-01 4.518886025788480254e-08 2.110112009168471649e-09 1.356964338203724747e-08 inf 0.000000000000000000e+00 -9.000000000000000000e+01
4.217466937643401526e-01 5.895574834937301612e-01 4.430768102664017554e-04 4.135961614424141404e-04 -2.796846495489834772e-01 2.235964450276948312e-09 0.000000000000000000e+00 1.490290151947902135e-07 inf 0.000000000000000000e+00 -9.000000000000000000e+01
3.878646477110152535e-01 5.812506833303101583e-01 2.005777081889043456e-07 6.657887878842251497e-04 -3.190323299482153430e-01 -8.055617545714583436e-05 8.153353592613903641e-08 1.375389999009629738e-07 inf 0.000000000000000000e+00 -9.000000000000000000e+01
2.290699281765879169e-01 9.288028978458462426e-01 1.253397169514573112e-08 2.710910845626263209e-04 -2.374187182695843001e-01 2.114913338138734102e-09 1.049992269052406662e-07 2.128941473714074828e+00 inf 0.000000000000000000e+00 -3.000000000000000000e+01
2.977607640796912092e-01 5.670665745954529546e-01 0.000000000000000000e+00 5.349818082294840477e-06 -4.197105650679606725e-01 2.294994423709090921e-06 1.313225272012592060e-07 0.000000000000000000e+00 inf 0.000000000000000000e+00 -9.000000000000000000e+01
4.870636704082297874e-01 5.485566788966436125e-01 9.290438599996694992e-10 7.979449910996549988e-02 -2.415796762044827017e-01 1.739594811683952677e-05 4.247057645712775090e-09 -7.857439973519537990e-02 inf 0.000000000000000000e+00 -9.000000000000000000e+01
1.655918071582414552e-01 7.074395548417179436e-01 2.660093980560692740e-04 4.982472541130319977e-10 -4.419047634814609049e-01 2.195938081131136128e-08 2.115576091779102920e-06 1.882900099352867726e-07 inf 0.000000000000000000e+00 -9.000000000000000000e+01
2.987203767792040443e-01 5.739348878446346447e-01 -1.021605357505468284e-09 3.858879621344472044e-01 -4.084144167768133937e-01 8.289597758044371266e-09 4.348886440727277659e-06 0.000000000000000000e+00 inf 0.000000000000000000e+00 -9.000000000000000000e+01
2.742714331369286440e-01 2.974493007259648714e-01 4.658993725944606764e-10 7.555124960991253989e-10 -6.045560462806948143e-01 1.162769708282082620e-07 5.738297291800499896e-10 0.000000000000000000e+00 inf 0.000000000000000000e+00 -9.000000000000000000e+01
6.969147803189041923e-01 1.626323046604585473e-03 4.619230547880674505e-09 2.894678248711965874e-04 -3.099913146223696736e-01 5.858330713096841204e-10 8.955238200854797606e-07 0.000000000000000000e+00 inf 0.000000000000000000e+00 -9.000000000000000000e+01
4.008033396252196345e-01 3.694427729751547096e-01 0.000000000000000000e+00 6.482485693483965883e-10 -3.451574561180922873e-02 -5.170669037913138144e-01 0.000000000000000000e+00 1.692341935417141548e-07 inf 0.000000000000000000e+00 -9.000000000000000000e+01
2.439975618530663692e-01 6.806505132253876100e-01 2.215025026099840040e-09 7.329820920052153191e-05 -3.862887251782012865e-01 3.879791203610667282e-05 3.052945677420503100e-09 1.184455487640756543e-07 inf 0.000000000000000000e+00 -9.000000000000000000e+01
4.710200837572167121e-01 4.768834043019123947e-01 1.077566843001737339e-09 3.368737227014261676e-04 -3.068471085057387082e-01 8.462103294664454077e-07 2.453648824943145124e-09 0.000000000000000000e+00 inf 0.000000000000000000e+00 -9.000000000000000000e+01
4.235417709744175863e-01 4.413849941418542255e-01 0.000000000000000000e+00 4.075767818246058272e-01 -3.728294524985449332e-01 7.666436763224240791e-07 2.343983932973241090e-09 0.000000000000000000e+00 inf 0.000000000000000000e+00 -9.000000000000000000e+01
3.553797197855130818e-01 7.816384972567794742e-01 0.000000000000000000e+00 1.350709039286070341e-04 -1.693221933604106832e-01 -1.685838698428507310e-02 5.257430646687328745e-08 1.092103536390730267e-02 inf 0.000000000000000000e+00 -9.000000000000000000e+01
6.522031290375223112e-01 6.568053992863478082e-09 0.000000000000000000e+00 2.317351777166288262e-01 -3.547698339270038970e-01 3.017032931681191548e-09 6.274360521637875798e-10 2.301132846063388888e-07 inf 0.000000000000000000e+00 -9.000000000000000000e+01
8.583021544440218031e-01 3.376653824653806368e-01 3.693149447099161180e-09 2.192927697468941819e-04 0.000000000000000000e+00 2.974348547999324255e-07 1.624390887014031039e-06 1.127773824449743847e-09 inf 0.000000000000000000e+00 -9.000000000000000000e+01
8.149301066169261087e-01 3.439843872741051616e-08 5.123737224592827038e-10 1.233691613251547935e-02 -1.930306235031337692e-01 -4.596538625552878000e-05 4.341149118242913857e-10 5.540133160424290291e-09 inf 0.000000000000000000e+00 -9.000000000000000000e+01
7.075366581965943924e-01 5.767026289436960607e-01 1.489888762762736511e-07 4.514814432614353264e-09 -9.582570501921256400e-04 1.910997818022948159e-06 0.000000000000000000e+00 1.163975595908387899e-09 inf 0.000000000000000000e+00 -9.000000000000000000e+01
8.824879912551474304e-01 2.537152974858548848e+00 -4.147435017495504708e-03 3.630352210119441869e-02 -1.227209862839189425e+00 2.208805155473024363e-08 7.577742710125129234e-07 1.149917152125107241e+05 inf 0.000000000000000000e+00 -2.000000000000000000e+01
4.696922609547662941e-01 5.261844572895320038e-01 2.732240090893585265e-07 8.989214207495400460e-10 -2.776187934165628701e-01 1.816362426622214474e-06 1.934826199802592173e-04 2.540430102118265325e-10 inf 0.000000000000000000e+00 -9.000000000000000000e+01
-8.091344308431987209e-02 7.513391143543988182e-01 -4.326755852099221004e-08 1.479560102113277598e-01 -6.403721066959029429e-01 6.402496302927968252e-06 1.223617578555448469e-07 0.000000000000000000e+00 inf 0.000000000000000000e+00 -9.000000000000000000e+01
3.591063996005149778e-02 6.439974766169235254e-01 3.738636839204427584e-08 0.000000000000000000e+00 -7.780638658011158615e-01 2.274340530803261595e-01 4.477088962978584963e-09 0.000000000000000000e+00 inf 0.000000000000000000e+00 -9.000000000000000000e+01
8.060976434941450330e-01 6.267409178166977179e-02 9.189020056620552403e-10 7.207074554212197460e-09 -1.777445303904589824e-01 5.990880723188888999e-10 7.672171098777358323e-07 9.158990579311334635e-10 inf 0.000000000000000000e+00 -9.000000000000000000e+01
1.007472332647836533e+00 6.598089771922535579e-09 1.959966273541596060e-09 1.290556705051994484e-04 1.169092544576512676e-04 2.219441714010459786e-09 5.152440889310294818e-09 6.927067562516988010e-10 inf 0.000000000000000000e+00 -9.000000000000000000e+01
-6.102711372591956840e-01 1.345726097545918654e+00 7.554806519470895264e-08 2.559605756483255114e-04 -4.234734013353072535e-01 4.676055889455976028e-03 0.000000000000000000e+00 -2.288010462108276404e-09 inf 0.000000000000000000e+00 -1.000000000000000000e+01
5.213373968438581585e-01 8.016052455230752161e-01 1.226610408434408627e-09 7.984883298791304706e-06 2.168471972053686746e-09 -4.755042863325159382e-06 2.345746381082183635e-07 2.570040855767332578e-09 inf 0.000000000000000000e+00 -9.000000000000000000e+01
5.810222197145959999e-01 6.235486526897598720e-09 1.525226920248333522e-09 1.013827305812127551e-08 -4.259826118632918934e-01 6.357576455901947524e-05 6.841091333466790388e-09 6.908380756418922704e-09 inf 0.000000000000000000e+00 -9.000000000000000000e+01
5.330460306382566182e-01 4.235939123472012291e-01 3.929139720733825353e-09 1.249699426001593960e-08 -2.778946639727444268e-01 6.947481554720726124e-09 7.862515710708333923e-08 -3.727916931801365302e-08 inf 0.000000000000000000e+00 -9.000000000000000000e+01
1.827535429892957648e-09 3.982139061854974571e-01 6.926584900952321243e-09 5.559664208269481274e-04 -8.236819960642989269e-01 2.250576038664475580e-09 1.940707253551514434e-06 1.164771809484246166e-09 inf 0.000000000000000000e+00 -9.000000000000000000e+01
1.098772388505357966e-01 6.918832383869676361e-01 7.323073134982463182e-10 4.109235361769635438e-10 -5.116158933978073309e-01 3.236222712926747911e-09 1.840061487403305582e-04 4.656067460495399924e-08 inf 0.000000000000000000e+00 -9.000000000000000000e+01
4.174672697306928137e-01 4.976366283206619667e-01 -1.030283919100829730e-07 1.038779798802953562e-03 -3.470746621882809246e-01 1.730504030634515640e-05 3.496438639482453476e-08 4.895014095275435528e-08 inf 0.000000000000000000e+00 -9.000000000000000000e+01
2.712042933902920061e-01 7.597636522413956373e-01 5.864931677593725776e-09 2.007499002081832570e-08 -2.898067539477488519e-01 4.374293639513008485e-05 4.654012948140294341e-09 0.000000000000000000e+00 inf 0.000000000000000000e+00 -9.000000000000000000e+01
2.794938917849205154e-05 9.617814132955398998e-01 3.105905990336199085e-08 8.478390257129526583e-03 -8.871356916666323089e-01 3.362592435818530058e-08 1.663114261354266522e-09 1.609591437462721046e+02 inf 0.000000000000000000e+00 -3.000000000000000000e+01
4.578679614833688349e-01 5.528104819247362522e-01 2.413067975514023265e-09 2.943600650981645683e-09 -2.702799170629250902e-01 1.769993917018172725e-06 8.378993480933800581e-08 3.679500813727057104e-10 inf 0.000000000000000000e+00 -9.000000000000000000e+01
5.679894970963197398e-01 7.520964375344372232e-01 0.000000000000000000e+00 1.090227685024590040e-04 1.849610968832274263e-09 -2.652349425601216398e-06 8.755554882046269316e-09 1.351273970129140732e-08 inf 0.000000000000000000e+00 -9.000000000000000000e+01
5.418018142670144588e-01 4.391137447759738133e-01 4.736245045291272017e-10 4.150407965842936156e-07 -2.591651277631025763e-01 1.475522494879204062e-09 0.000000000000000000e+00 7.461407579043480763e-09 inf 0.000000000000000000e+00 -9.000000000000000000e+01
4.090950391704595290e-01 6.375281502146864510e-01 5.164119867920791977e-09 1.575768405812923386e-09 -2.562272538328780880e-01 1.328641326218738910e-06 4.115764706763939943e-09 0.000000000000000000e+00 inf 0.000000000000000000e+00 -9.000000000000000000e+01
3.550967517524558081e-01 7.191549357257936981e-01 1.402125333536606032e-09 2.009712978069135416e-08 -2.419586699638184568e-01 5.675269207171976795e-10 4.835147755895894523e-04 2.403643428919895823e-07 inf 0.000000000000000000e+00 -9.000000000000000000e+01
5.321459227219300862e-07 5.964468883841632811e-07 2.287105838521478751e-11 -4.798320982876778095e-09 -3.126357295991339230e-07 -1.227589974740955103e+00 3.502236543131656034e-15 1.886185658248113113e-12 inf 0.000000000000000000e+00 -9.000000000000000000e+01
4.452135584847800032e-01 1.775218619274755716e-01 7.030429293794468459e-02 2.626196433593765422e-01 -4.824086152695843954e-01 2.010078319999932718e-07 3.418208052192399016e-07 -1.303648655880170248e-05 inf 0.000000000000000000e+00 -9.000000000000000000e+01
1.021755654731059892e-07 3.025700116515666901e-08 2.356554898440086676e-09 -3.054793386866779178e-09 -1.003541990180322196e+00 4.245290009634289616e-07 2.909327035111218206e-09 1.856150648400957064e-08 inf 0.000000000000000000e+00 -9.000000000000000000e+01
4.098137757638323775e-01 2.894424649453076204e-01 2.849679760362522443e-10 3.611139324555742713e-01 -4.722965935932955661e-01 -1.517090774525729729e-08 6.312083457187376320e-09 7.924334708996083115e-10 inf 0.000000000000000000e+00 -9.000000000000000000e+01
1.880875408673486177e-07 3.911461752342283535e-08 -3.862963843822675278e-07 9.678495656739126855e-08 -9.905424708646791698e-01 -3.570817166175126872e-02 7.584229450579366356e-06 0.000000000000000000e+00 inf 0.000000000000000000e+00 -9.000000000000000000e+01
3.426905958380266348e-01 1.884798277109146492e-01 0.000000000000000000e+00 4.489246805478148694e-01 -5.871432208691522714e-01 -1.885996163827844043e-08 1.610545402803225830e-05 1.097554446242052223e-07 inf 0.000000000000000000e+00 -9.000000000000000000e+01
6.151654833992745708e-01 6.316923172816432119e-01 3.160999632695014817e-07 1.816918071424420083e-08 -5.658145211116462348e-02 9.872651207378474672e-08 7.059711783546691853e-09 1.904480388119572778e-08 inf 0.000000000000000000e+00 -9.000000000000000000e+01
1.174976105897956424e+00 1.102905080814996275e+00 0.000000000000000000e+00 6.647460078674544137e-02 -4.219430923038758330e+00 7.331443795060236114e-05 5.596331695867329108e+04 0.000000000000000000e+00 inf 0.000000000000000000e+00 -3.000000000000000000e+01
5.232711121827772205e-01 1.783287123607972258e-01 3.209682928768055245e-04 1.711731068609443270e-09 -4.113275409197950094e-01 2.973078053217625498e-07 2.935836992008219135e-07 0.000000000000000000e+00 inf 0.000000000000000000e+00 -9.000000000000000000e+01
3.133589755233647356e+00 1.922447702597329666e+00 6.182913419762109512e-09 5.851199876069346478e-04 5.303627695153765925e-04 3.321989630088185663e+01 4.736254913053291611e-08 0.000000000000000000e+00 inf 0.000000000000000000e+00 -2.000000000000000000e+01
3.880802022328969092e-01 3.150157197137403720e-01 6.621715234588176688e-09 4.409789624379163828e-04 -4.815069175852609851e-01 1.686663314470573210e-09 0.000000000000000000e+00 9.214179217941095095e-10 inf 0.000000000000000000e+00 -9.000000000000000000e+01
1.577420018938449631e-01 6.360428172877823361e-01 5.387964725623718925e-10 2.613527001887296919e-01 -5.040977647653168692e-01 9.389552562782855130e-10 4.500935585531561019e-07 0.000000000000000000e+00 inf 0.000000000000000000e+00 -9.000000000000000000e+01
3.034436881610436121e-01 7.870063569952200355e-01 4.609315874718324002e-10 2.053721485715619480e-02 -2.320451732996215710e-01 -1.777231301202868546e-09 1.073592786032753224e-08 0.000000000000000000e+00 inf 0.000000000000000000e+00 -9.000000000000000000e+01
3.147990365688227987e-01 9.897183717805790870e-01 0.000000000000000000e+00 3.392321227388572694e-06 3.677862040067565295e-09 -2.013898690088808453e-06 1.140118980003872937e-05 5.924880601003732930e-06 inf 0.000000000000000000e+00 -9.000000000000000000e+01
1.437224905904506411e-01 4.049717468854076574e-01 8.694148691875535073e-01 5.203745348964591844e-02 -4.177156130461373018e-01 2.970855029806046540e-08 9.516020017347493238e-09 4.436015911851193261e-03 inf 0.000000000000000000e+00 -9.000000000000000000e+01
7.066829813256445547e-01 9.391790551075016036e-02 6.509961899954341661e-05 1.681327539213429423e-01 -2.633641965721035816e-01 0.000000000000000000e+00 5.304344966155934859e-09 0.000000000000000000e+00 inf 0.000000000000000000e+00 -9.000000000000000000e+01
8.543259406019421132e-01 3.417303762407768453e-01 1.475574718642609062e-09 8.504426408719333030e-02 8.930830922041787276e-05 5.169950888721774973e-07 1.411922475877633691e-08 1.108127680862978904e-09 inf 0.000000000000000000e+00 -9.000000000000000000e+01
6.493199203733758070e-09 3.799298185301287073e-02 1.530225726568406944e-08 6.214709847365944143e-09 -9.934734413344464832e-01 0.000000000000000000e+00 2.616334216402879770e-09 7.859995650117894959e-10 inf 0.000000000000000000e+00 -9.000000000000000000e+01
2.410110354919071940e-01 7.145468024091051751e-01 2.620163861815525050e-08 3.674569660844922980e-01 -3.530302491712443702e-01 1.763560063843731254e-03 6.487485256004092039e-06 3.015970468354260172e-09 inf 0.000000000000000000e+00 -9.000000000000000000e+01
1.003650147847185092e+00 1.045362607671475369e-08 1.294621818259807602e-08 2.043998387835041231e-01 -1.958587312195144163e-04 4.362544877562322095e-07 6.129741811406947749e-09 2.378136345919292936e-09 inf 0.000000000000000000e+00 -9.000000000000000000e+01
5.860219990098249898e-01 1.973138043804124608e-01 2.908403549674658557e-05 1.449986697229105077e-04 -3.492454337533300590e-01 5.476131449021670574e-10 7.602193543404257707e-07 2.778178365676207129e+00 inf 0.000000000000000000e+00 -3.000000000000000000e+01
2.078862186559508329e-01 7.999201254770367253e-01 1.559268148073045295e-09 1.787960809790425299e-09 -3.153173517868784748e-01 2.583090544178464731e-05 4.816406057381183965e-10 5.803942551160779766e-10 inf 0.000000000000000000e+00 -9.000000000000000000e+01
3.904929367778184335e-01 5.813790622002259489e-01 1.620744658807301722e-09 6.840893631889325421e-01 -3.061929727587856531e-01 2.093034705930569629e-07 2.912691122778434989e-06 5.197933872344129490e-10 inf 0.000000000000000000e+00 -9.000000000000000000e+01
-7.666688848567376757e-01 1.268111777114387717e+00 2.554686093569550460e-04 2.186046945398604122e-08 -6.962182305726050124e-01 2.649192484677969318e-08 0.000000000000000000e+00 0.000000000000000000e+00 inf 0.000000000000000000e+00 -1.000000000000000000e+01
1.008007274024133482e+00 5.391592125294639093e-09 7.579643401074780943e-10 1.227354304945121233e-08 -5.625724570323694491e-05 -2.264653380223921348e-04 8.855608651294217398e-03 8.072776827168803391e-10 inf 0.000000000000000000e+00 -9.000000000000000000e+01
8.237237036718335625e-01 -6.456741620230525003e-01 9.275073932589164483e-10 5.857536431989434494e-02 -3.795781437347641729e-01 1.250185210937283767e-07 1.756615180946160114e-09 6.815083793297342856e-10 inf 0.000000000000000000e+00 -1.000000000000000000e+01
1.450585816550659703e-07 3.700389210151360797e-01 2.084429990135379721e-04 2.146425223785910941e+00 -2.074611740462218579e-01 1.036370798833665448e-03 1.326483443925680254e-09 0.000000000000000000e+00 inf 0.000000000000000000e+00 -2.000000000000000000e+01
7.883379789019179240e-01 4.528750091564209268e-01 6.123515038762000339e-09 1.776354945646702807e-09 -5.177258792982087423e-05 -6.252490619140401579e-03 1.453219020860719654e-08 0.000000000000000000e+00 inf 0.000000000000000000e+00 -9.000000000000000000e+01
9.424538327617643096e-01 2.199313936030903010e-03 0.000000000000000000e+00 1.296644419294415376e-09 -6.368448179985136681e-02 3.146143821760515911e-09 3.824893801792874823e-04 0.000000000000000000e+00 inf 0.000000000000000000e+00 -9.000000000000000000e+01
3.685760190174831585e-01 3.002219209451499338e-01 4.431215428195437601e-10 1.788431365005287849e-02 -1.990310502694409289e-01 -4.530134342833065930e-01 5.404834592700350149e-10 0.000000000000000000e+00 inf 0.000000000000000000e+00 -9.000000000000000000e+01
1.003815154086874495e+00 9.620158612254169420e-03 8.100686285323025989e-10 2.338864024005941900e-02 1.759333421773895292e-05 3.370512450135251976e-04 1.525189678278493485e-07 1.097360409581549376e-09 inf 0.000000000000000000e+00 -9.000000000000000000e+01
6.923712217389365845e-06 1.080034238890293707e+00 1.475047485714393971e-09 7.018526598693325441e-09 -2.027220815808458698e-01 4.082571516016483422e-08 2.712620938706464778e-04 0.000000000000000000e+00 inf 0.000000000000000000e+00 -9.000000000000000000e+01
2.481669685531417283e-07 6.450091048409501981e-01 8.543453015763894876e-09 1.842883156688429169e+00 -6.040561458034295894e-01 -1.513073193606313035e-03 3.305502654908649636e-08 1.074288362845311214e-09 inf 0.000000000000000000e+00 -9.000000000000000000e+01
9.025252317833202254e-01 2.297336953630269851e-01 4.004037020003760178e-10 1.772231364229065242e+00 -3.545520375214126292e-05 -4.281866866699275340e-03 9.952018730635300412e-09 3.129873212583092007e-09 inf 0.000000000000000000e+00 -9.000000000000000000e+01
5.812422359193155641e-01 3.277216862098268901e-01 3.312550736622239160e-04 0.000000000000000000e+00 -2.826709961917644454e-01 8.833468630992638484e-04 4.294394166560990255e-10 4.294394166560990255e-10 inf 0.000000000000000000e+00 -9.000000000000000000e+01
4.435226965192201609e-01 6.161251252138920664e-01 6.124722787508697784e-10 1.615624549263091730e-09 -2.376014445638679473e-01 5.412545719193733045e-10 1.452841219362528480e-09 0.000000000000000000e+00 inf 0.000000000000000000e+00 -9.000000000000000000e+01
8.886429552414275568e-01 4.282417372328633110e-10 7.057167205335575387e-10 5.902358026280662600e-09 -1.192607066869551535e-01 -1.327055383717502770e-06 0.000000000000000000e+00 4.378651470583209176e-10 inf 0.000000000000000000e+00 -9.000000000000000000e+01
2.428787104217654258e-01 1.047926121370313712e+00 0.000000000000000000e+00 0.000000000000000000e+00 0.000000000000000000e+00 0.000000000000000000e+00 5.595488252605434737e-08 -4.684594816134782505e-09 inf 0.000000000000000000e+00 -9.000000000000000000e+01
4.388027938529183158e-01 4.126056121303560142e-01 0.000000000000000000e+00 1.174155036358451543e-09 -3.782218111194930454e-01 3.597635429429025320e-06 5.294371800307199519e-09 0.000000000000000000e+00 inf 0.000000000000000000e+00 -9.000000000000000000e+01
3.909703148233300007e-01 6.026957776199640682e-01 3.642539243152538469e-08 3.646550051717597357e-02 -2.995434104338743908e-01 6.206836677862038940e-10 9.935240896283774553e-07 3.671220654515944190e-08 inf 0.000000000000000000e+00 -9.000000000000000000e+01
5.360201580980502589e-01 4.403699178720730800e-01 3.107449017242451365e-04 4.165826297441989218e-08 -2.642219507232438369e-01 5.757646102155595312e-09 1.179752975833842459e-08 0.000000000000000000e+00 inf 0.000000000000000000e+00 -9.000000000000000000e+01
4.409249641076360415e-01 4.248181161037041242e-01 0.000000000000000000e+00 8.002303634765976434e-04 -3.684441480899424692e-01 -2.492117900998986431e-04 1.516867866886402395e-07 5.385240943554375195e-09 inf 0.000000000000000000e+00 -9.000000000000000000e+01
2.701811743930739307e-01 7.907355191914596793e-01 1.428585340094091846e-09 -7.701351950441872596e-01 -2.844429372642625631e-01 9.037160022492741181e-07 4.707838052582803166e-10 7.910348577380508805e-10 inf 0.000000000000000000e+00 -1.000000000000000000e+01
4.663647474454730713e-01 8.545366031036811805e-01 -1.227584432131645783e-09 1.193128841968764408e-04 0.000000000000000000e+00 2.138909824120901516e-08 2.556704661361637843e-07 2.569604701156919772e-09 inf 0.000000000000000000e+00 -9.000000000000000000e+01
1.626284480355063533e-07 2.357198853548350276e-08 4.979354167379267179e-09 -4.077350515258987840e-01 -1.005542081958607614e+00 4.499691609971172482e-09 1.365896234904955011e-08 0.000000000000000000e+00 inf 0.000000000000000000e+00 -1.000000000000000000e+01
1.401197480290158892e-01 4.907250564160294259e-01 2.749889959255107450e-08 3.566541629913468063e-06 -6.290091745582022664e-01 -1.161609537767837718e-03 3.442833052436102833e-08 0.000000000000000000e+00 inf 0.000000000000000000e+00 -9.000000000000000000e+01
3.598224963987753378e-01 5.928589022550541099e-01 4.044612898469699167e-09 1.463511246156799213e-08 -3.392867211700610897e-01 -1.236374300753263945e-06 2.414165576787640359e-05 3.320840064006700822e-08 inf 0.000000000000000000e+00 -9.000000000000000000e+01
4.353071913585012109e-01 5.185741843786503269e-01 0.000000000000000000e+00 2.667969317496867235e-02 -3.151497583927163615e-01 2.492858098307378653e-06 3.643794599340422419e-09 0.000000000000000000e+00 inf 0.000000000000000000e+00 -9.000000000000000000e+01
3.674674538683531666e-01 5.277458114066774231e-01 5.060645978313364642e-10 0.000000000000000000e+00 -3.772405244499582588e-01 3.626189492374180276e-09 3.196871957293092528e-07 4.572785142993946464e-09 inf 0.000000000000000000e+00 -9.000000000000000000e+01
8.238547935474835882e-01 -6.457769165574099857e-01 7.563395379713006849e-10 1.224723300040274786e-08 -3.796385509458713448e-01 -2.259798780270884399e-04 8.836625420695619695e-03 7.672745674359459320e-10 inf 0.000000000000000000e+00 -1.000000000000000000e+01
4.492383754317587630e-01 6.120627647803874583e-01 4.731962125310207329e-10 8.361915175885901996e-02 -2.339374509617346276e-01 8.512416190828308103e-08 7.764071910315928764e-07 0.000000000000000000e+00 inf 0.000000000000000000e+00 -9.000000000000000000e+01
2.148345257067321989e-01 8.710297776953224158e-01 1.158559886735936519e-08 9.019490346299505323e-10 -2.362692629654537801e-01 5.589543313199693195e-09 2.950117405823838207e-08 7.944410651903564513e-08 inf 0.000000000000000000e+00 -9.000000000000000000e+01
4.128365983252488824e-01 5.734971464419713616e-01 5.151707382866630498e-10 1.824310496756300930e-08 -2.999674790786907019e-01 1.555451979692814242e-06 4.818361611034083953e-09 0.000000000000000000e+00 inf 0.000000000000000000e+00 -9.000000000000000000e+01
2.994947139537580960e-01 6.934672556531812360e-01 4.505053889544726024e-09 4.645836823592999152e-10 -3.202798360578044123e-01 0.000000000000000000e+00 4.593043223324896483e-10 4.593043223324896483e-10 inf 0.000000000000000000e+00 -9.000000000000000000e+01
2.177964836100565182e-01 8.380535834659893490e-01 1.633600927714757459e-09 1.989362907528193438e-09 -3.342469524753887700e-01 2.183942929140439973e-08 2.104019911308066741e-06 2.494671132177828543e+00 inf 0.000000000000000000e+00 -3.000000000000000000e+01
4.872390623103324825e-01 5.509624809223477859e-01 9.331183625740449430e-10 8.014445340818848740e-02 -2.406784502961501482e-01 2.549032482789825396e-05 7.554350961319611078e-07 1.883913018200373348e-07 inf 0.000000000000000000e+00 -9.000000000000000000e+01
3.047691813196690691e-01 6.799543467709583400e-01 1.711637886087679809e-08 1.169015361560102415e-03 -3.256739266087438356e-01 4.861943484429653996e-05 2.926507305236119066e-09 8.791818164890021103e-10 inf 0.000000000000000000e+00 -9.000000000000000000e+01
2.510700007583160920e-01 6.860222555931454469e-01 6.138786272336023175e-09 3.827933462265875608e-01 -3.677645081530264148e-01 1.837164948330548058e-03 4.202302190719294641e-09 4.426249329409664653e-08 inf 0.000000000000000000e+00 -9.000000000000000000e+01
3.740239343185396970e-01 8.380192617721233805e-01 3.922441455733987666e-07 2.374915725151437938e-09 -1.603418756228104092e-01 3.315784555780989528e-10 2.647647982620441952e-06 1.609202631501071235e+00 inf 0.000000000000000000e+00 -1.000000000000000000e+01
1.147350311632626463e+00 5.443632865410271693e-01 5.635253433509115982e-10 1.102466511804844722e-02 -7.202345021927436530e-01 4.712241819223346219e-06 2.301211312141909404e-07 3.492072058557144919e+04 inf 0.000000000000000000e+00 -3.000000000000000000e+01
2.033097097177481438e-01 1.076840393539521212e+00 0.000000000000000000e+00 2.381853698432783432e-09 2.648245230494344930e-09 -3.797594107255638120e-06 0.000000000000000000e+00 7.488213732616750882e-08 inf 0.000000000000000000e+00 -9.000000000000000000e+01
6.653539377018684586e-01 2.581818193843140041e-01 0.000000000000000000e+00 2.914750283068959918e-02 -2.336902633952881725e-01 1.660534437746815869e-08 5.398257558609154340e-09 4.561907796007736167e-09 inf 0.000000000000000000e+00 -9.000000000000000000e+01
3.941775413001689099e-01 5.868648257570753257e-01 2.411838680072615922e-04 1.286238950318641938e-09 -3.090821415653929871e-01 2.108120133417431878e-07 1.442919615654907034e-08 6.189589959156653956e-03 inf 0.000000000000000000e+00 -9.000000000000000000e+01
5.257439829390812003e-01 5.589694391099525594e-01 4.843152288234486201e-05 1.250840702903390222e-01 -1.959324694782263454e-01 0.000000000000000000e+00 3.960783025130188900e-09 0.000000000000000000e+00 inf 0.000000000000000000e+00 -9.000000000000000000e+01
4.374878099767586237e-01 2.372293054099324783e-01 0.000000000000000000e+00 3.234945073771806623e-01 -4.698372607144766788e-01 6.519076376807073112e-09 3.702100838209312389e-06 7.230665699627563880e-10 inf 0.000000000000000000e+00 -9.000000000000000000e+01
3.443945237470124598e-01 1.340346254582967411e+00 1.941791793969102179e-09 2.635288863243781363e-08 5.317172207850834331e-01 2.413369801075883971e-08 1.941791793969102179e-09 -8.876762486715895675e-09 inf 0.000000000000000000e+00 -1.000000000000000000e+01
4.622570598075258497e-01 4.066327663037156981e-01 1.061092109684775938e-09 7.548690154241479875e-04 -3.577217496020895227e-01 -2.125995862298779029e-04 2.536617501266635930e-09 4.608783910752056821e-10 inf 0.000000000000000000e+00 -9.000000000000000000e+01
4.538903192991280977e-01 4.756026124774462849e-01 3.352158359003740195e-04 3.564192472073253741e-04 -3.246504789519959466e-01 8.953077318969420502e-07 2.625184257051121624e-04 6.409141252566215398e-09 inf 0.000000000000000000e+00 -9.000000000000000000e+01
1.007738767389189993e+00 0.000000000000000000e+00 0.000000000000000000e+00 5.587526628523038534e-09 0.000000000000000000e+00 -7.784705068384963617e-10 2.437267474681273478e-09 0.000000000000000000e+00 inf 0.000000000000000000e+00 -9.000000000000000000e+01
3.526160730601988202e-01 7.755600055673070869e-01 0.000000000000000000e+00 3.648601106559633825e-05 -1.938900013918267717e-01 4.769413211189063879e-07 0.000000000000000000e+00 0.000000000000000000e+00 inf 0.000000000000000000e+00 -9.000000000000000000e+01
4.452319107805202680e-01 4.997229804581361789e-01 2.287803760809938217e-07 1.318972736062516401e-08 -3.209656909059571128e-01 1.573055841493675808e-03 1.548703723124456083e-08 0.000000000000000000e+00 inf 0.000000000000000000e+00 -9.000000000000000000e+01
4.492806660896324189e+00 5.033746593311935413e+00 1.625561014371338640e-07 4.061745152252634050e-02 -2.652108279759870069e+00 5.353693399176921686e-05 2.319088828122478444e+05 8.424237880819114253e+02 inf 0.000000000000000000e+00 -2.000000000000000000e+01
2.785365066935118206e-01 6.356111759301121822e-01 2.068454565445604465e-09 6.844799208736883020e-05 -3.881246404745656298e-01 9.863262296282724718e-08 2.728454870867392761e-09 1.106078862364596931e-07 inf 0.000000000000000000e+00 -9.000000000000000000e+01
-4.402308674694684898e-01 1.033969091531497186e+00 -1.860186539662917343e-09 1.294900170719416016e-09 -6.969586879777156518e-01 8.120099429131193126e-05 1.048409021470796074e-09 0.000000000000000000e+00 inf 0.000000000000000000e+00 -9.000000000000000000e+01
8.591534241874493327e-01 1.668793201346779584e-08 7.233097696583653767e-08 2.272796710789457325e-09 -1.487639197523015488e-01 -6.162041312598076810e-05 6.236803248018411928e-08 1.052086937684895117e-07 inf 0.000000000000000000e+00 -9.000000000000000000e+01
6.180407689728092402e-01 6.922056612495463002e-01 3.170403259127822913e-07 5.895783651385350750e-04 -1.499358773412653913e-03 -7.544442980625112795e-05 7.125264173981622119e-10 8.797520051548737757e-10 inf 0.000000000000000000e+00 -9.000000000000000000e+01
3.165711278903182158e-01 2.569697735652891613e-01 5.401573819846837220e-09 3.597225694886006819e-04 -5.823345438970051191e-01 1.084682613419378398e-09 6.280385129189034874e-07 4.895631258553906524e-10 inf 0.000000000000000000e+00 -9.000000000000000000e+01
2.876072630213440395e-01 8.041264292637578803e-01 2.616598477996696038e-09 3.606363659603442168e-05 -2.313575432127478460e-01 4.636699965911916823e-07 1.944092727759736175e-04 7.288575147623108893e-10 inf 0.000000000000000000e+00 -9.000000000000000000e+01
4.425924165470720428e-01 4.161689886935155402e-01 3.420614145364946706e-09 4.198865385272619203e-10 -3.724051863110625082e-01 1.290206438161940466e-05 6.819572604054202104e-07 2.539621437422032403e-08 inf 0.000000000000000000e+00 -9.000000000000000000e+01
1.952947421701488329e-01 8.343361174369672284e-01 3.611219344862219522e-05 3.502882764516353220e-02 -2.877419573986216284e-01 6.285167030690717860e-10 8.045013799284118861e-08 -9.244721522847282325e-02 inf 0.000000000000000000e+00 -9.000000000000000000e+01
3.901014758023243489e-01 5.807962418893165557e-01 2.386898617790567166e-04 2.036701375116197030e-08 -3.175019455661597378e-01 1.420786724142672792e-09 3.265645830922854000e-08 0.000000000000000000e+00 inf 0.000000000000000000e+00 -9.000000000000000000e+01
2.255972073729003435e-01 7.900827961269261124e-01 1.600091608567928613e-09 -1.310237055921211480e-01 -3.113044433617314644e-01 2.127975042000063675e-07 8.220654135761835055e-10 0.000000000000000000e+00 inf 0.000000000000000000e+00 -1.000000000000000000e+01
1.007829061801038151e+00 8.001299302239334516e-09 6.404886220302159473e-10 1.885726524045791682e-04 1.709254790512094481e-04 2.577341602163631727e-09 3.631851301742604969e-06 1.781058450450390302e-09 inf 0.000000000000000000e+00 -9.000000000000000000e+01
4.939880476217837266e-08 1.272893444128415374e-01 1.792921865667628829e-09 7.302877715948425941e-01 -9.551346427474531886e-01 -3.068042358547849707e-08 8.255055308141495379e-10 0.000000000000000000e+00 inf 0.000000000000000000e+00 -9.000000000000000000e+01
3.670224711490052139e-01 5.271067404799543166e-01 1.232720532231753913e-09 1.137183986405827379e-01 -3.767837070838191971e-01 3.621798377884444912e-09 3.193000722542945409e-07 4.261794878394146143e-09 inf 0.000000000000000000e+00 -9.000000000000000000e+01
4.642086889782097714e-01 1.850958696558684669e-01 5.104826563921769332e-03 0.000000000000000000e+00 -4.653839008490406881e-01 1.479415578362276357e-07 7.425097126250061238e-09 3.998905139088334586e-06 inf 0.000000000000000000e+00 -9.000000000000000000e+01
6.591918271092462867e-01 1.513305968686280423e+00 1.259796208563117607e-03 3.020751581288864796e-08 4.214265317951948204e-08 1.068750190121677858e-02 1.645992749748450015e-06 1.115947970538491774e+02 inf 0.000000000000000000e+00 -3.000000000000000000e+01
4.527185180774775386e-01 8.530703418997244158e-01 0.000000000000000000e+00 3.065985486233663293e-01 5.072109589859827842e-09 -2.777351283904585309e-06 1.330035510435977761e-05 1.401563582944889534e-07 inf 0.000000000000000000e+00 -9.000000000000000000e+01
3.778203076526254200e-01 9.310238692279511064e-01 1.640334405391665200e-09 7.720937276610726006e-05 -7.463117188200008544e-03 1.606971671722682207e-08 1.988418926671387995e-07 9.313763149257760159e-10 inf 0.000000000000000000e+00 -9.000000000000000000e+01
3.763996589558086248e-01 5.802345511903388431e-01 2.167582381910982604e-08 7.412177899437462358e-02 -3.300735470843245145e-01 5.460650851550521217e-06 4.331713199519559348e-09 0.000000000000000000e+00 inf 0.000000000000000000e+00 -9.000000000000000000e+01
3.949565503339862449e-01 6.507472690366422619e-01 4.439539978194022844e-09 2.167196489355239927e-08 -2.597108829739611657e-01 1.327188793481160537e-06 0.000000000000000000e+00 6.849158716358541293e-09 inf 0.000000000000000000e+00 -9.000000000000000000e+01
3.997748226006943018e-01 4.166167774330960527e-01 0.000000000000000000e+00 3.513505572879680527e-09 -4.183896147838751522e-01 -1.517991981604631911e-02 4.755120324198063901e-08 1.808294097794714617e+00 inf 0.000000000000000000e+00 -1.000000000000000000e+01
-3.062428735618341960e-02 9.414780912929531231e-01 2.649364808106623037e-08 1.254927966438299437e-09 -4.042405931016211373e-01 2.536714650911538095e-06 5.658584285030877491e-09 0.000000000000000000e+00 inf 0.000000000000000000e+00 -9.000000000000000000e+01
9.867865627334677260e-08 9.719070733093637671e-01 5.599189486501204686e-05 1.156939482055635571e+00 -2.288558739756517968e-01 -2.249186095214496738e-04 1.213167009478204520e-08 0.000000000000000000e+00 inf 0.000000000000000000e+00 -9.000000000000000000e+01
4.718189278564089983e-01 5.163001735802456027e-01 -2.480848853001674139e-08 4.453336741134923237e-10 -2.811850176113953048e-01 4.838010346681460811e-10 4.675263821257925922e-10 0.000000000000000000e+00 inf 0.000000000000000000e+00 -9.000000000000000000e+01
3.949148349319408363e-02 2.632765566212939001e-01 3.880693873537749108e-05 1.645478478883086854e-04 -8.556488090192051477e-01 3.645682909146487396e-06 6.873317468173905348e-08 8.998671200127793281e-10 inf 0.000000000000000000e+00 -9.000000000000000000e+01
4.290918534902665954e-05 8.787801159480659319e-01 6.203682421600762745e-08 9.051156284560310679e-05 -4.407631519052018221e-01 1.662431387714584346e-09 7.185795733727532126e-08 7.447692616961338000e-08 inf 0.000000000000000000e+00 -9.000000000000000000e+01
5.516126789025610982e-06 7.896285569320852238e-01 8.357635148620539435e-10 0.000000000000000000e+00 -5.329502915273627295e-01 1.456199311921220676e-09 9.100114316583579830e-07 5.565674061854289088e-10 inf 0.000000000000000000e+00 -9.000000000000000000e+01
2.708613246184622403e-01 8.057391028361475804e-01 1.672743033103965604e-08 4.527393259868159325e-01 -2.293031791445104550e-01 1.825009276099927770e-09 0.000000000000000000e+00 1.249603157830976362e-07 inf 0.000000000000000000e+00 -9.000000000000000000e+01
3.900463669767686437e-01 4.872524712781531320e-03 1.074299760201546763e-09 1.514944746589299836e-08 -6.158626847001610338e-01 2.891505117288230897e-09 4.442866804901311685e-09 5.127505296148399037e-08 inf 0.000000000000000000e+00 -9.000000000000000000e+01
2.385900403628955186e-05 8.847463190541382527e-01 3.861998060402411109e-09 4.711089832547621968e-09 -4.350206970418546981e-01 2.812045869040053456e-08 6.847514291493636461e-10 0.000000000000000000e+00 inf 0.000000000000000000e+00 -9.000000000000000000e+01
4.695929751083102177e-01 5.263354596005643815e-01 4.646327130078047668e-07 -4.524723978908198017e-03 -2.758858728761322543e-01 -3.573156182668213421e-04 7.478907284077435157e-06 3.476873181863749909e-09 inf 0.000000000000000000e+00 -9.000000000000000000e+01
6.458037520293644857e-09 5.148359126898852112e-02 3.020553892110255488e-08 5.904074933902767690e-09 -9.880936281554092426e-01 0.000000000000000000e+00 1.483453494503569539e-07 -5.657649050735625771e-06 inf 0.000000000000000000e+00 -9.000000000000000000e+01
2.048429153696114946e-01 3.753409107970127057e-01 -5.529043015900796229e-10 4.820554834745947037e-01 -6.304746017962892246e-01 -2.186028246947885280e-08 0.000000000000000000e+00 4.414095498644768482e-09 inf 0.000000000000000000e+00 -9.000000000000000000e+01
4.036610119834575516e-01 4.808746196025692754e-01 0.000000000000000000e+00 2.449577267030364144e-02 -3.714072265223096192e-01 -2.281803559068915240e-06 2.648681778370192186e-05 7.969534489395108530e-08 inf 0.000000000000000000e+00 -9.000000000000000000e+01
1.217357118868989859e-07 2.531611497199525122e-08 0.000000000000000000e+00 2.225559995414287506e+00 -1.254259962472372729e-05 2.419429036245454429e-06 4.926202081019625520e-06 4.520052441361092891e-07 inf 0.000000000000000000e+00 -2.000000000000000000e+01
5.775552133982778669e-01 3.176553673690528656e-01 -1.051109185760860740e-07 2.633510459957615017e-08 -2.695257662525296638e-01 -4.066951294346207030e-02 0.000000000000000000e+00 5.737495555463213531e-10 inf 0.000000000000000000e+00 -9.000000000000000000e+01
3.353320699127184112e-01 4.858113814680841136e-01 4.609838444261010672e-10 3.346401241019103974e-09 -4.506740802927195477e-01 3.205260508404692926e-08 1.026685006598378094e-08 1.564373756677100991e+00 inf 0.000000000000000000e+00 -1.000000000000000000e+01
7.844714616065351365e-01 2.673198929678320401e-01 6.189125192207443119e-10 6.902658422386746958e-10 -1.103423234213013887e-01 6.282194743969960517e-10 8.165302007964906543e-09 0.000000000000000000e+00 inf 0.000000000000000000e+00 -9.000000000000000000e+01
5.385260885496221395e-01 2.741587359888985054e-01 4.960701414316120610e-10 1.057469410242894314e+00 -3.466149733573931080e-01 -8.682203274202003867e-04 1.867558179507245562e-08 -2.101002951945651009e-09 inf 0.000000000000000000e+00 -9.000000000000000000e+01
-6.102711581905125859e-01 1.345726143702155930e+00 1.165865243609349994e-09 2.559605844273608985e-04 -4.234734158597627252e-01 4.676056049837160923e-03 4.754544196594380473e-10 4.925780654249504040e-09 inf 0.000000000000000000e+00 -1.000000000000000000e+01
4.603742424719562965e-01 8.601472046185170139e-01 9.285181810644278759e-10 5.351484028734523196e-02 5.619802764550247759e-05 3.253236406628244832e-07 9.117684413275793520e-09 6.954783238561008695e-10 inf 0.000000000000000000e+00 -9.000000000000000000e+01
3.339443909805950295e-01 9.600901240692106819e-01 -1.569440802338001447e-03 2.595895851763219131e-01 0.000000000000000000e+00 4.665149249796686001e-07 2.040225271911084146e-06 2.512960395890481636e-07 inf 0.000000000000000000e+00 -9.000000000000000000e+01
7.488032307360343864e-01 4.005171099722569489e-09 3.514022069201034878e-10 1.622691272109821324e-09 -2.593131810720119002e-01 4.667272555232262039e-09 4.709042690859590978e-04 4.585866638571234223e-10 inf 0.000000000000000000e+00 -9.000000000000000000e+01
7.083994964939231975e-01 5.750279863515487255e-01 1.172886120766274222e-09 0.000000000000000000e+00 2.150291221404836074e-09 4.414613037884170651e-09 9.148511741976938767e-08 1.075145610702417913e-08 inf 0.000000000000000000e+00 -9.000000000000000000e+01
3.661365235912055760e-01 5.146758961513387964e-01 2.980335983265445962e-09 2.398546440479810006e-04 -3.882871317799973521e-01 2.456107504124292486e-09 2.137696562337443394e-04 -5.011721339937415423e-10 inf 0.000000000000000000e+00 -9.000000000000000000e+01
2.323609874601662861e-05 1.221714844583260628e+00 0.000000000000000000e+00 1.715236020195203045e-07 -4.028768451780829660e-05 9.295853101372188176e-03 4.362290401462247214e-07 1.548716627892550268e-08 inf 0.000000000000000000e+00 -9.000000000000000000e+01
4.690876453945552194e-01 1.056290884953207110e+00 1.442620203998481469e-09 7.442537348732906342e-09 2.353875055127354343e-01 5.343037792586968557e-09 -1.017817269853743418e-07 7.323104739251550742e-10 inf 0.000000000000000000e+00 -9.000000000000000000e+01
7.946690404979804834e-01 5.204408595909326542e-09 1.582520310413439931e-09 5.886437337022077942e-01 -2.119117441327947882e-01 2.508641896230450763e-08 2.949086902347181425e-06 5.262885096986959773e-10 inf 0.000000000000000000e+00 -8.000000000000000000e+01
-1.605246303544693021e+01 1.659477597583364883e+00 3.636491643995408243e-08 2.295030281988213002e-07 -1.496783715467348763e+01 1.935421663859778463e-08 8.986174906939763798e-08 1.208123335060696683e-08 inf 0.000000000000000000e+00 -2.000000000000000000e+01
5.168300713891552656e-01 8.063326301748098279e-01 1.067623881607749180e-09 1.612817054895962889e-03 9.131390678455083318e-05 1.841379765972958407e-08 2.311568561561022069e-07 1.103814521662249023e-09 inf 0.000000000000000000e+00 -9.000000000000000000e+01
9.787539672523504208e-01 7.462999000299172514e-02 7.560641417259253362e-08 7.975076576427538863e-06 2.165808739319056815e-09 -3.724315957390669209e-07 9.371461707318876862e-07 2.756483850042435984e-09 inf 0.000000000000000000e+00 -9.000000000000000000e+01
2.382675684228434676e-01 1.051589897488684366e+00 7.659426756318021738e-10 5.336067306901555185e-08 3.331850638998339559e-08 -4.627519269097096056e-05 5.489255842027915868e-08 -4.866927418077075925e-09 inf 0.000000000000000000e+00 -9.000000000000000000e+01
5.200230447783593124e-08 7.566627449303094101e-09 4.405588491717786020e-08 5.713943100557900481e-06 -1.007733262668144336e+00 2.475952418256514140e-09 5.404733892359352339e-10 1.212413278556287230e-09 inf 0.000000000000000000e+00 -9.000000000000000000e+01
