3.160382525955917621e-01 7.705266994397166891e-02 1.088521845240234681e-01 1.937324272877002096e-01 -6.555592236502986170e-01 4.911343297520020211e-04 7.464955157952364629e-09 4.897010583616751451e-05 3.099162745741029994e+02 0.000000000000000000e+00 0.000000000000000000e+00
4.183200135065179848e-01 2.290741896392293076e-03 2.081950317294037467e-05 5.913042767431075441e-09 -5.707917941303890519e-01 -4.667004823583232459e-02 3.809980265911254703e-08 0.000000000000000000e+00 3.441888763084380116e+03 0.000000000000000000e+00 0.000000000000000000e+00
5.793386723762150581e-01 6.692509877614725612e-10 2.376774040517805331e-01 3.175221569754255735e-01 -4.159354570906159121e-01 -4.193336462934437077e-06 5.848004364524781877e-05 2.054168199748288078e-06 3.524324032418928255e+03 0.000000000000000000e+00 0.000000000000000000e+00
6.264175730482988147e-01 2.853412688693325507e-03 2.174771972875323145e-01 1.012203185675967693e-07 -3.693990671630333900e-01 -4.144078924885138467e-06 6.202225402426272707e-10 9.943407765169800523e-07 1.480296375386155160e+04 0.000000000000000000e+00 0.000000000000000000e+00
5.688085627060229799e-01 3.186028323292970882e-04 4.574582580366394480e-02 2.907874198372436547e-01 -2.439777376195410297e-01 -4.071023877721411388e-01 3.476601898294384599e-07 1.157965457175094756e-06 1.664619871881790095e+04 0.000000000000000000e+00 0.000000000000000000e+00
2.703536422916284487e-01 4.690005837603877237e-01 3.726049600005905090e-05 6.757623437510710063e-09 -5.135750194070362040e-01 1.623847901869240190e-03 -9.818769097237783498e-10 -3.889286058672830745e-04 1.810383197827139884e+04 0.000000000000000000e+00 0.000000000000000000e+00
4.616134881798811818e-01 3.033383026882981257e-03 2.297419002565452090e-05 2.130108969988937784e-02 -3.645452313196257954e-01 -3.925871721903662626e-01 7.188485818915398213e-05 3.174940901470853227e-02 1.852630019319698113e+04 0.000000000000000000e+00 0.000000000000000000e+00
5.363724539835105221e-01 1.923061358490258189e-08 1.317563449645718539e-07 3.038146307418362412e-06 -4.681068689310636799e-01 -5.832155857990606832e-08 -1.228434157463802142e-07 2.791345359773327999e-09 2.174437405632421360e+04 0.000000000000000000e+00 0.000000000000000000e+00
6.436427824585646551e-01 2.762623388564622653e-02 7.511043559321205544e-10 3.266680989285185577e-01 -3.567176866637828403e-01 9.632831552231907457e-03 4.591119597909271849e-04 -1.014779424527575274e-02 2.438504760251530388e+04 0.000000000000000000e+00 0.000000000000000000e+00
5.651888870192314229e-01 3.552731868834967891e-03 8.323543235556210909e-03 5.203229030878326692e-10 -4.406740939019678227e-01 1.750221039595909670e-07 1.923177985986655730e-08 0.000000000000000000e+00 2.644632266882562544e+04 0.000000000000000000e+00 0.000000000000000000e+00
5.717327868983180794e-01 3.000791310473332764e-06 7.088054691295360681e-04 1.017794166129614880e-05 -4.713754360065920412e-01 9.807650200782318251e-02 5.041449036880209388e-10 0.000000000000000000e+00 2.832830524631238950e+04 0.000000000000000000e+00 0.000000000000000000e+00
6.678671418952986105e-01 1.227378895808231736e-02 4.550588815961176317e-09 3.226871035323139458e-01 -3.347986838257520081e-01 2.145093424861019029e-06 6.526364241546385805e-05 0.000000000000000000e+00 3.019220254042683518e+04 0.000000000000000000e+00 0.000000000000000000e+00
5.934646819249591587e-01 8.936489556581807977e-10 0.000000000000000000e+00 1.496629533410494782e-03 -4.183812317018869020e-01 1.129799861423234041e-02 2.171667186462112632e-03 -4.973961654064552353e-04 3.597962000881372660e+04 0.000000000000000000e+00 0.000000000000000000e+00
5.453083133619845979e-01 5.242613258287149858e-01 4.343332881865631379e-01 5.644419383922296696e-01 -8.442712044595639120e-02 1.398468992536528031e-05 6.683054129912621839e-08 1.401388552019902879e-05 4.070193119065890642e+04 1.000000000000000000e+00 0.000000000000000000e+00
4.357245805535212568e-01 4.092748456317419903e-01 5.985992640192144831e-01 1.699330214444081844e-07 -2.777222166786820767e-01 9.924088452353437007e-04 0.000000000000000000e+00 8.836849015541734230e-09 5.594008897350030747e+04 1.000000000000000000e+00 0.000000000000000000e+00
3.131469783694830200e-01 6.621961580806902115e-01 3.749551735178983231e-05 1.185882284852195344e-08 -3.610165801584485634e-01 -2.508790979174301428e-03 1.565734891847415100e-01 8.414578439466601596e-04 6.697686440196161857e+04 0.000000000000000000e+00 0.000000000000000000e+00
6.631155903061013435e-01 4.376562896020268489e-01 7.699508798554176303e-02 3.583579074606489607e-08 -1.307811303103699752e-01 -1.467159432897715714e-06 0.000000000000000000e+00 3.534392695151106087e-07 7.960283510277906316e+04 0.000000000000000000e+00 0.000000000000000000e+00
7.150294901994481700e-01 9.240681662960080756e-01 1.348006415949779269e-01 1.222973936789220062e+00 -3.184420953620493155e-01 1.015888893179543784e+00 0.000000000000000000e+00 1.485845478334218172e-07 8.180925149027498264e+04 1.000000000000000000e+00 0.000000000000000000e+00
5.786791917415445852e-01 2.484475696525494277e-03 1.091322920161231336e+00 2.879509612678933928e-08 -3.536372838420550613e-01 1.404537782299508736e-07 5.424975394390617155e-09 1.045380484330399144e-02 8.717581264150378411e+04 1.000000000000000000e+00 0.000000000000000000e+00
7.831521566465354800e-01 1.482867055487943522e-04 1.187422721299485229e+00 1.573832724436435195e-07 -1.367098527811907160e-01 3.340902307050717040e-08 2.830163321957161834e-09 -4.736019899919821641e-02 8.782128112671145936e+04 1.000000000000000000e+00 0.000000000000000000e+00
5.038959976515833272e-01 6.503186823399191852e-01 9.265021600106768118e-02 4.812383494605865751e-03 -1.297607929824217687e-01 1.557402350290351917e-09 4.795125971828078558e-05 4.815157025052295629e-09 8.938055090817231394e+04 0.000000000000000000e+00 0.000000000000000000e+00
3.228023027298511094e-01 4.347157263215629674e-01 8.901322015155813672e-01 4.920019872719992794e-08 -1.733687718068138151e-01 3.152366237596202240e-04 -4.287666221367266248e-08 4.607698861990902563e-09 9.308832174310841947e+04 1.000000000000000000e+00 0.000000000000000000e+00
7.022155068043117732e-01 4.891053281224062160e-02 7.965429629422043911e-01 1.201801663386483865e+00 -8.777693835053897164e-02 6.370335901601250581e-06 -8.079531674363511195e-07 1.645059284213189072e-08 9.403857659143052297e+04 1.000000000000000000e+00 0.000000000000000000e+00
5.452221871548745824e-01 1.745936217293699300e-01 1.056750868361975959e+00 3.679962208378328228e-10 -2.350887801355990014e-01 -9.235502451504757715e-05 8.421122821033198754e-09 -9.844269756316747872e-07 9.416693880982350674e+04 1.000000000000000000e+00 0.000000000000000000e+00
5.930556268757661842e-01 6.999447789120751612e-10 1.225292105977558998e+00 6.475318523395122162e-08 -3.276944004358587903e-01 8.849084522639528994e-03 4.348017159315806343e-04 2.030171586228388603e-09 9.672571252447595180e+04 1.000000000000000000e+00 0.000000000000000000e+00
4.549886735530463966e-01 3.169075338180422224e-02 1.195194127542330786e+00 5.278845880981386595e-09 -4.266933580335783294e-01 -6.217232413945618588e-07 1.109738207567333063e-08 -2.567799883391726212e-02 9.985669258082727902e+04 1.000000000000000000e+00 0.000000000000000000e+00
4.463651206751300116e-01 1.411776336117425023e-09 1.234585366593794920e+00 4.366318565311623329e-09 -4.580858678263369232e-01 7.859615602697345290e-04 1.753804623733502015e-09 0.000000000000000000e+00 1.008735761296911223e+05 1.000000000000000000e+00 0.000000000000000000e+00
4.333785657968905469e-01 1.370702089910511917e-09 1.202459565493341875e+00 2.029387594760056479e-01 -4.447583093189095282e-01 7.630947804478892260e-04 8.513897001763746566e-10 0.000000000000000000e+00 1.018505608024061075e+05 1.000000000000000000e+00 0.000000000000000000e+00
3.612959749937445508e-01 9.654639490802735411e-06 1.221437154039765938e+00 4.245686203606693909e-01 -5.685368134419330755e-01 9.834769877685052564e-02 6.439295827729830642e-10 3.033515712472511993e-05 1.057797822232939361e+05 0.000000000000000000e+00 0.000000000000000000e+00
3.163037192147976628e-01 7.392305004936658860e-07 1.331599608052419947e+00 1.781601367436623208e-05 -4.022133713472118566e-01 4.757292748365886392e-04 -6.470594431273270941e-08 6.953561461665071161e-09 1.061991321363471361e+05 0.000000000000000000e+00 0.000000000000000000e+00
7.287419736334463938e-01 1.362851326986124628e-02 4.965366413336316493e-09 1.307393307619589828e-01 -3.709787508263528988e-01 2.841338524140769040e-01 -3.171136745692822666e-04 1.316595740193425587e-08 1.125177631165462371e+05 0.000000000000000000e+00 0.000000000000000000e+00
6.898922603061593550e-01 8.002079370191344065e-10 9.121907560423296590e-05 5.984617014318999157e-09 -3.176583024127752064e-01 2.909316257274518437e-07 -1.237572956811885776e-02 6.047173986594110820e-09 1.128947601119145693e+05 0.000000000000000000e+00 0.000000000000000000e+00
1.150670856596226477e-01 8.810044349890127080e-01 2.369770339789546847e-05 1.570701015905892062e-01 -3.190817344671744715e-01 8.415377627093561887e-10 0.000000000000000000e+00 1.117667341098363575e-09 1.134884865392320207e+05 0.000000000000000000e+00 0.000000000000000000e+00
9.138190894973325928e-01 1.920341296163632695e-09 1.668485625563747736e-05 1.222330662447286720e+00 -9.152835431663987331e-02 1.150808165846424282e-06 0.000000000000000000e+00 0.000000000000000000e+00 1.139099967620994576e+05 0.000000000000000000e+00 0.000000000000000000e+00
1.815845146908424919e-05 9.184608074842295355e-01 5.702237986664963204e-02 0.000000000000000000e+00 -5.304130234251481710e-03 -2.730971503981347026e-01 0.000000000000000000e+00 1.708756843372799924e-05 inf 0.000000000000000000e+00 -9.000000000000000000e+01
1.371547717530047748e-02 1.211128718669571169e+00 1.118994132676314678e-04 0.000000000000000000e+00 0.000000000000000000e+00 0.000000000000000000e+00 0.000000000000000000e+00 2.509433419651898847e-09 inf 0.000000000000000000e+00 -9.000000000000000000e+01
7.443351175949391996e-02 4.517820574543761070e-01 1.096987625745488248e+00 2.125648248822879240e-09 -5.674399986264465925e-10 -1.258143302561776555e-04 -1.380178775797441462e-07 1.440961980842871051e-03 inf 0.000000000000000000e+00 -9.000000000000000000e+01
5.264817945440784103e-02 3.109934380881561062e-04 1.510103878984966341e+00 3.040964061950719935e-05 -6.604430540044175070e-04 -6.923157013891243699e-06 8.903971837588604879e-09 3.839678399877034667e-09 inf 0.000000000000000000e+00 -9.000000000000000000e+01
3.000950137254519701e-02 1.768835704506186747e-04 1.414733636134273720e+00 3.422540090967592140e-04 -4.351377699019053913e-01 7.945366700228428840e-10 8.624116619343420872e-09 -4.736083765023961099e-05 inf 0.000000000000000000e+00 -9.000000000000000000e+01
1.812172907045412618e-01 3.965367411477926929e-02 1.407705431074664053e-02 -3.398056546456914732e-05 -8.105210989060882554e-01 1.387878594017274330e-03 1.041683431335510015e-04 0.000000000000000000e+00 inf 0.000000000000000000e+00 -9.000000000000000000e+01
3.341229943312645778e-01 1.072988038578004399e+00 0.000000000000000000e+00 8.834657999588127702e-10 -9.168411746239235465e-10 1.248041116135949700e-05 2.261672447894560708e-09 2.259809778694735982e+00 inf 0.000000000000000000e+00 -3.000000000000000000e+01
1.774032698041762834e-01 5.499574457315223634e-05 6.261291875441515886e-02 0.000000000000000000e+00 -2.114085618863155783e-02 -1.044988023349549655e+00 0.000000000000000000e+00 -2.326721921213384645e-07 inf 0.000000000000000000e+00 -8.000000000000000000e+01
6.540591157905860653e-01 2.656843358067228524e-03 2.539697630463446099e-01 1.108116418759221917e-09 -4.322704528562782977e-01 2.574488008962945162e-01 5.478465364301030548e-05 1.785013545296726404e-06 inf 0.000000000000000000e+00 -9.000000000000000000e+01
6.862573554695994282e-01 8.009571927999999491e-10 8.798171223969224186e-02 3.200334782718805005e-01 -1.288794612886116735e-02 -5.630829583340303257e-01 -1.216799418217902730e-09 -1.376581160004092077e-08 inf 0.000000000000000000e+00 -9.000000000000000000e+01
9.579978247071868624e-02 1.153507584851510614e+00 0.000000000000000000e+00 0.000000000000000000e+00 0.000000000000000000e+00 2.558130177669642442e-06 2.833206083481832216e-09 -4.704453603472791984e-02 inf 0.000000000000000000e+00 -9.000000000000000000e+01
7.686289454435060176e-01 3.011930218786257885e-01 5.158430267514032854e-09 2.493643525293817373e-02 -1.083023609514863761e-01 0.000000000000000000e+00 1.690333082010248201e-09 2.175826213246566040e-02 inf 0.000000000000000000e+00 -8.000000000000000000e+01
0.000000000000000000e+00 1.914903828688989097e-08 1.464745675675174663e+00 0.000000000000000000e+00 -3.085730890089034562e-01 3.432997677363690877e-03 1.018565866323930296e-09 8.025585681303562188e-03 inf 0.000000000000000000e+00 -9.000000000000000000e+01
3.137274358614240699e-02 1.683271292240435103e-04 1.484406856060279001e+00 1.974446230717578133e-07 -1.704138134095517509e-01 -3.427049582355466546e-09 -6.109607204484581834e-07 6.373875656355389714e-09 inf 0.000000000000000000e+00 -8.000000000000000000e+01
3.256389493629781244e-07 8.135115450454423192e-01 0.000000000000000000e+00 3.202873132429690237e-09 -2.299054366432771723e-01 -2.475904702312215766e-01 4.533516910972074597e-05 1.730242468820521531e-02 inf 0.000000000000000000e+00 -9.000000000000000000e+01
2.695773692867515781e-01 1.885568484628644959e-01 3.237758663980350116e-09 1.344204095487217671e-02 -6.628951703772579807e-01 3.233915674930720220e-03 1.185348934609755169e-09 3.714093328443900066e-08 inf 0.000000000000000000e+00 -9.000000000000000000e+01
9.479626132519872739e-01 5.790666683316537944e-02 1.150986524177023721e-07 1.592779331436891542e-08 -3.937653344655245996e-02 -1.139360397670185137e-08 3.376872992165644294e-02 4.686782248069320451e-10 inf 0.000000000000000000e+00 -8.000000000000000000e+01
4.249124784248384072e-03 1.221293569757109676e+00 1.279914617999005537e-04 3.547328903817468523e-05 -1.036634966825037397e-05 1.741067375495276588e-03 0.000000000000000000e+00 0.000000000000000000e+00 inf 0.000000000000000000e+00 -9.000000000000000000e+01
3.811295087154236705e-01 3.664192469755301329e-01 8.719173322191446918e-01 3.118617917046411384e-09 -2.520803943609030151e-01 -3.672994597252361306e-07 6.536144899624427373e-09 8.170045937923829660e-03 inf 0.000000000000000000e+00 -9.000000000000000000e+01
1.019186548720472972e-03 1.807815541101183421e-02 7.309437971587487981e-01 1.422799690726120669e+00 -3.556999226815301673e-01 -6.458665319981423888e-03 4.761570868782795536e-09 9.938141033468678510e-10 inf 0.000000000000000000e+00 -9.000000000000000000e+01
6.141323175605004764e-02 2.137703130912720906e-01 2.514022508481708607e-01 1.977767395445901188e+00 -5.501057567935546677e-02 4.115993192160800895e-02 1.805595971883536019e-05 9.470606080440366541e-08 inf 0.000000000000000000e+00 -9.000000000000000000e+01
-7.587110127220897393e-02 1.139188872652250120e-02 1.433021037046692481e+00 6.644793469494944879e-07 -1.144800640497827676e-02 -4.186378812800879701e-02 0.000000000000000000e+00 1.737236725632905252e-05 inf 0.000000000000000000e+00 -1.000000000000000000e+01
-1.962802554230388807e+01 5.292085362022517003e+00 0.000000000000000000e+00 2.943103605698593195e-01 -6.460065139187642826e-04 -2.041434305938714423e-03 -5.212319002615732888e-01 2.094415223643018000e-08 inf 0.000000000000000000e+00 -2.000000000000000000e+01
1.657388426767402584e-02 2.499320566882473060e-01 1.253896419995274680e+00 1.710340133692878767e-02 -1.393688926278531526e-01 -5.957067029116064078e-04 -7.543240758889195051e-10 -3.590125729547281180e-02 inf 0.000000000000000000e+00 -9.000000000000000000e+01
1.891164038380471356e-07 1.179560485921638258e-01 1.008465552486137952e-07 4.694430437020489836e-10 -9.612318990864530122e-01 -1.094676547615068410e-04 2.598312660490410317e-09 1.556157837295930643e-05 inf 0.000000000000000000e+00 -9.000000000000000000e+01
4.502151236468696647e-04 2.535611576379170201e-02 1.608448555521332091e-01 2.098154548858400137e+00 -2.043856603990482634e-01 1.460697956720955013e-03 0.000000000000000000e+00 6.503351598902943419e-09 inf 0.000000000000000000e+00 -2.000000000000000000e+01
-9.620092272017998880e+01 1.326586541190179353e-06 4.883126947467699708e+00 3.302606493589879344e-06 -1.457463910341124658e+00 9.148077428690285645e-03 -2.761143861968831792e-09 2.202727652349364970e-07 inf 0.000000000000000000e+00 -2.000000000000000000e+01
1.962006028019384063e-01 5.081772369870026125e-03 1.329214894658177215e+00 3.805969629319951705e-09 -4.884991782178047578e-04 -1.723383673260269755e-01 3.236522823881215434e-07 1.273032310726611485e-05 inf 0.000000000000000000e+00 -9.000000000000000000e+01
-3.642132286898677194e+02 4.299739505366493830e+01 1.625075862116361347e-01 1.396815730540268696e-01 2.939172846467562650e+01 -1.255949738659850102e-05 1.629597710049102446e-09 -4.077594701196059039e-03 inf 0.000000000000000000e+00 -2.000000000000000000e+01
8.846034926008315702e-02 1.141511326850421781e+00 9.214619714591995884e-04 3.227102809528446820e-06 -1.039292597119930551e-04 -2.423339069768561810e-02 3.055509439735937288e-10 -1.932951836681654325e-04 inf 0.000000000000000000e+00 -9.000000000000000000e+01
2.913745736522811991e-01 3.460654724474181432e-01 3.673517982522247483e-01 8.703693308826086772e-02 7.044914803775323420e-02 -2.352750448217755530e-01 -3.282644102200500957e-01 -5.660372509373386984e-01 inf 0.000000000000000000e+00 -9.000000000000000000e+01
1.656413825132633799e-01 4.733982700234136143e-01 1.759189501782620641e-03 1.365048979656016158e-08 -5.953487371491206215e-01 -3.840959594510455315e-03 3.853501790452002580e-06 0.000000000000000000e+00 inf 0.000000000000000000e+00 -9.000000000000000000e+01
4.979602655959344260e-01 3.292401955661742371e-03 2.377125514604953860e-09 1.729442838596658427e-01 -5.088935249203960787e-01 -1.391499665720651703e-06 -2.684448595153569406e-10 9.978152153361649016e-04 inf 0.000000000000000000e+00 -9.000000000000000000e+01
5.866293622412365562e-09 4.581624191398511736e-02 -3.564102535961994001e+00 4.028126965851782870e+00 -2.764400858917889781e-01 7.118112868383695938e-06 2.664584579037812334e-06 -1.103966579124323191e-06 inf 0.000000000000000000e+00 -2.000000000000000000e+01
2.953442899828248591e-01 7.949868858184307996e-01 7.285099155317876574e-06 2.107596127724520622e-05 -2.298355940843787304e-01 1.073450889490559621e-04 2.547931663151691994e-09 -6.370443096903975755e-02 inf 0.000000000000000000e+00 -9.000000000000000000e+01
3.813550123108946366e-01 2.998621362361598708e-01 5.031987299371970535e-01 3.993758844275554386e-10 -2.729615752017814367e-01 -2.025454007294378023e-01 3.728033289030217899e-05 1.419202392806363441e-02 inf 0.000000000000000000e+00 -9.000000000000000000e+01
1.008626434626947344e+00 6.241946974344328366e-11 9.200425710775510637e-04 6.219366287615434352e-10 -4.843753535967107188e-04 3.179558885341537250e-05 1.082403024797118986e-04 -1.559336857598349574e-04 inf 0.000000000000000000e+00 -8.000000000000000000e+01
2.272473973179635898e-01 2.176029454424001364e-01 3.736551832626006833e-09 1.627501254001330680e-02 -6.895783091027860578e-01 3.149280855362818107e-05 4.038350249876568910e-08 6.092533991215918717e-05 inf 0.000000000000000000e+00 -9.000000000000000000e+01
1.277481016924975868e-06 1.222032782627410885e+00 5.136071339976145146e-08 9.921955997681189299e-10 -6.770201150749064921e-04 1.147491720465943058e-05 0.000000000000000000e+00 1.546657846697361928e-09 inf 0.000000000000000000e+00 -9.000000000000000000e+01
1.291807596801742318e-09 1.222500473776981122e+00 3.252470836809000438e-05 9.166725093689199569e-09 0.000000000000000000e+00 5.564990353453834062e-10 8.992125254707237462e-05 9.925753286160279822e-08 inf 0.000000000000000000e+00 -9.000000000000000000e+01
5.089812590725231178e-01 5.381851018061925007e-01 3.276740687676592267e-02 5.364359133091237868e-04 -2.252867868025922038e-01 -3.194170298995086150e-03 2.077297146829457444e-02 1.137379942775673821e-04 inf 0.000000000000000000e+00 -9.000000000000000000e+01
8.107833502547723281e-01 9.579460816366317522e-01 1.929775439818721960e-01 2.875589489666703284e-09 -3.456935859819149082e-01 1.443860760727676773e+00 0.000000000000000000e+00 -5.897680954369548430e-04 inf 0.000000000000000000e+00 -9.000000000000000000e+01
1.855096016221343191e+01 1.093282442748073372e+05 3.206106870228954335e+02 3.005725190839644512e+01 -3.246183206106816215e+04 1.580067957251882172e+10 1.412847387881655870e+01 -1.775843496541001043e+00 inf 0.000000000000000000e+00 -2.000000000000000000e+01
2.269161917127000549e-01 6.773733206489238193e-06 1.478423397534272876e+00 0.000000000000000000e+00 -9.011484355061576045e-06 -8.648605790428223137e-06 3.096563751537937363e-05 7.287811173053153543e-06 inf 0.000000000000000000e+00 -9.000000000000000000e+01
6.439168290639087078e-02 9.412315131008245350e-01 1.094553113820839096e-08 1.937712680053428962e-02 -1.391178334397333571e-01 -1.371304358191657302e-01 4.886397829557317391e-10 1.171768860759472758e-05 inf 0.000000000000000000e+00 -8.000000000000000000e+01
3.375570282672626377e+00 2.903806912982557421e-05 6.352099236624903824e+03 4.859255725178357352e+03 -3.246183206098531446e+04 3.424881343502652645e+09 2.957926707633260556e-06 8.310421053583195220e-08 inf 0.000000000000000000e+00 -2.000000000000000000e+01
1.166518464936212168e-01 2.065542869102796611e-05 2.126225597627322994e+00 1.238804119727056145e-07 -9.503066175890607648e-01 1.421364726844727543e-06 -6.046240395182198718e-02 1.268898620320357367e+02 inf 0.000000000000000000e+00 -2.000000000000000000e+01
8.499801485739542084e-01 2.208459311221389054e-02 1.207358165588003018e+00 8.008809165067087843e-02 -7.747214895856353173e-03 -7.093229222829518232e-03 -1.171200303858154087e-04 6.641691766126520267e-10 inf 0.000000000000000000e+00 -9.000000000000000000e+01
7.254462131149399529e-01 9.743845285874755111e-07 5.662356892442946821e-01 9.469565071958376823e-01 -2.402002251439734337e-01 -1.669979951469267865e-02 1.254289027314500899e-08 2.276753755079539109e-03 inf 0.000000000000000000e+00 -8.000000000000000000e+01
5.076063498285891331e-06 2.054694954675572838e+00 6.017320938692749532e-01 0.000000000000000000e+00 -6.942263313832174946e-06 7.788272304389314726e+00 2.639553019108663865e-04 9.784261688931299855e-03 inf 0.000000000000000000e+00 -2.000000000000000000e+01
2.150585182445743926e-01 3.396785205386158579e-01 9.029609309076831458e-01 4.974591483000911359e-08 -4.529046940514878106e-01 1.259552166043347542e-02 -7.348345993980654793e-10 -8.298060024971656441e-09 inf 0.000000000000000000e+00 -9.000000000000000000e+01
7.149776371450740353e-02 1.035135764928620361e+00 6.294796285964671672e-06 9.171865754089628986e-08 -1.610281492508153223e-01 2.799832703879992279e-06 0.000000000000000000e+00 -2.157587382889117056e-01 inf 0.000000000000000000e+00 -9.000000000000000000e+01
4.445253931069669817e-01 2.188432704526606654e-01 2.610161923628088187e-01 1.825474871533017465e-04 -4.525040540088868801e-01 -1.421804218252897926e-06 -7.541214789412312505e-05 -2.386474466199261721e-02 inf 0.000000000000000000e+00 -9.000000000000000000e+01
4.634411297468067070e-09 6.336972732574284832e-03 1.572138853204946285e+00 1.466759980798093034e-02 -1.708846579570593577e-02 -3.259713852956926897e-04 5.924001475844725001e-02 5.466228709834130327e-09 inf 0.000000000000000000e+00 -9.000000000000000000e+01
2.730310688775031136e-01 4.736452951136613243e-01 3.762950246783884303e-05 6.824547043553361551e-09 -5.069178984894143758e-01 2.426505615485639686e-06 4.718620150728997862e-05 3.733085562285599346e-09 inf 0.000000000000000000e+00 -9.000000000000000000e+01
3.969177574174854728e-01 2.761804592867971725e-02 1.298292566134041204e+00 4.370346416732861248e-09 -3.265284014222663567e-01 -5.407575299637460035e-07 7.375186836250373519e-05 5.517562351125236995e-10 inf 0.000000000000000000e+00 -9.000000000000000000e+01
7.784879351707800765e-01 1.044313083765680661e+00 5.221565418828403082e+00 1.056180277899381403e+00 -2.145588699373125685e+00 2.612681460475593553e+01 4.470388109981405108e-08 6.512122780868377647e-02 inf 0.000000000000000000e+00 -2.000000000000000000e+01
3.632080062495860769e-05 4.850073967569039080e-01 5.668564259386603410e-05 0.000000000000000000e+00 -7.739479735482509559e-01 5.173707907731438465e-10 -2.578845118095237367e-10 -2.122341479177757304e-10 inf 0.000000000000000000e+00 -9.000000000000000000e+01
3.624167576142442448e-01 1.437849092708686494e-01 1.008464021187462256e+00 1.016249494092069815e-09 -5.101409794678763987e-01 3.471519213560356198e-02 -9.401069457156605014e-05 -2.535854333272341720e-07 inf 0.000000000000000000e+00 -9.000000000000000000e+01
1.008628433843233418e+00 3.866923337776031078e-04 2.320179604647463257e-08 4.813430642434856928e-13 -1.793016511341670753e-04 -4.906217503618983799e-04 8.536375084832877638e-10 2.462523212723919295e-12 inf 0.000000000000000000e+00 -8.000000000000000000e+01
5.034152085094458773e-01 1.912743099930994672e-01 3.133143605408439392e-01 5.018466726404350983e-09 -2.698962656344348621e-01 -2.247179776912794358e-01 8.549928538476206635e-07 -7.563329454769318757e-05 inf 0.000000000000000000e+00 -9.000000000000000000e+01
9.689507148671018255e-01 4.413695246552542736e-03 1.492860113021988178e-01 1.519998926723879130e-09 -2.907254532771931521e-02 1.218167313418169782e-05 7.734905780961751462e-10 -2.225734128599226475e-07 inf 0.000000000000000000e+00 -9.000000000000000000e+01
1.816023210321568149e-10 1.227591139544843335e+00 4.618065895663094523e-10 0.000000000000000000e+00 -2.109332800992062222e-10 0.000000000000000000e+00 1.957494807881844666e-18 -2.552015273713208578e-14 inf 0.000000000000000000e+00 -9.000000000000000000e+01
3.171475392012104710e-01 2.789723724455091952e-02 7.584724179049582973e-10 1.966193883338238040e-08 -6.754067964470222840e-01 -1.248034297782541109e-02 -2.537965398374283478e-09 -7.983748816697139317e-03 inf 0.000000000000000000e+00 -9.000000000000000000e+01
5.827978089091696567e-01 3.850279148623919016e-03 4.772028927478840866e-10 1.210087732424660195e-01 -3.979844097752215926e-01 -6.502693673231507709e-02 1.272929609479546871e-07 1.336902482161082973e-05 inf 0.000000000000000000e+00 -9.000000000000000000e+01
8.548437111435703839e-01 3.372191912465707930e-01 1.130751923773298839e-05 6.881917139069703125e-08 -2.585737432880244515e-03 -1.289842492636636643e-09 1.331717138690170860e-08 9.925842027504378998e-09 inf 0.000000000000000000e+00 -9.000000000000000000e+01
3.089380126671083526e-01 3.861725158338854547e-01 5.414810276366437136e-02 3.441972423736804898e-01 -2.887898814062099806e-01 -3.005429579750673597e-01 -2.051541490367516513e-02 -2.401844413387581087e-07 inf 0.000000000000000000e+00 -9.000000000000000000e+01
4.252882414906031805e-01 3.601628959259168400e-02 1.034111547754413385e+00 1.221100229337868798e-01 -5.111352879167806451e-01 3.478285501750293107e-02 -3.796665801445078120e-04 -2.664218682191713539e-01 inf 0.000000000000000000e+00 -9.000000000000000000e+01
9.857155065338542022e-01 1.151536806698427728e-02 5.710593600112747372e-07 4.804585961633321106e-09 -5.757684033492138642e-03 -2.284237440045098949e-05 8.726489863261523280e-04 -7.600142924209622730e-02 inf 0.000000000000000000e+00 -9.000000000000000000e+01
1.793907116250391676e-01 3.530529288727077102e-03 -2.750902647528776640e-02 2.266400684574265245e+00 -3.127083989529371166e-01 -9.649602828191143232e-04 6.463715767443491677e-10 7.011488290108194379e-10 inf 0.000000000000000000e+00 -2.000000000000000000e+01
4.594531430821077178e-01 4.576860156087150244e-01 5.619465365388855993e-01 0.000000000000000000e+00 -2.191238067006975321e-01 -2.308137691076919494e-05 2.959745049615829524e-08 4.465275720120769895e-05 inf 0.000000000000000000e+00 -9.000000000000000000e+01
4.381559668006275721e-01 4.096041051131098873e-06 1.349628564404402153e+00 5.108363539346531843e-09 -9.770607593007821223e-02 8.342652880826288437e-09 2.568640755893194572e-04 2.579370938999432329e-08 inf 0.000000000000000000e+00 -9.000000000000000000e+01
-4.127163412625162731e-01 1.124328149403491656e-01 8.993468479024843351e-03 2.250507044731927309e+00 -4.106342520969542484e-03 -5.537778822293432275e-03 2.106979320432589288e-08 -1.863849350682148166e-06 inf 0.000000000000000000e+00 -2.000000000000000000e+01
2.248348034683372298e-01 8.216185410694792912e-01 5.641739161125156279e-08 4.946862196998304137e-08 -2.782677660209976200e-01 1.826533734276296831e-06 4.265427793189382417e-10 1.020741170923101543e-05 inf 0.000000000000000000e+00 -9.000000000000000000e+01
1.626825581595217063e-01 9.738200684234306070e-01 0.000000000000000000e+00 1.298426757897907402e+00 -2.850025876847681224e-03 -9.006318779227600116e-03 1.508742328727727915e-09 0.000000000000000000e+00 inf 0.000000000000000000e+00 -9.000000000000000000e+01
3.180458784178101794e-01 7.754214527988406713e-02 1.667747497765363686e-06 3.932259373250259507e-09 -6.597236487304422026e-01 4.942542494278325156e-04 1.502475223212039360e-08 4.928118732135489084e-05 inf 0.000000000000000000e+00 -9.000000000000000000e+01
1.743488613574021850e-01 4.222250380476385567e-01 5.263887347691535712e-02 2.307489250479310663e-09 -6.372367328845626178e-01 5.117668254700104453e-03 3.328225069043060785e-02 1.822298963992915522e-04 inf 0.000000000000000000e+00 -9.000000000000000000e+01
3.702298523845568567e-01 5.524263000107407749e-03 3.180889201675937808e-06 8.538634433373563093e-01 -3.926410108318735308e-09 -4.805066496319839592e-02 1.426666977622078171e-03 -1.394198903574277004e+00 inf 0.000000000000000000e+00 -9.000000000000000000e+01
3.144441136729716341e-02 1.687116551048136218e-04 1.292034957348863866e+00 4.531910494337302864e-01 -6.068649042093148260e-01 1.049778402845951975e-01 6.123563968924715679e-07 8.289334125036507822e-03 inf 0.000000000000000000e+00 -9.000000000000000000e+01
2.736171918290840332e-02 1.612768743691238901e-04 1.485350469929313411e+00 1.975701354836253478e-07 -1.705221427649113164e-01 -3.429228103360389775e-09 -7.834075242496346088e-09 3.316196085400624683e-05 inf 0.000000000000000000e+00 -9.000000000000000000e+01
5.397650574217162101e-01 7.970431823191551426e-03 1.059758501018461141e+00 6.008717013995181107e-03 -3.934551151169286554e-01 1.312958730564499658e-03 2.952092446777407982e-08 5.432056336073699115e-10 inf 0.000000000000000000e+00 -9.000000000000000000e+01
1.518887030788333703e-01 1.019124201303140076e+00 1.631578649201661790e-01 1.029689040529389605e-03 -4.262682957373711140e-02 8.941834939318415651e-03 -5.220233562558210326e-10 1.490577460324313452e-07 inf 0.000000000000000000e+00 -9.000000000000000000e+01
9.770437117655126347e-01 1.129584246397225649e-09 4.885218558827563173e-01 1.585466469396369371e+00 -5.084162715287486921e-07 -2.131946298455124666e-06 9.228629464029621605e-10 3.213039634196553016e-07 inf 0.000000000000000000e+00 -9.000000000000000000e+01
3.580984470674482278e-02 4.597466327651479889e-01 9.437835577831843730e-05 6.891904380958922384e-10 -2.813014307084051036e-02 6.634743769729112025e-10 -1.085167727788006964e+00 4.394360524695002330e-08 inf 0.000000000000000000e+00 -9.000000000000000000e+01
1.232721475106526918e-09 1.163066590928879540e+00 1.222509581229904847e-08 1.762747944142862118e-05 -8.639783388002829356e-02 1.218985019000487881e-05 3.659942765381366645e-07 -7.709721720172497267e-03 inf 0.000000000000000000e+00 -8.000000000000000000e+01
3.707247410316402148e-01 9.906597285075376979e-06 1.313532331167943434e+00 2.687702915603058700e-05 -3.904841815434789143e-01 1.105518827464933257e-06 -1.773424487902189198e-04 4.823184819500013421e-09 inf 0.000000000000000000e+00 -9.000000000000000000e+01
6.702236674015282780e-01 4.885012153072363361e-01 2.355444092362772983e-05 4.152260330111508940e-03 -1.001427491379834472e-01 1.218718699687700586e-06 6.825011066676151352e-08 1.431155904220419062e-05 inf 0.000000000000000000e+00 -9.000000000000000000e+01
1.586035324647962338e-03 5.686427823388586000e-11 1.515826827610212701e+00 5.721261971093740545e-02 -1.384176283329130756e-03 -2.457911875298441618e-10 -9.739977128222263316e-12 -3.858075985027891930e-06 inf 0.000000000000000000e+00 -9.000000000000000000e+01
-1.956172633108071990e-01 2.210098888367292846e-02 1.941125151314932795e+00 8.013261636055780512e-05 -9.329438711746188551e-01 7.993974702605101124e-01 -1.410701418106782498e-02 2.923893370964121125e-07 inf 0.000000000000000000e+00 -9.000000000000000000e+01
4.665195916000335896e-01 1.063605987138441407e-02 9.183687557912610933e-01 2.361021911104729896e-03 -2.244575393547331432e-01 -3.293510953276966857e-01 0.000000000000000000e+00 5.428058141258252922e-01 inf 0.000000000000000000e+00 -1.000000000000000000e+01
4.129505959650974778e-01 3.724699400961291318e-02 1.165076391400367894e+00 1.544214472540602637e-07 -1.341370845362265807e-01 5.233881951900929914e-06 -9.437502019155941113e-02 -2.749810232992644377e-01 inf 0.000000000000000000e+00 -8.000000000000000000e+01
3.647816385227892785e-04 1.211075039895660455e+00 2.325482945582781763e-02 3.520142811744916833e-02 -2.576270322067199161e-03 1.788118001944672395e-07 0.000000000000000000e+00 1.022585418032105812e-10 inf 0.000000000000000000e+00 -9.000000000000000000e+01
-2.622240439694656677e+11 3.705789114682729313e-01 1.017563215648854964e+02 2.262610515565362801e-01 -2.817867366412214025e+00 1.251664122137404606e+07 0.000000000000000000e+00 -4.616948484464456631e-02 inf 0.000000000000000000e+00 -2.000000000000000000e+01
7.395736555119878375e-01 -9.365937023650638747e-07 6.453732170050409112e-01 6.919324903186798499e-07 -2.329957654560124436e-01 1.483625589849272642e-03 4.211087756169451624e-09 4.663854354634195327e-06 inf 0.000000000000000000e+00 -9.000000000000000000e+01
9.607476124302347098e-02 1.156818553742527511e+00 0.000000000000000000e+00 0.000000000000000000e+00 0.000000000000000000e+00 1.196722053908037075e-07 7.199031105540535017e-07 1.551998913661985578e-06 inf 0.000000000000000000e+00 -9.000000000000000000e+01
3.760662821200656145e-07 2.380143935968525304e-01 1.021183866917189098e+00 1.791981304926798003e-03 -7.069734463272847602e-01 2.924627022702661836e-05 0.000000000000000000e+00 -4.633376319245659236e-04 inf 0.000000000000000000e+00 -9.000000000000000000e+01
9.628019256892538236e-01 5.766782367409593012e-03 0.000000000000000000e+00 -6.805564969491957074e-09 -4.443701195488863886e-02 5.419618211512025954e-03 1.912915558992333663e-09 6.224332934259670225e-08 inf 0.000000000000000000e+00 -9.000000000000000000e+01
3.211556920506635215e-01 7.767385132346015133e-10 0.000000000000000000e+00 1.984916617706621698e-08 -6.818382385075625329e-01 -1.259918484198756759e-02 -2.186647757636745446e-09 -4.323249700682008870e-04 inf 0.000000000000000000e+00 -9.000000000000000000e+01
1.096335599424843953e-09 1.222386627563792384e-02 4.522813946216597924e-09 3.210494689752451114e-01 -9.520777355817613419e-01 -1.250063305923727330e-01 -4.983343633749291167e-10 2.104580750286718163e-03 inf 0.000000000000000000e+00 -9.000000000000000000e+01
-2.123938500732300838e+01 6.878293144679220816e+00 5.552363268140329648e-03 1.944523773863800816e-05 -6.222476076364162612e-04 -2.975993916730656893e-06 -6.771092180061468851e-10 -1.152753580813617321e-03 inf 0.000000000000000000e+00 -2.000000000000000000e+01
1.009138248786867642e+00 6.730307577165350133e-10 1.153275211432425705e-09 3.058698394479074600e-18 -1.334012371433029757e-10 -1.005215975449788072e-12 -5.526166420219361349e-14 -7.207970071452660656e-11 inf 0.000000000000000000e+00 -8.000000000000000000e+01
3.314582373969179800e-09 5.784956300533575790e-01 3.631317677780586672e-01 1.611298969577966075e-02 -6.240836008999536277e-01 -1.960920987206416575e-06 -1.028554029742032451e-04 0.000000000000000000e+00 inf 0.000000000000000000e+00 -9.000000000000000000e+01
4.440559781723188437e-01 3.292518664328054623e-01 -5.930282524128809019e-02 1.356530352765716700e-02 -3.129761939300742535e-01 -1.541599117601924473e-01 -1.594264975774792314e-01 -2.426340160492505837e-01 inf 0.000000000000000000e+00 -8.000000000000000000e+01
6.092799929796395286e-01 5.579487115198163982e-01 2.690304456180755521e-05 4.742564047918439510e-03 -1.143794858615623661e-01 1.115284442277465162e-06 4.171674631419525886e-07 -1.340895417241990425e-07 inf 0.000000000000000000e+00 -8.000000000000000000e+01
1.943109428795773697e-01 4.104880788197721730e-01 2.450822863905315180e-05 1.495863564395333972e-09 -1.903352714140105761e-01 -5.208129619892508666e-01 9.061674883560803829e-07 2.814000764704093504e-09 inf 0.000000000000000000e+00 -9.000000000000000000e+01
2.210933924580998911e-01 7.413684819446072494e-01 6.058899776298567463e-01 4.450092537560904060e-01 -1.980432302656596755e-01 1.481796140942584217e-01 6.500314792391359759e-05 3.167252542118691919e-07 inf 0.000000000000000000e+00 -9.000000000000000000e+01
4.193977875187280824e-01 -5.473829096170174309e-07 5.580604706550013061e-01 2.796530508538425550e-07 -5.591970500249707765e-01 1.007826238215100718e-03 0.000000000000000000e+00 0.000000000000000000e+00 inf 0.000000000000000000e+00 -9.000000000000000000e+01
6.740491708133953473e-07 4.204192504319228529e-01 6.666819461939754681e-09 2.347654324146100614e-09 -8.095029045583607141e-01 4.936988480421454148e-03 1.463068551180553274e-08 1.620374361364221370e-05 inf 0.000000000000000000e+00 -9.000000000000000000e+01
1.938577486585610632e-01 4.093495130317537090e-02 1.556800738680348128e-01 2.070078366419645821e+00 -4.335287070657536379e-01 1.484687352964909847e-03 1.114344023291185111e-04 3.868463465207494665e-09 inf 0.000000000000000000e+00 -2.000000000000000000e+01
1.009138233578455779e+00 1.011910652590781660e-08 2.218854363921127301e-09 4.500797682495400796e-06 -2.925495881093460939e-09 1.233517296821822579e-13 0.000000000000000000e+00 1.056684397627085659e-13 inf 0.000000000000000000e+00 -8.000000000000000000e+01
2.048431208894733216e-05 1.156589781235497485e-03 6.898752146009214103e-02 9.380904522867259060e-04 -1.005353285710315792e+00 -6.554979868463147103e-05 1.138017338274851869e-08 6.714302295821625761e-07 inf 0.000000000000000000e+00 -9.000000000000000000e+01
-3.017609958646415862e+02 3.562456201179796267e+01 1.346421469290982331e-01 1.160124159074619882e-01 -1.857327729126763693e-01 -2.427510405849569730e-01 -1.005265232778647570e-09 -4.784453648738395959e-02 inf 0.000000000000000000e+00 -2.000000000000000000e+01
8.345099707770513575e-01 3.125084019196219254e-01 5.366213400879177258e-09 2.229111177127497331e-02 -3.538443470488793902e-02 -5.415747678425754368e-06 1.605994154830426893e-09 2.986576140229074000e-02 inf 0.000000000000000000e+00 -9.000000000000000000e+01
5.570328167717668588e-01 5.070699496185739896e-01 4.347832482054439507e-01 1.165091540423390137e+00 -4.292022896404596582e-02 1.793147579704646198e-08 -1.096956447831685001e-09 0.000000000000000000e+00 inf 0.000000000000000000e+00 -9.000000000000000000e+01
2.206533936886607289e-02 2.790334964043593713e-01 4.194009564858206529e-01 1.521072840155471395e+00 -2.934955983521463363e-01 -2.177822410960853772e-01 4.029250600112968848e-05 2.847670265463216792e-07 inf 0.000000000000000000e+00 -9.000000000000000000e+01
1.176362137690260407e-01 1.374254833750304140e-03 6.815076003552992411e-08 7.863549234868836872e-10 -9.993260485979147208e-09 1.786531283875395504e-01 3.762022607391457725e-03 -2.295555274296508408e+00 inf 0.000000000000000000e+00 -3.000000000000000000e+01
9.489696133570448833e-01 4.380224013748834806e-03 1.044742619495499236e-02 7.728135773446593859e-01 -5.871867867079519354e-02 9.411562407919795217e-03 4.624391906407131583e-04 0.000000000000000000e+00 inf 0.000000000000000000e+00 -9.000000000000000000e+01
8.403282565489639255e-01 5.122371316926554313e-02 1.020300258314013702e-07 8.811684049075573516e-09 -1.499968647235033203e-01 -1.059055673119836151e-02 1.197381312057937269e-01 -1.007417679294897500e-08 inf 0.000000000000000000e+00 -1.000000000000000000e+01
6.977421822611749036e-01 8.254508957638133396e-10 -5.950714106972182504e-01 -2.973402920298041702e-05 -3.352514989843483062e-01 1.510680515957876037e-06 5.655060661588345689e-07 -2.342953577990224242e-07 inf 0.000000000000000000e+00 -1.000000000000000000e+01
-1.035453475451301834e-02 2.235109040500798117e-01 1.352829156092588470e+00 0.000000000000000000e+00 -4.264352774639680599e-02 2.285349978362932397e-02 0.000000000000000000e+00 0.000000000000000000e+00 inf 0.000000000000000000e+00 -9.000000000000000000e+01
1.540389279676619427e-01 1.033551516686247895e+00 1.654676226233271763e-01 1.044265917925933998e-03 -1.583868009344910907e-03 -2.267105189846637271e-03 -5.294134227348829291e-10 2.403522130449299272e-06 inf 0.000000000000000000e+00 -9.000000000000000000e+01
3.413172273664158429e-01 2.387355470103892374e-01 4.099390141669709199e-09 5.641872533958989373e-09 -5.446154666174504166e-01 -4.452977488182064542e-02 7.270511600412175377e-08 9.484182276913818129e-10 inf 0.000000000000000000e+00 -9.000000000000000000e+01
1.084971316586668018e-02 1.848230704284154252e-09 7.923533731865951528e-06 2.399325863573750074e-10 -9.982994050355707971e-01 3.263083174460300037e-06 0.000000000000000000e+00 5.126096365322518889e-03 inf 0.000000000000000000e+00 -9.000000000000000000e+01
4.978232347328245311e+01 9.197205987595421517e-01 1.792507317229992056e-02 5.088310434575414389e-08 -3.170100787213741000e+01 3.442531038778626709e+11 3.926484411909380570e-05 0.000000000000000000e+00 inf 0.000000000000000000e+00 -2.000000000000000000e+01
6.342152466486700169e-02 5.196900929340402679e-06 2.748155429712928787e-06 2.264954339412708961e+00 -1.450635978522372138e-01 4.653685770471076549e-04 1.046347481674198498e-08 1.925352464407987554e-10 inf 0.000000000000000000e+00 -2.000000000000000000e+01
4.262517983894047457e-01 2.886637689312669501e-03 1.422267307188767704e+00 2.409714940643619720e-03 -1.995545185220497838e-03 -9.954371016730585400e-10 1.027753897358636916e-08 7.660277495840771653e-09 inf 0.000000000000000000e+00 -9.000000000000000000e+01
1.109312977099237323e+05 1.093282442748092290e+05 4.032681297709925730e+02 0.000000000000000000e+00 -3.214122137404582099e+04 1.580067957251909256e+10 1.408933683206107723e+01 9.564115800930349520e-01 inf 0.000000000000000000e+00 -2.000000000000000000e+01
-1.148394903524161403e-01 1.601127509721186545e-02 1.382490787704086621e+00 3.562853779713631708e-03 -6.757862316892180310e-01 1.331972454207711216e-02 1.000418258032389125e-08 1.815933948255979424e-03 inf 0.000000000000000000e+00 -9.000000000000000000e+01
2.554005100288196384e-01 5.952114345262189087e-07 1.072343863299812350e+00 5.887592780543900112e-08 -2.689316628780286100e-01 -3.797179768309272285e-01 -6.342727898066712403e-03 6.258158192759156746e-01 inf 0.000000000000000000e+00 -1.000000000000000000e+01
3.652034777926380478e-05 4.876720364172231759e-01 5.699707456879322118e-05 0.000000000000000000e+00 -7.782000581125901872e-01 9.295167360789271735e-03 4.071514115790169619e-09 -5.910807733060037916e-06 inf 0.000000000000000000e+00 -9.000000000000000000e+01
1.444336330587672190e-01 4.291535591803824474e-05 5.097657637368255279e-02 0.000000000000000000e+00 -8.531252321848481479e-01 -1.549072687217508543e-02 5.710173089680381809e-09 0.000000000000000000e+00 inf 0.000000000000000000e+00 -9.000000000000000000e+01
4.130521757504299063e-02 2.728847218149862389e-04 0.000000000000000000e+00 7.151523085127859554e-11 -2.820675092792365377e-02 -1.179832255029416022e+00 9.021762551866710962e-09 3.420854905340943647e-11 inf 0.000000000000000000e+00 -9.000000000000000000e+01
5.288390333999480868e-04 9.919198049688915039e-03 3.792746398040796607e-01 7.382672133084758892e-01 -3.723660609707499930e-03 -1.860879582995952353e-01 0.000000000000000000e+00 -1.087118753663030457e+00 inf 0.000000000000000000e+00 -9.000000000000000000e+01
7.088833739383585408e-01 2.565389963511321633e-02 6.924717171031884444e-01 -6.704905122506987780e-02 -1.226873068115755527e-01 -1.235622653482101457e-01 -2.634604219883268095e-01 -5.555608329016535896e-01 inf 0.000000000000000000e+00 -8.000000000000000000e+01
3.087117599482734898e-01 9.913835067108592858e-01 0.000000000000000000e+00 8.162751040384587952e-10 -8.652516102807664222e-10 1.077338021756714465e-06 2.089664266338454615e-09 -8.350799184720646140e-02 inf 0.000000000000000000e+00 -9.000000000000000000e+01
1.103481944262031111e-01 1.102501071422687051e+00 2.439609875687813030e-06 3.554646291262917831e-08 -6.118194335408373014e-02 1.161433904008431289e-05 9.354332345428730918e-10 7.927796662750848967e-08 inf 0.000000000000000000e+00 -9.000000000000000000e+01
2.071621558240903105e-01 5.365686468416753889e-03 1.403476947565008182e+00 0.000000000000000000e+00 -2.948794650469033218e-01 3.280650694004808455e-03 1.195848082158464001e-09 5.881903938988724035e-09 inf 0.000000000000000000e+00 -9.000000000000000000e+01
0.000000000000000000e+00 1.997464630921113252e-08 1.527897974102908618e+00 4.386529470639830889e-09 -5.630144878530249320e-04 -8.144312931619507721e-06 1.218058788992548005e-09 -3.047838146257364489e-03 inf 0.000000000000000000e+00 -9.000000000000000000e+01
6.866114917182267741e-01 7.598601700232027947e-06 3.521084572913983357e-01 0.000000000000000000e+00 -6.428110024186185109e-07 6.043217941931100980e-10 -9.884187408251395857e-01 4.002577836888319851e-08 inf 0.000000000000000000e+00 -9.000000000000000000e+01
2.696673938151615199e-02 2.307864897497812959e-07 7.703889372296324201e-01 1.380697056333626938e+00 -4.477260381951435053e-01 6.370403650995844214e-03 2.100669915589120358e-04 8.721582461474292468e-09 inf 0.000000000000000000e+00 -9.000000000000000000e+01
3.657771166664391688e-04 1.214380027332577994e+00 2.249529267498600812e-02 2.054584431363699216e-12 -2.583300886456726779e-03 1.792997722306725794e-07 0.000000000000000000e+00 1.025376022947935355e-10 inf 0.000000000000000000e+00 -9.000000000000000000e+01
1.485931549216646053e+00 3.218814790561626976e-02 1.767357978992526002e+00 4.629712976106575927e-08 -1.248009584863511645e-07 2.240154381016004059e+00 1.124550572167336287e-06 1.692955866620527577e-02 inf 0.000000000000000000e+00 -3.000000000000000000e+01
1.263749666035810619e-09 1.188824303339641952e+00 1.249583740575822193e-08 2.101066205824710288e-05 -5.028486636600758286e-02 3.603572853013311328e-06 -4.628529750295169649e-07 9.424068306013360671e-09 inf 0.000000000000000000e+00 -9.000000000000000000e+01
1.577670551702181583e-06 2.644968348929990221e-01 1.308057074379922469e+00 1.117898828422693953e-08 0.000000000000000000e+00 5.799995924709089443e-10 -7.210805744232921926e-10 1.649348160767423119e-02 inf 0.000000000000000000e+00 -9.000000000000000000e+01
6.338511984809442812e-08 2.681778186920750692e-02 1.466120193305193942e+00 9.725263948924453561e-02 -7.819307697627701434e-03 0.000000000000000000e+00 4.697082065949092635e-10 1.004616864227680174e-04 inf 0.000000000000000000e+00 -9.000000000000000000e+01
2.325894721943821722e-05 1.176445661171548585e+00 7.303929665496118606e-02 0.000000000000000000e+00 5.605653219829047458e-10 -8.610820090593249848e-03 -8.397076329479233239e-04 3.225070618680867554e-09 inf 0.000000000000000000e+00 -9.000000000000000000e+01
5.080055465152231164e-01 2.951681722191387203e-05 1.787256822611298557e-04 0.000000000000000000e+00 -1.542456797211205592e-02 -7.941746098360257244e-01 0.000000000000000000e+00 4.535841178596856606e-05 inf 0.000000000000000000e+00 -9.000000000000000000e+01
7.922652634276081823e-03 3.594276840663984673e-01 1.197022554971130637e+00 0.000000000000000000e+00 -7.296252240575159402e-06 -7.756552717497350866e-05 1.841087138620383689e-09 -4.843849648551073334e-02 inf 0.000000000000000000e+00 -9.000000000000000000e+01
4.941460377720814368e-01 7.589107049240361169e-01 4.127415786174985952e-03 2.204306929683522989e-05 -8.861909615957406060e-06 -7.030905043608935701e-02 5.778858707548695494e-05 -4.975776074788319965e-03 inf 0.000000000000000000e+00 -9.000000000000000000e+01
4.962544541447060954e-03 1.331720813654148003e-02 7.668093202146987339e-06 2.251361979309653982e+00 -7.420260429853596431e-04 -1.126289529531349342e-04 2.673348899576635043e-09 1.619501284293443547e-05 inf 0.000000000000000000e+00 -2.000000000000000000e+01
3.073473103078277265e-09 5.372011863856817060e-01 -6.642183866373937984e-02 2.361538655472574488e-09 -7.434584748678197963e-01 -2.294175348583103648e-03 1.536736551539138632e-09 0.000000000000000000e+00 inf 0.000000000000000000e+00 -9.000000000000000000e+01
4.368081957994893183e-01 8.849620590223419292e-01 3.744759163670217689e-08 3.524976458804697121e-08 -4.902790854334264327e-04 1.075515119440381845e-05 6.509355089087864507e-05 7.168297450998520244e-08 inf 0.000000000000000000e+00 -9.000000000000000000e+01
6.354127822479528342e-01 2.489912683617932221e-01 4.264388620469999526e-09 2.061453682865495643e-02 -9.473592292580403779e-03 -4.139075629910328735e-01 -8.944374437002753576e-10 -1.011888825196271043e-08 inf 0.000000000000000000e+00 -9.000000000000000000e+01
8.728048403780855891e-01 3.545406962556427437e-03 1.032973813745340780e-01 1.258207923742719281e-09 -1.285414043508949222e-01 -3.037270690529228621e-06 2.006214696277050409e-09 2.560672445590626845e-02 inf 0.000000000000000000e+00 -9.000000000000000000e+01
1.780735627380920283e+00 7.259517282456386777e-06 6.332061068686018189e+03 4.859255725178352805e+03 -3.246183206098528535e+04 4.181296854951087475e+09 5.481961958153120267e-08 -1.394257290669127070e+00 inf 0.000000000000000000e+00 -2.000000000000000000e+01
1.009120178604634877e+00 4.114678413425158618e-10 5.205602027782202168e-05 1.247999852697995923e-08 -1.586692509969650351e-05 1.094824985456196044e-13 6.292056505052061560e-06 -1.726972273228878287e-09 inf 0.000000000000000000e+00 -8.000000000000000000e+01
3.348353920058867450e-01 5.269917853563441668e-01 8.675803627918853289e-01 5.284755903094414967e-06 -9.301612065993304633e-10 0.000000000000000000e+00 4.080707228951900881e-09 -1.691121888990212790e-04 inf 0.000000000000000000e+00 -9.000000000000000000e+01
9.159880625348698624e-01 1.924899275464042552e-09 4.196047099387314287e-06 7.549898268506143083e-04 -9.174559921222655290e-02 1.153539638532633642e-06 0.000000000000000000e+00 -4.157222464304015179e-04 inf 0.000000000000000000e+00 -8.000000000000000000e+01
9.392654816934646600e-02 5.700970997935275175e-01 7.566426339767307052e-01 0.000000000000000000e+00 -3.007392957626406904e-01 -1.587632434888261045e-04 4.533322575349807040e-09 4.237812292859239884e-10 inf 0.000000000000000000e+00 -8.000000000000000000e+01
4.885207096569768592e-01 4.605482437884750394e-06 5.849437488117539092e-05 1.850019624593282315e-08 -5.631990347000815911e-01 -3.913805446595007738e-03 1.179295216305695782e+00 4.738646757730161650e-08 inf 0.000000000000000000e+00 -1.000000000000000000e+01
1.873004246169154690e-08 1.106385892363639375e-10 8.405677592564010942e-07 1.828895136607782032e-15 -1.009138190140190794e+00 -2.462972626649566825e-12 -1.208250722507334735e-13 2.922601657507224682e-15 inf 0.000000000000000000e+00 -9.000000000000000000e+01
4.370590973654692180e-01 5.145518451253041636e-01 5.418438222269710480e-04 7.780491336970734697e-06 -3.603412770832326029e-01 7.497423345764032965e-02 -3.041590349573522478e-02 6.568721196829760628e-04 inf 0.000000000000000000e+00 -9.000000000000000000e+01
6.912241246272454731e-01 4.929402811844939628e-03 1.378903510153838496e+00 1.782754528160213428e-04 -1.329277162744702846e-02 -2.535665421121080162e-04 4.641392759916920796e-02 1.848526054441852360e-03 inf 0.000000000000000000e+00 -9.000000000000000000e+01
6.278511659340840767e-01 1.670692463881856635e-03 2.101615899393452780e-01 9.795241496478662934e-08 -3.697579853068179712e-01 2.320863422732431357e-03 1.950414672976721113e-09 -1.354254926897767966e-06 inf 0.000000000000000000e+00 -9.000000000000000000e+01
6.533317161813165797e-01 2.931559017812817695e-07 1.079098452569140720e+00 7.298269315987731513e-07 -2.817034225669440839e-01 -1.106676655608000519e-04 9.762747848499774945e-09 4.867700607935462079e-08 inf 0.000000000000000000e+00 -9.000000000000000000e+01
3.795854069529275843e-01 3.569110574225535792e-01 7.012252539948993224e-02 2.046989888158762955e-02 -1.469633765857573382e-01 -4.165361987802037036e-01 0.000000000000000000e+00 -1.165290358038095495e-07 inf 0.000000000000000000e+00 -9.000000000000000000e+01
