3.246190306018041372e-01 7.161387923314932013e-05 1.268162444753685891e-05 3.109302762993184088e-01 -6.824821787953593288e-01 2.616750632786787655e-08 -1.666794389703833714e-08 0.000000000000000000e+00 4.522342360446917553e+01 1.000000000000000000e+00 0.000000000000000000e+00
3.246187633728834232e-01 7.161382028004475574e-05 3.813808918559675506e-07 3.109300203390871209e-01 -6.824816169707007552e-01 2.616748478657234503e-08 -3.001812633405209573e-05 -4.464207872274925414e-08 4.522549572671402984e+01 1.000000000000000000e+00 0.000000000000000000e+00
2.878615628601764453e-01 3.014479493078544015e-01 -8.151831868606766729e-02 7.948036071891597665e-01 -5.927061087799503358e-01 8.076867919945262273e-04 0.000000000000000000e+00 2.507643592393683091e-03 8.407045379872359263e+03 1.000000000000000000e+00 0.000000000000000000e+00
4.749634858318956265e-01 0.000000000000000000e+00 0.000000000000000000e+00 0.000000000000000000e+00 -5.325820070639616377e-01 1.703250205339789563e-03 7.715643382419586843e-10 0.000000000000000000e+00 1.089618253455139165e+04 1.000000000000000000e+00 0.000000000000000000e+00
5.688200292631935273e-01 2.739263658426904714e-04 5.464303815578631343e-08 6.800436782680033578e-06 -4.632657970287865079e-01 6.646007214758963000e-02 0.000000000000000000e+00 2.886248537659567587e-03 2.750642933872772119e+04 1.000000000000000000e+00 0.000000000000000000e+00
6.338748294805255368e-01 3.330722997489642578e-10 9.125824393299394877e-02 1.980535182220379197e-06 -3.699658537824079274e-01 -3.504559357118512686e-04 3.326128896803450304e-09 3.319237745774161118e-10 2.761432921799634642e+04 0.000000000000000000e+00 0.000000000000000000e+00
1.709733655044828327e-01 2.283715667809878003e-01 7.278580417190840812e-01 1.890295649585695462e-04 -6.399288823167786910e-01 -3.350772654306605897e-02 -7.314087563706481677e-07 -3.526325663529958354e-02 8.949283125064028718e+04 1.000000000000000000e+00 0.000000000000000000e+00
3.894842870441318494e-01 3.560999195832062481e-01 9.319802582841726357e-01 5.000568088111962735e-10 -1.561414686453707068e-01 2.920588787475179361e-04 2.677704473428406395e-02 -2.900266923167910127e-01 1.073240175162227970e+05 0.000000000000000000e+00 0.000000000000000000e+00
6.250417096505552772e-01 3.634672104734067628e-09 -6.342124816862055627e-03 4.720814354781552373e-10 -3.830286086578097993e-01 5.483953517396615942e-10 6.048321549284034373e-09 3.748255608007006879e-09 1.090809078808440536e+05 1.000000000000000000e+00 0.000000000000000000e+00
1.005997471935491605e+00 1.662374003745326278e-08 -8.839863333881111339e-06 8.983518280513437260e-01 1.875484518134235958e-05 1.997765250114997083e-09 2.782289122057967010e-08 -4.885046414514774255e-09 1.159983475165768614e+05 0.000000000000000000e+00 0.000000000000000000e+00
6.312900599686263048e-01 6.801515197185199479e-01 1.298916998413358990e-08 6.698450888678757020e-10 6.241288022740325249e-04 8.434223379832034710e-08 2.778400933825884421e-08 -4.412240476673181448e-09 inf 0.000000000000000000e+00 -9.000000000000000000e+01
7.601397070487001528e-01 4.421121046780679409e-02 2.667328277947238480e-01 5.514951582008012455e-04 -2.164150965440708174e-01 0.000000000000000000e+00 1.644593686176089006e-07 3.831949877846553138e-08 inf 0.000000000000000000e+00 -8.000000000000000000e+01
6.395677466448699278e-01 4.972806708313316631e-10 1.719021681420772760e-05 7.670656747317581604e-03 -4.087757157454978696e-01 1.486237495395043056e-05 1.737021420163948007e-08 2.972914296330893791e+01 inf 0.000000000000000000e+00 -3.000000000000000000e+01
7.239785111751642077e-01 9.986300729315576578e-10 7.738896141943136164e-04 1.629151980293453732e-09 -2.837213084335103441e-01 8.257285741728967474e-08 5.248274835844682559e-10 -2.660583770949040830e-09 inf 0.000000000000000000e+00 -9.000000000000000000e+01
7.115391905338770417e-01 6.568468184645902430e-09 2.902845324018701878e-01 -1.168957241591369378e+00 -2.844201984139536066e-01 6.711197648525126493e-07 -4.077984682263531540e-09 1.540167429104887381e-09 inf 0.000000000000000000e+00 -1.000000000000000000e+01
1.008842604962787215e+00 4.164764011030905291e-07 1.639700347713740706e-06 8.505477602752554035e-06 1.074824981779394405e-09 2.898091748813940750e-03 0.000000000000000000e+00 1.211371683366673641e-02 inf 0.000000000000000000e+00 -9.000000000000000000e+01
1.032263623916254977e-05 4.540749078810505859e-08 2.047180167367366685e-09 2.277498308733374888e+00 -5.267268931420187220e-06 0.000000000000000000e+00 2.616280779947929976e-14 0.000000000000000000e+00 inf 0.000000000000000000e+00 -2.000000000000000000e+01
8.495060075849406655e-06 1.822354528108451749e-02 2.232877946313701545e-08 2.179748328766613896e-01 -9.964563788647378129e-01 1.898227473251572613e-09 6.047330901452120214e-07 8.999004317637083573e-09 inf 0.000000000000000000e+00 -9.000000000000000000e+01
3.891403229595179480e-01 5.173922040475843476e-01 -9.448984743411392717e-01 6.406144421794853652e-06 -5.042381649616288763e-01 1.035880578018998355e-01 4.380180340620175449e-07 4.417564793033400550e-01 inf 0.000000000000000000e+00 -1.000000000000000000e+01
8.108951794485315112e-01 2.823293545071267618e-02 3.466237342361996009e-03 1.979952497710558479e+00 -1.810932162540145052e-01 4.816071500513466946e-10 1.980338617686620706e-06 -1.805901795421977762e-01 inf 0.000000000000000000e+00 -9.000000000000000000e+01
5.748174846860456544e-01 5.371474068061349305e-01 5.859789892430562475e-01 6.990611380515271340e-10 1.345457244878901617e-05 6.004129566372669223e-08 4.904958057280046463e-05 7.105163852505276244e-07 inf 0.000000000000000000e+00 -9.000000000000000000e+01
6.086990598160173516e-01 7.086347263529754192e-01 5.856991731382166619e-06 1.398905507834436335e-09 1.392924329394745883e-03 1.927782041764100759e-07 2.170559836349560997e-08 1.422371019578756001e-07 inf 0.000000000000000000e+00 -9.000000000000000000e+01
1.390513336306045122e-01 1.210822937427307024e-08 1.302434998292050471e-02 2.254805453158266193e+00 -1.103770105025984853e-06 1.822098631622042909e-10 -1.505245034418856029e-05 -3.888930939987925914e-07 inf 0.000000000000000000e+00 -2.000000000000000000e+01
6.016300905510791885e-01 -6.289116459698632644e-01 -1.701507535329424559e-01 2.031757943030494395e-01 -6.016300905510791885e-01 4.487097930721056435e-03 4.386210803021510184e-09 -3.372033280761902205e-08 inf 0.000000000000000000e+00 -1.000000000000000000e+01
9.890359116737981737e-02 4.229894657962047222e-01 9.007291338457804608e-01 2.122240830675168821e-07 -4.035619746740408686e-01 1.361929104506944225e-09 4.800306640812881813e-07 3.395585329080270113e-06 inf 0.000000000000000000e+00 -9.000000000000000000e+01
1.944569775943421979e-04 1.072680075537136624e+00 -5.102238034402632098e-05 6.751937560649742554e-10 -2.102206354931974719e-01 2.594766481212430016e-04 5.067903283618027375e-07 1.901566088509519213e-09 inf 0.000000000000000000e+00 -9.000000000000000000e+01
7.147546801908093446e-06 1.524458948363239891e-07 6.411854973214660136e-01 1.453353793928656490e+00 4.470070334516514131e-04 2.941908522078141273e-06 -4.730969381278178100e-03 0.000000000000000000e+00 inf 0.000000000000000000e+00 -1.000000000000000000e+01
1.569436482683005498e-04 0.000000000000000000e+00 5.762003438781160248e-05 2.045771312913970519e+00 -1.047143814317625043e+00 1.775141239281205832e-02 8.914873013785187261e-01 3.446679929365928374e-01 inf 0.000000000000000000e+00 -2.000000000000000000e+01
5.210785555417917214e-01 8.036590258789699289e-09 6.528688516904938011e-01 2.447232372037465011e-09 -4.511283214320959134e-01 3.830976108325315134e-08 2.035130525684489269e-07 3.181779742965376970e-10 inf 0.000000000000000000e+00 -9.000000000000000000e+01
3.627715420163561683e-05 1.013441887837060554e-07 -2.200417549935274975e-05 2.236176119244061233e+00 3.059517653344815624e+00 4.972834478283571052e-09 7.303170051318645068e-08 -4.628251227193590223e-02 inf 0.000000000000000000e+00 -2.000000000000000000e+01
1.003041924544676444e+00 1.028509785910068641e-02 1.381294764559281045e-03 3.908337186458260559e-01 -4.080391606698880294e-06 2.751380129144985613e-09 2.131042434244922556e-09 8.232246115850249174e-09 inf 0.000000000000000000e+00 -9.000000000000000000e+01
4.734858788181787737e-01 2.555007655221109013e-04 1.546643359660359041e+00 0.000000000000000000e+00 -2.798072542775329822e-05 8.479007705379786475e-05 -1.966566728542675218e-08 3.993951789542095065e-01 inf 0.000000000000000000e+00 -1.000000000000000000e+01
8.585586100618957106e-01 1.666132868842543374e-08 1.192659164140911577e-03 2.708705594063212340e-09 -1.493326264594091735e-01 1.840680121768905174e-07 2.559180086542146791e-05 4.261407542147502496e-10 inf 0.000000000000000000e+00 -9.000000000000000000e+01
1.002803166508239530e+00 1.142795631348421208e-02 7.370356234803625308e-10 0.000000000000000000e+00 0.000000000000000000e+00 0.000000000000000000e+00 0.000000000000000000e+00 6.103187118102224946e-07 inf 0.000000000000000000e+00 -9.000000000000000000e+01
1.192749958494591506e-01 8.409936108104138289e-03 6.630624128244516022e-08 1.624297682171026436e-01 -8.846728335366920160e-01 1.819992002097460183e-06 1.989187238473354648e-06 4.545407161017274986e-06 inf 0.000000000000000000e+00 -9.000000000000000000e+01
2.377180408640759690e-01 0.000000000000000000e+00 8.215115460739367635e-08 1.530672263124781773e+00 -7.968109941158225684e-01 7.951544224024839624e-02 -1.339695752059035346e-06 4.628407899304782300e-09 inf 0.000000000000000000e+00 -9.000000000000000000e+01
1.006855421029006440e-03 0.000000000000000000e+00 -5.607931067102503463e-09 1.642575511501982222e+00 -1.003578355476151485e+00 4.930911719716198592e-03 3.256689135322547731e-09 -1.945413120722813138e-01 inf 0.000000000000000000e+00 -9.000000000000000000e+01
1.061080013921640086e+00 -9.124889217465231850e-02 2.511837673933393564e-02 9.329794089749500561e-04 3.893390012855560420e-09 6.120656565266979071e-02 2.919745304297177156e-07 1.162815910328044219e-09 inf 0.000000000000000000e+00 -9.000000000000000000e+01
2.666707152563040917e-01 9.711019594996592730e-01 3.646122036955147718e-07 2.546588360185860914e-08 -1.099180367543905676e-02 8.960709518020970599e-02 0.000000000000000000e+00 -1.716632991399004160e+00 inf 0.000000000000000000e+00 -9.000000000000000000e+01
2.735728792133344522e-01 3.654152029492395704e-01 1.031760573033146944e+00 0.000000000000000000e+00 5.627973387747287480e-07 -5.361539909582759694e-02 -1.170320293875925947e-06 -4.836377686092876299e-02 inf 0.000000000000000000e+00 -9.000000000000000000e+01
1.073805429447135085e+00 1.000059237188785416e-09 8.185010375730229042e-07 1.591335136548578212e-09 -2.144360595011515473e-07 1.890916495285557275e-01 4.768983214352407089e-06 2.039151443378270723e-05 inf 0.000000000000000000e+00 -1.000000000000000000e+01
5.501257764614593260e-01 2.121645486011771442e-01 1.564253323124474985e-05 5.339318009598208181e-02 -3.473490397452900225e-01 7.891629365834713916e-03 -3.304509783522759370e-01 -1.513784666457513965e-02 inf 0.000000000000000000e+00 -9.000000000000000000e+01
2.970060935002437064e-01 7.632763504837677219e-06 1.334242839224554936e-06 9.899671904162636903e-10 -7.092974469775557012e-01 -3.824014515923676322e-03 6.821782382448673835e-05 6.005315677157481390e-10 inf 0.000000000000000000e+00 -9.000000000000000000e+01
9.307423003679506923e-01 8.260549664867622806e-10 -8.009365788670678304e-03 1.948202362519428903e-09 -2.718504738698470091e-01 6.427651034719263912e-01 -1.226855977987213101e-05 4.771808429783271361e-09 inf 0.000000000000000000e+00 -1.000000000000000000e+01
7.564412223500559804e-10 1.223203306667485668e+00 2.067968809302311325e-09 7.222130733421933638e-06 -8.335728309215773138e-08 6.999819877924007370e-04 5.037659091831348443e-06 1.175477007392892762e-08 inf 0.000000000000000000e+00 -9.000000000000000000e+01
8.170035874369807605e-01 3.518197266475037166e-01 -9.716141622067096156e-08 7.253227871422059407e-04 -3.383821676436059994e-02 6.146156248941850048e-04 0.000000000000000000e+00 3.023450775876984631e-03 inf 0.000000000000000000e+00 -9.000000000000000000e+01
5.173120098732858334e-06 2.424900046281027344e-07 6.457630453153459515e-02 2.155234163739967013e+00 -1.014049782096754226e-01 5.408265504516022171e-01 9.863184712055766691e-09 1.380244445985852748e-08 inf 0.000000000000000000e+00 -2.000000000000000000e+01
6.177727829523362857e-01 3.157888806711663388e-01 8.180195000614200008e-10 8.835186169597658568e-01 -5.694553585873490809e-02 -2.907673573392979272e-01 1.897676671262327431e-08 -1.242818794265417663e-05 inf 0.000000000000000000e+00 -9.000000000000000000e+01
6.312404709373609091e-01 2.436773876780253673e-02 1.739331328589013015e-01 6.429663001188599125e-01 -3.566606376039268556e-01 0.000000000000000000e+00 3.160954521786728163e-05 -5.520911239622429412e-02 inf 0.000000000000000000e+00 -9.000000000000000000e+01
2.019109221624129091e-01 2.707308513006190590e-02 1.328855603999136159e+00 1.028882702584288578e-04 -4.413866670527165637e-01 3.052438407212933634e-09 4.943795715760161055e-06 -1.069140604291429756e-07 inf 0.000000000000000000e+00 -9.000000000000000000e+01
8.317202506557902497e-01 3.060150295037740746e-04 2.593024549066247526e-03 1.102035433353155134e-03 -1.742512496972518365e-01 3.193614793886738793e-04 -3.514310918263902073e-02 1.310812042266944893e-04 inf 0.000000000000000000e+00 -9.000000000000000000e+01
7.178826160580975557e-01 0.000000000000000000e+00 -2.972807447527499081e-05 1.181474387190983411e+00 -2.875442631077393396e-01 6.771643470459853155e-07 4.900493106366488700e-10 4.080708014223396118e-09 inf 0.000000000000000000e+00 -9.000000000000000000e+01
1.006771715598902439e+00 0.000000000000000000e+00 4.742135484727159206e-03 3.348928783696972777e-01 1.101856642127471640e-05 9.590718904387384794e-10 6.393812602924922506e-10 9.481556250191105321e-09 inf 0.000000000000000000e+00 -9.000000000000000000e+01
9.596456072803547510e-01 0.000000000000000000e+00 8.178797789321204936e-01 2.419705224332259042e-06 -1.195292781303385203e-05 4.916508219709144530e-04 0.000000000000000000e+00 -1.861957536855779838e-09 inf 0.000000000000000000e+00 -9.000000000000000000e+01
1.007871747011588992e+00 3.708387810283041538e-05 2.835825972569384655e-06 0.000000000000000000e+00 2.803104903655122723e-05 1.367638427275800222e-07 1.363377871427588878e-07 9.509560653207432725e-07 inf 0.000000000000000000e+00 -9.000000000000000000e+01
1.454694842886753403e-05 0.000000000000000000e+00 4.577567055134335222e-10 1.353163369173597305e-07 -1.012701267470637045e+00 6.978630529336872883e-10 1.045623332484563461e-01 1.150437607063949830e-09 inf 0.000000000000000000e+00 -1.000000000000000000e+01
5.827718189048184394e-01 1.570543319296242510e-02 -1.854621259557910249e-05 9.427558925137723639e-10 -4.179204634042199551e-01 1.215225623702259731e-07 0.000000000000000000e+00 5.697113693216747752e-06 inf 0.000000000000000000e+00 -9.000000000000000000e+01
2.192066404240608328e-03 3.814443234497782130e-03 1.335209939023675619e-04 2.276380461190156801e+00 -2.402603855495356096e-03 9.675434340751274381e-07 1.799630787379736857e-04 -3.703877208568846926e-07 inf 0.000000000000000000e+00 -2.000000000000000000e+01
1.708635929642181583e-01 7.329458953361633888e-01 5.338014318123505131e-01 4.958682908384472196e-08 -1.891283218672897559e-01 3.555822348191231964e-04 2.449491025919383439e-09 1.797013650140915075e-01 inf 0.000000000000000000e+00 -1.000000000000000000e+01
9.439301950316782985e-01 4.181102009789456505e-09 7.453595137597703868e-01 1.093577664975724922e-01 -1.960525748065033297e-02 2.113279046588968440e-06 2.179147484404728337e-06 9.139245746936707925e-07 inf 0.000000000000000000e+00 -9.000000000000000000e+01
3.568589448796227748e-01 9.535502170872511840e-01 3.053299992106681287e-06 -1.963426213335749434e-07 -3.832125723396528542e-08 1.375151857201984615e-09 3.403272103115298984e-07 2.728129054319146683e-07 inf 0.000000000000000000e+00 -9.000000000000000000e+01
5.734421573646941023e-02 1.926138982914719217e-03 3.428215086766569414e-09 2.274539431367505138e+00 2.237283866057476137e-06 6.931954222634588436e-03 0.000000000000000000e+00 -9.174645294663425106e-04 inf 0.000000000000000000e+00 -2.000000000000000000e+01
1.455873741299433505e-09 2.743312677678777598e-03 5.829753049339438828e-07 2.996226055770425441e-04 -9.706040761530866590e+00 1.084930037046118595e-01 2.079074620410892624e-08 2.565361701194954395e+09 inf 0.000000000000000000e+00 -3.000000000000000000e+01
1.009138112672603338e+00 1.341178143739286918e-10 -2.349179401244392981e-08 8.949590996756520015e-12 -1.373366419189029804e-07 4.585335946153998997e-15 2.073279897389454040e-09 9.539960693340536013e-15 inf 0.000000000000000000e+00 -8.000000000000000000e+01
8.661148509197610368e-01 2.128675992296755748e-01 3.517284041325720312e-02 -1.091096848328319345e-08 -7.741176267911092443e-06 -1.030341942217348622e-01 1.783163992125138811e-08 1.144097968832715774e-04 inf 0.000000000000000000e+00 -9.000000000000000000e+01
3.181875540553981141e-01 2.112062160090223019e-09 6.233583445358027442e-01 0.000000000000000000e+00 -5.741839043636047801e-01 -1.609016608575592755e-01 -7.073345484328097572e-03 0.000000000000000000e+00 inf 0.000000000000000000e+00 -9.000000000000000000e+01
2.808966463319380047e-01 2.941543051558642707e-01 1.466842245573589459e-08 5.644862546124860235e-03 0.000000000000000000e+00 2.422492437996172921e-05 -1.183246050035420271e+00 -1.302625058148263343e-09 inf 0.000000000000000000e+00 -9.000000000000000000e+01
7.330944528308667475e-03 1.414589124432436562e-01 -9.665519996121985091e-02 1.997540799198543660e+00 -3.413136748630576367e-01 2.996877537860088286e-03 2.102801083674743608e-07 -2.980201998804278829e-01 inf 0.000000000000000000e+00 -9.000000000000000000e+01
3.017079348658179838e-01 3.542957679752803216e-09 1.073539875701656765e+00 -1.717797662910450124e-08 -6.340369735687637620e-01 5.904929466254671682e-10 0.000000000000000000e+00 0.000000000000000000e+00 inf 0.000000000000000000e+00 -9.000000000000000000e+01
1.978232510691340098e-09 0.000000000000000000e+00 1.634569780906977909e+00 0.000000000000000000e+00 0.000000000000000000e+00 1.363870090033423854e-01 -3.950134677348467654e-05 -7.987113761916285502e-08 inf 0.000000000000000000e+00 -1.000000000000000000e+01
1.420338459137120535e-05 0.000000000000000000e+00 -6.179875793747597636e-03 4.605222894311933504e-09 -1.008095831806119724e+00 4.540119296847702385e-10 3.736809434241682931e-07 3.618389416959376148e-09 inf 0.000000000000000000e+00 -9.000000000000000000e+01
7.080336567470446596e-01 1.882883621496430140e-02 4.985639607089342380e-09 1.488258980456533154e+00 -3.102853378097342740e-01 1.323987281550696652e-09 4.400915082133591283e-01 5.002765382576200267e-04 inf 0.000000000000000000e+00 -9.000000000000000000e+01
4.234472919797241941e-01 3.104487168727753654e-01 2.713380027126731171e-06 4.042301000947595723e-04 -4.496153830571228971e-01 4.299209992813675088e-07 7.089726241447353695e-08 5.090423441359199924e-08 inf 0.000000000000000000e+00 -9.000000000000000000e+01
7.161101864406012041e-01 3.710281038442245216e-01 4.138525524559067944e-05 1.926685460683334041e-09 -5.305125194109519615e-06 -1.963248941087155364e-01 2.066128515429780176e-07 -1.107030239908175784e-01 inf 0.000000000000000000e+00 -9.000000000000000000e+01
2.082551182997673632e-03 5.248625415860485623e-03 2.345355225482165332e-05 2.296671242576527605e-01 -1.002646503684378798e+00 -4.423557405412719833e-04 8.154380750848588377e-07 0.000000000000000000e+00 inf 0.000000000000000000e+00 -9.000000000000000000e+01
1.005255023460116970e+00 3.548394170738836551e-03 5.415084943023247728e-03 1.910415060644226615e-01 -1.455067588897090312e-05 1.016406563539974013e-09 -7.819920802813075736e-03 1.359218244733929627e-09 inf 0.000000000000000000e+00 -9.000000000000000000e+01
1.301774770414216575e-01 3.428781761358873914e-01 6.997039390976413920e-01 1.227387640676261382e+00 2.079460850185215851e-06 1.288290287057177711e-04 9.590730325410307359e-10 2.433057871085580089e-07 inf 0.000000000000000000e+00 -9.000000000000000000e+01
6.248635874486776487e-01 3.996423171771009156e-08 4.994346590994302757e-06 4.914240771500963576e-10 -3.828529281828406128e-01 0.000000000000000000e+00 1.087783821902168182e-07 4.951189950234052952e-10 inf 0.000000000000000000e+00 -9.000000000000000000e+01
1.014193110452306534e+00 2.061321695816241433e-09 1.816078864021168044e-05 0.000000000000000000e+00 2.254452537181666080e-07 2.432944869743125169e-02 0.000000000000000000e+00 1.032836366159150393e-01 inf 0.000000000000000000e+00 -1.000000000000000000e+01
5.641094848864619538e-01 7.472996784320656838e-01 4.441180907510604292e-03 1.904596456704291674e-01 1.938047294997434391e-04 3.195969991249632432e-07 -6.371419220733324053e-05 1.251133859779462307e-09 inf 0.000000000000000000e+00 -9.000000000000000000e+01
1.007470692031822601e+00 1.180721726618349260e-09 6.256413070864040712e-04 2.490661638997810744e-07 4.010851882088383385e-06 2.079968461553744190e-03 4.911802382732332856e-09 0.000000000000000000e+00 inf 0.000000000000000000e+00 -9.000000000000000000e+01
4.414298250284624482e-10 1.217085089007046425e-09 1.540440412855701879e+00 2.096679161903595855e-18 -1.144564474895227654e-09 4.187671331185190650e-13 3.518192395368992099e-16 -1.914614584819530213e-18 inf 0.000000000000000000e+00 -9.000000000000000000e+01
1.078227031393017343e+00 8.108300913170912456e-05 -2.104934682446436778e+00 0.000000000000000000e+00 -1.791238221122937204e-05 1.836993057149367966e-09 -1.171288707483895493e-07 1.430112803894194461e-07 inf 0.000000000000000000e+00 -2.000000000000000000e+01
3.538609203177637830e-01 2.027856276892629241e-03 1.423555106378625812e+00 0.000000000000000000e+00 -2.291477592888671033e-01 5.463308317395856460e-08 4.626047131661310124e-02 -5.492317034125391876e-06 inf 0.000000000000000000e+00 -9.000000000000000000e+01
9.526699436623545791e-01 0.000000000000000000e+00 8.918049194839263727e-01 4.374601024515200802e-10 -9.549731855441066422e-06 4.239838667320558052e-07 3.726420703699709071e-09 -2.467679784625404771e-01 inf 0.000000000000000000e+00 -9.000000000000000000e+01
2.949233502286009441e-04 2.538740616528856122e-04 1.691725806892446560e+00 1.887181836563835771e-07 -1.184240399033559786e-02 1.192323951245393039e-02 2.505449742170125240e-09 3.944773479374588665e-01 inf 0.000000000000000000e+00 -1.000000000000000000e+01
3.767175570807783515e+03 6.910771188805500073e-08 2.359694655416620080e+05 8.592366408310518600e+05 -6.111641218597733314e+03 3.442531037214800415e+11 -3.516698471684925607e+03 -1.338486998437772080e+01 inf 0.000000000000000000e+00 -2.000000000000000000e+01
6.564784488401159648e-08 8.013223315233322609e-05 3.501695777330603998e-01 4.379613806974743673e-01 -1.331985258516177162e-08 0.000000000000000000e+00 -8.340221281619329963e-01 -3.162500174968095323e-01 inf 0.000000000000000000e+00 -9.000000000000000000e+01
1.049347499332761613e+00 4.311698340787253219e-04 -6.434678061946178529e-01 7.945464291108798576e-06 -3.864869824349648743e-09 2.205395031372403843e-05 3.501949791405324641e-02 1.058059063478165562e+01 inf 0.000000000000000000e+00 -3.000000000000000000e+01
1.221221954251632725e-05 1.114408857008954146e-03 4.457635428035816583e-03 2.963654426777167887e-04 -1.007126436573139161e+00 1.044237896363116820e-08 8.536502147318156938e-08 1.636086828662474443e-04 inf 0.000000000000000000e+00 -9.000000000000000000e+01
2.522696281573770238e-01 1.060290224934712019e-02 2.406278248230794403e-03 3.101425297719691016e-03 -1.134235537451772746e+00 1.525351240021349364e+00 5.991992826824577600e-10 9.051733844777553549e-10 inf 0.000000000000000000e+00 -1.000000000000000000e+01
2.600385147556121268e-01 1.075876521655542595e+00 -1.780172123978010479e-04 1.499068122190047913e-09 -1.757393177188855193e-09 4.609773670667668966e-02 1.033300219995228912e-09 9.439529418211929114e-05 inf 0.000000000000000000e+00 -9.000000000000000000e+01
1.070376917958933305e+00 0.000000000000000000e+00 8.661821233980917371e-07 6.166745208164337528e-10 -1.394737259087684006e-02 2.216930295407645024e-01 1.146032295322576046e-09 1.429811720831023340e-09 inf 0.000000000000000000e+00 -1.000000000000000000e+01
6.124368525062214852e-01 6.887468756619488097e-01 0.000000000000000000e+00 9.783336302016318320e-04 -1.149542015486917403e-02 3.773845546187935222e-04 5.466865171873746847e-10 5.375750752342518629e-10 inf 0.000000000000000000e+00 -9.000000000000000000e+01
9.510524073642278031e-01 3.144688108527804172e-08 -1.259970890048228709e+00 2.401927977722793983e+00 4.787870400183806536e-05 1.719751309351143010e-09 7.696210370870679015e-08 -6.369274333990357917e-01 inf 0.000000000000000000e+00 -2.000000000000000000e+01
1.626146877780526839e-03 3.637241016458177545e-01 1.142321006731396471e+00 1.029465606117614611e-09 -1.996220167235835674e-01 4.697433035626647172e-10 6.002551951598273779e-07 -4.276648893280373244e-09 inf 0.000000000000000000e+00 -9.000000000000000000e+01
2.242378683282423564e-10 2.332717083085332824e-04 1.537905540086167200e+00 4.639411824207960965e-03 -1.843868801928804854e-03 4.597762616414060133e-11 -5.849683521606322476e-10 0.000000000000000000e+00 inf 0.000000000000000000e+00 -9.000000000000000000e+01
4.821143911516997949e-01 3.460103913442255093e-07 1.175708407869942712e-01 1.425059780926879917e-08 -5.205652321637985747e-01 4.513179017533376467e-08 1.902528264227123040e-09 2.410571955758498974e-01 inf 0.000000000000000000e+00 -1.000000000000000000e+01
5.188811179794932116e-01 -4.519433321115950281e-02 2.335372454719021607e-01 2.603879218604185919e-01 -4.257870593102323631e-01 -8.574910404970317868e-02 -4.839420999724001748e-01 -4.695227922963219336e-01 inf 0.000000000000000000e+00 -9.000000000000000000e+01
5.842965890034754545e-07 1.041475217803904670e-06 4.662326389679859878e-02 1.584314045897482204e-01 -4.887038829307846369e-04 1.219607622562120640e-09 -1.426467259036847457e+00 -4.715764103981637213e-04 inf 0.000000000000000000e+00 -9.000000000000000000e+01
1.793980601668151422e-03 0.000000000000000000e+00 1.472265802861824513e+00 7.899486416765450588e-10 -2.466594572705071708e-01 1.748916495645386757e-04 1.813198177526992043e-09 4.526528506750905350e-07 inf 0.000000000000000000e+00 -9.000000000000000000e+01
3.604456505384933673e-01 2.675683626939994592e-03 7.696348410074591584e-01 1.157659073348719786e-01 -6.015979007208305251e-01 2.699484183546670417e-04 1.863623584266187365e-09 3.141878222192354059e-10 inf 0.000000000000000000e+00 -9.000000000000000000e+01
3.637681324976677621e-01 4.836579113771807825e-01 3.530408152101044937e-03 1.426380958976770419e+00 -1.870075610727446880e-01 -2.279955196640311987e-01 -1.002283674927552902e-02 1.120764492730490366e-04 inf 0.000000000000000000e+00 -8.000000000000000000e+01
3.243600345972393884e-01 1.215905583477587250e-07 5.254948268822675713e-07 9.144608204307712596e-01 -6.819376630990152677e-01 9.292835610931356443e-04 7.078952226604128334e-10 -1.692397318956771104e-09 inf 0.000000000000000000e+00 -9.000000000000000000e+01
9.107610588639439841e-01 2.238404293222374386e-01 3.698591860422719563e-02 -1.619388958821796080e-08 -1.315861706847650789e-05 0.000000000000000000e+00 4.049128020114741636e-07 -1.974415580508187829e-01 inf 0.000000000000000000e+00 -9.000000000000000000e+01
9.866743555962279588e-01 3.211091169015045418e-07 3.020048883098720438e-01 3.984257521799614856e-05 1.579964189679157634e-04 8.118726131777422028e-03 7.889087496020250175e-07 5.117200840430626840e+00 inf 0.000000000000000000e+00 -3.000000000000000000e+01
1.234886290609900667e-05 0.000000000000000000e+00 8.142702540826337598e-01 1.353247509839977880e+00 5.202717650602367946e-05 3.424089163896561120e-07 -6.633566224705774415e-03 -1.698947243200696922e-09 inf 0.000000000000000000e+00 -1.000000000000000000e+01
4.600135009420832088e-01 3.053473010139313108e-09 2.605545220179767991e-03 0.000000000000000000e+00 -5.070603362657053470e-01 -1.029802950972618092e-01 3.209711123017298869e-05 -4.773388419932069475e-08 inf 0.000000000000000000e+00 -9.000000000000000000e+01
1.424355934539353885e-01 4.662351523015469817e-03 3.343615202266110586e-02 2.217166932679563995e+00 -2.549355706565352153e-01 0.000000000000000000e+00 1.669185529387250497e-09 7.367439577985105216e-09 inf 0.000000000000000000e+00 -2.000000000000000000e+01
1.009821674983542472e+00 4.149289385342901700e-04 -2.433753594631621157e-03 7.646182093225778223e-06 -3.733487350207899523e-09 1.036291165647059620e-08 4.453694651460434611e-02 1.628084400078492653e-04 inf 0.000000000000000000e+00 -9.000000000000000000e+01
1.501851145804182052e-04 8.436999863448206849e-01 -1.785482476745529033e-04 8.075142081494446344e-01 -4.399428822700983677e-01 8.917967692891996111e-07 2.788000083215725753e-07 1.110347142261963306e-09 inf 0.000000000000000000e+00 -9.000000000000000000e+01
5.032929149047024727e-04 0.000000000000000000e+00 4.054569823020297720e-05 2.331340272039925001e-07 -1.007228819997267877e+00 1.511107954384595673e-09 -5.326108036323675914e-07 3.767520632010010890e-06 inf 0.000000000000000000e+00 -9.000000000000000000e+01
5.006406219485242115e-01 1.215163820967283737e-09 1.415892928422437247e-01 4.492622287652627833e-01 -5.006406219485242115e-01 3.780568539102631236e-03 -4.784052780963206277e-05 -3.267143753076872727e-09 inf 0.000000000000000000e+00 -9.000000000000000000e+01
6.081599847507053180e-01 3.599649639470390849e-01 -1.389459688555292569e-05 1.368528248005044561e-09 -2.383329669968980158e-01 6.936325724116842809e-08 4.423989526548745559e-10 -8.527369929761723765e-07 inf 0.000000000000000000e+00 -9.000000000000000000e+01
9.995003295032716117e-01 1.024878267557065639e-02 4.133065632558999974e-03 2.061469429600497616e+00 -2.359164538879964177e-05 7.148983451151407007e-05 -1.658089423484823320e-08 8.203179253030178443e-09 inf 0.000000000000000000e+00 -2.000000000000000000e+01
2.729027535254507919e-01 1.023385325720440386e+00 6.209068276371313084e-06 0.000000000000000000e+00 3.662234881572301267e-06 -4.235551245773772153e-04 7.807810407413028485e-07 0.000000000000000000e+00 inf 0.000000000000000000e+00 -9.000000000000000000e+01
7.015640113024628199e-01 5.143488959268055494e-01 2.926467856135273049e-01 6.658761299339781064e-04 1.362183376355184571e-05 7.082150746118611720e-04 5.096911308878670691e-06 1.189302797805967616e-08 inf 0.000000000000000000e+00 -9.000000000000000000e+01
8.419925847239743133e-01 2.981217764094454825e-01 -3.445831095427711498e-08 7.468928947190490772e-06 -3.474730164231712437e-02 4.990151738805375084e-10 2.233186702960119590e-08 -3.696307160211705356e-01 inf 0.000000000000000000e+00 -9.000000000000000000e+01
3.009027592942734586e-01 1.599744508866232141e-04 6.948478191598025377e-01 8.690546798038556453e-01 9.545303338401234366e-06 4.247811018869219981e-08 5.346637133125320059e-10 -6.275406230018729659e-01 inf 0.000000000000000000e+00 -9.000000000000000000e+01
3.217009634763265957e-01 7.308546160530138280e-01 6.040643061758155955e-06 1.480583991325978028e-09 -2.670430327886011979e-01 8.631804902135204512e-04 2.238619724409573063e-08 1.466970763272136097e-07 inf 0.000000000000000000e+00 -9.000000000000000000e+01
4.322004826550608358e-01 2.284136453917771648e-01 4.447652615865188121e-08 8.274607531173814312e-01 -2.635068469748804154e-01 6.670011051647332062e-07 -7.511176479190515565e-01 -2.542717939266953553e-01 inf 0.000000000000000000e+00 -9.000000000000000000e+01
1.283736001777858460e-01 9.356393932095228294e-01 1.984211222424503342e-03 4.506437546937968085e-09 -2.484427086998658996e-01 3.062315089104574781e-07 6.652615538399593600e-07 6.164229080223432707e-07 inf 0.000000000000000000e+00 -9.000000000000000000e+01
7.897680074335714506e-01 0.000000000000000000e+00 1.554835003672492647e-06 6.490783631638069779e-05 -2.306748140523798007e-01 3.384370947696462018e-02 3.054486414888503545e-05 3.023941550739618449e-03 inf 0.000000000000000000e+00 -9.000000000000000000e+01
7.563861276275639445e-10 1.223114215744435684e+00 5.194939735072765021e-09 1.102836368339469631e-08 -8.335121183870939351e-08 6.124396295744617864e-04 1.037536846529895797e-09 5.985789499210937847e-10 inf 0.000000000000000000e+00 -9.000000000000000000e+01
-1.694509432516025634e-05 1.077051526717557550e+02 1.780735627385496400e+01 2.374403349315847706e-03 -2.692628816793893876e+01 2.428625954198473846e+04 4.843209536020993689e+00 4.208280584056869674e-06 inf 0.000000000000000000e+00 -2.000000000000000000e+01
7.975393421220043910e-01 0.000000000000000000e+00 8.317501450012324549e-01 2.628556673914488239e-10 -1.614322260863574610e-01 6.909917923093389860e-10 1.610906974946867055e-07 -3.415530611437977767e-08 inf 0.000000000000000000e+00 -9.000000000000000000e+01
9.799276295998545772e-01 5.977718135229356480e-10 2.526840776628439630e-10 6.188763527408255161e-11 -2.916815834980817160e-02 3.304504488244138416e-05 8.042540620871558018e-11 -9.742311617339447402e-10 inf 0.000000000000000000e+00 -9.000000000000000000e+01
1.003722687558895599e+00 7.478316780618545404e-09 1.388310089306238641e-03 0.000000000000000000e+00 -8.369487497047943696e-06 1.486011045394226734e-05 1.662465960895869921e-08 3.636296784033106922e-08 inf 0.000000000000000000e+00 -9.000000000000000000e+01
2.735925120134019006e-01 7.543336402655224093e-01 5.589104173988067581e-01 0.000000000000000000e+00 -2.199167280032391332e-06 3.891407865006468546e-06 4.353489252712427588e-09 2.277209762957269459e-08 inf 0.000000000000000000e+00 -9.000000000000000000e+01
1.039242475368742813e+00 6.339548354656683552e-10 2.691888375784564987e-10 0.000000000000000000e+00 -1.969808978839279611e-07 8.313939802949943392e-02 1.292106420376591111e-09 1.577628063830594526e-09 inf 0.000000000000000000e+00 -9.000000000000000000e+01
3.008341888104871797e-01 1.612576295746923918e-04 1.017119479413035759e-08 9.929734838487963566e-02 -7.075855492315126227e-01 1.353989450994633236e-04 1.600209525800681315e-09 2.758259677357767226e-01 inf 0.000000000000000000e+00 -1.000000000000000000e+01
1.152975017146854742e-01 8.183805084019760492e-03 1.673262235939757092e+00 -4.623487757201960036e-01 -1.930809931500099188e-05 1.759300258097617709e-06 1.922853297166994384e-06 5.957115548874039712e-09 inf 0.000000000000000000e+00 -1.000000000000000000e+01
3.477593863445254674e-01 5.783389794642651571e-01 -9.834119609624048859e-06 8.088455232439134659e-08 -3.666593529936844620e-01 1.476559894465546182e-04 2.746401403705915970e-02 -5.444814610841701598e-05 inf 0.000000000000000000e+00 -9.000000000000000000e+01
1.220237715337127474e-06 2.938645874091705962e-08 3.111962916389755113e-02 2.003394908531620722e+00 -1.291250624639521116e-01 -6.593203947023009714e-01 4.303017172777141015e-08 -2.925585225762409266e-05 inf 0.000000000000000000e+00 -2.000000000000000000e+01
1.209438213362130227e-01 5.668478090909377931e-01 1.446439236990668953e-01 3.139139736139821296e-06 -5.863942852664874028e-01 2.144004105505594587e-02 6.589874974963206847e-10 5.260977535260681672e-10 inf 0.000000000000000000e+00 -9.000000000000000000e+01
1.005738318861663538e+00 3.322438396790628173e-03 5.148992207348509695e-03 1.320157512734247696e-01 1.343343723820855401e-04 2.167210463324196488e-07 -7.321961395770816387e-03 0.000000000000000000e+00 inf 0.000000000000000000e+00 -9.000000000000000000e+01
9.958881065620245332e-01 0.000000000000000000e+00 0.000000000000000000e+00 0.000000000000000000e+00 -1.601544895394489340e-02 1.318622137848459754e-02 0.000000000000000000e+00 6.891190023085437544e-02 inf 0.000000000000000000e+00 -1.000000000000000000e+01
1.673613287441023034e-03 4.818295225491548428e-01 1.092329428960868043e+00 0.000000000000000000e+00 6.135482018592757469e-08 2.640084858383402993e-04 8.031403074537561106e-10 1.002013145489924380e-09 inf 0.000000000000000000e+00 -9.000000000000000000e+01
1.032172749009973689e+00 2.559174058886368652e-04 5.386192708795731346e-08 3.223029692920248435e-01 -7.262024089512324196e-06 6.827601841700214891e-02 7.275100568477567143e-10 -1.739291395548621553e-09 inf 0.000000000000000000e+00 -9.000000000000000000e+01
4.062632723864300632e-01 0.000000000000000000e+00 3.370257494829437608e-03 4.857015503774219723e-06 -6.017163931221696238e-01 6.423055170599859942e-10 4.264700599102740493e-10 6.324238937206015815e-09 inf 0.000000000000000000e+00 -9.000000000000000000e+01
9.478942168881092367e-02 3.663507496702515821e-06 -2.460354541162084428e-03 2.264968286669482023e+00 -2.263721057436734463e-01 -1.225305281390622275e-03 -3.320945756751111766e-06 1.291668887078048143e-09 inf 0.000000000000000000e+00 -2.000000000000000000e+01
6.011155019972530544e-01 1.507033920967689594e-02 3.703907312800870655e-02 8.982622152374324764e-10 -3.981965684134345929e-01 -1.157872647021546663e-07 0.000000000000000000e+00 5.428236521421292794e-06 inf 0.000000000000000000e+00 -9.000000000000000000e+01
6.338818052102896949e-01 7.204991947421305332e-01 0.000000000000000000e+00 2.628050341477443652e-01 -1.236512449992898353e-02 6.594733066628791218e-02 1.202697432449417370e-09 1.657375730082733697e-09 inf 0.000000000000000000e+00 -9.000000000000000000e+01
6.541920996139058975e-01 1.856167437450543731e-02 3.935997556738643920e-09 1.214634912986070070e-01 -8.395054519359323417e-06 -6.309258533933277402e-01 -2.998830420348255868e-05 5.888701007814940678e-10 inf 0.000000000000000000e+00 -9.000000000000000000e+01
3.001794675539732338e-01 1.093126663207300453e+00 4.104278831809713950e-07 2.866582246592097078e-08 -1.237298880598814398e-02 1.008667565705555214e-01 3.242380277129673650e-07 -8.285512891715859077e-08 inf 0.000000000000000000e+00 -9.000000000000000000e+01
1.347246970839173020e-03 4.957093260044816249e-08 2.538031749142945648e-04 1.060001495230289154e-05 8.572855402665740700e-08 3.067136720846628303e-03 1.194367881949621649e-05 7.972405612013723508e-05 inf 0.000000000000000000e+00 -9.000000000000000000e+01
2.246466482758147976e+01 2.898587524029186957e-01 2.359694655416636670e+05 8.592366408310579136e+05 -6.111641218597776970e+03 3.442531037214824829e+11 -8.496183202247400914e+03 4.240005978995094226e-04 inf 0.000000000000000000e+00 -2.000000000000000000e+01
5.042247459546460586e-01 2.081570569177708330e-07 8.195307049886168798e-07 4.580390789525420207e-06 -5.042247459546460586e-01 5.658129798825519129e-06 0.000000000000000000e+00 6.238432380944216628e-03 inf 0.000000000000000000e+00 -9.000000000000000000e+01
9.937948941983962836e-01 0.000000000000000000e+00 2.048011413371808742e-09 3.824194115806660993e-02 -1.523895927357082035e-02 3.024755318210671729e-08 -1.374530737051463955e-08 -7.829705172659915845e-08 inf 0.000000000000000000e+00 -9.000000000000000000e+01
6.308467428290587264e-01 5.819085469927296300e-10 9.101069251642153191e-01 8.813575626220429400e-08 -3.224551026244074081e-01 5.199243221589512675e-04 2.672812608386412990e-07 3.063825741446861706e-01 inf 0.000000000000000000e+00 -1.000000000000000000e+01
1.072980184497222877e+00 0.000000000000000000e+00 1.355650849490242026e-06 6.833395700538883455e-01 -1.398129403271073518e-02 2.325116731916883617e-01 1.167054794671351654e-07 8.379453425740304961e-08 inf 0.000000000000000000e+00 -9.000000000000000000e+01
2.680767953194733155e-01 8.864053167687702695e-09 -3.470976608820868682e-06 1.291770597884095342e-03 -7.396571432902255827e-01 6.643374584624888520e-07 5.467138055728435227e-10 5.376019088132961014e-10 inf 0.000000000000000000e+00 -9.000000000000000000e+01
5.975987164188174550e-01 2.667851412584006619e-03 1.373054193676568779e+00 0.000000000000000000e+00 0.000000000000000000e+00 0.000000000000000000e+00 0.000000000000000000e+00 0.000000000000000000e+00 inf 0.000000000000000000e+00 -9.000000000000000000e+01
1.403514118934501618e-09 0.000000000000000000e+00 1.707877717140221098e-08 1.667240077237576446e-01 -1.004674540049656395e+00 1.451911157518449892e-09 4.625466300929888391e-07 6.883134376383762881e-09 inf 0.000000000000000000e+00 -9.000000000000000000e+01
9.471079102163700858e-01 1.507833488901683672e-01 -3.580575358739082668e-05 6.031333955606734687e-01 2.167326578590982218e-03 2.977072257987753916e-07 4.141388366734360840e-05 4.827210323977784697e-09 inf 0.000000000000000000e+00 -9.000000000000000000e+01
7.047343854107778194e-01 1.377051723502542992e-09 4.032540080007175343e-01 1.080180832461735062e-09 -2.822778056005022518e-01 6.940626827070687967e-07 0.000000000000000000e+00 4.889570878173809444e-07 inf 0.000000000000000000e+00 -9.000000000000000000e+01
1.215388756671934717e-02 0.000000000000000000e+00 2.079155608897900742e-01 8.836411337816078848e-02 1.389365159828244245e+01 1.374688767294847347e+00 5.197889022244751855e-02 4.082312096507494878e-08 inf 0.000000000000000000e+00 -3.000000000000000000e+01
8.121722143883975251e-09 2.988227158738120766e-12 5.399288947252679244e-13 2.411732045073527893e-09 -9.951969387576138175e-09 4.989687716771441422e-11 -1.540440409264874466e+00 1.191567215945418840e-12 inf 0.000000000000000000e+00 -9.000000000000000000e+01
1.401341426132340029e+00 1.346540364775209442e+00 2.226293117633431073e-01 2.968502316555994937e-05 -3.366350911938023605e-01 5.433133797406949128e+00 0.000000000000000000e+00 -1.538344079525166608e+00 inf 0.000000000000000000e+00 -3.000000000000000000e+01
4.776917167604419201e-01 2.246811755723960094e-02 1.164923051609053212e-01 1.411987000867232694e-08 -5.157898291401090685e-01 4.471777388313545113e-08 1.936023413560226500e-09 0.000000000000000000e+00 inf 0.000000000000000000e+00 -9.000000000000000000e+01
6.625107296486077530e-04 5.055396649501940898e-01 6.609785849205124242e-02 2.518108233675115100e-05 -7.495932963054602327e-01 6.268947929896508652e-08 2.082433670083025592e-08 2.571654054115004381e-08 inf 0.000000000000000000e+00 -9.000000000000000000e+01
5.496100200295989287e-04 1.431276093827080614e-06 1.766990794178000511e-04 1.776096759006893372e-02 -1.903975725655389795e+01 6.607079943505643094e+00 1.266128852231648146e-06 1.562271230866677856e+11 inf 0.000000000000000000e+00 -3.000000000000000000e+01
3.176215385191044627e-01 7.251544048651554775e-01 5.994772502473332349e-06 1.416238208045542767e-09 -2.746204686888257251e-01 6.444065882366607893e-10 2.053363365906647883e-09 -1.057263690530657027e-08 inf 0.000000000000000000e+00 -9.000000000000000000e+01
3.972051935849301163e-01 1.742635891864854837e-04 3.816312899088899641e-08 1.893801105884682513e-10 -6.118145668352953370e-01 0.000000000000000000e+00 4.063666512918736005e-09 1.849630817700783203e-11 inf 0.000000000000000000e+00 -9.000000000000000000e+01
2.903258795443428020e-01 0.000000000000000000e+00 5.112437654285539057e-10 0.000000000000000000e+00 -7.173922757341439915e-01 0.000000000000000000e+00 0.000000000000000000e+00 0.000000000000000000e+00 inf 0.000000000000000000e+00 -9.000000000000000000e+01
9.970570860749764508e-01 2.128764355522371732e-05 2.197969836066445137e-01 1.284898033960378120e-09 -5.200777756506291897e-10 2.679530535039794325e-04 -2.156037306060573705e-07 -1.173324255101073477e-09 inf 0.000000000000000000e+00 -9.000000000000000000e+01
3.442456002394788661e-01 0.000000000000000000e+00 1.384873417582316302e+00 3.082428368906508625e-05 -2.229212196393187129e-01 5.314856043799369642e-08 -4.115485874623405916e-09 1.554330825862232600e-09 inf 0.000000000000000000e+00 -9.000000000000000000e+01
2.630088037406347334e-01 1.959568289970120292e-09 3.618738986179301448e-04 1.580766984845784812e-09 -7.450286559493073391e-01 8.459637841041850416e-04 8.224067719868651200e-07 -5.885989510393521610e-09 inf 0.000000000000000000e+00 -9.000000000000000000e+01
7.109642133203161185e-01 6.563160368035916817e-09 2.900499606540300479e-01 -1.782245843763871445e-05 -2.841903654893021547e-01 6.705774495767073824e-07 4.480148803031525073e-02 -1.669984621947445680e-01 inf 0.000000000000000000e+00 -9.000000000000000000e+01
7.601396340556498821e-01 4.421120622238838144e-02 2.667328021814812655e-01 5.514951052430180130e-04 -2.164150757626304156e-01 0.000000000000000000e+00 1.747089442194695337e-07 -4.007403878928504642e-05 inf 0.000000000000000000e+00 -8.000000000000000000e+01
5.846703642345207896e-01 1.366891465872514255e-01 1.442489806587840051e-06 1.555719547342426259e-07 -3.701581998822648378e-01 1.223779425992157490e-03 3.841264338400861289e-02 -4.160538257436777188e-01 inf 0.000000000000000000e+00 -9.000000000000000000e+01
5.395647855591071407e-01 6.789825321633060629e-01 1.914058830903069767e-04 4.945256109256079141e-02 1.338224951239426133e-07 7.610262547997055302e-03 -3.186691350953116397e-01 -1.929442028897394509e-02 inf 0.000000000000000000e+00 -9.000000000000000000e+01
3.447177848941065503e-04 0.000000000000000000e+00 1.376664945753103941e+00 1.430713462695266603e-07 -8.977983197686507932e-03 9.039266359445460169e-03 5.522974764080991622e-09 -3.608352564367109938e-01 inf 0.000000000000000000e+00 -9.000000000000000000e+01
1.007528594555534118e+00 0.000000000000000000e+00 -8.302976195594883712e-05 6.991867115807526636e-10 -8.196731945163392121e-10 -5.570411695488441299e-04 3.855567453938772035e-09 4.462550606566126696e-05 inf 0.000000000000000000e+00 -8.000000000000000000e+01
8.067425485863219947e-01 3.560794697208593540e-01 0.000000000000000000e+00 1.352407585322279060e-09 -3.790299042927116474e-02 4.075006138468086479e-06 4.786009813669549392e-06 3.450971079787884399e-09 inf 0.000000000000000000e+00 -9.000000000000000000e+01
9.813269572642860927e-01 2.773801244107314686e-09 4.944818714619652056e-01 6.873107093679825530e-02 3.181217170841797135e-05 7.201214768355529108e-10 1.445676759185203180e-06 6.063102780965650748e-07 inf 0.000000000000000000e+00 -9.000000000000000000e+01
4.005432128906250694e-02 7.139453451142058205e-02 3.176049618320611444e+03 1.239156677522732300e-04 -4.402917760019084525e+00 3.442531038778626709e+11 -3.496660305343512391e+03 -4.228062302101660516e-04 inf 0.000000000000000000e+00 -2.000000000000000000e+01
9.565719424268074311e-01 8.624828989094165399e-01 2.761699364377898650e-06 -1.806509635533905112e+02 3.405763548272527577e-05 1.055234758892960312e-01 0.000000000000000000e+00 2.473814638217567385e-07 inf 0.000000000000000000e+00 -2.000000000000000000e+01
7.868815011234490120e-01 -4.033377819984232067e-09 -2.842319145711292819e-07 9.874061548376699612e-09 -2.233441854692496398e-01 5.342572587782392477e-08 4.575967376129080194e-02 3.491186047461761755e-08 inf 0.000000000000000000e+00 -8.000000000000000000e+01
-2.136110595779233223e-07 7.641362231402320550e-03 1.486244954007751362e+00 5.106141232914445165e-10 1.821842725611286294e-09 2.402850232921432787e-03 1.586995811762956337e-09 -9.480065018333504179e-02 inf 0.000000000000000000e+00 -9.000000000000000000e+01
1.254356543563503124e+00 5.272065414444471881e-02 1.248886965611918087e-01 1.542117116905227306e-02 -1.064103986857746815e-06 9.383364841385896105e-01 2.366530173822196115e-05 7.655984762960834494e-05 inf 0.000000000000000000e+00 -1.000000000000000000e+01
6.112338667892581734e-01 9.390644749148777811e-10 9.462844679751082990e-06 9.058232545639087311e-10 -6.469263553608936013e-01 8.700044089336156361e-01 3.417612967334013269e-10 2.217395852512856091e+00 inf 0.000000000000000000e+00 -3.000000000000000000e+01
3.423144950154262123e-01 4.111159811009448081e-09 1.958739252178723755e-07 -1.948994280774849473e-08 -7.193713566891345446e-01 1.507205612381354309e-01 -3.891751779851219072e-05 2.498384896455871917e-01 inf 0.000000000000000000e+00 -1.000000000000000000e+01
7.071795324219329520e-08 1.109125843735268791e-06 7.034290770487217070e-01 1.463132480261341017e+00 -5.815013703602766038e-01 1.449997559066710442e-08 -1.805683707290785253e-07 -4.514209268226963133e-08 inf 0.000000000000000000e+00 -9.000000000000000000e+01
2.016603773335292338e-01 6.359106377265891785e-01 4.658756799978963289e-03 2.652514411061881461e+00 -5.530195623809053274e-01 0.000000000000000000e+00 7.843722652113959137e-01 8.916396572573846453e-04 inf 0.000000000000000000e+00 -2.000000000000000000e+01
8.143073244962596435e-01 2.670911125321323458e-10 4.262308130760717926e-04 4.104899149432864047e-03 -2.187535100510517583e-01 7.953497636086770541e-06 9.295550544183993014e-09 1.584235946474985290e+01 inf 0.000000000000000000e+00 -3.000000000000000000e+01
3.821695628590153215e-01 1.984676025301931879e-02 2.269131779475403680e-03 3.354737389258931054e-09 -6.184198380809521334e-01 7.372138954173947971e-08 2.789816179512118753e-07 2.021125735751059807e-07 inf 0.000000000000000000e+00 -9.000000000000000000e+01
1.851000409569726561e-05 4.770925107913774351e-08 1.665487686554226965e+00 7.263659394110710058e-06 -5.717345789663764721e-01 1.177648942544873151e-01 2.759431963036836411e-06 5.008892072248906091e-01 inf 0.000000000000000000e+00 -1.000000000000000000e+01
1.000791894942933746e+00 8.714636173194793486e-08 9.475152374628180441e-02 1.837707489029309291e-02 0.000000000000000000e+00 5.268656791941826644e-06 8.240315569672199748e-09 -6.785196430052034746e-08 inf 0.000000000000000000e+00 -9.000000000000000000e+01
4.180499291366580016e-03 8.066748847203494832e-02 1.006119684425464065e-08 1.299866148759339035e+00 -1.690828617962358091e-06 4.098055517345214810e-09 -8.198802387050954099e-01 -8.427107901012603302e-10 inf 0.000000000000000000e+00 -9.000000000000000000e+01
1.008200307909225213e+00 8.133409413330196323e-04 -2.080874678730938836e-08 1.073096807417300387e-09 9.998589767514940926e-04 7.118644282108782990e-06 1.296453229793986112e-02 5.785391483467184025e-08 inf 0.000000000000000000e+00 -9.000000000000000000e+01
1.679414105750058894e-01 2.251830686852368188e-02 1.105288818435503861e+00 6.424735358043829336e-01 -3.671277347453617002e-01 2.538895896816888572e-09 1.233801559026201364e-07 -5.602115367291257003e-02 inf 0.000000000000000000e+00 -9.000000000000000000e+01
9.619279957734971909e-01 3.713324983684455904e-02 2.844090513819473309e-01 1.630863069596490872e-09 -1.586771703554385252e-02 3.133699616165414687e-04 6.120507062823075561e-07 2.296521465350160502e-09 inf 0.000000000000000000e+00 -9.000000000000000000e+01
1.056124886958995091e-01 4.422522964140792046e-01 9.127936523002743163e-01 4.132394348343759364e-05 -3.441835569107439263e-01 0.000000000000000000e+00 1.016638074779166630e-03 -8.588171576140950954e-08 inf 0.000000000000000000e+00 -9.000000000000000000e+01
2.036738907103157747e-01 8.830788256642918554e-02 9.823357049387403450e-09 2.243364593331014678e+00 -4.275875668312694735e-04 2.341294520632912242e-10 5.794314486444630123e-08 -2.628942882809782739e-03 inf 0.000000000000000000e+00 -2.000000000000000000e+01
3.263242678493857296e-01 1.345126957387431601e-07 5.286770759348511764e-07 1.950082371726449715e+00 -3.332045987980173929e-01 2.925676441326618363e-03 2.052841837406603023e-07 -2.909397086849945246e-01 inf 0.000000000000000000e+00 -8.000000000000000000e+01
9.549602948740458785e-01 1.108436056550231724e-01 1.978196633557741850e-04 2.302367515695395826e-09 -2.794455065899488554e-05 3.927115160550675153e-09 9.876001608462498924e-07 -1.401435237932041389e+00 inf 0.000000000000000000e+00 -9.000000000000000000e+01
9.984915493103120859e-04 9.111593697821182558e-02 3.228806357348714129e-01 0.000000000000000000e+00 4.508738754361756230e-05 1.748554579174996194e-03 5.281345477998248926e-06 8.115458015270659189e+02 inf 0.000000000000000000e+00 -3.000000000000000000e+01
1.741067930264243860e-07 0.000000000000000000e+00 1.687235970351835812e+00 0.000000000000000000e+00 -3.716268641764383454e-08 8.447636455866945015e-07 2.553461540324365048e-09 4.020366960603983797e-01 inf 0.000000000000000000e+00 -1.000000000000000000e+01
7.753014713677705005e-01 1.629370438647219290e-04 3.973625930219957172e-10 5.488860720731847125e-10 -1.134884882639854209e-05 0.000000000000000000e+00 -1.308217472029557182e+00 0.000000000000000000e+00 inf 0.000000000000000000e+00 -9.000000000000000000e+01
