4.011864361946801960e-01 1.368361939858636026e-05 1.050168684944139850e-04 1.619092986982207175e-02 -6.071431093213609520e-01 4.525566712564438614e-10 8.414157412782058362e-08 8.715614422678546894e-04 5.988368490749509192e+02 0.000000000000000000e+00 0.000000000000000000e+00
4.434057581762309019e-01 5.160419092711147071e-01 3.035527408864303412e-06 4.108821084322530903e-01 -4.238915683298442594e-01 2.005625067545298845e-01 1.312567066002983792e-09 1.146981682291838036e-09 6.476733813734667820e+03 0.000000000000000000e+00 0.000000000000000000e+00
4.540855738390176533e-01 6.032982776157334165e-02 9.873182923412822014e-07 3.076216766230033413e-04 -5.305340578727670842e-01 2.080044231551740437e-05 -1.106780292126348426e-07 1.427395218020092187e-09 7.370469574114655188e+03 0.000000000000000000e+00 0.000000000000000000e+00
2.724825097957680464e-01 4.854850617010144642e-01 1.603547513399873892e-01 2.348554080559025689e-03 -5.015607259957500785e-01 3.657213627052344207e-02 3.545281761319734786e-09 0.000000000000000000e+00 1.416413369274328579e+04 0.000000000000000000e+00 0.000000000000000000e+00
5.341553118819013513e-01 1.865466070121907238e-01 4.153974992211351136e-02 7.864360246949211875e-04 -3.945002017143049988e-01 9.170933009465059670e-10 -1.154922366170844614e-06 8.505454930371400546e-03 1.559109379926949259e+04 0.000000000000000000e+00 0.000000000000000000e+00
3.329034626649792217e-01 5.403145205557253750e-01 3.184788062141079779e-06 4.663753107115321253e-04 -4.034929403504852741e-01 4.791830289870084497e-09 -8.752557223231536407e-09 -7.154137692826308349e-06 2.833044543646335296e+04 0.000000000000000000e+00 0.000000000000000000e+00
5.442168934075425346e-01 3.792149629595110150e-01 2.098108043009840756e-06 8.970773813649373816e-04 -2.914069181012018395e-01 2.974160173249037524e-05 1.157467773179085803e-09 2.114303964745355415e-05 3.352135699344452587e+04 0.000000000000000000e+00 0.000000000000000000e+00
1.037870227214487545e-01 7.768360868340921227e-05 1.815666061679405190e-06 7.597827056126439382e-01 -9.025724948345097420e-01 2.353641191065895646e-07 -1.623381982230718221e-08 1.318669506601651337e-08 3.910067734609441686e+04 0.000000000000000000e+00 0.000000000000000000e+00
4.096354097235599401e-01 6.010630951391702226e-01 3.465795958537740429e-06 6.620620726161652314e-02 -2.945804278157319600e-01 1.692349680001995274e-02 0.000000000000000000e+00 0.000000000000000000e+00 4.262964406261692784e+04 0.000000000000000000e+00 0.000000000000000000e+00
2.564506043320934903e-01 5.363928670762871942e-01 3.885911829001569284e-01 6.025855087478819427e-03 -4.199133941162905281e-01 2.147284401731031078e-02 4.434004523653816892e-08 -1.104995000178539801e-03 4.815344239935697260e+04 1.000000000000000000e+00 0.000000000000000000e+00
2.176821362591022102e-01 9.131422563992138697e-01 5.099001329278397138e-02 1.100261571235118252e+00 -6.642735676674609013e-02 -2.244577533645973991e-09 -1.413331006527293587e-06 -1.040851188774718702e-02 5.632895215572445159e+04 0.000000000000000000e+00 0.000000000000000000e+00
2.299674983418927010e-01 5.000050910918424352e-01 2.351940323951175471e-01 1.104540863248181681e+00 -4.721302428079766633e-01 4.591759098888151792e-10 5.354348065841307809e-10 -3.896148158649519845e-07 7.803712799512656056e+04 1.000000000000000000e+00 0.000000000000000000e+00
2.496865008475804559e-01 7.814615675382289295e-01 6.551888142469907035e-04 -4.395721317402537243e-02 -2.925715868710198619e-01 0.000000000000000000e+00 -5.089579301013111438e-08 4.478829784891537589e-06 1.132125143594939727e+05 0.000000000000000000e+00 0.000000000000000000e+00
4.670135362110708344e-01 9.283219390286445941e-06 5.532989181623855501e-02 -3.436790637043892621e-02 -5.381867891200649012e-01 1.162262043054693284e-09 -1.694782616893320481e-04 -7.914539608385239786e-06 inf 0.000000000000000000e+00 -9.000000000000000000e+01
4.450985720900568765e-01 3.627952815613642965e-05 1.402057076161411204e-08 2.783293184964258012e-06 -5.620073742529515526e-01 0.000000000000000000e+00 -1.389463749130021387e-08 -6.434350557904824388e-07 inf 0.000000000000000000e+00 -9.000000000000000000e+01
2.721072213304081555e-01 7.351965296815374806e-01 1.893943107510695804e-04 -1.010530322223959659e-09 -3.118247350028590104e-01 0.000000000000000000e+00 -7.476665156641447092e-10 1.624403882453467960e-09 inf 0.000000000000000000e+00 -9.000000000000000000e+01
3.318296754693113026e-01 4.647927858490005226e-01 1.138474932687420229e-07 9.055402048616740997e-04 -4.532307762507666871e-01 1.006158233488882377e-07 0.000000000000000000e+00 2.533423733988006773e-05 inf 0.000000000000000000e+00 -9.000000000000000000e+01
4.028514704865199803e-01 2.807103331581601857e-01 1.722039089794569008e-06 7.628464015595803893e-01 -2.121398700966248829e-01 1.218732839570256521e-02 8.568047043640155159e-10 -1.408551595389037958e+00 inf 0.000000000000000000e+00 -9.000000000000000000e+01
5.516664914846446388e-01 5.249190252308436611e-01 6.185351571191469860e-02 4.962908777560723350e-02 -1.851426179755284451e-01 2.217036203097817095e-09 1.542459344896818326e-07 8.060645424080944993e-06 inf 0.000000000000000000e+00 -9.000000000000000000e+01
5.515991505439392650e-01 1.280498028048430471e-02 5.718200328655620619e-04 -1.857057792666094512e-08 -4.509777670381217574e-01 1.975620455164403042e-05 9.461420417401429473e-10 0.000000000000000000e+00 inf 0.000000000000000000e+00 -9.000000000000000000e+01
3.321890294883692030e-01 9.721690241524024723e-01 1.190237835220108027e-07 2.021793471676141247e-05 -1.956500424715495372e-04 1.010275888095075265e-09 0.000000000000000000e+00 1.138220862158326896e-08 inf 0.000000000000000000e+00 -9.000000000000000000e+01
6.272065470123187048e-01 2.692897674672455333e-01 8.894241958212355034e-07 1.487059000728934918e-02 -2.713350062075031155e-01 1.060967596508609681e-02 2.551893251899378250e-08 2.222000096227086564e-05 inf 0.000000000000000000e+00 -9.000000000000000000e+01
1.575335214241576631e-01 7.341480413489903450e-06 9.174941384839958988e-04 -2.601862312330401744e-02 -8.507947583051980178e-01 0.000000000000000000e+00 -3.037255490214498732e-08 2.672784831388759095e-06 inf 0.000000000000000000e+00 -9.000000000000000000e+01
4.555036258017104989e-01 4.323983694204643347e-01 5.446239004150886798e-01 8.767619608955025401e-02 -2.508570692821014414e-01 4.734058309229240350e-10 -5.410352353404845759e-09 1.128186346740536446e-03 inf 0.000000000000000000e+00 -9.000000000000000000e+01
3.326527922734776044e-01 7.380733828567784816e-01 3.910012879152881471e-06 1.470949065834283864e-01 -2.437721243379078195e-01 8.635871656819421714e-10 -8.147925545268190890e-09 9.797648112893783871e-10 inf 0.000000000000000000e+00 -9.000000000000000000e+01
3.517628021926752502e-01 6.666918031086306318e-01 3.709458746739982675e-06 8.520514333420929674e-05 -2.900661850541694231e-01 0.000000000000000000e+00 -3.574569337767619554e-05 -2.353539166965708492e-07 inf 0.000000000000000000e+00 -9.000000000000000000e+01
7.205702952898355163e-01 2.028434672716305232e-01 4.975837763673966617e-08 8.514444072240420934e-06 -2.541035492536310447e-01 1.171659016731439878e-01 3.600935223711423422e-10 3.221200236483672914e-08 inf 0.000000000000000000e+00 -9.000000000000000000e+01
2.927013455641555573e-01 1.007617906411119479e+00 2.717309125719417031e-06 1.494025962941003161e-05 -5.327902111228762747e-05 9.919722234515485445e-09 -3.937010381013928497e-09 1.346303157742802151e-07 inf 0.000000000000000000e+00 -9.000000000000000000e+01
3.030882585282762900e-02 1.025578645887363471e+00 2.865834523707959207e-03 3.488515846921991931e-03 -2.400699077451693420e-01 0.000000000000000000e+00 0.000000000000000000e+00 -6.117504057837414762e-07 inf 0.000000000000000000e+00 -9.000000000000000000e+01
8.138464082869026894e-01 2.999485473840904359e-01 5.264831146392077166e-01 8.453095426278911528e-01 2.523605566933452907e-02 -2.473420228954662892e-04 -5.060320773175651377e-02 -2.669122563260524772e-01 inf 0.000000000000000000e+00 -9.000000000000000000e+01
8.324354515654313058e-01 3.414286031811339579e-04 4.093317707605751300e-04 3.794926323312995675e-02 -1.410243588534377812e-01 1.013000494368227096e-02 -6.855350777597669643e-01 1.352707608793825983e-02 inf 0.000000000000000000e+00 -9.000000000000000000e+01
5.713855947246990370e-03 1.556309124895635110e-01 3.165074887166497743e-04 3.650286839208531533e-05 -8.599448750037276415e-04 0.000000000000000000e+00 -1.772889824768969985e-05 3.143194067569180516e-01 inf 0.000000000000000000e+00 -1.000000000000000000e+01
1.037861864609148087e-04 8.271753435667351662e-01 6.289972026261192859e-08 1.055300194041605385e-03 -4.953835623031979107e-01 3.051707650680015530e-05 1.631547329082597591e-07 -6.658031524741105375e-07 inf 0.000000000000000000e+00 -9.000000000000000000e+01
3.924063905675897139e-05 -2.538491624175707173e+00 6.069704918372197389e-01 3.130812277431737050e-05 -1.543004712734253436e+00 5.327022237543892640e-06 -2.416885812011993308e-04 5.006444940142194844e-09 inf 0.000000000000000000e+00 -2.000000000000000000e+01
5.251852147962756678e-01 4.321634793342046810e-01 2.321308846083504553e-06 6.845643284946895632e-06 -2.800341827972761544e-01 6.481922281038269684e-05 5.382812113231056267e-08 1.404180466769635779e-09 inf 0.000000000000000000e+00 -9.000000000000000000e+01
2.152229127341797055e-01 4.523020141494505293e-06 2.132357693637646975e-03 1.344054433032285774e-08 -7.924116332485707792e-01 2.864206236466198465e-07 2.985491842570630393e-08 7.706300818635439904e-07 inf 0.000000000000000000e+00 -9.000000000000000000e+01
4.733964469812227960e-01 3.601582959600172157e-07 9.246024355102008818e-03 -1.077109893412332847e-01 -5.345656508046392474e-01 0.000000000000000000e+00 8.116243289239824636e-08 1.753108550475802047e-05 inf 0.000000000000000000e+00 -1.000000000000000000e+01
4.173860109961221587e-01 0.000000000000000000e+00 1.018242657109206099e-08 1.316595461262311327e-04 -5.891422013617829689e-01 9.874465959467335627e-05 3.443311385337942464e-07 8.944023339472756613e-10 inf 0.000000000000000000e+00 -9.000000000000000000e+01
4.505848902314255056e-01 6.100718341368692454e-02 9.797067557486216524e-07 3.052501276843534533e-04 -5.337557320388488513e-01 -2.036116531520266919e-05 -2.635304398873419240e-09 5.341319394330563765e-06 inf 0.000000000000000000e+00 -9.000000000000000000e+01
2.558659828894655486e-01 8.804966861296019687e-01 2.380612842182676121e-06 1.308904224501893139e-05 -3.959965766227204753e-01 2.269321356004128931e-01 0.000000000000000000e+00 3.293631971997054436e-08 inf 0.000000000000000000e+00 -9.000000000000000000e+01
9.820129685530868402e-01 5.180270655688614855e-07 4.732163942665237322e-01 6.930722566403503364e-03 -1.126539208092982473e-06 4.179632949202911060e-09 2.431312301369357304e-02 5.211940432622955617e-06 inf 0.000000000000000000e+00 -9.000000000000000000e+01
2.936435771796357952e-01 6.085464178654894640e-01 1.839903033437043426e-06 0.000000000000000000e+00 -4.145556383712504789e-01 2.723843136734177897e-02 9.404635210943910134e-10 4.993020384028733216e-03 inf 0.000000000000000000e+00 -9.000000000000000000e+01
7.317764152441562642e-01 2.495934320721609481e-05 1.915540024132756638e-04 2.953275472618043657e-02 -2.758836217899091614e-01 8.291217975001958568e-10 1.175567151655662316e-07 9.913016655826517056e-10 inf 0.000000000000000000e+00 -9.000000000000000000e+01
2.714265487794226273e-01 5.116097538144512846e-01 6.443939647281257121e-01 1.037376647763081083e-01 -2.968117655717427694e-01 2.204902112088350332e-05 0.000000000000000000e+00 1.008295776663105039e-04 inf 0.000000000000000000e+00 -9.000000000000000000e+01
4.261878094889877122e-01 3.499432013693981602e-01 7.312120620443408750e-04 5.681689547373259749e-03 -4.252103145130955442e-01 0.000000000000000000e+00 -7.122681188751354097e-09 3.794102241402765963e-07 inf 0.000000000000000000e+00 -9.000000000000000000e+01
4.775949451269254076e-01 8.321286160493669426e-01 1.012931821439956318e-07 3.320701049962262452e-01 -9.873174535414746538e-07 0.000000000000000000e+00 -1.462638621475799071e-09 4.424299909737740656e-09 inf 0.000000000000000000e+00 -9.000000000000000000e+01
4.216494698897144677e-01 1.981158208096255933e-05 9.072135358856616935e-08 -2.216543341731454736e-06 -5.874811211573156555e-01 1.771293468561401408e-13 0.000000000000000000e+00 1.286087666942271586e-12 inf 0.000000000000000000e+00 -9.000000000000000000e+01
3.224892652671774584e+01 3.772811307251930657e+01 6.066242247137440202e+00 6.111804395914113758e-07 -2.958760734732841868e+01 5.093197777099266815e+10 -6.377924489611015669e-04 1.111492127862601897e+01 inf 0.000000000000000000e+00 -2.000000000000000000e+01
3.309413465550627431e-01 6.767379156487567382e-01 5.738345511884465101e-04 -1.575627173558164385e-04 -3.028814817598703968e-01 1.512627115060590202e-09 -1.054657734858505910e-07 6.976482210287907858e-06 inf 0.000000000000000000e+00 -9.000000000000000000e+01
2.785609153212011413e-01 6.503845159481788096e-01 9.587035907254994808e-06 -5.660185999643348870e-02 -3.767321630114922604e-01 0.000000000000000000e+00 2.569157686175016030e-09 3.230007214846653590e-07 inf 0.000000000000000000e+00 -1.000000000000000000e+01
5.128242536468069490e-01 2.701135381803791979e-01 1.179734908186868709e-06 1.932877673573365762e-01 -3.787461567964012787e-01 1.312501752086854579e-09 -4.561672756141867823e-08 1.535292076161122801e-02 inf 0.000000000000000000e+00 -9.000000000000000000e+01
-4.482553618204340165e-04 8.662750836037294447e-05 2.024708038201237670e-06 8.472583058127520772e-01 -1.006487825002619685e+00 1.912224258301168752e-07 -1.640388456876002618e-09 4.827428887377950662e-08 inf 0.000000000000000000e+00 -9.000000000000000000e+01
4.344422825689887580e-01 6.374625259971118396e-01 3.675679082923074008e-06 1.627186212709211960e-02 -2.356297125797905401e-01 7.182630050039652721e-03 0.000000000000000000e+00 1.387220246139345805e-09 inf 0.000000000000000000e+00 -9.000000000000000000e+01
5.218290477237433889e-01 4.463729310668257400e-01 4.936182330248279791e-04 3.954627800693873846e-02 -2.745511714504712542e-01 2.802126884864412386e-05 0.000000000000000000e+00 1.109753221728480210e-07 inf 0.000000000000000000e+00 -9.000000000000000000e+01
2.361825769405551945e-01 6.063486447335164620e-01 3.574014489295151957e-06 5.233730111422111144e-04 -4.528055201800292306e-01 5.377460148706252511e-09 -2.150984059482501004e-08 -7.909092606790942294e-06 inf 0.000000000000000000e+00 -9.000000000000000000e+01
-5.608504411451281646e-01 9.790110174052768510e-01 1.314137335324782615e-08 9.725159655043166015e-05 -8.898298518521645661e-01 3.092032259726877535e-06 -1.378940548103135464e-04 3.639717451208527350e-09 inf 0.000000000000000000e+00 -9.000000000000000000e+01
2.755821469787964051e-01 5.882456837651373061e-01 1.832475852125371566e-06 4.140052896126413667e-02 -4.264359827867614250e-01 1.001507327350591871e-09 -6.289089273193434750e-08 7.258919080755997337e-04 inf 0.000000000000000000e+00 -9.000000000000000000e+01
2.933536757046232291e-01 1.730899082701608249e-01 1.150935493952238264e+00 1.966930775797282038e-02 -3.562954605301362765e-01 1.279410538805081996e-05 4.270418554456641373e-06 7.530042757293650649e-08 inf 0.000000000000000000e+00 -9.000000000000000000e+01
8.211651167115439692e-04 6.782934832296368122e-04 1.539706787485948025e+00 1.135690775857392923e-05 5.595633216306697205e-10 2.535798106399140607e-06 0.000000000000000000e+00 1.712205559021641944e-06 inf 0.000000000000000000e+00 -9.000000000000000000e+01
3.031523828672297860e-01 6.731152082396341108e-01 6.809902281716405143e-05 -1.737240287237311652e-08 -3.574358674026841265e-01 2.943835122884256097e-02 -1.019446449358743436e-04 -3.914674365537574967e-03 inf 0.000000000000000000e+00 -9.000000000000000000e+01
-6.097662115027978899e-04 1.046167519735192357e-04 1.530393628869767143e-03 2.154794229448631970e+00 -1.589908936659147065e-02 3.089268857104944031e-08 0.000000000000000000e+00 2.407181645409737798e-03 inf 0.000000000000000000e+00 -2.000000000000000000e+01
2.240624012015288713e-01 7.436623064968306274e-01 1.019587470979366844e-08 6.665655662984550922e-01 -3.316766010617613891e-01 4.993585209979696896e-07 -1.709460458385687800e-06 6.297628011771031042e-10 inf 0.000000000000000000e+00 -9.000000000000000000e+01
4.157298329535112982e-03 3.605097881290280528e-09 0.000000000000000000e+00 5.431560937556947540e-07 -1.001522391224059838e+00 3.521308573924631365e-07 -9.170074411262060019e-09 1.290103605898142734e-09 inf 0.000000000000000000e+00 -9.000000000000000000e+01
2.283968957765905583e-01 8.204452481692711130e-01 8.515339796442842474e-03 -4.558029156495950751e-01 -2.873540120399620812e-01 3.590897019984330939e-07 7.788643824184763544e-10 2.667091512948361942e-05 inf 0.000000000000000000e+00 -1.000000000000000000e+01
6.018361798322187095e-01 7.156970787193952521e-01 3.246417579529394773e-04 6.210883295882535862e-03 -7.329569506534972683e-07 3.211534257989033692e-09 -2.774114202803027592e-10 0.000000000000000000e+00 inf 0.000000000000000000e+00 -9.000000000000000000e+01
3.500036548605542919e-01 8.840387154708839734e-01 8.105121491549691082e-02 6.862479522818729638e-01 -7.282679919028977486e-07 1.225056658676749493e-08 3.686741891982669582e-04 1.406380421441142876e-09 inf 0.000000000000000000e+00 -9.000000000000000000e+01
8.199804359289236677e-01 4.029039672835945662e-01 6.642124269262942905e-06 0.000000000000000000e+00 -1.139201546181725764e-06 4.027632585149904477e-09 1.309888693101157135e-04 4.080921151035152641e-03 inf 0.000000000000000000e+00 -9.000000000000000000e+01
3.535504806062731431e-01 5.377193621388184352e-01 2.715482778801033281e-01 -9.595139863509462448e-09 -3.340581537287409808e-01 2.956665227252602578e-08 4.336842965448431528e-09 8.187919455552176914e-10 inf 0.000000000000000000e+00 -9.000000000000000000e+01
1.006862450653647878e+00 1.410864619819413739e-05 2.492753595113627771e-06 3.713694131495812542e-06 -1.335403711668014832e-06 -1.602186372815977563e-09 -1.441252473169370336e-02 -4.907078718272149019e-07 inf 0.000000000000000000e+00 -9.000000000000000000e+01
7.228214623168641717e-01 3.806626345131185474e-01 1.659080499697454354e-06 5.163010445120458369e-01 -1.087294996281723686e-01 2.816597930824400515e-09 -2.262406208324228982e-09 5.223172643103853909e-03 inf 0.000000000000000000e+00 -9.000000000000000000e+01
4.669885865093361121e-08 9.827652114356892898e-01 1.141268864785908704e-07 4.884518943517342920e-02 -3.214013464834411526e-01 1.180584412617717037e-05 -9.352873030930437402e-10 1.252134983079396845e-06 inf 0.000000000000000000e+00 -9.000000000000000000e+01
1.561372226657292139e-01 8.045036557691809254e-01 5.532164364883914518e-06 2.871337060886715031e-01 -3.532935462012686267e-01 6.432726334552410798e-10 1.145173166316640609e-07 1.025292779760077773e-09 inf 0.000000000000000000e+00 -9.000000000000000000e+01
6.038274777078593836e-01 0.000000000000000000e+00 1.463557013252527708e-06 4.171054422935828176e-01 -4.031709620387861071e-01 4.498865289299632280e-10 5.301739710159259240e-09 3.890042404464093967e-03 inf 0.000000000000000000e+00 -9.000000000000000000e+01
1.057774164160748539e-05 6.697805567385393122e-01 7.026277660488064438e-06 1.109324047098205757e-01 -6.346170775097660366e-01 -2.248408851356180705e-06 -8.283821673586780697e-09 1.051072253011575666e-09 inf 0.000000000000000000e+00 -9.000000000000000000e+01
1.718116352576173966e+01 2.078200114592145334e-03 3.164597140013418464e-02 1.784649332060900520e+02 -4.481191853530112290e+00 5.126816244274325562e+10 -2.058651671524299790e-07 5.580086744468104598e-02 inf 0.000000000000000000e+00 -2.000000000000000000e+01
9.610476943549653428e-02 1.939913856727277586e-03 6.440900962701165006e-10 8.026842636342613004e-06 -9.123055624881585279e-01 1.013751346252936417e-12 -2.201212164114626837e-10 0.000000000000000000e+00 inf 0.000000000000000000e+00 -9.000000000000000000e+01
6.928088562413819984e-01 2.713501353612079448e-01 5.090392451922356315e-04 7.835338255110868566e-02 -3.315585240583756588e-01 3.142383026523411504e-01 7.896368172464767044e-10 9.237451416551759609e-01 inf 0.000000000000000000e+00 -1.000000000000000000e+01
6.939467619375547791e-01 5.952088459103676010e-01 3.000642682619644725e-08 2.670095757354919996e-01 -1.395215956736294471e-06 4.082730799635940136e-05 4.261099113354036401e-10 7.418517087072373415e-05 inf 0.000000000000000000e+00 -9.000000000000000000e+01
4.117464165133185704e-04 4.345535118888977852e-03 4.924939801407508116e-02 1.911144060491890784e+00 -5.794264450141176835e-06 0.000000000000000000e+00 7.990916348492820203e-08 0.000000000000000000e+00 inf 0.000000000000000000e+00 -9.000000000000000000e+01
1.074343050899376223e-04 5.880413099978412106e-01 1.769024274243505557e-01 9.521914872492165146e-09 -6.664468179975533424e-01 2.123562266532731214e-06 1.675827809230791469e-09 1.678661017030275348e-06 inf 0.000000000000000000e+00 -9.000000000000000000e+01
1.333454838346389282e-01 3.067268998617602715e-01 6.250771348761767765e-01 5.082686704123741406e-04 -6.638215853850306658e-01 1.674278176958507233e-09 -5.831106754234801125e-09 1.556809280496958529e-06 inf 0.000000000000000000e+00 -9.000000000000000000e+01
9.654185047877573700e-01 1.547765137936284348e-02 8.072224233712249206e-08 1.505443434945839126e-02 7.380319299394056568e-07 -2.803656452601843594e-09 1.366512245278430691e-08 -2.213304147248886800e+00 inf 0.000000000000000000e+00 -3.000000000000000000e+01
6.545194643185320293e-01 5.140205217161246676e-01 6.553761651880589401e-02 2.690040730314385842e-01 -8.417086043101540405e-02 2.647124116198609590e-06 -2.706357603366633747e-08 2.055299878028434044e-09 inf 0.000000000000000000e+00 -9.000000000000000000e+01
7.482803599282863427e-01 1.738718541243041235e-05 1.333776922258138375e+00 2.053992732378214798e-09 -1.135548265505206544e-01 8.795576160560558687e-02 -3.519871429925820749e-02 8.615069933384875839e-03 inf 0.000000000000000000e+00 -9.000000000000000000e+01
6.057063460797498244e-01 2.535686444263886849e-06 8.265548633824666702e-02 1.169461236330999885e-04 -3.983083278661965765e-01 5.986979967435233877e-09 -1.997815129522124166e-09 -2.849502468958686256e-05 inf 0.000000000000000000e+00 -9.000000000000000000e+01
6.350615954198106650e-01 3.191283570043683941e-05 1.408170995901786691e-06 5.464222561297664704e-01 -3.713876114557549957e-01 2.006322657534840490e-08 -5.893572806508593113e-10 6.060766361303163981e-10 inf 0.000000000000000000e+00 -9.000000000000000000e+01
3.501605800733307849e-01 7.913077675672909317e-01 6.506921015535911401e-01 8.535379543187581559e-04 -1.867982622044737084e-01 2.550382177699456743e-01 1.699893258750680640e-09 1.458518687266444975e-09 inf 0.000000000000000000e+00 -9.000000000000000000e+01
5.566164264058345301e-01 1.956224397150940209e-01 3.361210304383058789e-01 -5.763950482906886677e-04 -3.468769034123316830e-01 2.373854777470535329e-03 -1.779693566316103208e-06 6.536214720040398311e-10 inf 0.000000000000000000e+00 -9.000000000000000000e+01
2.517740564680622795e-01 5.836580399941443398e-01 3.929080110398310736e-06 1.087206152930269010e+00 -4.358361507799411450e-01 5.172834057382035508e-09 -2.086186922043084476e-08 7.503451599718996932e-08 inf 0.000000000000000000e+00 -9.000000000000000000e+01
6.926918725137311099e-03 1.487464652555801382e-02 3.041089164124924192e-07 1.193982043411825900e-03 -9.302001173630005670e-01 2.966916257682853086e-09 1.349019735915172239e-08 -2.215058473453031418e+00 inf 0.000000000000000000e+00 -3.000000000000000000e+01
3.237582584069277902e-01 5.768436226483314444e-01 6.958483508143602634e-07 1.175496436871444628e-08 -3.867908396896924672e-01 1.906979691776920058e-09 5.567953764236715688e-10 4.906914908393149422e-08 inf 0.000000000000000000e+00 -9.000000000000000000e+01
3.697996454300521152e-01 5.070965327577409143e-01 7.165494484620250903e-02 -9.669346250552895592e-04 -3.778169819163404997e-01 -1.063261847614745738e-07 4.420302063117482638e-09 0.000000000000000000e+00 inf 0.000000000000000000e+00 -9.000000000000000000e+01
3.711539274179886383e-01 5.377764744061117597e-01 6.964646143948005630e-02 -3.008462653952223564e-02 -3.561667141968346550e-01 2.168488241083494413e-05 5.438666373103619665e-09 1.592846129803898288e-09 inf 0.000000000000000000e+00 -9.000000000000000000e+01
6.422142758938242935e-01 0.000000000000000000e+00 1.479029064949887621e-09 7.925088308753662492e-02 -3.867648274951625553e-01 9.123354480228350359e-08 -2.950414568840602807e-09 1.313153790965008128e+01 inf 0.000000000000000000e+00 -3.000000000000000000e+01
3.319733795343708938e-01 1.734329709226630512e-05 1.137889492151130817e-05 5.475135069564780743e-02 -6.888967416642268748e-01 3.421959418477988485e-02 3.356380737296678149e-10 2.676842729560920034e-08 inf 0.000000000000000000e+00 -9.000000000000000000e+01
-1.979863755250584078e-04 2.335805508506912098e-01 4.246867994274832560e-05 2.376928844924287298e-01 -9.080032680956446889e-01 2.132493417448785028e-09 -6.701617934228016579e-06 2.804106286852195409e-08 inf 0.000000000000000000e+00 -9.000000000000000000e+01
3.988235216536512584e-01 5.835004233060809842e-01 5.120363563102604126e-02 1.288123535461074634e-09 -3.035380989925572370e-01 7.858591559677857719e-03 0.000000000000000000e+00 0.000000000000000000e+00 inf 0.000000000000000000e+00 -9.000000000000000000e+01
2.555012277084138805e-01 7.974735289080797651e-01 1.318005912837169436e-06 2.504202373846670104e-02 -2.690505352384055526e-01 8.166150736870264504e-10 2.826605817971870778e-08 -1.244168046571781765e-06 inf 0.000000000000000000e+00 -9.000000000000000000e+01
2.483985484759281270e-01 7.604929167415511726e-01 2.128414981900593732e-03 9.360473161043038337e-02 -3.095876337309954596e-01 1.022592425294820732e-06 8.873655185106529383e-10 0.000000000000000000e+00 inf 0.000000000000000000e+00 -9.000000000000000000e+01
4.805422157547117878e-02 8.560920146218394811e-01 3.894231207800829988e-06 3.917024783882944727e-01 -3.981635501967611956e-01 1.244675164518619714e-05 1.718552884178322987e-08 9.060643668904492729e-03 inf 0.000000000000000000e+00 -9.000000000000000000e+01
9.626440106985995060e-01 2.709882021986911305e-01 6.367564562876961972e-08 1.128528365605270851e-05 -4.024487399036786022e-05 1.565274814144064219e-01 0.000000000000000000e+00 1.016944377074855473e-07 inf 0.000000000000000000e+00 -9.000000000000000000e+01
4.045257818217045109e-01 3.908461660113086711e-01 4.279054628190825920e-06 6.473389624562300715e-02 -4.240680901222699251e-01 -1.326954222679385139e-06 5.576539098558247746e-09 4.091670800430887746e-03 inf 0.000000000000000000e+00 -9.000000000000000000e+01
-1.269948628299816815e-04 1.498261177637482955e-01 2.711198643581252124e-05 1.035536204009181280e-04 -9.474919278299012149e-01 3.179701497074211999e-06 5.129438357498327228e-10 3.844130815044722814e-09 inf 0.000000000000000000e+00 -9.000000000000000000e+01
-5.233592287092492246e-01 9.401434872086149586e-01 1.267636771814576042e-08 1.375007428154300104e-01 -9.458528606127158955e-01 4.864861921410975482e-02 -1.300963991819866557e-04 3.675295875328167120e-08 inf 0.000000000000000000e+00 -9.000000000000000000e+01
6.958919896285493678e-01 5.294320959844162115e-07 1.359164042243260657e-02 -2.853939058588994548e-01 -3.117830683869484143e-01 4.581451827786271660e-05 -4.296392724345366707e-09 2.600928381399497804e-05 inf 0.000000000000000000e+00 -1.000000000000000000e+01
6.360248953606321143e-01 0.000000000000000000e+00 1.541597112708112655e-06 4.393464277183443678e-01 -3.708514389871993555e-01 5.650053733867979071e-10 2.146291379678365245e-07 6.142155188108093484e-10 inf 0.000000000000000000e+00 -9.000000000000000000e+01
4.741669028166977523e-02 3.824588410896648109e-05 7.014969210974879299e-03 4.744101525010689083e-06 -9.579371859436069947e-01 0.000000000000000000e+00 -1.480206326898205660e-09 -1.096730034015502098e-06 inf 0.000000000000000000e+00 -9.000000000000000000e+01
4.366582229548667260e-01 7.726195810773742734e-01 4.556064287912842539e-09 5.881612332253708525e-02 -1.128262599144388423e-01 3.464136640850425668e-06 5.575722388276569971e-10 0.000000000000000000e+00 inf 0.000000000000000000e+00 -9.000000000000000000e+01
6.208237063613804008e-01 5.741101188738519144e-04 6.931133367916812163e-04 -2.330147332894836054e-01 -3.861622258401689600e-01 0.000000000000000000e+00 -3.304248977237024124e-06 1.552056706052769742e-09 inf 0.000000000000000000e+00 -1.000000000000000000e+01
5.789949125717296363e-01 4.874329263975956672e-01 2.712066240868441895e-06 3.096949532360414592e-01 -9.694798536084775487e-02 6.963928635946312409e-03 -4.712749288374543655e-01 9.299264220810482540e-03 inf 0.000000000000000000e+00 -9.000000000000000000e+01
7.047485363011073128e-08 1.011547583649854287e-07 1.540440286161736561e+00 -1.017105537406172200e-08 -1.600690681819549697e-07 0.000000000000000000e+00 1.245612271055891037e-15 0.000000000000000000e+00 inf 0.000000000000000000e+00 -9.000000000000000000e+01
2.782701062019157789e-01 1.188982031707645727e-03 1.390663444327598919e+00 1.841392307706504472e-01 -5.582788973302776438e-07 9.828853826237281879e-10 -3.112470378308472954e-07 5.518164914652188072e-03 inf 0.000000000000000000e+00 -9.000000000000000000e+01
3.311728468181302509e-01 4.638727680170325884e-01 1.221506803187342334e-07 2.330902963667676187e-01 -4.523336444345193441e-01 1.004166628746351139e-07 1.681635210469060830e-08 4.478858278353588470e-07 inf 0.000000000000000000e+00 -9.000000000000000000e+01
4.209999288829801012e-01 3.456834278442817987e-01 6.563036448684645384e-03 5.567265401298009640e-03 -4.200343327158173046e-01 0.000000000000000000e+00 -3.683457058573907278e-09 -1.904155641645038255e+00 inf 0.000000000000000000e+00 -9.000000000000000000e+01
7.699572719557620949e-10 4.219321726691676709e-11 8.647351381739592850e-16 3.900528529563860997e-09 -1.009138248430159202e+00 -8.136479117170578803e-18 -4.753308087986882931e-14 3.145531924514832446e-12 inf 0.000000000000000000e+00 -9.000000000000000000e+01
2.680305343511261162e+05 5.410305343511068713e+03 1.796329294452103697e-03 2.230811665076178585e+01 -6.837756124161099218e-05 4.841059273282101440e+10 6.788301829049126900e-07 -1.114623091602974796e+02 inf 0.000000000000000000e+00 -2.000000000000000000e+01
6.067454814279915620e-01 7.061389955005475949e-01 3.802879758052409415e-06 8.437322556532279166e-03 -5.531718695678914128e-07 7.819874874506137303e-10 7.184337340535674067e-10 9.764346502580281782e-04 inf 0.000000000000000000e+00 -9.000000000000000000e+01
4.066473205681044354e-05 7.672709726931102869e-01 9.083502873700889359e-06 2.278963155569661558e-01 -5.640283482649980362e-01 1.642326680382490134e-02 3.628885203449396391e-10 -2.689496747326841527e-07 inf 0.000000000000000000e+00 -9.000000000000000000e+01
2.706492825479751563e-01 6.487318680920931557e-01 4.101059739371990531e-01 6.763003899546851140e-03 -2.572201196734573148e-01 4.303168035352705291e-06 0.000000000000000000e+00 5.556288397296075292e-07 inf 0.000000000000000000e+00 -9.000000000000000000e+01
6.552693569656234951e-01 2.802681360403088675e-05 1.726103940029274494e-06 -2.063428122158373137e-02 -3.594764119414993186e-01 1.838231651973576061e-02 3.795830423675487966e-08 -6.054119058921521301e-02 inf 0.000000000000000000e+00 -9.000000000000000000e+01
2.505992514282117112e-01 6.976389417049116970e-01 1.687812654102563530e-06 5.186394763990462287e-02 -3.644245524432236372e-01 1.117738172592403121e-05 4.736167105509374327e-10 7.003372008724330374e-09 inf 0.000000000000000000e+00 -9.000000000000000000e+01
4.927956144508870984e-01 3.885503883170455808e-01 8.786767214679845065e-08 -8.493781248673559553e-04 -3.474840871128049846e-01 1.790069539672025853e-02 1.192489836277978820e-09 5.315209632094280791e-10 inf 0.000000000000000000e+00 -9.000000000000000000e+01
5.143135157849308969e-01 5.730922033032087581e-01 3.093844802149577254e-07 2.458531641389504752e-01 -1.949869922481331508e-01 9.297704327017457523e-09 -2.770783264120238604e-09 -3.083064855103759905e-07 inf 0.000000000000000000e+00 -9.000000000000000000e+01
6.502959779441849220e-01 1.888914557344401335e-01 1.104324622086841539e-06 3.724769717010589093e-02 -2.852473219180758912e-01 1.124859230778126745e-02 2.702113948837854321e-08 9.209452035364972626e-08 inf 0.000000000000000000e+00 -9.000000000000000000e+01
3.296356785109818777e+00 4.362096196837053519e+00 8.233371152470908162e-07 -1.910482472573046819e-02 1.252450347425184418e+01 0.000000000000000000e+00 1.027170911385005163e-09 0.000000000000000000e+00 inf 0.000000000000000000e+00 -2.000000000000000000e+01
1.799266863689274465e-01 7.099281212165289290e-01 1.249633455972893136e-06 3.559419230341825391e-01 -4.165693934411037747e-01 1.474614106162042808e-08 -5.432175284359778065e-08 0.000000000000000000e+00 inf 0.000000000000000000e+00 -9.000000000000000000e+01
4.341265481782582425e-01 2.349809850014040124e-04 4.839807219489145276e-06 9.843567080786087831e-02 -7.757067391867327188e-01 6.747470768196959234e-01 0.000000000000000000e+00 3.630657769925129717e-08 inf 0.000000000000000000e+00 -1.000000000000000000e+01
2.847645540665173433e-02 7.977909720250888626e-01 3.601765110722748853e-02 6.280577911822793347e-02 -2.719332658595675634e-01 1.851532377230913004e-02 0.000000000000000000e+00 -1.844103736690047457e+00 inf 0.000000000000000000e+00 -9.000000000000000000e+01
3.188685273602223091e-01 6.806429116129516510e-01 1.904556857799493048e-06 1.706482944588345874e-02 -3.110674624706756264e-01 1.109999543686267043e-05 1.086163521732422741e-09 1.874449422120167489e-09 inf 0.000000000000000000e+00 -9.000000000000000000e+01
2.311917842225186259e-01 1.057996300679322488e+00 3.213800566582211253e-06 0.000000000000000000e+00 -5.474671895398767103e-07 2.065555869237749401e-09 2.994365253477900479e-04 4.301171303398287731e-03 inf 0.000000000000000000e+00 -9.000000000000000000e+01
7.395845893408597993e-01 1.350638246358118628e-09 0.000000000000000000e+00 2.047850508193855666e-07 -2.730495672138626428e-01 1.277094416190665584e-02 -1.428106275450978203e-08 9.666662760717706655e-10 inf 0.000000000000000000e+00 -9.000000000000000000e+01
3.223906869983815815e-01 2.103490805303341871e-01 2.211918166401452279e-01 1.134873046160222304e-01 -3.560031689387958137e-02 3.738485054528598375e-03 0.000000000000000000e+00 -1.862059214591549328e+00 inf 0.000000000000000000e+00 -9.000000000000000000e+01
4.184634330612158615e-01 8.794224147279802132e-06 4.145997792048267475e-03 2.494236427910422122e-09 -5.877509127996167759e-01 0.000000000000000000e+00 0.000000000000000000e+00 2.756414688798733576e-09 inf 0.000000000000000000e+00 -9.000000000000000000e+01
2.738857518222358456e-01 4.007096960157834897e-01 3.516328771855675717e-02 9.268179579178300628e-09 -5.464223127487956022e-01 6.885795023576069796e-10 3.731397244892608908e-08 0.000000000000000000e+00 inf 0.000000000000000000e+00 -9.000000000000000000e+01
7.950485347166638128e-01 4.569479980459175694e-01 2.454435603161767026e-06 8.257849471412770370e-01 2.791890795235707143e-02 -2.416290234552119075e-04 -4.943439664958637625e-02 -6.843974499880559614e-01 inf 0.000000000000000000e+00 -9.000000000000000000e+01
5.484152554754379016e-01 2.893851717084414132e-01 5.079418048868447055e-01 7.148440407760105946e-06 -2.924206805025859057e-01 1.941460832921580032e-02 3.112003282265974659e-08 7.970588251633163077e-07 inf 0.000000000000000000e+00 -9.000000000000000000e+01
2.981823498461332322e-01 9.779467106064752002e-01 4.930149579153217368e-08 4.387050664402879496e-01 -2.292383362328921379e-06 6.735946244896540960e-05 -4.340710701292026008e-06 1.501516550004536649e-08 inf 0.000000000000000000e+00 -9.000000000000000000e+01
4.303040292000424594e-01 1.327992394725582004e-01 9.830593051864697784e-01 4.236209505902221312e-02 -4.363403582669769243e-01 1.018343394472250443e-09 0.000000000000000000e+00 4.777323290116703980e-01 inf 0.000000000000000000e+00 -1.000000000000000000e+01
4.775949673408140805e-01 8.321286547533202071e-01 1.114807200160810339e-08 3.320701204414658325e-01 -9.575116881590081859e-07 0.000000000000000000e+00 -1.462638689506023851e-09 4.453407353122818791e-09 inf 0.000000000000000000e+00 -9.000000000000000000e+01
1.377458361017984350e-09 2.615174569468926540e-09 3.293922167651701743e-09 2.277499012838724468e+00 -1.517200513585026097e-09 2.863190468843021731e-18 -3.272217678677739034e-17 6.823347293312591753e-12 inf 0.000000000000000000e+00 -2.000000000000000000e+01
2.581337413806796266e-01 8.056901624912121695e-01 1.331585763770921753e-06 2.530003999327683911e-02 -2.718226519084429582e-01 1.384168854704638692e-02 1.923246244942245168e-08 -1.253257189431455668e-06 inf 0.000000000000000000e+00 -9.000000000000000000e+01
5.063885444654278034e-01 2.645527476661703125e-05 1.735724124931702881e-05 6.184494749734348318e-02 -5.011026515169368922e-01 1.370527406092607715e-09 -4.371572842532448459e-06 8.065632550797875648e-09 inf 0.000000000000000000e+00 -9.000000000000000000e+01
1.237305487650087587e-04 5.027132283242059518e-01 1.136847174997717870e-07 1.542474247036903701e-05 -7.602004916122138134e-01 2.624492906851874506e-06 -1.200718497423875343e-04 -7.873478720555623729e-07 inf 0.000000000000000000e+00 -9.000000000000000000e+01
3.685865560360916393e-01 5.691293488901372211e-01 1.739887076342410965e-01 -6.393911611345170836e-04 -3.146857263361900747e-01 9.651826320092021913e-06 4.015924759201822543e-10 3.897809325107651247e-10 inf 0.000000000000000000e+00 -9.000000000000000000e+01
2.729368491237531558e-01 2.645097939808018322e-05 2.846913538827230408e-04 1.549576949863888942e+00 -7.317446707690586916e-01 4.303228783635892918e-08 6.297407976052526787e-09 7.999311636247278247e-10 inf 0.000000000000000000e+00 -9.000000000000000000e+01
5.215154804333776983e-01 7.931794379214870405e-01 4.672322626506259652e-02 -1.977991223316708236e-01 -4.198213463272336252e-07 5.628939081879082456e-09 4.746185511951851130e-10 4.386111882060957198e-04 inf 0.000000000000000000e+00 -1.000000000000000000e+01
1.369424847839982411e-04 7.495542329736171183e-01 3.560382606624681312e-01 5.481115328619575594e-02 -4.247473986850497374e-01 2.706825283870789668e-06 -1.242576664959116387e-09 1.605986127930380277e-06 inf 0.000000000000000000e+00 -9.000000000000000000e+01
3.399072403323416536e-01 3.787537820846093028e-01 1.285956600314709861e-07 7.257996047482607268e-09 -5.020168472600738951e-01 9.898397658029729415e-03 2.377772938255038278e-08 2.070069527908266469e-05 inf 0.000000000000000000e+00 -9.000000000000000000e+01
4.504129940950468147e-01 5.920144036098775597e-01 1.946610693146276460e-07 2.292549416014713626e-02 -2.493088646245158746e-01 8.296440408058852517e-08 -9.194323569104183498e-05 -3.507082782199099670e-03 inf 0.000000000000000000e+00 -9.000000000000000000e+01
1.026152020661930786e+00 4.181405242906453812e-05 1.845067495864033384e-06 1.925872703534569352e-01 5.916553824123268730e-07 5.200591365460716792e-02 -3.384580738399899650e-09 -5.240216012569461572e-05 inf 0.000000000000000000e+00 -9.000000000000000000e+01
5.816584337967596330e-01 4.975510296066358862e-01 1.325898670849740621e-06 7.437931888620584742e-01 -1.748015328047753392e-01 8.335186615217939298e-09 -2.604745817255606341e-09 -2.763899561683861806e-07 inf 0.000000000000000000e+00 -8.000000000000000000e+01
7.155170797892028700e-01 2.078362274844616775e-01 5.071846141211407014e-04 1.269785940389618270e-02 -2.092373705910984816e-01 6.378120183336358391e-03 0.000000000000000000e+00 3.153512698805709776e-07 inf 0.000000000000000000e+00 -8.000000000000000000e+01
1.103487540617744826e-04 9.118547884224142974e-01 2.171683464119123412e-08 4.988532999524663100e-05 -4.066911745339709672e-01 6.122973485862350616e-07 -2.096085401908706280e-06 7.721948804004653514e-10 inf 0.000000000000000000e+00 -9.000000000000000000e+01
2.416384912487394843e-01 5.235500643722689196e-01 2.632652953199178234e-06 7.230848791155461419e-02 -5.052441180655461439e-01 5.782932962514772534e-09 -4.995281126228856920e-10 9.751879877825620018e-10 inf 0.000000000000000000e+00 -9.000000000000000000e+01
2.336178154749416480e-01 7.847284024878364850e-01 8.055786740515229541e-03 3.672491014058413411e-02 -3.004334584403914876e-01 -2.198126552013289375e-05 6.831721059932853021e-10 7.042681781779420460e-06 inf 0.000000000000000000e+00 -9.000000000000000000e+01
2.252349209580797873e-01 7.750877989510861488e-01 2.095617163663536811e-06 1.152208418712460839e-05 -3.216214835853733467e-01 3.476819385169049161e-07 -3.140449016569646456e-09 2.688486310329075461e-05 inf 0.000000000000000000e+00 -9.000000000000000000e+01
7.114755571678651469e-01 9.969541428650842269e-06 1.761445420687107829e-06 6.318960772554197848e-09 -2.960555022652154311e-01 8.864097750388527491e-10 -1.018427001326793757e-02 -3.587297434137434647e-07 inf 0.000000000000000000e+00 -9.000000000000000000e+01
8.207672006458613945e-01 1.607335767931478421e-01 3.015281289575104319e-04 4.641243098890287383e-02 -1.963978658688311230e-01 1.861382758607578458e-01 8.899788618704796862e-10 1.052008741062200186e-04 inf 0.000000000000000000e+00 -9.000000000000000000e+01
7.446694778072243670e-01 2.697436944551109828e-01 3.493401944582584517e-02 -3.404961389023532237e-02 -1.667104472288144790e-01 3.911429180193970455e-08 1.271741630352823982e-09 5.660195555779377941e+00 inf 0.000000000000000000e+00 -3.000000000000000000e+01
1.389280258611238772e-01 1.570917606910234715e-02 8.895228663472669987e-08 1.539840159260688322e-09 -8.492773312358456450e-02 -2.845595353693148790e-09 1.381101292486546234e-08 -2.246412177881635497e+00 inf 0.000000000000000000e+00 -3.000000000000000000e+01
1.991554148907427879e-01 5.030264533358319579e-01 3.953748777192142017e-01 7.703051309214656089e-04 -4.863893916496273562e-01 2.537447506364297637e-09 -8.837317177337726325e-09 2.359417856032715157e-06 inf 0.000000000000000000e+00 -9.000000000000000000e+01
2.829258335777650268e-05 2.985974125201274875e-04 3.215664442524449832e-03 -1.398997777275095777e-08 -1.007452357155088629e+00 6.980385569284925148e-09 2.100709360518204457e-04 1.193821172152808847e-09 inf 0.000000000000000000e+00 -9.000000000000000000e+01
3.440071018128936786e-01 5.659471674986316092e-01 6.660188738738267781e-06 5.147535703160423942e-04 -3.745238608446826434e-01 5.015866452803747375e-09 -2.022882404592280659e-08 7.275762327143897822e-08 inf 0.000000000000000000e+00 -9.000000000000000000e+01
2.616863027769198435e-01 5.244089869509760415e-01 7.410126989524661034e-02 -1.275615444830949989e-08 -4.736262984912965601e-01 2.200668291627244222e-09 6.042185748064276068e-10 5.324845101425079623e-08 inf 0.000000000000000000e+00 -9.000000000000000000e+01
6.158492875983023751e-01 3.018612699088046660e-05 1.622263990353846681e-06 -2.062346958948918854e-02 -3.921904670383051239e-01 3.280578291604445788e-06 4.195307990100551043e-10 1.422884178460676396e-09 inf 0.000000000000000000e+00 -9.000000000000000000e+01
7.616224150881631960e-01 0.000000000000000000e+00 1.772157278372931693e-09 1.037953870402698493e-02 -2.457631435268513853e-01 3.007464210687763802e-05 -6.961722709925378901e-09 6.544019347329856365e-07 inf 0.000000000000000000e+00 -8.000000000000000000e+01
-3.933854371721894894e-01 0.000000000000000000e+00 5.395022834548342596e-09 2.819842514243128262e-01 -1.399477395957700709e+00 0.000000000000000000e+00 0.000000000000000000e+00 0.000000000000000000e+00 inf 0.000000000000000000e+00 -9.000000000000000000e+01
2.720216632193108164e-01 3.379151095892060086e-01 7.039898116441790921e-02 -9.657860228493582010e-04 -5.789612210961728733e-01 1.740209190160476920e-06 -6.513968227859958521e-06 1.095183735127036256e-09 inf 0.000000000000000000e+00 -9.000000000000000000e+01
3.062166115137713256e-05 8.784800247539296114e-01 3.966049773155438246e-02 9.082408904345217349e-04 -4.273418630574984944e-01 1.446737325889544718e-07 -3.767545119504022151e-09 0.000000000000000000e+00 inf 0.000000000000000000e+00 -9.000000000000000000e+01
1.866151430040833420e-02 1.178926116319989781e+00 7.501534088462980452e-08 8.861209371032602311e-02 -3.322953514137225867e-02 3.401838544345269345e-05 1.800368181231115414e-07 2.325092836092479971e-09 inf 0.000000000000000000e+00 -9.000000000000000000e+01
1.855483832098170344e-05 6.403926145625639110e-01 1.881316839445784211e-06 5.358687625305131874e-01 -6.506977830727660450e-01 0.000000000000000000e+00 1.277830059441661958e-09 0.000000000000000000e+00 inf 0.000000000000000000e+00 -8.000000000000000000e+01
2.576174366444340391e-01 1.016468798934016871e+00 2.654446021624932354e-06 3.066207533974513733e-01 -1.596940363110371673e-06 2.002851625974546217e-09 -3.619737053193581435e-09 8.028668414445251644e-03 inf 0.000000000000000000e+00 -9.000000000000000000e+01
5.534936653807418505e-01 7.315502310518532392e-01 8.753666853445564608e-08 9.744801190992611328e-01 -1.438918542983220474e-04 7.430127234039497778e-10 0.000000000000000000e+00 8.371105285132389473e-09 inf 0.000000000000000000e+00 -9.000000000000000000e+01
6.659458630940974233e-01 1.874782375449687288e-01 5.743472038085450953e-06 -1.381967733471637760e-04 -2.656544910386236524e-01 1.326710976345610233e-09 1.515470668102099459e-09 1.905286397249500744e-07 inf 0.000000000000000000e+00 -8.000000000000000000e+01
4.691477040298113257e-03 2.431733007649429425e-03 3.165074887166497201e-04 3.650286839208530856e-05 -1.786774351396633884e-03 0.000000000000000000e+00 -1.000283101132808140e-05 6.616798066000903001e-04 inf 0.000000000000000000e+00 -9.000000000000000000e+01
6.400656778429022475e-01 3.413683615162145801e-01 1.321509058287483409e-05 6.858975411946163225e-01 -2.109846123259937201e-01 1.548407928375948651e-09 0.000000000000000000e+00 1.076499349670679857e-04 inf 0.000000000000000000e+00 -9.000000000000000000e+01
1.881323897029145154e-01 8.430342273547082321e-01 9.790016012300957349e-08 4.242406337955477447e-02 -2.907881480040593880e-01 6.418454375411597264e-09 -2.547402125649738757e-09 3.686240722999033993e-08 inf 0.000000000000000000e+00 -9.000000000000000000e+01
5.724873485258125780e-08 9.248132124890104944e-01 2.494004290607500357e-06 1.363993619299520151e-05 -3.910842505255583967e-01 8.978415446187001160e-07 1.988295324010596043e-09 2.036014411786850348e-06 inf 0.000000000000000000e+00 -9.000000000000000000e+01
9.824827548039377634e-01 1.298664620176483484e-05 9.216904086983048749e-01 2.138762982950188907e-02 -7.480786982583430382e-07 6.569495466253874594e-02 -3.670261113329995677e-08 3.195792198959641060e-05 inf 0.000000000000000000e+00 -9.000000000000000000e+01
3.398893005918548482e-01 1.517020042189634710e+00 2.563848446067965182e-06 2.988433469186859218e-02 7.642708566980690454e-01 3.036440432547290666e-02 2.574373410203137716e-02 1.260182788211326212e-02 inf 0.000000000000000000e+00 -1.000000000000000000e+01
1.136106364243000266e+00 2.525020879581021623e-04 7.901898615521219450e-07 1.196706865352944842e-02 -1.363684631047397221e-06 3.927402172943475489e-01 4.870823476156558773e-10 0.000000000000000000e+00 inf 0.000000000000000000e+00 -1.000000000000000000e+01
1.862350317559476665e+00 3.285951437498425332e+00 3.669310007527066815e-04 -1.079369701593055168e-02 7.075997697794904617e+00 8.798307164393339612e-09 -3.561053966932324025e-08 1.258888218778809929e-08 inf 0.000000000000000000e+00 -2.000000000000000000e+01
2.159812802528575104e-01 2.612467547370873132e-05 2.198556597106963648e-03 2.243450200348588552e+00 -2.209011271834465384e-01 0.000000000000000000e+00 0.000000000000000000e+00 -2.388193214101606060e-07 inf 0.000000000000000000e+00 -2.000000000000000000e+01
-1.307644622986191664e-03 9.319243144622469943e-01 2.254624214025814112e-06 6.928121548304862209e-02 -4.046513470691335823e-01 2.084567545507657813e-02 3.572184856733391488e-09 1.038451847118704481e-02 inf 0.000000000000000000e+00 -9.000000000000000000e+01
2.613907534403700494e-02 8.844841969879294608e-01 4.124668448471185923e-04 3.008581691826041522e-03 -4.107716869906488655e-01 3.011124858263709573e-08 -1.585776820847896294e-09 0.000000000000000000e+00 inf 0.000000000000000000e+00 -9.000000000000000000e+01
4.118237751232241561e-01 9.284225036346891446e-01 1.030298410461080754e-05 4.138246856914024052e-03 -6.508754775138024233e-07 2.023648188271143580e-02 -3.848960463043041235e-10 4.789111232074265163e-04 inf 0.000000000000000000e+00 -9.000000000000000000e+01
1.466991632867869772e-04 6.338648413677732169e-06 2.066202106908311409e-01 2.923391268386513111e-04 -9.956816452188083089e-01 3.878905279257750429e-08 1.042455793800520407e-09 1.086901583458682279e-09 inf 0.000000000000000000e+00 -9.000000000000000000e+01
3.438130522333860805e-03 8.523668427579693674e-01 9.306891148039164754e-07 1.517120331539320577e-01 -4.616987064939000462e-01 1.518628401331548887e-09 -5.154132756034348240e-09 3.791969099082412733e-08 inf 0.000000000000000000e+00 -9.000000000000000000e+01
3.749329079198495407e+01 1.039100057296176750e-03 1.754287545007614246e-02 -6.590018098647851787e-08 -2.936793893129788339e+05 4.303163798473307800e+10 -6.925350878003826060e-08 1.111492127862601897e+01 inf 0.000000000000000000e+00 -2.000000000000000000e+01
3.708436336470301686e+00 4.338510471307488459e+00 6.975820778554572277e-01 8.103370438797878009e-05 -1.118381589336007176e+00 1.252947422419092192e+02 0.000000000000000000e+00 7.350117519301571749e-08 inf 0.000000000000000000e+00 -2.000000000000000000e+01
6.003263860129884888e-01 1.575390671369488460e-01 2.066462199524280428e-04 -3.297600295839979434e-02 -3.439758329794918579e-01 1.111249720111745749e-09 -1.620397671873664760e-04 -7.567166094072943283e-06 inf 0.000000000000000000e+00 -9.000000000000000000e+01
4.568647989903611983e-01 5.448846226490546008e-02 1.480968461558969107e-01 8.854375118047137783e-02 -5.211332416617880936e-01 2.276833468663886953e-05 1.090395607674894937e-09 0.000000000000000000e+00 inf 0.000000000000000000e+00 -9.000000000000000000e+01
3.827753714048138245e-01 5.248535660310547080e-01 7.417317513575813481e-02 -2.026703658639024963e-01 -3.551954865656023475e-01 1.134980982319142299e-06 8.891946337077198581e-09 4.688058076362178021e-03 inf 0.000000000000000000e+00 -1.000000000000000000e+01
2.672585245461103209e+00 4.166088764983484793e+00 1.895089850853658880e-05 1.204109206065541853e-07 -1.741110681969512797e+00 9.482961294483162362e+01 5.666224012005893318e-09 7.580359403414635520e-05 inf 0.000000000000000000e+00 -2.000000000000000000e+01
1.008912632153912803e+00 4.740467343565089463e-05 8.683034243163777569e-07 -7.509651237330835296e-06 -2.072663741503310555e-04 2.119154040619025985e-13 -3.059504517162068125e-09 7.217712772009355491e-13 inf 0.000000000000000000e+00 -8.000000000000000000e+01
3.167119973036665592e-01 6.127688643483983899e-01 7.573547761609418227e-01 1.219226438895455594e-01 -3.534322288751061691e-01 2.295014473214975204e-01 0.000000000000000000e+00 2.619595954541371823e-08 inf 0.000000000000000000e+00 -9.000000000000000000e+01
5.272243195084109768e-01 2.781190023731519850e-07 9.278730035506031240e-07 1.069531520741888930e-03 -4.801052378132147913e-01 -1.190203590941873191e-07 1.802763729902390782e-09 9.571063469336718241e-03 inf 0.000000000000000000e+00 -9.000000000000000000e+01
4.047974125633045372e-01 6.007853000939542554e-01 2.536367369094771636e-06 1.293048425779795272e-09 -2.884868437951152442e-01 7.608174114746553132e-10 -3.555106659491514854e-05 -2.340724707015836168e-07 inf 0.000000000000000000e+00 -9.000000000000000000e+01
3.263892519788910707e-01 9.852875544112774664e-01 3.836391001357872362e-06 3.187395038856358112e-05 -4.844124540254108190e-07 1.797244374011823403e-09 1.045465572744885482e-02 2.241137136695877009e-06 inf 0.000000000000000000e+00 -9.000000000000000000e+01
3.523939328262308823e-01 4.884571457785811255e-01 7.982013181149706551e-05 -2.036251666750420456e-08 -4.199361032845917441e-01 1.789500440133203613e-03 0.000000000000000000e+00 7.733089081464510073e-02 inf 0.000000000000000000e+00 -1.000000000000000000e+01
