4.656028162940669679e-01 4.327367351438975440e-01 4.537987007768077793e-04 1.862411265176268094e-01 -3.377902784878525355e-01 3.188769611053878870e-08 6.529903640383369928e-10 1.735866051068578991e-08 1.162867900465555249e+04 0.000000000000000000e+00 0.000000000000000000e+00
2.533131067029903427e-01 3.596865821156339793e-01 9.000077657587350855e-10 1.269413938271648749e-09 -5.931673459450805819e-01 3.438835642302032584e-09 4.258245697694313998e-09 1.329862221046489107e-08 1.185457342208343107e+04 0.000000000000000000e+00 0.000000000000000000e+00
3.624485014065492172e-01 4.836422190643641095e-01 4.615555135099024681e-02 -9.704748555494742399e-10 -4.043566093816814422e-01 1.083556273500456443e-08 5.164614013880680094e-09 1.448997609993223513e-04 1.767078496181740047e+04 0.000000000000000000e+00 0.000000000000000000e+00
5.409366832026746286e-01 1.287707729315190619e-01 -1.483147587020578002e-06 2.699556201357557346e-04 -4.156462014314669107e-01 6.538112140073830313e-10 3.193117657078550433e-09 7.616067172799882868e-09 2.020146690282383133e+04 0.000000000000000000e+00 0.000000000000000000e+00
4.804575230304396483e-01 3.945220311062959673e-01 3.270728454130266007e-06 -1.506088033005065305e-09 -3.466715867394432604e-01 2.444664633283584287e-09 1.934006321268680979e-03 4.729261939387886369e-10 2.451786306818000958e+04 0.000000000000000000e+00 0.000000000000000000e+00
5.735330388181192340e-01 4.155629749650588952e-06 -5.323348763415334275e-05 0.000000000000000000e+00 -4.343918873888714116e-01 1.046164213954154082e-09 2.651317672051217112e-05 2.195622447167414146e-04 3.002991324472590713e+04 0.000000000000000000e+00 0.000000000000000000e+00
4.999292563143927226e-01 4.226501155482366157e-01 3.696329909931103720e-09 2.166208553738823843e-05 -3.110246899971221834e-01 3.895363058927394136e-09 8.984925011832529118e-09 3.423370162736191527e-08 3.147619866422704217e+04 0.000000000000000000e+00 0.000000000000000000e+00
5.712050000090747037e-01 4.105958095278414098e-06 -3.363600871652076829e-02 1.149357911090880503e-08 -4.381181207552596879e-01 6.818558569776428287e-07 0.000000000000000000e+00 9.553856691687421018e-10 4.815403086470426206e+04 0.000000000000000000e+00 0.000000000000000000e+00
4.352889755654887338e-01 5.416037944824053652e-01 8.444160882040279567e-10 1.053651933068742766e-09 -2.998880269448874203e-01 1.128379020520426642e-09 5.081441946714504350e-09 5.604531558876291684e-10 5.792440638921684877e+04 0.000000000000000000e+00 0.000000000000000000e+00
5.551676716807794065e-01 4.720880025031979899e-01 2.446838060167551060e-09 2.445905931382725415e-05 -2.257812185884860157e-01 6.408385395676919837e-09 -3.239147527269424815e-08 1.459364128742789494e-08 7.418483909325605782e+04 0.000000000000000000e+00 0.000000000000000000e+00
5.257360397886370329e-01 5.527430281339438256e-01 7.829784829114185869e-06 6.703394730890741753e-06 -2.021022961173784549e-01 3.159118570546173901e-09 5.494585844992411099e-08 3.240947119507242608e-08 8.692698443384526763e+04 0.000000000000000000e+00 0.000000000000000000e+00
1.464161291088341421e-01 4.612842596004072537e-01 8.716411699455678397e-01 1.410343048671987719e-07 -3.173165607442292036e-01 4.100852614619500770e-09 2.218889916469581254e-04 3.119566743420158112e-07 1.080151812058385694e+05 0.000000000000000000e+00 0.000000000000000000e+00
1.655498058533137360e-03 7.399502823470421875e-01 1.697672203127900220e-08 4.165422519014848003e-08 -5.774744266994112918e-01 9.054251750015467838e-08 1.529328460538695062e-05 -8.258650214958534717e-10 inf 0.000000000000000000e+00 -9.000000000000000000e+01
2.835338528867809016e-01 8.957836275961115202e-01 2.058825748866712829e-09 -1.728554971863677446e-06 -1.391476760703024007e-01 0.000000000000000000e+00 0.000000000000000000e+00 7.269313663060195170e-10 inf 0.000000000000000000e+00 -9.000000000000000000e+01
1.038942173348493818e-05 7.469250410962881004e-01 5.720180464810182777e-05 -1.967511737057193698e-06 -6.116922968135917182e-01 4.668281506851800627e-02 1.075982981203152903e-07 -1.187986436128045568e-08 inf 0.000000000000000000e+00 -9.000000000000000000e+01
3.163324965247272802e-01 9.854413255793348370e-01 9.177637524710361259e-10 7.195485041562857230e-10 -2.363154990959134318e-03 2.677263490936217857e-09 5.178298963622802092e-05 1.186576212514327682e-09 inf 0.000000000000000000e+00 -9.000000000000000000e+01
5.139133917033378941e-05 8.642600103673119261e-01 1.269959054497671650e-04 6.300380523286113785e-06 -4.533823005205570578e-01 2.420369643237355826e-09 0.000000000000000000e+00 5.237963415437867261e-04 inf 0.000000000000000000e+00 -9.000000000000000000e+01
5.669575235662850377e-01 4.437058880083969981e-01 2.196258517920590514e-10 0.000000000000000000e+00 -2.325347524192154791e-01 1.258678052360901515e-08 4.331297286212732626e-10 2.326350485881043693e-10 inf 0.000000000000000000e+00 -9.000000000000000000e+01
3.644724200250177293e-01 5.348236598193194524e-01 9.596450918275843037e-07 5.476777657926245658e-05 -3.753669760583742132e-01 1.164136393383363921e-07 1.638764010158325578e-07 9.924971153021199700e-10 inf 0.000000000000000000e+00 -9.000000000000000000e+01
3.170161939527201267e-01 5.412471604070830944e-01 -6.913038156804226598e-10 9.721459908005943266e-10 -4.185000365290482138e-01 2.062389716779927843e-08 5.242387268909872326e-08 2.412362273468141776e-09 inf 0.000000000000000000e+00 -9.000000000000000000e+01
4.735259444532706752e-01 6.007126650708847215e-01 1.621879370018789483e-09 -1.912724254799686985e-08 -2.196416829127257608e-01 -3.433281722601572122e-09 5.971431819862437224e-08 2.194501193799445687e-06 inf 0.000000000000000000e+00 -9.000000000000000000e+01
3.578816010115924984e-01 5.749573262153453435e-01 8.504586665944905991e-06 7.310960467215796705e-06 -3.539703266835969586e-01 1.585284795187098667e-08 3.365816063310843848e-09 4.691743603402994656e-09 inf 0.000000000000000000e+00 -9.000000000000000000e+01
4.474872289616598775e-01 3.693414812569582595e-01 4.559789542485068984e-09 -1.532187346265144128e-09 -3.940190857952850512e-01 9.714067775321012513e-10 1.917072807646948206e-08 5.178793230376187036e-10 inf 0.000000000000000000e+00 -9.000000000000000000e+01
7.045446215601752771e-01 6.370097220439149544e-10 1.233169121231306320e-09 2.091536530254008438e-08 -3.036121277734996071e-01 4.728424870642607331e-09 1.401329475270185633e-05 3.764765754457215013e-05 inf 0.000000000000000000e+00 -9.000000000000000000e+01
4.809960854815898412e-01 6.000385949318830514e-01 1.586895964759710242e-08 1.601662247452942618e-06 -2.131504392184302987e-01 7.167400203370896596e-09 2.656013185730753599e-08 1.220136021242737975e-08 inf 0.000000000000000000e+00 -9.000000000000000000e+01
9.926543419792389633e-01 1.481920693047949421e-05 2.495050102812681747e-01 8.665604120521465115e-01 -4.646353554169675066e-06 3.877824672653311759e-09 2.638519880362047428e-09 6.890521852315769323e-04 inf 0.000000000000000000e+00 -9.000000000000000000e+01
1.131614984384301213e-02 7.932082176255673689e-01 2.576284454244531785e-02 4.648406046345483089e-06 -5.107406949928601225e-01 2.917000088045304162e-08 0.000000000000000000e+00 1.814256591673385428e-05 inf 0.000000000000000000e+00 -9.000000000000000000e+01
3.465415516069482726e-01 4.302346055799470825e-01 4.489645277005370921e-07 4.569461193041022000e-06 -4.590040928831654043e-01 0.000000000000000000e+00 2.552706298991769018e-09 -3.034281864011309764e-03 inf 0.000000000000000000e+00 -9.000000000000000000e+01
4.006493723448755762e-01 3.387169311999616017e-01 2.073598549758641423e-09 1.629256003381789778e-09 -4.572296272180068066e-01 3.167364817763199477e-09 1.549502213006457374e-08 4.272524484392805351e-10 inf 0.000000000000000000e+00 -9.000000000000000000e+01
2.140902263977932478e-03 8.868547115850162754e-01 5.313934020374820946e-03 2.969927066675831184e-05 -4.316549481166008229e-01 3.239455931651573622e-03 2.962691861288264161e-09 0.000000000000000000e+00 inf 0.000000000000000000e+00 -9.000000000000000000e+01
2.555254937851206831e-01 3.628280143069863017e-01 1.922586375544881271e-04 -3.468869759571451292e-08 -5.892545194760078209e-01 3.807626572029600786e-09 4.295436381969336103e-09 7.723655324045809053e-09 inf 0.000000000000000000e+00 -9.000000000000000000e+01
5.255993284445553693e-01 3.378852825714999120e-01 4.192487572203552932e-07 3.814124230976587962e-05 -3.318299907691432682e-01 7.962875091403313725e-10 3.888950894498388839e-09 8.662164405379242331e-10 inf 0.000000000000000000e+00 -9.000000000000000000e+01
4.249010322354636049e-01 5.286787037031113190e-01 4.726755950180691683e-09 1.028507081752280196e-09 -3.191652914948412967e-01 1.101450846415562347e-09 2.305022963359720121e-09 3.536313710875924656e-08 inf 0.000000000000000000e+00 -9.000000000000000000e+01
2.760313096930822432e-06 5.612785438656383574e-01 7.658451385906229428e-04 -3.476502440999360009e-06 -7.216438421129636183e-01 1.212299670949347682e-08 4.899468321595170042e-10 2.874306567528398058e-04 inf 0.000000000000000000e+00 -9.000000000000000000e+01
7.227599378389288898e-01 2.485013772290023681e-01 3.404211871932393617e-08 1.820098530347334399e-09 -2.426047343795006139e-01 1.385711069632911685e-01 1.776165117545846996e-09 1.119674406255049834e-08 inf 0.000000000000000000e+00 -9.000000000000000000e+01
1.505065346494499190e+00 2.187560325399925620e+00 5.009486270558111381e-08 1.229278191214969030e-07 -8.821769159650925118e-01 1.136904685516734432e-08 1.031527083576047744e+03 7.823359474352593879e-03 inf 0.000000000000000000e+00 -2.000000000000000000e+01
9.835012123392206096e-01 2.862730512670284452e-07 3.941649047596271198e-07 4.326912874442758602e-09 -2.347505769482994067e-02 7.220887069686941552e-10 -2.871496725766558252e-09 1.590280965541948958e-09 inf 0.000000000000000000e+00 -8.000000000000000000e+01
7.337448269678181756e-01 3.459780526567929424e-03 3.052747523442291000e-03 5.644190976675524107e-02 -2.735261781004292847e-01 1.124850455550793471e-07 1.537680234030191009e-02 1.283571685475138549e-07 inf 0.000000000000000000e+00 -9.000000000000000000e+01
2.436610819554950891e-03 7.017439160318259539e-01 5.465453435529508616e-03 3.525942326073890377e-09 -6.086112358177255821e-01 5.184022756298568739e-10 1.129470640314534507e-03 7.745777192290467871e-10 inf 0.000000000000000000e+00 -9.000000000000000000e+01
1.976118550774088045e-01 4.422465832217400478e-05 -4.792267192644503501e-08 2.247350508723472640e+00 -1.641922031157881934e-01 7.039436338882142456e-07 5.571732338436078807e-09 0.000000000000000000e+00 inf 0.000000000000000000e+00 -2.000000000000000000e+01
9.169807729446255331e-06 7.497031429602051267e-01 8.783107191737601416e-10 -3.529468074081417932e-06 -5.682273821642824796e-01 9.946799627235959260e-10 5.372934216472415233e-08 -1.272515100355630811e-03 inf 0.000000000000000000e+00 -9.000000000000000000e+01
6.785144770333780828e-01 4.162107096924258509e-01 2.347644444412487176e-08 1.251501633969891939e-09 -1.373578087652936042e-01 4.656463979021581152e-05 1.233006535930928125e-09 7.718620914927610126e-09 inf 0.000000000000000000e+00 -9.000000000000000000e+01
6.431534597068430115e-01 0.000000000000000000e+00 0.000000000000000000e+00 3.029508422641753686e-07 -3.645839520830584379e-01 6.809111478774134306e-10 1.332692407075579106e-09 2.301261205660563135e-09 inf 0.000000000000000000e+00 -9.000000000000000000e+01
7.553935728907046343e-01 3.639979392685778747e-01 6.462132365305966319e-08 1.051875765359465698e-01 -8.806401756497851674e-02 2.362061018004437116e-09 -1.421610797873040983e-09 1.511719051522839807e-06 inf 0.000000000000000000e+00 -9.000000000000000000e+01
5.569424784967529352e-01 4.032341353762725110e-06 1.484803113854722204e-08 3.403642970649182280e-06 -4.508581968783237914e-01 1.479157474638544602e-08 4.486160416515949764e-04 1.863837781294770928e-04 inf 0.000000000000000000e+00 -9.000000000000000000e+01
2.188430422144252430e-01 6.468367774542919113e-01 -3.532606217563857148e-02 1.207107816252769864e-08 -4.611517719390219594e-01 1.989482201949320517e-02 0.000000000000000000e+00 5.073957602951662269e-10 inf 0.000000000000000000e+00 -9.000000000000000000e+01
2.711479047691677247e-01 3.078097689237082680e-04 5.750522177582864462e-07 1.840281808541643638e-01 -7.361127234166574551e-01 5.787863230684052418e-08 1.672879178933197212e-05 7.785463708108903509e-10 inf 0.000000000000000000e+00 -9.000000000000000000e+01
5.279541877531498395e-01 4.360510513664904164e-01 5.244753636451063670e-09 1.423765344288008272e-02 -2.747317162196946105e-01 4.880534633919740344e-10 4.152096628857092245e-09 -1.676590628064473197e-03 inf 0.000000000000000000e+00 -9.000000000000000000e+01
4.224685397934652142e-01 2.678329259456178613e-01 -3.963912776556027514e-08 1.268843660428743741e-09 -4.709816735496525908e-01 2.612989615244949822e-09 1.204836710199400619e-07 -8.144696160947947891e-08 inf 0.000000000000000000e+00 -9.000000000000000000e+01
5.511713119096475211e-01 6.370284288766237088e-05 3.512006918750524686e-03 2.613918644099522570e-09 -4.563776642939812445e-01 2.021236255158850924e-08 -7.514105962982470849e-09 2.162489797486234497e-09 inf 0.000000000000000000e+00 -9.000000000000000000e+01
5.988319901825233105e-01 1.203901813596114541e-02 3.602348690941741764e-03 -1.246286451252685329e-08 -4.042115933732032262e-01 5.234997981395527719e-08 4.649135080030332066e-04 7.900831470501062211e-10 inf 0.000000000000000000e+00 -9.000000000000000000e+01
3.481361752386745168e-01 5.264042971437330465e-01 8.014406618631165056e-10 -2.649448088241625939e-09 -3.976032457149473176e-01 1.828884113405636899e-09 3.816317876186363171e-08 4.263594781791878347e-07 inf 0.000000000000000000e+00 -9.000000000000000000e+01
6.104809354772502417e-01 1.366229307098338350e-04 -2.761717895686107775e-07 4.475545787455843878e-09 -3.972039419932108517e-01 1.490633735398566889e-09 2.143013780964198853e-09 3.078942248568971184e-08 inf 0.000000000000000000e+00 -9.000000000000000000e+01
9.562558471589831521e-01 1.022635287369045784e-02 -1.685624775607864922e-06 5.860442678831778578e-06 -4.764133254928847733e-02 3.576930345966662040e-09 7.942245339615771993e-09 1.065779245941086962e-09 inf 0.000000000000000000e+00 -9.000000000000000000e+01
1.703180762860502517e-01 1.103386269426630983e+00 1.064909634193740013e-07 0.000000000000000000e+00 -8.795012603832227908e-10 1.111718848883574809e-09 2.966533980968275827e-08 2.216123757971862940e-09 inf 0.000000000000000000e+00 -9.000000000000000000e+01
4.808700805752592622e-01 3.929060414456386208e-01 0.000000000000000000e+00 1.722521721644283479e-06 -3.469692654557256506e-01 2.519584160616722726e-09 3.245201096361870544e-05 0.000000000000000000e+00 inf 0.000000000000000000e+00 -9.000000000000000000e+01
3.233055225982637282e+00 5.593285702951845528e-04 5.940633338131735802e-07 9.010625063206525622e-07 -1.536398011485283488e-01 0.000000000000000000e+00 5.593854448927751946e+03 -3.289276848294417381e-08 inf 0.000000000000000000e+00 -2.000000000000000000e+01
4.868928494455982033e-03 5.763346079957926832e-02 1.350799142859991344e-07 6.753995714299956719e-08 -9.807456719114845400e-01 4.748903236617157585e-10 3.697230412569373144e-09 2.806401667493602649e-08 inf 0.000000000000000000e+00 -9.000000000000000000e+01
1.309400647721224997e+00 9.336919391421234782e-02 3.143305532171690453e-02 4.334677123032840096e-09 -3.102386761930402415e-01 3.166368839034962246e+00 2.101930390094697001e-08 1.956702077276972539e-09 inf 0.000000000000000000e+00 -3.000000000000000000e+01
4.824513223815076746e-01 8.198712656421940359e-01 2.253756070950192326e-08 1.658341061990748335e-08 -2.044128493986065859e-02 2.832644123453541816e-04 3.248869382409980567e-03 -1.431113052645632932e-06 inf 0.000000000000000000e+00 -9.000000000000000000e+01
4.956967763164009666e-01 5.250472433351351942e-01 2.332565547524632413e-09 1.255373818980270803e-09 -2.505660239932684386e-01 0.000000000000000000e+00 7.791416863606584850e-09 -8.990096381084521060e-10 inf 0.000000000000000000e+00 -9.000000000000000000e+01
5.028707439684152458e-01 3.682996998078533757e-01 1.276377443668712551e-09 -1.509225628482694766e-08 -3.390836178519419097e-01 2.263838442724041818e-08 8.278408638963425531e-05 6.605435195997970887e-04 inf 0.000000000000000000e+00 -9.000000000000000000e+01
1.608471541148280282e-01 2.886596848906693435e-01 1.316428501490675497e-07 1.054453378900691018e-02 -7.236155588539939787e-01 1.911880335698597001e-10 3.041692439136608507e-03 7.565825890276665683e-05 inf 0.000000000000000000e+00 -9.000000000000000000e+01
7.434444622251719891e-04 8.404173327244496283e-01 1.852782177924515780e-05 1.964677730804788303e-07 -4.802384758425426448e-01 4.293666564010464949e-08 6.863360947016727852e-08 1.028398197634506425e-05 inf 0.000000000000000000e+00 -9.000000000000000000e+01
3.181480340705702958e-02 5.501513696851092483e-01 0.000000000000000000e+00 6.833717960641052145e-07 -6.950310898157073813e-01 4.128121121203504813e-09 4.580318134480213997e-09 9.789170279094470441e-04 inf 0.000000000000000000e+00 -9.000000000000000000e+01
6.594730621035762574e-01 4.942065732569662134e-06 4.023801636551917931e-08 5.872889671846007342e-09 -3.482720165251134703e-01 9.623398422678358373e-09 1.452848239454213855e-04 5.106070537712648380e-10 inf 0.000000000000000000e+00 -9.000000000000000000e+01
1.984639396141558709e-01 1.280678587952135683e-01 3.904016220362190315e-01 1.236430653562453803e-02 -4.180291198561075783e-01 -3.066806987169246046e-01 -3.231547872855621839e-01 -2.545758937624871265e-01 inf 0.000000000000000000e+00 -9.000000000000000000e+01
3.329535677002958272e-01 5.442893651627590534e-01 -4.062232899337441666e-02 -8.485619070144202499e-10 -4.067217234183254648e-01 1.241834143131825614e-08 1.136367367817998196e-09 1.275288798440387338e-04 inf 0.000000000000000000e+00 -9.000000000000000000e+01
4.256473729470192091e-01 5.249149581572780665e-01 1.255080729672063929e-07 2.426967536691579732e-06 -3.196115432906062592e-01 5.056182368107457554e-08 -8.893143455962052356e-08 3.754036111072690957e-09 inf 0.000000000000000000e+00 -9.000000000000000000e+01
3.207440624753276071e-01 6.444998062884517154e-01 2.683749239003231922e-05 5.931016886281756934e-07 -3.395670708365557400e-01 6.390562988850802883e-08 1.808565227884040622e-08 7.940956652393123998e-04 inf 0.000000000000000000e+00 -9.000000000000000000e+01
4.799840528189173172e-01 8.786148763464927125e-01 1.520517368780676910e-08 -1.008780043212639699e+00 -5.408746977421195638e-06 1.807995595679984695e-08 7.065729914151664796e-08 1.129131349026197389e-08 inf 0.000000000000000000e+00 -1.000000000000000000e+01
3.298951663661586209e-01 4.719333629960325016e-01 1.491496520390980665e-04 3.288593249458262373e-09 -7.437914167607373450e-01 6.597903327323172418e-01 3.669081440161812415e-04 0.000000000000000000e+00 inf 0.000000000000000000e+00 -1.000000000000000000e+01
5.884130394651425622e-01 1.457369757189207714e-02 -1.499795896647567328e-09 1.463062607803228103e-02 -4.126178125041944367e-01 9.195581176278071765e-10 3.168871923819917477e-06 2.863863657851916010e-09 inf 0.000000000000000000e+00 -9.000000000000000000e+01
1.007733314599531305e+00 4.686050600050164192e-08 0.000000000000000000e+00 3.732188055837958189e-09 -5.021290192541284291e-10 7.245265266910478308e-09 4.718186857282428266e-09 1.300057678941597840e-08 inf 0.000000000000000000e+00 -9.000000000000000000e+01
4.198664654634463589e-01 5.519922762736217958e-01 1.808404982140964216e-09 7.758640729830589425e-09 -3.082935585570760195e-01 4.913261329543244416e-06 8.640967354181623171e-10 8.716633352060184931e-04 inf 0.000000000000000000e+00 -9.000000000000000000e+01
4.002778663672528214e-01 5.245695265839792620e-01 4.026041297543677013e-05 1.174409387874580414e-02 -3.464507694230012369e-01 1.724485433550789224e-09 2.216674722196363353e-09 5.924500696659688121e-10 inf 0.000000000000000000e+00 -9.000000000000000000e+01
4.839051939564385091e-03 1.219257906993333140e+00 5.058897929984685016e-10 2.132744019403615536e-09 -4.694948438618880606e-10 6.801488094644157307e-08 0.000000000000000000e+00 3.173639564709816603e-09 inf 0.000000000000000000e+00 -9.000000000000000000e+01
8.863285575002128880e-01 3.169785501766137492e-01 9.463929643011954548e-05 0.000000000000000000e+00 1.741363054314199604e-02 0.000000000000000000e+00 7.088783334524446077e-10 0.000000000000000000e+00 inf 0.000000000000000000e+00 -9.000000000000000000e+01
5.197981710311330161e-01 1.525576420957983216e-07 1.782054068736223240e-04 -6.097597114631445321e-09 -4.881994980201219136e-01 -1.394913625644452292e-09 -9.858566763520917694e-10 3.007598576811456261e-09 inf 0.000000000000000000e+00 -9.000000000000000000e+01
4.816532142198978739e-01 1.998348441976172118e-01 5.968166164985635873e-06 1.307546980443747540e-09 -4.440774315502604708e-01 4.759343753634662406e-09 2.526015334482568264e-09 0.000000000000000000e+00 inf 0.000000000000000000e+00 -9.000000000000000000e+01
8.958449535492054583e-01 7.181690377619464050e-01 1.907813170722235493e-09 5.795302328976418918e-07 2.993615219776928349e-01 0.000000000000000000e+00 -1.251480942893594781e-09 2.847814412273424345e-09 inf 0.000000000000000000e+00 -9.000000000000000000e+01
8.708183573703267566e-01 2.094064323497030200e-01 2.225739149329306601e-09 6.052773335982091635e-02 -5.003300539823906518e-02 2.432311018090588639e-08 1.476552442202121825e-09 3.011294143210238416e-09 inf 0.000000000000000000e+00 -9.000000000000000000e+01
6.865492271920796696e-01 1.538615680931769208e-04 -4.639739965765869257e-10 -1.044233320464778678e-06 -3.212698306732167941e-01 1.301750364953392353e-09 5.854925570933947874e-08 5.718520494908604866e-09 inf 0.000000000000000000e+00 -9.000000000000000000e+01
0.000000000000000000e+00 1.024620465297098937e+00 8.332631420874744447e-10 1.424830094891671450e-01 -2.619172968550866343e-01 4.090209709169429842e-09 9.991351961329904469e-10 -7.942344234885294908e-10 inf 0.000000000000000000e+00 -9.000000000000000000e+01
7.692656503886218244e-01 1.494004673272128528e-09 5.135402252884247442e-09 5.145966508947323766e-05 -2.369338203196955095e-01 3.474466438522828075e-06 -6.798294410961051297e-08 2.738881201538265192e-08 inf 0.000000000000000000e+00 -9.000000000000000000e+01
5.417913042282627156e-01 5.830444492202624396e-01 5.327571281750958087e-10 6.557010808308871810e-09 -1.650125799679988126e-01 6.377717544019176275e-10 2.633049652711531149e-09 3.957258476108283956e-10 inf 0.000000000000000000e+00 -8.000000000000000000e+01
1.479312752688413113e-01 1.329566369747561538e-01 0.000000000000000000e+00 9.152776542429525949e-08 -8.077229140445937317e-01 1.619451818788321093e-09 2.434249080433384616e-10 1.460549448260030666e-08 inf 0.000000000000000000e+00 -9.000000000000000000e+01
4.879280768425419135e-01 6.159092117520610365e-01 6.372783966203181777e-08 2.268138971712015425e-06 -1.926382707752658519e-01 4.151844915637359703e-09 1.952837141563708339e-05 8.566904879754121476e-10 inf 0.000000000000000000e+00 -9.000000000000000000e+01
9.120584932509371301e-01 1.952487424036208896e-02 -8.218646551876553058e-07 1.475931943274497612e-06 -8.460778837490239013e-02 3.384305953165312309e-09 2.260662869900939841e-09 1.759036493443630681e-09 inf 0.000000000000000000e+00 -9.000000000000000000e+01
5.863432498481844224e-01 4.181491702104582209e-01 0.000000000000000000e+00 2.253917906131755217e-09 -2.400269678163384490e-01 2.117026175995685711e-02 2.227810748917873858e-09 6.744028699124187906e-05 inf 0.000000000000000000e+00 -9.000000000000000000e+01
6.234345360922274315e-01 3.876136463529936127e-01 -1.560097087761778388e-09 4.412701795157910129e-09 -2.080373941090367662e-01 4.756428040254421135e-07 6.155567538508608363e-08 6.664492413739635772e-10 inf 0.000000000000000000e+00 -9.000000000000000000e+01
7.898144299850355932e-01 3.538660494621175823e-01 3.098575850636181906e-09 9.703434900676463934e-09 -5.791364469289810718e-02 4.120562271547765009e-08 0.000000000000000000e+00 0.000000000000000000e+00 inf 0.000000000000000000e+00 -9.000000000000000000e+01
6.997628610371454672e-01 4.245361823065041781e-05 6.203917986413399413e-10 7.609095624976435246e-09 -3.078536310568822931e-01 7.417302576816020660e-10 3.311365688647152253e-09 0.000000000000000000e+00 inf 0.000000000000000000e+00 -9.000000000000000000e+01
3.729873679819774024e-01 5.501808420101608199e-01 3.250484567592281326e-04 1.912049745642518706e-05 -3.563448869959048859e-01 4.079910834207913042e-07 5.525122384354430219e-10 7.476238209852529735e-10 inf 0.000000000000000000e+00 -9.000000000000000000e+01
3.788257432854486573e-01 4.134217015763572145e-01 1.559447852224087211e-09 1.369220990250305931e-07 -4.376388723799931602e-01 8.062732035961892268e-08 2.507489042386102502e-05 4.977989528277303179e-10 inf 0.000000000000000000e+00 -9.000000000000000000e+01
5.641100416936335460e-01 2.893387223838073745e-05 5.315892854097434284e-03 9.850036759062892611e-02 -4.427826047883509641e-01 1.185398892516938342e-08 4.980166416360470853e-08 3.311363346542914226e-06 inf 0.000000000000000000e+00 -9.000000000000000000e+01
6.292430082516683454e-01 2.365319941089904232e-01 6.367892239050630292e-07 -7.993593541604870132e-09 -2.789719452051011572e-01 4.587041019655114805e-09 -2.588642634253897686e-09 0.000000000000000000e+00 inf 0.000000000000000000e+00 -9.000000000000000000e+01
4.277328253659135313e-07 7.246674182691206223e-01 2.787150984064188219e-09 1.993814680535039852e+00 -3.153282549765632492e-01 5.034382667550497187e-09 0.000000000000000000e+00 6.256497300615291498e-10 inf 0.000000000000000000e+00 -9.000000000000000000e+01
1.704678769720747056e+01 1.012153019521693648e-01 0.000000000000000000e+00 9.981849332890879625e-05 1.610921437386106092e+01 5.202266753298178704e-03 8.827088363140220404e-08 1.632058783688515545e-07 inf 0.000000000000000000e+00 -2.000000000000000000e+01
8.379839933968255203e-03 6.546414456600396781e-01 4.934338839600492800e-09 2.982149442693329198e-05 -6.431899918000972827e-01 1.265010902509682501e-07 3.043079284364568767e-09 2.348005847823727143e-07 inf 0.000000000000000000e+00 -9.000000000000000000e+01
5.696940560806170728e-01 1.209432463318687034e-01 -1.392992213061731618e-06 2.535459586168217587e-04 -3.903805171175375732e-01 6.109370819354420997e-09 1.558654969858075686e-07 9.521653985466256489e-04 inf 0.000000000000000000e+00 -9.000000000000000000e+01
5.961848034044834321e-01 2.872807601897252039e-01 -4.713501635967381039e-08 2.408304742127083882e-07 -2.880530202977620857e-01 1.875734293610066392e-09 1.121988304460009018e-09 1.823950218019604132e-09 inf 0.000000000000000000e+00 -9.000000000000000000e+01
8.857716928985922555e-01 0.000000000000000000e+00 6.945536506804143397e-10 1.447119407091165266e-01 -1.211541829192603337e-01 9.327579713108813485e-10 -1.835426975805282667e-09 2.084884570025113123e-06 inf 0.000000000000000000e+00 -9.000000000000000000e+01
4.039249163099066231e-01 2.278801585961458820e-01 0.000000000000000000e+00 1.727395011509179646e-06 -5.085737445064200113e-01 5.450574837206678672e-09 2.892885307982689210e-09 2.207920020954042458e-09 inf 0.000000000000000000e+00 -9.000000000000000000e+01
1.134551112011599860e+00 1.962012624531778843e-04 1.352490320219516588e-07 6.832893805275682775e-08 -5.429004344586757513e-02 0.000000000000000000e+00 7.721250623412276859e+00 -1.127075266849597212e-08 inf 0.000000000000000000e+00 -3.000000000000000000e+01
1.252496822289327350e+00 3.599150630577741569e-04 1.870798612727744424e-04 2.338707187582167724e-01 -9.471521000852520800e-01 8.401842037717226486e-01 4.899207445993333749e+02 4.818063639002572268e-10 inf 0.000000000000000000e+00 -3.000000000000000000e+01
7.334947733182445306e-01 1.071849633035022015e-05 1.760969594672769367e-01 1.931994158992684576e-06 -2.658433437687817147e-01 1.387926838356813614e-07 3.647841845025268049e-04 1.468889237260961188e-08 inf 0.000000000000000000e+00 -9.000000000000000000e+01
4.257257241451738450e-01 6.090242998187903600e-01 1.924758229099635901e-04 4.243889833143575614e-09 -2.611511965242385713e-01 8.781474464428575164e-09 3.242390571481320111e-08 -1.389176395208935197e-08 inf 0.000000000000000000e+00 -9.000000000000000000e+01
4.226995073512683776e-01 4.637003833530080055e-01 9.090968042052394171e-03 -1.221455830943753252e-06 -3.797462086827791961e-01 2.885924754289115671e-02 4.174897859671031622e-09 -6.676927238986074398e-09 inf 0.000000000000000000e+00 -9.000000000000000000e+01
4.200469642039702522e-01 5.776869670870453666e-01 7.913714014574972103e-08 4.231152404547828000e-09 -2.898226139962126191e-01 1.207337453366664698e-09 6.606433823376745858e-08 2.602888237832180959e-08 inf 0.000000000000000000e+00 -9.000000000000000000e+01
5.590795601602068787e-01 1.544499119788644807e-09 7.514840032437822672e-05 3.378802438053995283e-06 -4.470542550344725474e-01 1.777266057841640546e-07 8.018914621932965040e-09 0.000000000000000000e+00 inf 0.000000000000000000e+00 -9.000000000000000000e+01
5.575875649068678941e-01 5.643708686161972299e-01 5.256113303976107667e-10 6.469062527970593734e-09 -1.627992890239030321e-01 6.292174099471398150e-10 1.629395124232593315e-08 7.154265630933239395e-04 inf 0.000000000000000000e+00 -9.000000000000000000e+01
2.527373534167305924e-01 4.867534213951848487e-01 1.686890019246596701e-09 -1.896988466088162474e-08 -5.183455905722761381e-01 8.037791202818409677e-09 1.094093677194189155e-04 8.729896285914991779e-04 inf 0.000000000000000000e+00 -9.000000000000000000e+01
3.884851863439960362e-01 5.733973492762911572e-01 7.615284783489371649e-10 4.518612962817345138e-10 -3.248686165278394933e-01 2.179045803607581381e-08 1.734338451205440194e-05 4.659416734581779402e-05 inf 0.000000000000000000e+00 -9.000000000000000000e+01
2.134121840456536072e-03 6.031227199867991162e-01 3.158660796099427108e-09 -3.734952257743433782e-08 -6.892831085563417837e-01 5.835862902724114622e-08 4.925468289899152770e-08 3.899290157084144106e-06 inf 0.000000000000000000e+00 -9.000000000000000000e+01
7.854372888022745913e-01 1.193864678979457361e+00 0.000000000000000000e+00 4.599175408597913456e-06 7.422382379181494683e-01 1.265597193870852673e-04 4.067114857715225579e-09 1.093015758343008964e-03 inf 0.000000000000000000e+00 -9.000000000000000000e+01
5.355864441972120193e-01 1.556388977618072501e-07 3.459334935924241426e-03 6.409944145977271301e-02 -4.720974736084847523e-01 7.714022675850173574e-09 3.250563014351959619e-08 3.098950933458678034e-09 inf 0.000000000000000000e+00 -9.000000000000000000e+01
5.513598443124462234e-01 2.842913381004479268e-05 2.757849831021667864e-04 -9.436446102979414421e-09 -4.560027093759256300e-01 2.158723674137182481e-09 -1.521125964476411438e-09 3.236518842547750168e-06 inf 0.000000000000000000e+00 -9.000000000000000000e+01
1.824133261556803720e-01 1.618393037962038170e-05 1.251666084232054322e-09 1.765409626267598962e-09 -8.249344921679565568e-01 4.782485336767252040e-09 2.644523091818819552e-04 4.483580003219299035e-08 inf 0.000000000000000000e+00 -9.000000000000000000e+01
4.569559513672047935e-01 3.427169635254035951e-01 9.663017570312865123e-01 2.504648504691526037e-09 -1.451635546142633071e-01 5.638169794110794281e-09 2.110146909179767133e-02 2.324660776648758385e-07 inf 0.000000000000000000e+00 -9.000000000000000000e+01
2.883870850668887598e-01 1.745053481347774715e-01 1.263018556276056130e-08 0.000000000000000000e+00 -6.481627216434592276e-01 8.569276969386343810e-10 4.744762223443473094e-09 1.760289899622712063e-09 inf 0.000000000000000000e+00 -9.000000000000000000e+01
5.947531832207300084e-01 3.888012463552970358e-04 -6.067468846403770024e-10 1.614050579464152216e-02 -4.128056633538619291e-01 2.798688332755612609e-09 0.000000000000000000e+00 5.939924456239125234e-10 inf 0.000000000000000000e+00 -9.000000000000000000e+01
4.003637481397307463e-01 5.035995260971264624e-05 1.298176520991405978e-06 3.106150862945989045e-09 -6.075084700033305252e-01 6.955702842652162318e-07 4.889431629773018085e-09 1.811470869189030770e-05 inf 0.000000000000000000e+00 -9.000000000000000000e+01
3.060356744140201313e-01 2.366471113739800070e-02 1.002763819925362683e-09 6.813202970531105629e-02 -6.924894822507025038e-01 3.153921060180186376e-09 1.264897100652739752e-09 3.808006008280879317e-08 inf 0.000000000000000000e+00 -9.000000000000000000e+01
3.422956151303312988e-01 6.003338480747348882e-01 9.171274996344280921e-10 2.373741763759696044e-09 -3.501947447102620181e-01 5.649897751758615727e-08 1.868585975191000569e-09 7.234027069308991375e-10 inf 0.000000000000000000e+00 -9.000000000000000000e+01
6.035577044922945111e-01 2.956754597288094311e-01 0.000000000000000000e+00 3.253095877139746360e-07 -2.766871274526473412e-01 1.551162453842417730e-09 3.258956946997913241e-10 3.809695407808413310e-09 inf 0.000000000000000000e+00 -9.000000000000000000e+01
4.957004048006070640e-01 1.093292296237801005e-02 1.395835074889796079e+00 0.000000000000000000e+00 -5.214808522975700536e-03 0.000000000000000000e+00 7.683172076035433765e-10 -5.216557179607572155e-10 inf 0.000000000000000000e+00 -9.000000000000000000e+01
9.611874902819755873e-01 3.433518224434482921e-04 1.639584798062551222e-09 3.135941498823086071e-08 -4.542454038503634939e-02 1.017170768208001065e-07 4.116928326660051715e-04 1.852617746997023270e-06 inf 0.000000000000000000e+00 -9.000000000000000000e+01
5.077716550782152005e-01 7.850653957946873707e-01 8.317659778071143698e-09 7.814641783827851462e-01 -3.750352300450555348e-06 1.400586581984882916e-08 3.769778060706437292e-09 5.466848967038695433e-10 inf 0.000000000000000000e+00 -9.000000000000000000e+01
2.874467549040773950e-01 4.269346693663703673e-01 3.083295900509433975e-08 0.000000000000000000e+00 -6.460492880358832402e-01 8.541335532251842609e-10 6.866728861396555968e-08 4.712997323629603841e+01 inf 0.000000000000000000e+00 -3.000000000000000000e+01
2.237943196551484548e-01 9.634009511251656610e-01 5.138176092688662242e-04 2.108731695595856270e-01 -1.098297758122841750e-01 1.047418363688317931e-09 3.558141794294139189e-09 2.318614580136399064e-06 inf 0.000000000000000000e+00 -9.000000000000000000e+01
3.543285698977985954e-01 5.847389514160392654e-01 1.604889805571388540e-09 -1.904228803015040762e-08 -3.504561265109374379e-01 7.386099599573491861e-09 0.000000000000000000e+00 1.840754509581206136e-08 inf 0.000000000000000000e+00 -9.000000000000000000e+01
4.179756602596556569e-01 4.688272984514831876e-01 1.256753539546333082e-08 1.211214705407477718e-05 -3.658837382094908830e-01 5.736710274635026302e-08 9.689717643259821746e-06 -5.787072824565375550e-10 inf 0.000000000000000000e+00 -9.000000000000000000e+01
4.606193732970677822e-03 9.428470563554490285e-05 7.811202659058666094e-04 1.169777298984150114e-07 -1.000521111452539857e+00 1.145529814355347078e-06 1.551306554587699010e-09 2.099127681125269594e-09 inf 0.000000000000000000e+00 -9.000000000000000000e+01
3.159907625414885013e-01 7.845962586943461270e-01 0.000000000000000000e+00 7.856968457155819041e-03 -2.215848536088146914e-01 4.938229632955642910e-10 1.671898686773186213e-06 1.155290622617667146e-09 inf 0.000000000000000000e+00 -9.000000000000000000e+01
5.786257814805405575e-01 2.425122760616971532e-02 1.783611141764563311e-09 -1.497489483345383536e-06 -4.197873316623529361e-01 3.962828925399181443e-08 8.115008038360098550e-10 9.002587042555734022e-10 inf 0.000000000000000000e+00 -9.000000000000000000e+01
2.148320848229744626e-05 8.619940108750073771e-01 4.266704003587488100e-10 2.484452681626235466e-06 -4.613264243386613894e-01 2.848433752917640361e-09 4.207237745697767302e-10 4.653234679870675100e-10 inf 0.000000000000000000e+00 -9.000000000000000000e+01
6.811352054579778992e-01 6.121859361938267741e-01 0.000000000000000000e+00 4.214307163518260260e-07 -7.571804832798765441e-06 6.401163954043693629e-08 1.992580219157569803e-09 1.307630768822155274e-09 inf 0.000000000000000000e+00 -9.000000000000000000e+01
3.092004228964836954e-01 5.258258688778525425e-01 7.680914870848651163e-08 7.292454808414925680e-07 -4.369538910393422348e-01 1.131169215893659062e-08 -5.473755425202486655e-08 2.310620044660827952e-09 inf 0.000000000000000000e+00 -9.000000000000000000e+01
4.434784750417817834e-01 3.633192201633376195e-01 4.293872503172525499e-08 6.220530613338810165e-09 -4.007962743922205973e-01 3.598910479537666175e-08 7.155161459856674024e-10 5.448781491110366615e-10 inf 0.000000000000000000e+00 -9.000000000000000000e+01
4.204858569277292180e-01 4.308798893461674440e-01 2.297902771951288564e-07 1.770596039049476424e-09 -3.855241115202551194e-01 2.161323992000752545e-09 4.540892426190505913e-10 5.336428618685896626e-09 inf 0.000000000000000000e+00 -9.000000000000000000e+01
1.377624045801526904e+02 9.823398735687025152e+00 3.583103645848864649e-03 8.771139133067533032e-07 -1.059146327826813172e+00 2.183230534351145476e+07 2.216112280961212057e-06 -7.539447254806986448e-05 inf 0.000000000000000000e+00 -2.000000000000000000e+01
3.320262482605103038e-01 6.356438335682496055e-01 2.963254461726494366e-09 3.426262971371259395e-09 -3.346895604123325541e-01 8.367225210008963358e-10 0.000000000000000000e+00 1.025184446461536471e-04 inf 0.000000000000000000e+00 -9.000000000000000000e+01
2.745058414395790125e-01 5.654491584144621941e-01 5.778799992880358921e-04 -1.368384013432747492e-08 -4.438118394532116207e-01 3.435656281936158578e-08 4.480722831574533378e-08 4.441532835963094621e-07 inf 0.000000000000000000e+00 -9.000000000000000000e+01
3.579933972153369615e-01 4.518933046816548393e-01 4.675719004620298119e-08 1.664136200347653136e-06 -4.352651960678277088e-01 3.046213441289408715e-09 1.432798881016813492e-05 2.185018293550640634e-05 inf 0.000000000000000000e+00 -9.000000000000000000e+01
1.346832166883514884e-02 9.440652141202542369e-01 3.054041194747199317e-02 3.414919109360882073e-06 -3.430299069940054291e-01 3.471772293223058263e-08 0.000000000000000000e+00 3.098964530192394533e-08 inf 0.000000000000000000e+00 -9.000000000000000000e+01
2.634463966570589899e-01 4.404367002935351549e-01 7.902846292181928448e-07 4.520179170583427629e-05 -5.383115225809873561e-01 2.019942621427237191e-03 1.847368104717724344e-09 0.000000000000000000e+00 inf 0.000000000000000000e+00 -9.000000000000000000e+01
1.966605978827129335e-03 8.050468550308187421e-01 3.376625359872995405e-03 2.512464424290318316e-09 -5.141375932571452534e-01 2.533696518016715300e-08 6.440401763673772923e-08 2.963646415976255570e-09 inf 0.000000000000000000e+00 -9.000000000000000000e+01
2.706898485432799872e-01 6.903832834406590235e-01 8.048683412873880069e-10 4.823042474227873517e-09 -3.526418210380344309e-01 1.584456538921626438e-04 1.823741812146524978e-03 2.183321017745098473e-09 inf 0.000000000000000000e+00 -9.000000000000000000e+01
4.995308826937249758e-01 6.782845809125579439e-01 4.933202919728587880e-08 2.276862886028579098e-08 -1.319226779662962534e-01 7.385209104682442243e-08 2.989112301658032036e-04 1.349771023717455118e-06 inf 0.000000000000000000e+00 -9.000000000000000000e+01
1.005936787812014233e+00 4.743230046081058429e-03 2.667976076203107435e-07 3.776971894225919317e-09 -5.081542421292210217e-10 7.332203755522724639e-09 4.774802042406935608e-09 1.247657251947818357e-08 inf 0.000000000000000000e+00 -9.000000000000000000e+01
5.023338051470674914e-01 1.299517978689370600e-05 1.336872331132876957e+00 3.465165266202679498e-09 -2.008328539616031083e-01 7.800372027815555967e-09 4.147397804327778420e-07 4.800228940194187587e-09 inf 0.000000000000000000e+00 -9.000000000000000000e+01
9.937940030692754556e-01 0.000000000000000000e+00 -7.814894371127251872e-10 2.773027034916121832e-09 -1.504466845599766386e-02 0.000000000000000000e+00 2.314099605882371721e-02 1.019177468676964201e-09 inf 0.000000000000000000e+00 -9.000000000000000000e+01
8.581320832344764282e-01 2.758281696110816972e-01 3.507336547992474096e-07 -1.786225455494319062e-09 -3.138904797545464392e-02 1.867986703147873521e-08 2.304046690633496747e-08 6.224167051103916073e-10 inf 0.000000000000000000e+00 -9.000000000000000000e+01
9.988873813559678849e-01 2.672957744155056697e-03 4.872579221115989109e-05 1.073125613198104498e-09 -8.541175320403514293e-03 3.422281819018118720e-08 2.344028643163095195e-09 1.128063784522239439e-09 inf 0.000000000000000000e+00 -9.000000000000000000e+01
8.652593952516792752e-01 3.094435650444502528e-01 -9.022421819925983468e-07 4.050691462904269372e-07 -2.531475024547552577e-02 3.572397844860293603e-02 5.029588986531005152e-10 4.827671180502387960e-10 inf 0.000000000000000000e+00 -9.000000000000000000e+01
6.891008419822792774e-01 6.230463229416158476e-10 8.565326203165299942e-10 2.408799468857980741e-06 -3.190778217738958200e-01 1.046817709727957340e-08 2.381182659660882774e-05 5.456337537584892554e-10 inf 0.000000000000000000e+00 -9.000000000000000000e+01
3.280174387338852804e-01 9.756416126443767656e-01 2.360747317113973413e-08 4.830872888302725366e-08 -2.479007085419624151e-03 2.808514544732598703e-09 7.242882147159745076e-04 3.009156191036471066e-04 inf 0.000000000000000000e+00 -9.000000000000000000e+01
4.741685036130561803e-01 2.077521403504064125e-04 3.880758326751567138e-07 -3.108470171913219754e-02 -5.332946495403565468e-01 5.636117361568281707e-10 6.722225249757700653e-05 2.230363577603818091e-04 inf 0.000000000000000000e+00 -9.000000000000000000e+01
4.871571667459308475e-01 4.580986690803840466e-01 3.515881244718396234e-05 1.025594035254591245e-02 -3.025502404001044199e-01 1.505967163404517085e-09 1.006610102287467403e-07 7.259207468419236238e-10 inf 0.000000000000000000e+00 -9.000000000000000000e+01
3.661824766958206578e-01 8.439820719566775153e-01 2.100915379869992763e-09 1.134348408228416184e-09 -1.128409904791265461e-01 0.000000000000000000e+00 7.017640956371295045e-09 -8.097278026582263514e-10 inf 0.000000000000000000e+00 -9.000000000000000000e+01
5.297737112513301039e-01 4.316674684270097040e-01 0.000000000000000000e+00 2.470605825977049118e-09 -2.756785423363403154e-01 0.000000000000000000e+00 6.889189322436002587e-10 0.000000000000000000e+00 inf 0.000000000000000000e+00 -9.000000000000000000e+01
4.741482138767979734e-03 1.217648510892188396e+00 5.135200963656527440e-09 2.297450020551299044e-02 0.000000000000000000e+00 4.778589785624823605e-10 3.994045193955076989e-09 1.626612563378605205e-03 inf 0.000000000000000000e+00 -9.000000000000000000e+01
4.727900621353928745e-01 1.589927210265018598e-02 1.176498212501616797e-09 3.522560463364369232e-09 -5.286314080568959017e-01 4.659765022403260022e-09 5.780451823905593742e-04 1.107156471096806256e-09 inf 0.000000000000000000e+00 -9.000000000000000000e+01
4.556152880400703986e-01 1.921507953908122845e-01 1.682540088780808208e-09 5.490393973916321563e-09 -4.734437123546818560e-01 1.398426959754224375e-09 7.556671275927840342e-09 0.000000000000000000e+00 inf 0.000000000000000000e+00 -9.000000000000000000e+01
4.931365595360310827e-01 5.440940040214209406e-01 4.118113918701570196e-10 -5.952128965022939002e-09 -2.408150199067618236e-01 5.802101023003327623e-10 2.394323482843589540e-09 0.000000000000000000e+00 inf 0.000000000000000000e+00 -9.000000000000000000e+01
2.812368565950978949e-01 6.900592139869963226e-01 3.892292154686235951e-08 1.834733302957403695e-09 -3.422858327828142699e-01 1.426901220573000336e-08 2.044271089646132247e-09 1.279713702118478804e-08 inf 0.000000000000000000e+00 -9.000000000000000000e+01
6.939244410787978046e-01 1.995210515140754138e-03 6.153314135885716914e-09 3.582713759091833510e-05 -3.128347890109334228e-01 7.441611310341129030e-09 1.898543204460607022e-07 8.136613733402601203e-10 inf 0.000000000000000000e+00 -9.000000000000000000e+01
6.949270376598642995e-01 1.671096968363686985e-01 3.900620913520829178e-09 6.175983113074646474e-09 -2.454058485009610324e-01 4.774197472278098643e-10 1.764566603735613396e-09 4.945244342932312437e-04 inf 0.000000000000000000e+00 -9.000000000000000000e+01
5.469217208496054416e-01 6.986319417845775481e-01 2.365142671301088170e-09 7.904229998292665316e-02 -6.533738506653211098e-02 4.979983617875923481e-06 -1.068588556310732617e-09 2.431632625915978262e-09 inf 0.000000000000000000e+00 -9.000000000000000000e+01
3.970623655128004134e-06 7.876893159080139428e-01 -1.006070182887163289e-09 1.420026143554277298e-09 -5.330968763020308421e-01 1.653308667211238325e-07 2.327375689745637603e-07 1.577224609630396594e-09 inf 0.000000000000000000e+00 -9.000000000000000000e+01
2.701321118291573065e-01 4.213473700813485934e-01 3.131201873699046394e-03 -2.609782926152836600e-06 -5.417323329617338423e-01 9.100637886262573441e-09 3.677992174586286551e-10 1.942664166145699500e-04 inf 0.000000000000000000e+00 -9.000000000000000000e+01
1.290912096731052117e+00 8.183766342671656702e-01 2.614985606298301794e-09 7.061736739740195569e-08 -9.861609651420238931e-01 1.753175049141375785e+00 5.925731666097850621e+02 4.494223148433702276e-03 inf 0.000000000000000000e+00 -3.000000000000000000e+01
6.585403783764913754e-01 4.346840267341228747e-01 1.256630868266549287e-08 9.375313444145939971e-08 -1.459803986239254781e-01 2.400306152868689630e-09 -1.354584538475528930e-09 3.408522983623276873e-10 inf 0.000000000000000000e+00 -8.000000000000000000e+01
0.000000000000000000e+00 9.394416280983679535e-01 -5.418014538428286058e-10 -1.219394050859381989e-06 -3.751599499517552228e-01 1.520107259191540378e-09 6.665498027205625301e-08 -6.677750780932106595e-09 inf 0.000000000000000000e+00 -9.000000000000000000e+01
5.456349881350199758e-05 5.710276395637111646e-01 7.635757001422518314e-03 6.469370432082709279e-09 -7.100418589331539687e-01 1.828473539609583619e-09 -1.644431104903782245e-08 4.732519749577745839e-09 inf 0.000000000000000000e+00 -9.000000000000000000e+01
4.860633259736959859e-03 6.180165674449249885e-02 2.078546570304866784e-07 3.143394813257471838e-07 -9.790747672026898218e-01 -4.740812489946607784e-10 3.690931409797512045e-09 2.813245358018891089e-08 inf 0.000000000000000000e+00 -9.000000000000000000e+01
4.079324555546244846e-01 2.140635657860900931e-01 5.999674694240333612e-10 -7.131901705504497245e-09 -5.109253032441584130e-01 9.412906554775555350e-08 2.927389864605390153e-05 0.000000000000000000e+00 inf 0.000000000000000000e+00 -9.000000000000000000e+01
1.976670746654816957e-01 3.300034097808801181e-05 -6.010056113897786785e-10 2.247978496195674136e+00 -1.361383528946087107e-01 6.930515158368618594e-10 0.000000000000000000e+00 1.505221260958184440e-09 inf 0.000000000000000000e+00 -2.000000000000000000e+01
4.166413579123083299e-01 4.737155165304327564e-01 5.316012215649432398e-07 -2.257037268350816730e-06 -3.633721432020588504e-01 8.337248919232857324e-05 3.435903799790482002e-08 -8.137526521724772069e-04 inf 0.000000000000000000e+00 -9.000000000000000000e+01
5.949629013239421393e-01 1.787014008332538453e-04 -4.841105013486507414e-08 1.614619715763987787e-02 -4.129512242741835149e-01 2.799675188522317389e-09 5.901924339819121859e-03 0.000000000000000000e+00 inf 0.000000000000000000e+00 -9.000000000000000000e+01
4.278792928002259077e-01 5.652354630063031182e-01 -2.275002977920834940e-09 6.434798066999384165e-09 -3.043575570033939526e-01 1.926939078430578781e-02 8.976322429388614086e-08 4.914448180460056020e-10 inf 0.000000000000000000e+00 -9.000000000000000000e+01
1.749756763654319175e-02 1.210293293752279897e+00 1.168088659818671696e-07 0.000000000000000000e+00 -9.647160806538137569e-10 0.000000000000000000e+00 9.246031459072934081e-10 0.000000000000000000e+00 inf 0.000000000000000000e+00 -9.000000000000000000e+01
1.648794328146155064e-01 1.161164593489096876e-02 1.482489424730836669e+00 0.000000000000000000e+00 -5.538547229813723174e-03 1.111621083370488013e-09 0.000000000000000000e+00 0.000000000000000000e+00 inf 0.000000000000000000e+00 -9.000000000000000000e+01
6.061137602978771133e-01 2.343437097867019994e-02 9.888830851103438180e-10 1.930299782135390987e-07 -3.926466877842086922e-01 3.123222410473502252e-09 6.197000666691487540e-09 3.770940831220777616e-08 inf 0.000000000000000000e+00 -9.000000000000000000e+01
3.569142366047827752e-01 2.476367913233184226e-01 4.235051344391830308e-10 5.375745292072037218e-02 -5.463872264073218465e-01 1.858169814671144326e-09 2.061714918045015185e-09 5.387449655540944328e-04 inf 0.000000000000000000e+00 -9.000000000000000000e+01
5.756669402123251178e-01 7.378823666639081624e-01 2.269808082459156852e-09 1.869433878009097161e-01 -3.426054215269260491e-06 2.859368623357639302e-09 1.945549784964991588e-09 5.080823308494466671e-04 inf 0.000000000000000000e+00 -9.000000000000000000e+01
2.709123983637926059e-01 3.075424197355215716e-04 5.073972375294901606e-06 6.318029218159206817e-01 -7.354733702872637835e-01 5.782836163019924866e-08 1.701273090540055379e-05 -7.851570017205102185e-10 inf 0.000000000000000000e+00 -9.000000000000000000e+01
9.562558628343147404e-01 1.022635304132495787e-02 -1.794013094356689553e-06 4.482112792704293888e-09 -4.764133333024441613e-02 3.576930404601146762e-09 7.942245469808261429e-09 1.065779263411770363e-09 inf 0.000000000000000000e+00 -9.000000000000000000e+01
6.104809277889652330e-01 1.366229289892296800e-04 -2.491144151560063824e-07 5.851856224189033460e-06 -3.972039369908972328e-01 1.490633716625798840e-09 2.143013753975476327e-09 3.078942209793337444e-08 inf 0.000000000000000000e+00 -9.000000000000000000e+01
4.169814853196054383e-01 3.342801573978836926e-01 2.399242682229632826e-07 3.934227779479309298e-06 -4.433903127231804686e-01 0.000000000000000000e+00 1.356615984858778988e-09 2.034923977288168378e-09 inf 0.000000000000000000e+00 -9.000000000000000000e+01
4.236734245246219221e-01 5.259945534664174360e-01 9.261383413365807854e-10 6.205543798105532873e-07 -3.205529117629686842e-01 3.983288248783956554e-08 1.209042336278623276e-09 -3.971938354918330347e-03 inf 0.000000000000000000e+00 -9.000000000000000000e+01
6.845256953235565600e-01 7.852294457001056469e-05 -4.803511497133606088e-08 1.523704230547839905e-09 -3.228436790001170675e-01 5.020537618992052238e-08 1.446840812389640382e-07 -9.780643891753968832e-08 inf 0.000000000000000000e+00 -9.000000000000000000e+01
4.291300123887411555e-01 4.126250119122510940e-01 0.000000000000000000e+00 3.809175601301756650e-07 -3.878675111975160017e-01 2.213493053442394542e-09 1.171306740779933830e-09 4.534586463649350361e-10 inf 0.000000000000000000e+00 -9.000000000000000000e+01
4.255726030127662004e-07 7.288022333995247681e-01 4.110473826409418233e-03 1.983745116579455070e+00 -3.371197496741116795e-01 5.934525159711660686e-10 -1.237720537897049701e-09 1.728307951099880141e-07 inf 0.000000000000000000e+00 -9.000000000000000000e+01
6.434258590724867277e-01 1.854032010933809856e-07 2.808693798289639183e-09 7.697425921419319417e-02 -3.641474570517601039e-01 1.284646545647030700e-07 0.000000000000000000e+00 9.484856020402183810e-10 inf 0.000000000000000000e+00 -9.000000000000000000e+01
2.140545809960755219e-01 5.225674112573232000e-01 3.938835053556234836e-09 2.380500233497281155e-05 -5.347555724528292309e-01 6.087827135225590539e-07 8.655221119125733211e-10 1.585450350825337552e-05 inf 0.000000000000000000e+00 -9.000000000000000000e+01
1.596422237690136789e-02 8.752973959473877295e-05 2.295072973547670283e-06 5.491428000765934622e-09 -9.909358275397089910e-01 8.025051358113056651e-09 4.906745687531983257e-09 2.516656105904254672e-07 inf 0.000000000000000000e+00 -9.000000000000000000e+01
5.553776941894770225e-01 1.166858464870938647e-04 -5.309126917875181433e-10 9.245169548707039830e-02 -4.525794190630593739e-01 4.850875906902797635e-07 6.639517035469196455e-10 4.774484160337399280e-10 inf 0.000000000000000000e+00 -9.000000000000000000e+01
2.976433940431780743e-03 9.422799112792886733e-01 7.338840937095154199e-03 4.680354949232382388e-09 -3.635339163886144309e-01 5.677097206939279067e-09 1.424691379222357285e-09 1.124043578664027005e-09 inf 0.000000000000000000e+00 -9.000000000000000000e+01
