3.593483254574323937e-01 2.692838084440505875e-01 7.005017989929694655e-02 1.507451782908110555e-08 -5.276507057349639762e-01 -1.226020295518336339e-03 5.444240848504612422e-03 -1.171257500389035673e-07 3.399375395148803136e+02 0.000000000000000000e+00 0.000000000000000000e+00
3.562462680358306488e-01 1.928036120963149136e-01 2.807641432493926045e-02 7.000197447967345579e-07 -5.696025494419050261e-01 8.004492441835726942e-06 -1.275366533060966374e-02 0.000000000000000000e+00 4.189059971899295647e+02 0.000000000000000000e+00 0.000000000000000000e+00
3.550649129716751951e-01 1.959145636969052418e-01 -9.529671369948231052e-02 7.497964783461806559e-02 -5.669428855624023544e-01 8.089884508365891510e-06 -1.659227045630580211e-01 0.000000000000000000e+00 2.612358765577300801e+03 0.000000000000000000e+00 0.000000000000000000e+00
1.938999076193348992e-01 2.916600281739299416e-01 1.982207969256153390e-01 2.187450211304474423e-01 -8.728196398686495217e-01 4.796187129971292151e-01 7.648058464485648652e-06 -5.159142886603465453e-06 6.423675449083712920e+03 0.000000000000000000e+00 0.000000000000000000e+00
5.216337264232628890e-01 1.028010756112697627e-01 2.034226231177069522e-01 1.260493753961505758e-01 -4.329995834934048382e-01 5.602368683868932044e-10 0.000000000000000000e+00 -1.787213045962711133e-01 6.908876605028287486e+03 0.000000000000000000e+00 0.000000000000000000e+00
4.805033876550958150e-01 3.454429759898796637e-01 1.074639333201599378e-01 4.334270422429411379e-02 -3.973892881688089740e-01 6.347190019362920765e-02 2.312505358972418671e-09 1.416840103452088619e-06 1.052024080234375288e+04 0.000000000000000000e+00 0.000000000000000000e+00
5.419210738450919163e-01 4.168623644962245467e-01 3.063032156515736459e-01 2.084311822481122733e-01 -2.251962990811126053e-01 -4.743508563391141478e-03 2.817785683924887378e-03 0.000000000000000000e+00 1.217827154701423387e+04 1.000000000000000000e+00 0.000000000000000000e+00
2.133595645426444309e-01 4.579024500569061629e-01 3.706385163798567271e-06 2.322336798675706804e-01 -5.711471420064635485e-01 -1.631610852647325926e-03 -1.087313165457707252e-02 -1.136549988044471271e-01 1.336352949211061423e+04 0.000000000000000000e+00 0.000000000000000000e+00
4.199533883181597038e-01 3.213928992230813964e-01 2.048879732547143756e-02 5.108402557739915613e-07 -4.156681496618519489e-01 5.775900491951264824e-06 -2.842541642017475390e-01 -5.125430566265715300e-08 1.622608652851566512e+04 0.000000000000000000e+00 0.000000000000000000e+00
4.051996082351152495e-01 5.024038269222453890e-01 3.691575945646063395e-01 2.512019134611226945e-01 -2.806908337369936057e-01 9.207621512190463879e-07 -5.181891065966918001e-08 0.000000000000000000e+00 1.662568618972846161e+04 1.000000000000000000e+00 0.000000000000000000e+00
3.718351374585452396e-01 3.859666391196776014e-01 0.000000000000000000e+00 -7.125884536098227503e-07 -4.486751777409524466e-01 0.000000000000000000e+00 -8.059372041114548635e-02 -1.157016698505212021e-01 1.812883256697152319e+04 0.000000000000000000e+00 0.000000000000000000e+00
5.986451238720112977e-01 3.807775542005579772e-01 7.360390867278826521e-02 1.472078173455765304e-01 -2.271907314366731212e-01 7.667073820082111524e-06 -9.272367401161804297e-05 0.000000000000000000e+00 1.967164524314058508e+04 0.000000000000000000e+00 0.000000000000000000e+00
1.578872776092194175e-01 4.257812298434087706e-01 1.578872776092194175e-01 7.871828417144172265e-10 -6.315491104368776698e-01 -6.309255735089336862e-10 1.981224230831791662e-09 -7.226298390733678300e-05 1.972416407606767461e+04 0.000000000000000000e+00 0.000000000000000000e+00
4.242547739381095084e-01 4.056385136498321664e-01 1.726903092530988199e-02 1.552375652328388464e-02 -3.390118978812606820e-01 -1.494199838927521770e-02 -3.292138661505883968e-01 3.025142296845064610e-02 2.307221105883518976e+04 1.000000000000000000e+00 0.000000000000000000e+00
2.732522039127565638e-01 4.523116685927882075e-01 3.338712935179756203e-01 4.152990513819092809e-03 -4.644354865138320410e-01 4.481732019480177880e-10 -1.853545239851889931e-02 -2.005092963864937503e-02 2.491027675087513126e+04 1.000000000000000000e+00 0.000000000000000000e+00
1.548968227241406814e-01 4.826434691889666673e-01 3.988072111034632779e-06 3.483612842599861925e-03 -6.195872908965627257e-01 -6.921316867271784793e-10 2.071729003866520872e-09 8.398901367026436164e-10 2.497823776943684061e+04 0.000000000000000000e+00 0.000000000000000000e+00
4.751757782225183857e-01 3.011565550942048031e-01 5.466905274533322423e-01 4.022704644233277005e-02 -3.392977546839721636e-01 9.263317262834633273e-06 -1.104134712910219591e-09 0.000000000000000000e+00 2.556469449615481790e+04 1.000000000000000000e+00 0.000000000000000000e+00
5.308245136088581839e-01 4.064292740560752626e-01 6.273380615377414926e-02 3.848603392346420707e-05 -2.820340345032923413e-01 1.953346215822083313e-07 -1.490097632734041659e-09 0.000000000000000000e+00 2.673488333365853396e+04 0.000000000000000000e+00 0.000000000000000000e+00
4.213886041587442954e-01 4.757613272760016221e-01 1.019100707708675153e-09 3.774961703239758897e-05 -3.568209954570011888e-01 2.282110404674333426e-08 -2.135258625675319251e-09 1.016335843179935140e-05 2.762307620744038286e+04 0.000000000000000000e+00 0.000000000000000000e+00
7.725948905874149286e-01 2.894785919162972121e-01 7.481456851890790072e-02 2.748090686772956537e-01 -1.024421706190274811e-01 9.763817558816112002e-09 0.000000000000000000e+00 -3.484429602362937166e-06 2.892652508454637791e+04 0.000000000000000000e+00 0.000000000000000000e+00
3.507279047988016707e-01 5.390817795981581728e-01 0.000000000000000000e+00 -6.866011229468728513e-05 -3.870996875186774044e-01 0.000000000000000000e+00 3.338995000708615653e-10 0.000000000000000000e+00 3.104139856119440083e+04 0.000000000000000000e+00 0.000000000000000000e+00
7.604501537618858498e-01 2.914299990464712109e-01 2.974712093872320383e-07 3.244435536259542840e-01 -1.201010347632918418e-01 1.133951564893343486e-03 -4.235642610042783291e-04 3.316356149361533949e-09 3.249335314818486586e+04 0.000000000000000000e+00 0.000000000000000000e+00
2.189524909494147686e-01 5.564761769975895556e-01 6.113827247279812055e-02 -2.726379574802808778e-03 -5.052749791140340729e-01 1.212659949873681753e-02 0.000000000000000000e+00 5.114223268823892439e-07 3.498261342171272554e+04 0.000000000000000000e+00 0.000000000000000000e+00
3.698494371055641716e-01 6.144588531806727261e-01 2.162347238103959901e-01 1.893095334370346969e-05 -2.641781693611172654e-01 -1.318597633529882112e-03 5.855337897297911709e-03 -1.259699675374590232e-07 5.285085662015797425e+04 0.000000000000000000e+00 0.000000000000000000e+00
4.155071738315341823e-01 5.791918180681991934e-01 8.997870231139914570e-06 2.485435904074360242e-02 -2.927436906540354378e-01 3.278939187433192829e-05 6.195448174573911182e-10 -2.196633088456221121e-05 5.570599753766141657e+04 0.000000000000000000e+00 0.000000000000000000e+00
2.524996459612124933e-01 3.765189066983451460e-01 5.728083841240226848e-01 3.713886135383558107e-02 -4.978614927433094306e-01 -7.395447778297631457e-10 2.207001044849270664e-09 1.249747579613442499e-09 6.933549440306196630e+04 1.000000000000000000e+00 0.000000000000000000e+00
2.957380352665174850e-01 4.483334598560904105e-01 6.657481798465438860e-01 1.276129878204835810e-01 -3.551557227173246511e-01 9.284013664188619716e-03 1.457839059706464823e-06 3.039311113875668626e-07 7.107696295350324363e+04 1.000000000000000000e+00 0.000000000000000000e+00
3.499491206480584982e-01 6.760171989421812633e-01 1.396122476076243901e-01 3.976819415711194274e-07 -2.489139414583303456e-01 1.267392200904655158e-08 0.000000000000000000e+00 -3.272554479536788873e-06 7.300259346110271872e+04 0.000000000000000000e+00 0.000000000000000000e+00
3.818983159698540741e-01 7.521356146581859026e-01 2.332203456304452194e-01 8.344915492089367837e-02 -1.319152579972205919e-01 2.897033980878186907e-02 2.585588949159551367e-07 2.891411297984874780e-05 7.739411464301294473e+04 0.000000000000000000e+00 0.000000000000000000e+00
4.873632735022671025e-01 3.974056414377200778e-07 1.012216029581631593e+00 -4.101116211155212565e-05 -7.223934911971473527e-01 7.699762960065402728e-01 -1.398646080760944099e-01 3.485893775240901382e-07 8.225098117693743552e+04 0.000000000000000000e+00 0.000000000000000000e+00
4.432946399527397663e-01 2.447639116303471085e-01 7.995621113258005730e-01 5.072689574804285567e-04 -7.098153437280065869e-01 7.560485270359610377e-01 1.944513297952202013e-01 2.877288017960827289e-09 8.280177260592929088e+04 0.000000000000000000e+00 0.000000000000000000e+00
3.982227904336963498e-01 6.782516019715466582e-01 5.346004583904416796e-01 3.356169172373029363e-04 -4.745942844894737167e-01 4.655024399590240169e-01 -8.590194905478586640e-05 0.000000000000000000e+00 8.813952102887774527e+04 1.000000000000000000e+00 0.000000000000000000e+00
2.493269951123703032e-01 6.343031599793635955e-01 6.534086768462118444e-01 1.877434213600205187e-05 -2.512375467990551337e-01 7.212332617235232834e-02 -1.362974375486913920e-09 -8.700260452194274212e-08 9.143606599638497573e+04 1.000000000000000000e+00 0.000000000000000000e+00
3.414606156049140862e-01 5.858652422781988056e-01 4.817506359697237284e-01 3.060572378241720182e-03 -1.866121969003600167e-01 2.470516081896019164e-02 -9.440900741531216278e-02 -2.541102255664476894e-01 9.261006384404924756e+04 1.000000000000000000e+00 0.000000000000000000e+00
1.447521503162101653e-01 3.544444776578433570e-02 1.082666768118503375e+00 3.776042020502592533e-04 -5.809915074335558760e-01 8.290348666808577006e-06 -2.052307884620239997e-01 -9.587606692682364699e-07 1.018038581016906392e+05 0.000000000000000000e+00 0.000000000000000000e+00
1.541952235956861872e-01 6.498966471012813662e-01 2.287056672123936041e-01 1.977010841541665081e-05 -1.909330117678127714e-01 2.633909012533144952e-05 -4.387837235206103470e-01 -6.967699950720925028e-07 1.082509971519992978e+05 0.000000000000000000e+00 0.000000000000000000e+00
2.078193220162853350e-01 6.475448416464308909e-01 9.745160944298477069e-10 1.511173551923613021e-05 -4.156386440325706699e-01 2.651017658166335518e-08 -1.420005340461680254e-01 8.785252157493916686e-10 1.096842764052410494e+05 0.000000000000000000e+00 0.000000000000000000e+00
1.288582987999018770e-01 7.287158966615140399e-01 4.748872649737763060e-03 3.370173742501389073e-09 -3.421410002618084367e-01 4.386522798442378095e-10 -3.261447976521654191e-01 0.000000000000000000e+00 1.119842251765114343e+05 0.000000000000000000e+00 0.000000000000000000e+00
1.495649945520971247e-01 8.922853599899855936e-01 0.000000000000000000e+00 -4.118440432469565476e-07 -2.593140519879363337e-01 0.000000000000000000e+00 -4.849376956467313371e-02 1.582428270005123427e-02 1.139916189333849034e+05 0.000000000000000000e+00 0.000000000000000000e+00
2.614354723282443160e+01 2.003816793893130210e+01 1.940847808168135095e-05 1.539614847825684131e-06 -4.430313692748092791e+01 2.088021984732824862e+08 -2.912346643345957095e-02 3.200905923624986047e-04 inf 0.000000000000000000e+00 -2.000000000000000000e+01
1.715856783868563787e-02 1.038637235225142869e-01 9.649501340774130700e-03 1.277243086560648708e-02 -4.603689366943876371e-02 -2.642647526280188295e-04 -1.423775150557276881e+00 -4.845524854292763068e-08 inf 0.000000000000000000e+00 -9.000000000000000000e+01
1.780797781839700945e-10 1.227591139718156477e+00 7.103982883986561479e-18 2.442316707068555351e-11 -2.981021992170533491e-10 -1.847368289081657727e-16 -4.565714826272131799e-15 -4.892810813825956077e-14 inf 0.000000000000000000e+00 -9.000000000000000000e+01
7.242196321393912228e-01 7.905041408436744854e-01 1.026182394014459431e+00 -6.536389052783488085e-02 1.394429664593811014e+00 3.102160349004368600e-08 2.135478895909551973e-09 -1.356053791806286988e-05 inf 0.000000000000000000e+00 -1.000000000000000000e+01
4.453778320472949748e-01 5.310274151333131964e-01 -8.336559420372444129e-02 1.104879621809635587e-01 -2.175499410384863774e-01 1.671924499313293618e-09 -4.545137875764702629e-01 -8.086498952403838951e-08 inf 0.000000000000000000e+00 -8.000000000000000000e+01
8.131193107546962051e-05 0.000000000000000000e+00 -2.039953726821381874e+00 3.955012327510842307e-01 -1.077220462887821473e+00 1.536509635068688544e-05 2.511220527599342530e-06 2.529908896767803404e-09 inf 0.000000000000000000e+00 -2.000000000000000000e+01
3.458325795235396294e-01 5.990490266390657847e-01 4.847567781355598404e-01 1.576444806944909960e-01 -1.970556008681137450e-01 1.420185873444022862e-03 -2.425431107238858367e-08 3.501606047678376009e-09 inf 0.000000000000000000e+00 -9.000000000000000000e+01
7.589368448943203393e-01 1.495275074059777554e+00 4.726877123287206439e-01 4.507480377267601029e-10 2.176999981880482160e+00 3.199999297544096812e-03 1.508045645969057012e-04 -2.467015550400892543e-01 inf 0.000000000000000000e+00 -3.000000000000000000e+01
3.543405782958892372e-06 3.048456296265557586e-01 4.876565180004206915e-10 2.051431766428116532e+00 -6.204505167693429302e-01 6.777071384735586235e-04 -1.010921904129240129e-01 1.436248648905348533e-09 inf 0.000000000000000000e+00 -2.000000000000000000e+01
2.909488956223270639e-01 2.377545752660898022e-03 4.422518141110301542e-06 1.912905382712311031e+00 -7.112084115212439217e-01 3.712193688907354473e-04 -1.299376653102586078e-02 -1.362777873173543208e-01 inf 0.000000000000000000e+00 -8.000000000000000000e+01
1.862360016806461904e-01 7.550380989545980581e-01 0.000000000000000000e+00 -6.245719568558256302e-02 -3.825660955933057328e-01 -6.949545921454499569e-05 -5.868300079951605273e-06 -8.028330994899752858e-10 inf 0.000000000000000000e+00 -1.000000000000000000e+01
1.187642016485698643e-01 5.628735436707275053e-01 3.141035399948256118e-02 1.055387894382614072e-01 -5.946145329754678466e-01 0.000000000000000000e+00 -7.129323769619398232e-05 5.064801779462800779e-10 inf 0.000000000000000000e+00 -8.000000000000000000e+01
2.022697578639985061e-01 4.269677845671261962e-01 2.350814844990208319e-01 5.482465716231581521e-01 -4.161689884593973154e-01 1.740267526591691427e-01 -6.927843041419907699e-01 -1.014009550380190124e-07 inf 0.000000000000000000e+00 -9.000000000000000000e+01
2.077066804979909698e+00 6.750467116184706740e+00 3.349308679726042223e-07 1.701525708543810023e+00 1.435401524155759034e+01 4.951578901157462909e+00 4.228087689753172153e-08 -1.344710957290721782e-03 inf 0.000000000000000000e+00 -2.000000000000000000e+01
4.957224412354154230e-01 1.049478034781760327e-01 3.774866729757649364e-01 8.779548159188499054e-03 -4.566720957551639315e-01 2.149124916187454895e-02 -6.093738909419556605e-09 5.125357844283015551e-02 inf 0.000000000000000000e+00 -9.000000000000000000e+01
1.200514107692405019e-01 5.595529754654906303e-10 2.770954074150493163e-02 2.233514618962614134e-02 -5.941148886440553722e-01 2.412942199033342696e-09 0.000000000000000000e+00 -2.188844326583361699e+00 inf 0.000000000000000000e+00 -3.000000000000000000e+01
5.805540088110909824e-01 2.875300780499348216e-05 6.157391002541873909e-02 5.497670537983816164e-02 -4.241758246195513338e-01 3.763299695690520622e-08 4.520620067888303590e-07 1.103590548531907643e-05 inf 0.000000000000000000e+00 -9.000000000000000000e+01
2.525022250373178956e-01 2.636334136120488392e-01 -6.679514114411176553e-05 1.580484603088726041e-05 -6.538108657578811655e-01 2.314115519483539787e-02 1.537575518841973097e-05 1.641216601234846027e-09 inf 0.000000000000000000e+00 -9.000000000000000000e+01
5.588125589448840191e-01 7.262616184196576397e-01 0.000000000000000000e+00 -3.115331339065555497e-02 -2.555545239077213621e-02 1.650158966978578448e-09 -2.932792393417183244e-02 7.597984694110158787e-10 inf 0.000000000000000000e+00 -9.000000000000000000e+01
2.642830808088765322e-07 4.383671579287167127e-07 2.339536658184380554e-08 2.277498692653018519e+00 -4.482890483345107151e-07 0.000000000000000000e+00 -5.681480212834809857e-11 -1.623582066402654384e-07 inf 0.000000000000000000e+00 -2.000000000000000000e+01
2.836193270435138913e-01 3.573986790109144329e-01 1.053990742391436655e-02 3.922522365149948807e-03 -5.634059604783315800e-01 8.571160511634907594e-04 3.098303500887233327e-09 2.791328730062000542e-09 inf 0.000000000000000000e+00 -9.000000000000000000e+01
4.680812375934980119e-01 2.174281322850799697e-02 1.450538803868159886e-04 1.332667615087549390e-07 -5.315995683734090482e-01 1.849891759404744878e-07 1.514954178382042004e-05 5.472348497961563446e-02 inf 0.000000000000000000e+00 -1.000000000000000000e+01
4.684204153722734132e-01 6.461521397335515116e-02 -3.182897577206013351e-02 1.986319540662399158e-02 -5.373433102771855152e-01 5.296852108433064421e-02 -1.074198524220519247e-07 -1.061963007432457397e-03 inf 0.000000000000000000e+00 -9.000000000000000000e+01
5.080295992281238515e-01 6.281093226820440023e-01 -4.269501278361606533e-01 1.524088797684371721e-01 -2.293830614696680537e-01 8.197260179491789265e-08 1.438254566943572034e-04 1.046117215503382012e-05 inf 0.000000000000000000e+00 -1.000000000000000000e+01
6.503169159127386878e-09 3.122917232732124737e-01 5.460900512856406473e-09 2.190967799872632682e+00 -2.827373015123406108e-01 0.000000000000000000e+00 1.699379251250130937e-02 1.197569798435327640e-02 inf 0.000000000000000000e+00 -2.000000000000000000e+01
6.625805710676702098e-01 2.905160965450553912e-01 1.245002178864412886e-09 -6.257199761112956912e-04 -2.140644921910934417e-01 2.001768209154546031e-09 -5.733870326547145513e-02 -3.930192499101044866e-07 inf 0.000000000000000000e+00 -9.000000000000000000e+01
4.439920101458489365e-01 6.107016538021446950e-01 4.295325002368845235e-02 2.313521585434308581e-01 -5.987938221124092797e-01 7.127687825713053815e-01 3.355722658100660123e-03 1.083134244099817102e-03 inf 0.000000000000000000e+00 -9.000000000000000000e+01
2.692798451863157028e-01 7.190269217112176259e-01 9.078599974444866116e-10 1.087066393496208400e-01 -7.119219126033992096e-01 7.588149727150004242e-01 -7.389209472131089695e-01 -3.495664481046630856e-01 inf 0.000000000000000000e+00 -9.000000000000000000e+01
5.983304928996738825e-01 2.439452521871613985e-07 6.213432041650459592e-01 2.582274448065619780e-05 -3.682033802459531158e-01 6.128174847331459625e-07 -1.013444399955808484e-01 0.000000000000000000e+00 inf 0.000000000000000000e+00 -9.000000000000000000e+01
3.743665750391680924e-01 6.491573858735446567e-01 5.361771918719543395e-01 3.471257367509470148e-05 -2.962840884389395936e-05 1.486679923054560982e-04 -1.036449661073911704e-01 -1.005145230996008128e-05 inf 0.000000000000000000e+00 -9.000000000000000000e+01
3.781147023125747686e-01 6.609564087668630128e-01 6.430927220434342617e-01 3.800597031845966541e-09 -5.617137047478144574e-01 5.954562241142909995e-01 -2.277542523874648110e-04 -2.758947171729548287e-01 inf 0.000000000000000000e+00 -9.000000000000000000e+01
1.657686739753299887e-01 6.911578594924346897e-01 3.541598963990579274e-01 2.106237269333604417e-02 -3.393382267259695828e-01 3.777869942748002609e-10 0.000000000000000000e+00 1.226200632493984997e-02 inf 0.000000000000000000e+00 -9.000000000000000000e+01
2.994771448307102513e-01 6.823205184151515112e-01 0.000000000000000000e+00 -5.149427898894194649e-07 -3.283346855531555919e-01 0.000000000000000000e+00 7.023510810731949962e-10 -4.488950779047049325e-03 inf 0.000000000000000000e+00 -9.000000000000000000e+01
2.757655110763054807e-01 4.366287258708170249e-01 1.358309288188349895e-01 6.943381618171262648e-01 -5.022871808889849410e-01 2.189082705912735280e-05 -2.922931825619590663e-09 1.790839971084217006e-06 inf 0.000000000000000000e+00 -9.000000000000000000e+01
2.219674920150069564e-01 9.238646964948938889e-01 5.327588894931032550e-06 8.811209564784905010e-03 -2.933570367441578619e-01 1.172828234836050254e-01 8.169885032175165601e-07 5.492359685495909736e-07 inf 0.000000000000000000e+00 -9.000000000000000000e+01
2.653675737336346208e-01 4.120226214639980369e-06 1.037160391961098632e-05 2.370906032993264926e-07 -7.411669778665725961e-01 1.447407053849820869e-07 -2.700231452026457743e-02 -8.501873678760567623e-05 inf 0.000000000000000000e+00 -9.000000000000000000e+01
2.231599145678874740e-01 2.334755670738976070e-03 3.633062941761669440e-01 1.543075120425655200e+00 -4.189741940902569906e-01 -4.257495634876955724e-03 -2.290196935062127626e-01 -5.749908083231673739e-02 inf 0.000000000000000000e+00 -9.000000000000000000e+01
3.220786217255238171e-01 3.079458415574292673e-01 2.828621157609896089e-08 1.346698552702203707e-09 -5.519222570908514092e-01 2.172451986252114389e-09 -3.443121813156265680e-04 0.000000000000000000e+00 inf 0.000000000000000000e+00 -9.000000000000000000e+01
8.654558142876669913e-02 6.952737466042097081e-01 2.563640122154643708e-02 2.304548833213482945e-02 -5.032734651151811178e-01 -2.250003298699554399e-02 -7.634954375322035091e-06 3.218655536698657359e-09 inf 0.000000000000000000e+00 -9.000000000000000000e+01
5.377094050193611530e-01 5.620453910223925827e-03 2.648168119749513941e-05 3.029643904806023625e-07 -5.129871335242180974e-01 1.310280389242581278e-01 -2.210343315763149461e-07 1.052477073233781255e-05 inf 0.000000000000000000e+00 -9.000000000000000000e+01
1.518870457551802777e-01 1.468241442300075861e-01 3.071493591938089796e-01 1.022002686972506633e-07 -7.763115671931436479e-01 2.616932938313889562e-10 -1.165522121940793139e-02 -1.071920879237280898e-09 inf 0.000000000000000000e+00 -9.000000000000000000e+01
2.767637721303042864e-01 4.127007485476621995e-01 6.258968698353171156e-01 4.070774563577354843e-02 -3.667364471691310635e-01 2.314160180507422216e-08 -1.239569191431663109e-01 7.668934477279791748e-10 inf 0.000000000000000000e+00 -9.000000000000000000e+01
1.582898649842668093e-01 5.452206460569190005e-01 4.428071377631975349e-06 1.911203554995221543e+00 -4.690070073607905399e-01 -1.942745497612649716e-03 -1.294654759902182269e-02 -1.353280635822280975e-01 inf 0.000000000000000000e+00 -9.000000000000000000e+01
1.968269054993364853e-01 4.508810170028852982e-01 8.107187517263418630e-02 1.994281421358915993e-02 -5.826770065883440930e-01 1.478103156993311164e-08 -2.904714244153203465e-02 -1.346872403978016982e-05 inf 0.000000000000000000e+00 -9.000000000000000000e+01
3.361403209653296975e-01 2.816950577103819464e-01 4.237261792450283115e-01 4.882319802753468281e-03 -5.077612594863607498e-01 1.465042696493849795e-04 1.402133971701610299e-09 -2.544724260829080500e-02 inf 0.000000000000000000e+00 -9.000000000000000000e+01
2.619568646121883115e-01 5.024098075024805432e-01 7.803380685213966953e-05 1.759411777246040753e-02 -4.994774545404038202e-01 4.610437762640178655e-04 1.278092326830990544e-09 -1.576139717116244870e-02 inf 0.000000000000000000e+00 -9.000000000000000000e+01
2.885900844191960531e-03 1.346459996923760338e-01 1.147663285336063987e+00 4.176845801975539313e-02 -5.696019254002085974e-01 0.000000000000000000e+00 -7.701610191828316132e-02 1.586197086774614989e-09 inf 0.000000000000000000e+00 -9.000000000000000000e+01
-1.032419662431402152e+00 2.915449235419494300e+00 5.551690637602822997e-01 6.148253885941722813e-02 -1.155790565489242638e+00 2.097305351983288713e+00 -1.220646527479147771e-04 -4.210834205995436588e-07 inf 0.000000000000000000e+00 -2.000000000000000000e+01
6.570505276702894859e-01 1.638550323346503468e-01 5.999865860612072499e-01 3.067186861488168867e-02 -2.307013639338609534e-01 -1.024093952091564667e-02 4.851191325060612838e-07 -3.786106050167497567e-07 inf 0.000000000000000000e+00 -9.000000000000000000e+01
2.403439431817210981e+00 5.282807463994265706e-01 2.646163018000731171e+00 0.000000000000000000e+00 -6.472628964893875070e-01 2.916490463005122180e+01 3.448430924489707045e-09 2.119623721771688489e-06 inf 0.000000000000000000e+00 -2.000000000000000000e+01
9.160383094409957350e-02 1.097762508479897869e+00 2.503343558188956056e-02 1.234982822039884937e-01 -6.675582821837215686e-02 1.325844921559335941e-02 -1.414740418717536104e-09 -1.524258077652831112e-01 inf 0.000000000000000000e+00 -9.000000000000000000e+01
6.314452939816641575e-01 1.750541409058078979e-01 2.795130227519537179e-06 3.727715411253141459e-02 -3.025935864228965211e-01 -5.275068978188406955e-03 2.537558500068931413e-06 1.047198878632957936e-01 inf 0.000000000000000000e+00 -1.000000000000000000e+01
2.158090333289421903e+00 3.168125379671883479e+02 2.529964656257372990e+00 5.905790989757421505e-02 -4.779499495194651892e+00 6.835659686188595288e+02 -9.971975713552099028e-04 4.338615051964450799e+02 inf 0.000000000000000000e+00 -2.000000000000000000e+01
4.691151822158776130e-01 1.415637986737307286e-01 1.813971269616319534e-02 4.531226191857908731e-02 -6.006095893521463669e-01 3.186666263032097990e-01 1.943540646017485277e-04 -1.821375233982100439e-02 inf 0.000000000000000000e+00 -9.000000000000000000e+01
1.747927491700486669e-01 4.442797371980055643e-01 8.771676862627290072e-01 5.439578833642247924e-01 -2.545352661030240299e-02 2.397731056550308931e-09 3.726371125903885574e-06 6.843081997676766393e-10 inf 0.000000000000000000e+00 -9.000000000000000000e+01
2.433459774413913035e-01 5.143898710143230968e-01 8.124722065251872571e-01 4.632806210096947902e-02 6.053973097322418173e-01 2.228301474496141024e-04 -3.508402709995126489e-01 2.369784127726884153e-06 inf 0.000000000000000000e+00 -1.000000000000000000e+01
6.596722571166009352e-01 5.102319219978087358e-05 0.000000000000000000e+00 -9.689778564017342704e-07 -3.431053980980022233e-01 3.154601416830272805e-07 -7.724610482040657200e-02 -1.771638618047947058e-07 inf 0.000000000000000000e+00 -9.000000000000000000e+01
-5.148584549422991330e+01 6.775646039953673316e+00 1.458803390709089154e-01 1.903171899286736773e-02 -2.973126289103417719e+01 5.824591208049640506e-02 4.558760595965903606e-03 -1.332235626203794698e-09 inf 0.000000000000000000e+00 -2.000000000000000000e+01
-1.348757449068007784e-04 1.989366733533729814e+01 5.355262991876905652e-03 7.529181632143768996e-04 -9.555910073742806432e+00 9.868648948883480898e+02 3.535686727284838327e+01 1.453973785696777495e-05 inf 0.000000000000000000e+00 -2.000000000000000000e+01
2.885482832359590466e-01 8.362837963259726060e-01 9.187984808302906981e-02 -1.708509571791862885e-02 -7.107399818654149826e-01 8.423584970256769999e-01 -1.295936149270272286e-01 7.956112824370744075e-07 inf 0.000000000000000000e+00 -9.000000000000000000e+01
4.046899843137211072e-01 4.769115815143236681e-01 3.175259876923042790e-01 3.959735846515794466e-01 -3.119225879094988940e-01 1.474418888162220077e-05 2.987342957098167380e-09 -2.949567385671159753e-02 inf 0.000000000000000000e+00 -9.000000000000000000e+01
1.180444382846055351e-01 5.116060380237078542e-01 2.854944408614441473e-02 9.953237769822136094e-02 -6.308525581645720859e-01 -1.844444348196961486e-03 -7.865184020442745545e-06 -8.428659890564016812e-05 inf 0.000000000000000000e+00 -9.000000000000000000e+01
1.081602542895189478e-01 4.933456587637746193e-01 1.226194414147942802e-08 6.455890456479081996e-01 -5.954836271797123715e-01 2.018670224824429260e-01 -8.036138269706797344e-01 -1.180822349174787055e-07 inf 0.000000000000000000e+00 -9.000000000000000000e+01
5.735197692038416194e-03 2.700157442136707497e-01 4.828257755285573829e-09 2.180377134525391281e+00 -1.413363661118432688e-02 2.035349542023052918e-10 -1.645408441302055949e-02 -5.472025455990317558e-08 inf 0.000000000000000000e+00 -2.000000000000000000e+01
7.886404586760262792e-01 2.235785915725459205e-01 1.673170203890824992e-01 1.852962616151023270e-02 -3.483325102837039333e-01 6.262157488246362647e-01 0.000000000000000000e+00 2.982352503777330188e+00 inf 0.000000000000000000e+00 -3.000000000000000000e+01
6.359808852301012116e-01 4.303289465588291951e-03 1.358933515448934315e-01 0.000000000000000000e+00 -3.623822707863824655e-01 2.611700350003420563e-03 -2.901889277781578283e-04 -4.747207747301609992e-01 inf 0.000000000000000000e+00 -9.000000000000000000e+01
5.650726229906246623e-01 3.594232421645284781e-01 4.650269782644157468e-01 1.389522843419568887e-01 -2.144496921677534751e-01 6.431405576130206602e-06 -2.790625043867634228e-02 7.229671768754713235e-10 inf 0.000000000000000000e+00 -9.000000000000000000e+01
6.173081155274083853e-01 4.302450502160725665e-01 1.169651599236732920e-04 2.487678958827834949e-02 -2.182402428632252145e-01 2.530862191407030703e-05 2.868300334773816740e-01 0.000000000000000000e+00 inf 0.000000000000000000e+00 -1.000000000000000000e+01
7.047568757744058221e-01 5.305253148190666179e-01 0.000000000000000000e+00 -5.173742119858088542e-05 -5.031181029833952101e-01 1.194171372839965439e+00 0.000000000000000000e+00 9.140676031619948051e-06 inf 0.000000000000000000e+00 -1.000000000000000000e+01
1.123633774381226219e-01 4.721422686582652517e-01 1.054487080573150770e+00 5.393322190666869059e-09 -5.697512002008171469e-04 -7.860456373140902819e-05 1.381514773635083134e-05 9.595283658619266137e-09 inf 0.000000000000000000e+00 -9.000000000000000000e+01
2.467929836843889280e-01 5.112140376319485036e-01 2.308175450083905372e-02 7.381754422702704356e-03 -5.059256165529972815e-01 2.117434221064441670e-04 1.296976162856892058e-09 3.241245218982027877e-06 inf 0.000000000000000000e+00 -9.000000000000000000e+01
2.863938014300478341e-01 4.740648248927412656e-01 2.535269359928964475e-02 2.787269025223108529e-03 -4.867717171063611348e-01 0.000000000000000000e+00 -3.109667722545956307e-09 -3.059428663740784149e-01 inf 0.000000000000000000e+00 -9.000000000000000000e+01
2.140625602319270460e-01 6.460797272454524842e-01 2.272955185008098122e-01 3.565114639499002980e-01 -4.094432970254313631e-01 5.302913423927283279e-03 8.834945667754079413e-02 6.305115410467669601e-02 inf 0.000000000000000000e+00 -9.000000000000000000e+01
4.017529721051104064e-01 2.311790216614564852e-01 2.680491431130127816e-03 7.795571660677021175e-02 -5.102555996079504164e-01 -9.665233525709595176e-05 2.181049437979385927e-02 7.173706825406261130e-10 inf 0.000000000000000000e+00 -9.000000000000000000e+01
1.006533040059042428e+00 5.958875858913557227e-03 4.038907010536443124e-06 7.539735948945498364e-07 -4.902489101605090932e-06 4.527827332864539130e-05 4.505889690575730355e-02 1.161216904306549691e-09 inf 0.000000000000000000e+00 -9.000000000000000000e+01
5.368182233139494608e-01 2.665996120278266157e-01 4.246292463067645429e+01 1.820809001830320240e-02 -6.755465282153071627e+00 5.006282307309866120e-01 -7.869438491347398616e-04 7.020473362148251534e+08 inf 0.000000000000000000e+00 -2.000000000000000000e+01
1.736346474255130168e-01 8.491368804330735598e-01 2.976593955865937113e-01 4.934850989694164252e-04 -7.706840164800178306e-01 8.145253228067255158e-01 -4.891766811190532693e-01 -7.767918804232840689e-07 inf 0.000000000000000000e+00 -9.000000000000000000e+01
2.961380372434081476e-01 1.939978345830659645e-01 3.838826408710846461e-01 1.809732449820827593e+00 -3.729145654176250768e-01 1.035112120920246015e-01 0.000000000000000000e+00 3.314503583254812459e-07 inf 0.000000000000000000e+00 -9.000000000000000000e+01
2.403700622188635061e-01 6.628589459517406635e-01 2.862345448427970965e-02 1.772578493717494075e-06 -3.990544765527650473e-01 5.163169637623847296e-10 9.553110972028664471e-10 -6.098027599064145332e-08 inf 0.000000000000000000e+00 -9.000000000000000000e+01
1.008043757960511433e-01 7.390448944156172706e-01 1.226500037540811716e+00 7.255668720250589843e-01 -3.762614584030878756e-02 0.000000000000000000e+00 0.000000000000000000e+00 3.423417687201826265e+00 inf 0.000000000000000000e+00 -3.000000000000000000e+01
1.193126743820952795e-01 1.092215526681867166e+00 8.221296219860795007e-02 2.837559620967564323e-08 -1.777076213589043677e-02 0.000000000000000000e+00 -3.459548161110194420e-03 3.543022513523040769e-03 inf 0.000000000000000000e+00 -9.000000000000000000e+01
5.122208315826597136e-03 8.280706284246230810e-04 4.332121730737076429e-09 2.259165947628869020e+00 -2.574116696359971534e-01 5.299652021917587719e-03 -5.772835238160229851e-03 6.814066472305193564e-09 inf 0.000000000000000000e+00 -2.000000000000000000e+01
1.856629478016077750e-01 5.399279238771080847e-01 2.002149085752473190e-01 6.785631386410508312e-10 -5.158419198379805559e-01 1.309362849783298095e-03 7.365120568170083291e-10 2.921809877182977267e-05 inf 0.000000000000000000e+00 -9.000000000000000000e+01
5.343342904005415894e-01 -7.501030687995884468e-06 4.716073132574753838e-09 2.326409295128511745e-01 -4.735023865703260615e-01 7.502843620005289727e-10 1.221891675258004377e-09 1.681097882875550176e-01 inf 0.000000000000000000e+00 -9.000000000000000000e+01
2.405114932722697899e-02 5.188779283427815692e-01 1.919269660598764415e-01 6.269580376179755689e-10 -6.944091234327187667e-01 -7.688769057320732489e-10 2.285073420773825172e-09 1.264694723447148477e-09 inf 0.000000000000000000e+00 -9.000000000000000000e+01
2.418000316563570506e-01 1.626816389452696299e-01 9.049721773021009996e-01 3.333640142321099044e-03 -6.205015518240338812e-01 4.774744995511991021e-04 1.049800639466234404e-09 7.165103879228815753e-01 inf 0.000000000000000000e+00 -1.000000000000000000e+01
4.867948946706332491e-01 3.831139041174074777e-01 7.396753594345985283e-02 4.537772011755725546e-05 -3.142039774692269027e-01 -3.998672349080201888e-02 -3.900100008110762957e-09 6.656170680509036153e-07 inf 0.000000000000000000e+00 -9.000000000000000000e+01
1.082818980654188135e+00 5.176112709720569471e-01 6.618879758119693146e-02 2.701030732505509099e-08 5.709399754048843870e-08 7.456775397911624692e-01 0.000000000000000000e+00 1.163600493352345996e-09 inf 0.000000000000000000e+00 -9.000000000000000000e+01
3.187245621094526582e-01 4.721845364584483784e-01 5.418317555860695522e-01 3.925033959310852277e-02 -3.517774796615440458e-01 5.650866118717065030e-10 6.002671013267543192e-10 -1.815313255880470456e-08 inf 0.000000000000000000e+00 -9.000000000000000000e+01
5.900129745122710823e-01 1.578403981680401857e-01 3.946009954201004644e-02 3.270119080433578351e-02 -3.506680886252177554e-01 9.615613465444865440e-07 -7.417406877672128146e-09 7.514316184826094758e-02 inf 0.000000000000000000e+00 -9.000000000000000000e+01
3.421325166724110134e-01 4.581730857844978910e-01 3.114379145201815469e-01 1.078054319492936231e-01 -3.982811791460014184e-01 2.465417863262391994e-09 -1.600848250579879013e-09 7.630881049063803858e-06 inf 0.000000000000000000e+00 -9.000000000000000000e+01
4.217106396462005219e-02 1.119188373340906262e+00 5.929856093318587595e-02 1.149560520522644712e-08 -1.290859146527938758e-03 5.532253485119737997e-04 3.380051082730761409e-09 -4.260284960248305608e-01 inf 0.000000000000000000e+00 -9.000000000000000000e+01
6.741797784154565099e-01 2.349905477650028607e-01 3.978633067331600048e-01 2.381874827494135792e-04 -2.017677461844334941e-01 0.000000000000000000e+00 -2.878428466780704137e-05 1.489908205528671940e-06 inf 0.000000000000000000e+00 -9.000000000000000000e+01
3.485671535439148205e-01 3.140625262234060799e-01 2.677824087347859671e-08 1.209322986155332341e-09 -5.224986422819895004e-01 2.093361698377343388e-09 -4.973701478851432294e-09 0.000000000000000000e+00 inf 0.000000000000000000e+00 -9.000000000000000000e+01
8.957917193908136733e-02 7.015780524976792387e-01 2.032468607021173657e-01 1.077961127871970737e+00 -5.419916285389796418e-01 1.200662010443989680e-01 4.363447914141397463e-09 2.682051028439241146e-06 inf 0.000000000000000000e+00 -9.000000000000000000e+01
2.541050158510271828e-01 5.480324595593049075e-01 7.569483531738817317e-05 1.671119740438191739e-02 -4.788172873312265820e-01 3.222238861217258197e-03 2.334041638749620512e-08 3.369666651584652000e-09 inf 0.000000000000000000e+00 -9.000000000000000000e+01
8.035385793316706105e-01 1.583150451586467611e+00 4.904974950759080632e-01 1.600098535765919761e-01 2.480401966969226102e+00 4.702392382051567257e-04 1.303583722558900376e-09 -1.881735816983285542e-02 inf 0.000000000000000000e+00 -3.000000000000000000e+01
4.893948534743725598e-01 1.581121834301818962e+00 0.000000000000000000e+00 -9.163505130190156559e-07 -1.124353304392404596e+01 1.608054685139177764e+03 -2.310844517607356548e-03 4.581752565095078280e-06 inf 0.000000000000000000e+00 -3.000000000000000000e+01
4.868040721262782700e-02 1.786598447758363850e+00 5.706883896395635591e-02 1.332179222803197942e-03 -3.111283088095210658e-03 2.860595633957869806e-09 -7.198065155468892770e-04 1.658104175160964289e+01 inf 0.000000000000000000e+00 -3.000000000000000000e+01
2.402575194672679770e-01 4.731789314698865434e-01 1.467221492929880744e-01 -5.249901904389729645e-02 -5.190296031239453045e-01 -9.564163540338822605e-04 2.090678442439732553e-09 -6.649242910769265647e-05 inf 0.000000000000000000e+00 -9.000000000000000000e+01
3.786499205211022456e-01 1.535122713006962014e+00 0.000000000000000000e+00 9.414940435721173839e-02 7.367768101196515707e-01 2.796262963197842025e-02 1.164682004854881020e-01 8.311827523633952275e-02 inf 0.000000000000000000e+00 -1.000000000000000000e+01
0.000000000000000000e+00 0.000000000000000000e+00 -5.325265395322657738e-10 2.240187138566219094e+00 -6.775391170838389598e-01 7.381516979609652153e-04 -1.845605678104975939e-09 8.784674514269907495e-06 inf 0.000000000000000000e+00 -2.000000000000000000e+01
3.515065442882752689e-01 5.287285067288820528e-01 3.593395592027772145e-01 3.965463800466615396e-01 -3.084249622585145123e-01 1.978421252977969675e-08 9.449733607144330989e-07 9.520058020413901505e-10 inf 0.000000000000000000e+00 -9.000000000000000000e+01
2.618559510517531885e-01 4.513834041147868348e-01 -4.888870697385673536e-02 4.143820197270391137e-02 -5.518396513213418286e-01 2.360721809354041079e-02 -7.786830685566697186e-06 -1.065304318000846987e-09 inf 0.000000000000000000e+00 -9.000000000000000000e+01
1.977718020548087097e-01 6.427583566781283064e-01 3.189106925396357543e-08 1.743746915438603717e-01 -4.573472922517451411e-01 4.462644674482031214e-08 3.072015128218025822e-09 -1.950765128649050928e-05 inf 0.000000000000000000e+00 -9.000000000000000000e+01
5.653926654445258215e-01 3.347237071051879960e-03 3.850898813549626638e-06 3.319534481137352170e-05 -6.534295856694519733e-01 7.082081138094059591e-01 2.531061456466627071e-02 0.000000000000000000e+00 inf 0.000000000000000000e+00 -1.000000000000000000e+01
5.345316093050939945e-10 2.566899204514778987e-02 4.295558756492403540e-10 2.269883864383542171e+00 -2.323974989576471639e-02 0.000000000000000000e+00 1.055202058638271632e-03 5.399613886321209056e-11 inf 0.000000000000000000e+00 -2.000000000000000000e+01
3.103945581677916010e-01 7.245803566062012369e-01 6.731743177929233601e-02 8.910380060968149663e-02 -2.614364259646698718e-01 -3.156251656466510100e-07 -2.312619672475692637e-09 -2.595970297330442736e-07 inf 0.000000000000000000e+00 -9.000000000000000000e+01
3.821012243952874310e-01 6.625693865473271105e-01 5.472549505405651660e-01 3.065807283432556976e-05 -5.531183964392140107e-01 5.902535537973238045e-01 -1.070078876503426507e-01 -3.537612358851510708e-01 inf 0.000000000000000000e+00 -9.000000000000000000e+01
3.066145326350606659e-01 4.751437970266720323e-01 2.847329104035692046e-02 9.106016705030613514e-03 -4.501362287621103464e-01 1.211085868773244012e-09 -1.225914487751882664e-01 4.458740215202631834e-07 inf 0.000000000000000000e+00 -9.000000000000000000e+01
1.894948813640705831e-01 2.487577593196293180e-01 5.736061273723217502e-01 1.112093512252460559e-01 -3.950858530370583432e-01 -2.824132208746379935e-01 9.355388071838799643e-06 6.519570949898850235e-09 inf 0.000000000000000000e+00 -9.000000000000000000e+01
3.527113768772849323e-01 3.499629765379814184e-01 7.457326253976881425e-01 2.748400339303518763e-02 -3.701179123595405573e-01 0.000000000000000000e+00 -2.982842297046477093e-09 8.805186643455274860e-10 inf 0.000000000000000000e+00 -9.000000000000000000e+01
4.485888496109526891e-01 7.236576167350313726e-01 4.377741727281079296e-06 -4.236330138839697400e-04 -1.449287052589231795e-01 1.355262948150503396e-09 -2.622378712681461505e-09 4.513135801320700644e-07 inf 0.000000000000000000e+00 -9.000000000000000000e+01
3.256468707418840869e-01 7.462740787834843958e-01 8.286105206686648236e-10 7.117467878008068745e-03 -2.369662496916388750e-01 2.585051082687438636e-05 -3.791944588623873125e-02 1.234199217143952402e-03 inf 0.000000000000000000e+00 -9.000000000000000000e+01
1.174878227921370005e-01 6.553742495887914243e-01 4.308386358767778493e-03 1.888197152016487385e-02 -3.324825461328502763e-01 7.805047751390903714e-07 -5.274963472300028267e-01 0.000000000000000000e+00 inf 0.000000000000000000e+00 -9.000000000000000000e+01
2.664748004590506217e-02 6.199500222571642238e-01 2.293123688274640859e-01 2.200937811359077456e-01 -5.922942591824952308e-01 1.503422016103427537e-03 8.456696640870533656e-10 3.354847968194867372e-05 inf 0.000000000000000000e+00 -9.000000000000000000e+01
2.267469904186913132e-01 6.054563438092759320e-01 7.644631628469135931e-10 9.482690760253977003e-02 -4.606733050722752187e-01 8.090382743831766886e-10 7.065155178497714551e-10 -2.504992892016766462e-05 inf 0.000000000000000000e+00 -9.000000000000000000e+01
4.017554325652963332e-01 2.311804374737045920e-01 4.200225971542597379e-03 4.679815409747825616e-02 -5.102587245719821807e-01 -9.665292718606545549e-05 2.181062795404665328e-02 8.065917732036637180e-10 inf 0.000000000000000000e+00 -9.000000000000000000e+01
5.879041715091288811e-01 3.598899680043041172e-02 7.066930280811789533e-01 6.266615526788231472e-02 -4.238144798036699856e-01 1.671097473810195244e-01 -2.083838416136809812e-01 -8.774855573852484592e-07 inf 0.000000000000000000e+00 -9.000000000000000000e+01
3.333449916751436981e-01 2.629721600992800390e-01 8.944757276616356334e-01 3.085774153893847512e-05 -4.259408226960169630e-01 5.726109426269292739e-10 -8.278712423521869224e-08 3.970249712656461155e-06 inf 0.000000000000000000e+00 -9.000000000000000000e+01
3.638142811245591579e-01 4.107580593341796926e-01 6.685486142108658339e-10 1.198505461203304797e-07 -7.902202665286124361e-01 8.684598968779799755e-01 1.384856738361608498e-05 -9.282121673070263697e-06 inf 0.000000000000000000e+00 -1.000000000000000000e+01
3.027079894192019061e-01 3.167007821467306399e-03 1.475640643938376864e-05 2.293054596530953820e-07 -6.994740411962302451e-01 -5.692334319630779592e-03 -3.692772518625931505e-02 1.737162573129510357e-09 inf 0.000000000000000000e+00 -9.000000000000000000e+01
1.193143159615134286e-01 2.323105622387104663e-01 2.995008033046136359e-02 3.967778137085715647e-04 -9.856188707533573012e-01 5.229417677172645273e-01 3.272245258278020612e-07 -3.234973179710076176e-03 inf 0.000000000000000000e+00 -1.000000000000000000e+01
2.095482698822105083e-01 1.859196815868870700e-01 7.134524218110288592e-09 2.432500984508033870e+00 -5.981763668447670490e-01 4.159535100302363405e-05 1.848490365601301954e-09 2.543182266522970303e-01 inf 0.000000000000000000e+00 -2.000000000000000000e+01
6.126417612667677259e-01 7.087005740089439287e-01 0.000000000000000000e+00 -3.415424453055151272e-02 -2.801715371646803718e-02 5.526747542604176087e-10 1.526267802459020662e-01 2.258411945467030041e-09 inf 0.000000000000000000e+00 -1.000000000000000000e+01
2.993931247993358857e-01 3.125914296048750707e-01 -4.348494109614484127e-01 2.344435722036563099e-02 -9.752852603672101939e-01 1.233694175507240365e+00 1.895187297002212849e-05 1.469849977357263781e-09 inf 0.000000000000000000e+00 -1.000000000000000000e+01
1.891206529517100443e-01 7.796220799326964990e-01 9.825374158055900642e-01 6.252106291697707985e-02 8.170012207513873692e-01 2.781186072819265102e-04 4.873685272984886174e-10 -3.170552123013962390e-03 inf 0.000000000000000000e+00 -1.000000000000000000e+01
5.987040021142519403e-02 6.062124199039249471e-05 0.000000000000000000e+00 -1.012117024030585239e-06 -6.453398928052568317e-01 1.324121329315548269e-09 -1.320930093085760149e+00 -2.349986676935622589e-07 inf 0.000000000000000000e+00 -9.000000000000000000e+01
7.384500093310160107e-01 4.069703903168753363e-03 1.236474434228677977e+00 8.444748059235177497e-09 -5.904704323793950676e-05 2.944199710167871333e-04 -4.369714126799783801e-04 -2.332700610871232816e-01 inf 0.000000000000000000e+00 -9.000000000000000000e+01
2.481385503534156434e-01 5.237914368856494418e-01 5.235366745136233596e-02 6.725726621488883339e-01 -4.820104078733700170e-01 0.000000000000000000e+00 -6.891521196408990262e-05 -2.750310946784386555e-07 inf 0.000000000000000000e+00 -9.000000000000000000e+01
5.076506123713478980e-01 1.901258519513381595e-01 2.684129674607126925e-01 2.645229244540356905e-01 -6.846475691751512382e-01 8.149640098988305548e-01 3.844456565192499575e-03 0.000000000000000000e+00 inf 0.000000000000000000e+00 -9.000000000000000000e+01
5.122928589503087382e-01 7.405760317840819063e-02 6.726287919042222008e-01 4.949394271824309605e-02 -4.174600205568356204e-01 3.019378739321832526e-05 -5.059380811198183059e-02 5.146668305662213859e-07 inf 0.000000000000000000e+00 -9.000000000000000000e+01
5.795156035005458728e-01 -1.305247451576613926e+00 1.667221813147724274e-01 4.012031101157625262e-02 -7.649605966207204677e-01 2.207139505519657111e-04 3.560464697116757518e-09 -2.769807712794638538e-05 inf 0.000000000000000000e+00 -1.000000000000000000e+01
1.009138248881285893e+00 2.415768519107340025e-10 4.211048548717931990e-10 1.551221223741870838e-12 -2.382675799667513400e-10 3.783154591208987343e-19 4.884969472151726569e-19 3.334091483562527713e-10 inf 0.000000000000000000e+00 -8.000000000000000000e+01
-1.210493039978143088e+03 7.341681480275151809e-05 6.171921749888558573e+00 7.134210624871183626e+00 -6.965644159874227626e+02 7.539035599863874495e+02 3.890633468679750351e+00 -9.768061640448626459e-01 inf 0.000000000000000000e+00 -2.000000000000000000e+01
-7.683662982836409024e-07 8.601836546823149339e-07 1.540439620849536784e+00 9.091126406579241468e-08 -6.572189721168249361e-07 4.574059246750079238e-13 3.635282552983840977e-11 -1.570560043661530085e-07 inf 0.000000000000000000e+00 -9.000000000000000000e+01
4.326303446149516452e-01 4.538554241524284105e-02 6.647514272162931004e-01 1.231735868193920871e-07 -5.112082986473124313e-01 -1.134638560381071026e-02 5.181581176296541887e-10 -4.194792781891184983e-07 inf 0.000000000000000000e+00 -9.000000000000000000e+01
6.021211268882693535e-01 6.676986753612491610e-01 2.665325054180226757e-06 3.569505195290606503e-02 -6.676986753612490944e+00 4.757353061948900175e-01 -7.591719034869113701e-04 6.938916223430466652e+08 inf 0.000000000000000000e+00 -3.000000000000000000e+01
4.876928069007941541e-02 4.910896722224911692e-01 1.067586243961937464e+00 9.117702119064131049e-04 -7.339655427238319860e-03 -1.355334098779803432e-04 6.155056105827750996e-08 2.107876248731666187e-03 inf 0.000000000000000000e+00 -9.000000000000000000e+01
2.067768137569284403e-01 2.778790163821178716e-01 1.385767418511344995e-01 2.307193921919412083e-01 -6.341155621879138726e-01 8.590902092937079912e-06 -3.206854444932012993e-01 -1.843323140058407562e-09 inf 0.000000000000000000e+00 -9.000000000000000000e+01
2.127135479463821144e-01 9.119108583256936296e-01 3.360578622069578664e-02 1.042472160394474854e-07 -2.127135479463821144e-01 8.395291649272719481e-02 -1.053719890289948335e-01 -2.836180639285094673e-01 inf 0.000000000000000000e+00 -8.000000000000000000e+01
4.959486402037546204e-01 1.036789183184573179e-02 2.421624219744895540e-05 5.523460415007215462e-07 -5.461135601324103028e-01 1.211368805095377615e-01 -9.177900123310861469e-02 -5.401279730954684083e-02 inf 0.000000000000000000e+00 -9.000000000000000000e+01
3.216542588573509387e-02 1.080033455092851646e+00 2.809342737324189176e-05 1.118428100780401689e-02 -4.756858757749556077e-02 1.760591728376610475e-08 -1.843849061337208828e-01 7.582425725891904319e-08 inf 0.000000000000000000e+00 -8.000000000000000000e+01
7.142670732327931482e-01 4.821903979231482174e-01 4.013243025108496898e-02 1.637723171286442646e-08 1.505128516280756927e-08 2.928378041275840745e-05 -3.078322739858502244e-01 7.055289920066048096e-10 inf 0.000000000000000000e+00 -9.000000000000000000e+01
2.285770676005515478e-01 5.227415593091843116e-01 4.444282170905798912e-01 2.643075299877898146e-02 -4.248498815359287861e-01 4.740773927615289672e-10 0.000000000000000000e+00 5.506406874745620877e-02 inf 0.000000000000000000e+00 -9.000000000000000000e+01
1.955590878611643157e+00 5.897813760892256951e+00 2.157358191484273213e+00 7.820908461709510581e-03 -5.276991259745703600e-01 2.048714253783626305e+01 0.000000000000000000e+00 -1.901268909761319792e+00 inf 0.000000000000000000e+00 -2.000000000000000000e+01
1.973437395012046236e-01 8.856146233513604154e-10 6.388429892690158374e-01 8.787759003911182648e-10 -7.728531565582059670e-01 3.373201128683381289e-02 -1.400570462257595420e-08 -1.508991198790606392e+00 inf 0.000000000000000000e+00 -8.000000000000000000e+01
8.740156617182740506e-01 4.328723729689966685e-05 2.685317479184932965e-02 6.739043317625749152e-01 -1.331623188308144745e-01 7.311052725863087694e-03 6.805728114949540064e-07 2.918745253421658171e-05 inf 0.000000000000000000e+00 -9.000000000000000000e+01
7.767943254004318065e-01 3.060098857638064440e-01 6.041733642003358495e-01 3.746659498774809749e-01 -1.753181637188474390e-02 1.651503197815848536e-09 5.027584956182760299e-09 -2.170338273235871951e-09 inf 0.000000000000000000e+00 -9.000000000000000000e+01
1.857805085371638243e-01 5.607193530394399827e-01 6.809700094744041143e-01 3.800055856441987567e-02 -2.925198552603343050e-01 2.601237915104255447e-08 1.204783876469339365e-07 7.421984094613256459e-06 inf 0.000000000000000000e+00 -9.000000000000000000e+01
2.282670475628262863e-01 2.393284463434037779e-01 2.608227553374804775e-02 4.525117682963516845e-03 -6.757509073225518303e-01 1.702220469000125836e-08 -3.199155546932455056e-09 -3.157526561001209320e-01 inf 0.000000000000000000e+00 -8.000000000000000000e+01
2.816016841133036075e-01 4.922486131744361892e-01 2.943546147126615401e-06 1.268316246557556370e+00 -4.715534762842196748e-01 8.084037847740834100e-05 -8.522885616618194882e-03 -7.759232755644105550e-06 inf 0.000000000000000000e+00 -9.000000000000000000e+01
2.748407150653481290e-01 1.517525420606216646e-01 8.312667026209609178e-01 5.480485365949256852e-10 -6.053240288862575813e-01 1.159220807407526643e-02 1.820287467242598415e-06 3.794945603085275587e-07 inf 0.000000000000000000e+00 -9.000000000000000000e+01
-1.709371559338592223e-05 4.971912689051856682e-01 5.148132379296732619e-01 4.813609517519491305e-07 -6.029230830521111750e-01 0.000000000000000000e+00 -1.173749008238191421e-01 1.202070029884689389e-01 inf 0.000000000000000000e+00 -9.000000000000000000e+01
2.551169569000513726e-01 5.766771507323028567e-01 6.945198728384690545e-01 2.173067982655055663e-05 -2.758021155676230740e-01 5.155619092144772542e-02 4.035172997651303647e-03 -3.018814181450272964e-07 inf 0.000000000000000000e+00 -9.000000000000000000e+01
8.791764134175512890e-02 2.162540022499403938e-03 1.075698199946180544e+00 1.509129709082004167e+00 -5.063268083995757785e-01 1.012653616799151557e+00 3.078348786476020035e-05 9.198971959586544868e-06 inf 0.000000000000000000e+00 -1.000000000000000000e+01
-7.164761697957927611e-01 3.877632017850856649e-01 1.645533181179348103e+00 -1.048141649495218791e-01 1.499875937869214582e+00 2.903726271621124685e-09 -3.395388442026765069e-02 2.368160416993305220e-02 inf 0.000000000000000000e+00 -1.000000000000000000e+01
5.014874856436302153e-01 9.402890355818066537e-02 7.839142892853242410e-05 8.118699311852174347e-03 -4.736270697745396663e-01 1.079591114927259607e-02 -1.062178355009077944e-02 1.253760694334708472e-08 inf 0.000000000000000000e+00 -9.000000000000000000e+01
1.566242873921057654e-01 2.983319759849633601e-01 1.053341361362293727e+00 9.684314912742656434e-01 -5.542090169259126231e-01 4.325813651781968416e-01 1.166941876650644581e-09 -3.966747478138454475e-08 inf 0.000000000000000000e+00 -9.000000000000000000e+01
2.802454101284875820e-01 3.531470877632630900e-01 1.041452537639649817e-02 4.881808770185859167e-03 -5.358746693673107631e-01 3.062687793795578828e-05 -2.897131604706662533e-01 3.698339977413529410e-06 inf 0.000000000000000000e+00 -9.000000000000000000e+01
4.157729624234324239e-01 5.795623112569058266e-01 8.907501802827022880e-06 3.997349073007363439e-09 -2.929309507983273719e-01 5.454723406162850395e-04 3.872187458196957094e-09 5.241142620185779643e-10 inf 0.000000000000000000e+00 -9.000000000000000000e+01
