3.853501707142351629e-01 1.135709447412921874e-01 2.195830842491480200e-08 5.430639928707840561e-10 -5.774602264955254194e-01 -2.599971488348808001e-08 1.793374115991891515e-09 -2.665129737544898549e-04 5.184362295429075402e+02 0.000000000000000000e+00 0.000000000000000000e+00
3.321599267051787430e-01 3.683067422583893857e-01 -2.626182874231401776e-08 1.807465995923341618e-07 -5.099631815885391495e-01 5.222522761255628908e-10 3.907763843590338071e-03 1.863367006106537985e-07 5.657420175243459198e+03 0.000000000000000000e+00 0.000000000000000000e+00
3.710604712141258310e-01 4.657298582980816670e-01 8.139901053599832206e-04 2.884929438770746578e-07 -4.134984723207267288e-01 6.177822145748957052e-09 2.367354418056030705e-08 2.153319635053704589e-08 1.868390510994562283e+04 0.000000000000000000e+00 0.000000000000000000e+00
1.027666320880194911e-01 8.960539209683619376e-06 1.006838769378995834e-05 1.431392375511700114e-02 -9.032786571061246494e-01 -1.893932151137674234e-06 5.053031344097154662e-08 -1.151887497835749455e-08 3.573724333656468662e+04 0.000000000000000000e+00 0.000000000000000000e+00
2.456608244352320169e-01 6.128120929547969942e-01 3.382157318836112109e-07 9.717312825686247534e-10 -4.386162356279960650e-01 0.000000000000000000e+00 9.211480103253264695e-09 0.000000000000000000e+00 5.714367416002973187e+04 0.000000000000000000e+00 0.000000000000000000e+00
5.032348907312359509e-01 5.032348907312359509e-01 1.058764813478372949e-04 1.094491668156735338e-09 -2.582779071547078309e-01 3.286231910435336226e-09 5.822585398355226246e-08 -5.679226288168449717e-10 6.533546650678362494e+04 0.000000000000000000e+00 0.000000000000000000e+00
4.735804863792020258e-01 5.706995290404760501e-01 6.373588422047761897e-08 1.374976378688955292e-05 -2.412957657872889794e-01 0.000000000000000000e+00 1.280088685888806009e-08 5.406808155782089360e-08 7.777480653320296551e+04 0.000000000000000000e+00 0.000000000000000000e+00
4.227704783441118552e-01 6.136990814672591554e-01 2.471135997322490505e-07 3.612771925910073869e-07 -1.875191637816625290e-01 -9.148662232984142162e-02 4.572414468729936745e-09 -3.296654382392941876e-08 8.066300298484606901e+04 0.000000000000000000e+00 0.000000000000000000e+00
2.944214817939974638e-01 8.159131260173523303e-01 8.539185133731135025e-03 -1.796035183057064985e-02 -2.097512517355929473e-01 -2.055016821821187944e-09 1.194089030309197208e-05 1.385941577507313021e-09 1.001575489965299348e+05 0.000000000000000000e+00 0.000000000000000000e+00
1.863948563479452536e-01 6.794037367475400657e-01 1.682934790146914696e-08 0.000000000000000000e+00 -4.444800420604848590e-01 8.957025982715512268e-10 3.163917405476199713e-05 5.489259960049507124e-09 1.085613476042342372e+05 0.000000000000000000e+00 0.000000000000000000e+00
1.720393723406759001e-01 7.565822397254724496e-01 4.086822858406863913e-06 4.194959594623833943e-09 -3.909985735015361619e-01 5.325268152064144831e-08 2.046499385571696746e-09 -2.993582828371136109e-02 1.120387313956850558e+05 0.000000000000000000e+00 0.000000000000000000e+00
6.582474609054901338e-01 5.216261674272944279e-09 2.905856337349126760e-07 1.098014417547952580e-07 -3.500573952871953165e-01 -6.390353795309461929e-10 8.196982631000340419e-09 5.545527361353295818e-10 1.128338418036566873e+05 0.000000000000000000e+00 0.000000000000000000e+00
1.269488890017978211e-01 8.425644781156359509e-01 1.688971867644127977e-08 5.586311818867193684e-09 -3.523223487358537187e-01 -1.170042734637317809e-09 8.388809386860769006e-09 2.989330739193146982e-09 1.130975126563037920e+05 0.000000000000000000e+00 0.000000000000000000e+00
9.819997366050376986e-01 8.221906576380049933e-05 2.186560049697101604e-01 1.633768799993997540e-07 -1.500819676968434720e-02 9.151339493709968232e-05 1.006559837603139616e-08 4.709158199769023820e-10 1.178514500538606080e+05 0.000000000000000000e+00 0.000000000000000000e+00
2.595733085305544918e-01 8.987725807870449168e-01 2.735409793150546075e-06 1.610031570134212201e-08 -1.622333178315965574e-01 3.829264274913802349e-08 0.000000000000000000e+00 3.883052867159276707e-10 inf 0.000000000000000000e+00 -9.000000000000000000e+01
1.467363515820778299e-18 1.227591138792498926e+00 1.050992496530117003e-16 0.000000000000000000e+00 -1.848592465101978386e-09 1.308655173098790866e-16 4.513334712921671687e-18 -4.688137141063911524e-12 inf 0.000000000000000000e+00 -9.000000000000000000e+01
6.760122211834998247e-04 7.021576805993037992e-07 3.911554813385091758e-05 1.478030253912687428e-05 -4.727755248091702356e+01 8.050039524340616218e-04 3.442531038778698120e+11 3.937186903626036383e+01 inf 0.000000000000000000e+00 -3.000000000000000000e+01
5.448495386108798827e-04 1.007241005286396728e-04 7.139741754694969300e-01 1.492595479336318457e-04 -9.726294905347936393e-01 1.769202736858994539e-12 6.292699039036921127e-02 1.110514948674568832e-11 inf 0.000000000000000000e+00 -9.000000000000000000e+01
0.000000000000000000e+00 8.530004483703507168e-01 3.426616520765294381e-09 5.047953222237773312e-04 -4.697398782500318282e-01 5.353722222187143584e-08 2.430847617295037798e-08 2.120402017977840092e-08 inf 0.000000000000000000e+00 -9.000000000000000000e+01
3.331967128651651122e-01 4.191829613464980175e-01 3.718084979496418231e-07 2.590545424310787760e-07 -4.797641818674371339e-01 4.877656908408913310e-10 4.997050301390862674e-08 4.055414995180053406e-06 inf 0.000000000000000000e+00 -9.000000000000000000e+01
1.156276742855703588e-01 8.277551961730960084e-01 9.595577181356848583e-05 6.048121374915831940e-03 -3.801321824152227302e-01 0.000000000000000000e+00 1.310426297898430268e-03 -7.056141604068470090e-04 inf 0.000000000000000000e+00 -9.000000000000000000e+01
1.682624471335975426e-03 2.170182324686051149e-03 2.397464933014657480e-03 5.817386569650735116e-09 -2.492776994571815246e-04 -9.040503655322233730e-12 1.758640709132876078e-07 -2.274820304881724375e+00 inf 0.000000000000000000e+00 -3.000000000000000000e+01
9.968581291698394020e-01 4.669234739763205111e-10 2.928718443773652418e-09 2.067008374643154885e-04 -1.088179892715364014e-02 1.388052661937388557e-09 1.028321736461468493e-09 1.046489965020858518e-08 inf 0.000000000000000000e+00 -9.000000000000000000e+01
6.645551016764182917e-01 4.630258178840133132e-01 6.697162174808578630e-03 6.450194719322697208e-06 -1.211633376947020002e-01 3.127594416229726765e-06 -3.000090567126836101e-08 -8.825950032685150523e-10 inf 0.000000000000000000e+00 -9.000000000000000000e+01
2.291907112893321573e-03 1.919899801658771134e-03 -1.149446781796848693e-10 2.276855782599693789e+00 -2.223491975195013466e-03 2.086717411521440831e-12 0.000000000000000000e+00 1.550030463477293041e-05 inf 0.000000000000000000e+00 -2.000000000000000000e+01
4.256356568531802220e-01 4.707029616964580887e-01 1.403736856851587040e-09 2.101221522335717688e-05 -3.555309604303034665e-01 -5.611216565328336819e-08 0.000000000000000000e+00 2.417598626551039019e-07 inf 0.000000000000000000e+00 -9.000000000000000000e+01
1.066314007314793089e-01 5.345787556671496299e-01 1.305042561900441939e-08 1.711809074700579458e-08 -6.341013963498636219e-01 -1.175826399667598056e-05 0.000000000000000000e+00 -7.335567971721233387e-10 inf 0.000000000000000000e+00 -8.000000000000000000e+01
3.657139869580815494e-01 5.942852288068825040e-01 1.163870970058296312e-08 8.636584330491119489e-10 -3.578772586661226884e-01 0.000000000000000000e+00 1.619590513671504139e-01 7.831626255310479741e-04 inf 0.000000000000000000e+00 -1.000000000000000000e+01
4.979082781440143379e-01 4.548614529442436272e-01 -2.688734863634489148e-09 1.327369068265837546e-07 -2.941533055317663847e-01 -2.600001267737207759e-08 1.317105905366874892e-07 0.000000000000000000e+00 inf 0.000000000000000000e+00 -9.000000000000000000e+01
2.310682129019652475e-01 1.055530534676432985e+00 6.716167661894907473e-04 8.705648738678886363e-04 -9.310045412278213897e-07 9.779459466678795781e-10 1.410890766807305339e-09 1.169460361223672685e-08 inf 0.000000000000000000e+00 -9.000000000000000000e+01
2.995550105517528205e-01 2.770394378632223820e-01 7.055236346864583383e-04 9.139303452035963662e-04 -5.893206416737097886e-01 -5.193083103012025933e-08 6.871207485513440568e-07 5.489497284622151009e-07 inf 0.000000000000000000e+00 -9.000000000000000000e+01
6.179769048382913188e-02 5.530038389541073185e-01 3.138736453427685286e-02 2.377893894402604723e-06 -6.604780832738101903e-01 1.812596675726907195e-09 2.776694281081411866e-07 0.000000000000000000e+00 inf 0.000000000000000000e+00 -9.000000000000000000e+01
5.731346977296098988e-01 7.464079784385616589e-01 1.280806101394295349e-02 4.199933286414898187e-03 -9.136212459678586181e-09 0.000000000000000000e+00 2.311753051826381954e-05 8.637610285135438617e-11 inf 0.000000000000000000e+00 -9.000000000000000000e+01
1.714202647900763665e+01 6.841155772900765442e+01 1.805196281607824860e+00 6.837756124161583043e-05 -2.332567986641221935e+01 7.643954444477578554e-04 3.442531038778626709e+11 1.000880285073782938e-03 inf 0.000000000000000000e+00 -2.000000000000000000e+01
1.496894966844125041e-01 1.079768586962038368e+00 4.478158582818198702e-02 1.811973448644956642e-05 -2.356513519979506685e-02 -5.363766339936613432e-07 8.422882659021424277e-10 0.000000000000000000e+00 inf 0.000000000000000000e+00 -9.000000000000000000e+01
4.219111413130419708e-01 5.961787866379941736e-01 5.381506159642801094e-10 1.702719938342008104e-09 -2.751594399867665075e-01 1.553481945726068166e-05 -2.835968325399063736e-09 1.077440175031130206e-08 inf 0.000000000000000000e+00 -9.000000000000000000e+01
3.074368903215726756e-01 7.685922258039317168e-01 4.393973937959977372e-02 1.216872393960770164e-09 -4.261165722471798034e-01 5.827513471424588049e-09 1.157409469445920713e+00 3.570076229800367343e-06 inf 0.000000000000000000e+00 -1.000000000000000000e+01
3.456583969465649716e+03 4.001221374045802513e+05 2.160364980916031072e+02 0.000000000000000000e+00 -5.791030534351146343e+03 1.670417587786259890e+09 7.253816793893131035e+03 1.534949348286818254e-06 inf 0.000000000000000000e+00 -2.000000000000000000e+01
5.852865464186569238e-05 4.857342778957868257e-01 4.651689153235861324e-02 7.863741959069092203e-08 -7.662066512614185143e-01 8.405424896867200280e-10 3.427545485722514250e-08 1.410243510474385852e-08 inf 0.000000000000000000e+00 -9.000000000000000000e+01
2.458363727038103685e-01 4.920818665900049925e-03 3.178417008034471469e-01 1.408074273410591251e-07 -7.433277304831189536e-01 3.229727012595106178e-09 4.784444938438617290e-03 2.996493035041258192e-07 inf 0.000000000000000000e+00 -9.000000000000000000e+01
3.311681565095194401e-05 6.998125058574979941e-03 9.122177402034944835e-06 1.519857116245579461e-02 -1.029926704655827807e+00 1.004794293045928292e-06 6.116422958684035738e-01 6.679812247777239433e-08 inf 0.000000000000000000e+00 -1.000000000000000000e+01
1.773299732302076673e-02 1.807982566183063411e-01 2.253444584158759484e-07 4.094504541528996042e-09 -9.165218553324044892e-01 2.053920844936369356e-09 6.607918955147722368e-04 4.182529720597697657e-08 inf 0.000000000000000000e+00 -9.000000000000000000e+01
6.659276528590394317e-01 6.686998808342880004e-07 6.235420922335903815e-04 2.429699069459430634e-09 -3.417775747761834237e-01 4.348650586780242700e-09 6.117296395900260250e-08 2.148058276422992265e-08 inf 0.000000000000000000e+00 -9.000000000000000000e+01
4.673051115969505398e-01 5.804652929093920277e-02 7.924860887595459067e-09 4.801533361307837129e-08 -5.181416509338573340e-01 3.741000507232562253e-08 1.139781462951229318e-07 2.061337896313892515e-09 inf 0.000000000000000000e+00 -9.000000000000000000e+01
2.324618589051156148e-01 1.042774643564032822e+00 2.575401085415202074e-02 1.079249177921003870e-06 -2.346393117178573271e-03 2.604676807781085320e-09 1.844118340532534915e-05 1.825958999269214323e-09 inf 0.000000000000000000e+00 -9.000000000000000000e+01
7.432763654924540164e-01 6.850378054040183981e-06 8.605165637774155393e-09 0.000000000000000000e+00 -2.645244208018257548e-01 0.000000000000000000e+00 1.060378475364428173e-08 -1.915343319375537811e-09 inf 0.000000000000000000e+00 -9.000000000000000000e+01
1.007738733851451629e+00 5.308150120440632985e-08 0.000000000000000000e+00 0.000000000000000000e+00 -1.542390111750841876e-08 -1.280474809755415873e-09 0.000000000000000000e+00 1.046729953574608932e-06 inf 0.000000000000000000e+00 -8.000000000000000000e+01
7.646553376503989474e-01 4.924311017975357974e-01 0.000000000000000000e+00 1.404468987521140799e-01 0.000000000000000000e+00 8.558607986613149120e-10 9.301430566583347086e-10 1.398444248378676877e-09 inf 0.000000000000000000e+00 -9.000000000000000000e+01
2.931998597746898749e-01 2.206682382790643160e-01 4.762871181778648419e-10 7.831625721669260987e-07 -6.232802050556300877e-01 1.348258919149648282e-08 6.301644948199442969e-09 0.000000000000000000e+00 inf 0.000000000000000000e+00 -9.000000000000000000e+01
2.178930322728717117e-01 6.491396586462636620e-01 4.816174475422894957e-08 3.754180946432172166e-09 -4.388123566606444426e-01 -3.337049730161930952e-09 1.136400718920008908e-08 1.251393648810724055e-09 inf 0.000000000000000000e+00 -9.000000000000000000e+01
4.621854877795317784e-01 2.452612207878699380e-01 1.303161713974549328e-09 2.914888825072547363e-06 -4.426427610235262322e-01 5.223567205456643862e-10 5.496391900126566810e-03 -8.312278874567494116e-07 inf 0.000000000000000000e+00 -9.000000000000000000e+01
1.720564797712633154e-01 7.566574735395329432e-01 4.087229248161849173e-06 4.195376737392409069e-09 -3.910374540255984188e-01 1.114105600263095278e-07 2.046702887512616019e-09 -2.553963371604689794e-02 inf 0.000000000000000000e+00 -9.000000000000000000e+01
3.829106136701275198e-01 7.096412917438656986e-01 9.073798808495782409e-02 8.217251605679029200e-09 -1.995866133029622069e-01 1.550923627452556782e-08 7.349263098269501751e-08 3.141641135324405032e-03 inf 0.000000000000000000e+00 -9.000000000000000000e+01
5.862545107934383215e-02 7.716376939362282750e-01 9.348382739679152176e-02 2.545057589086379204e-02 -4.610812503807852902e-01 2.865665524676540808e-03 1.722619707016093466e-06 -1.979501593150072552e-07 inf 0.000000000000000000e+00 -9.000000000000000000e+01
5.849317081373720528e-01 3.276540534733997090e-01 1.611716285197416980e-09 1.584381577000468924e-05 -2.780444608700328724e-01 0.000000000000000000e+00 4.351768064827954310e-05 7.151722396182671623e-09 inf 0.000000000000000000e+00 -9.000000000000000000e+01
7.767639728417763401e-01 4.790614810477915597e-01 3.434673096812116070e-07 2.192561507763079076e-09 -5.156088829418663494e-06 0.000000000000000000e+00 1.093731263756233546e-08 4.619676107054301474e-08 inf 0.000000000000000000e+00 -9.000000000000000000e+01
1.861248720239869758e-01 6.858197254874003335e-01 4.790294341365505451e-05 5.001548560275023406e-07 -4.400982195641071626e-01 -1.052008411115539868e-08 0.000000000000000000e+00 4.798934472783550804e-10 inf 0.000000000000000000e+00 -9.000000000000000000e+01
2.366074737551062124e-01 6.484408815106680324e-01 7.730017680056906133e-08 5.779751730745461142e-06 -4.197028359292349631e-01 -1.735526558484232532e-05 0.000000000000000000e+00 -1.809768500134682152e-09 inf 0.000000000000000000e+00 -9.000000000000000000e+01
2.812806614998954569e+00 8.289943249483722187e-01 1.666730174718793898e-07 8.573335522613264547e-09 2.350879428958070338e+00 3.795621518828639889e-07 1.309046929259229731e-08 -4.478786192779219029e-03 inf 0.000000000000000000e+00 -2.000000000000000000e+01
1.205250567516290283e-01 1.057480382993220142e-01 1.204327003863021162e+00 0.000000000000000000e+00 -6.021635019315105808e-01 -5.040395081189871900e-10 1.426157252667874490e-05 6.014068670252488781e-09 inf 0.000000000000000000e+00 -9.000000000000000000e+01
4.107289304712706812e-01 5.787544020276995660e-01 5.233584482893875591e-10 1.279707036348801581e-08 -2.996454242756315667e-01 1.363748401955390977e-03 9.626459307920405941e-04 -5.378419499690378436e-04 inf 0.000000000000000000e+00 -9.000000000000000000e+01
4.569673242299071569e-01 5.504145748027645668e-01 2.124735600009031966e-05 1.109375224783477011e-05 -2.721266088110683157e-01 1.537840556733583649e-09 6.522433207041692573e-10 1.331264959560415730e-09 inf 0.000000000000000000e+00 -9.000000000000000000e+01
7.052941428149659409e-01 1.323719212321343708e-01 9.017837133939153871e-01 8.032524951529926807e-10 -1.690844462613591281e-01 -1.656587879692023319e-09 9.404857761186609757e-06 4.330021761190613774e-05 inf 0.000000000000000000e+00 -9.000000000000000000e+01
7.785553214884752271e-02 2.213222545952401310e-01 7.171025869140139619e-01 5.490860076678073001e-10 -7.355846123499421019e-01 6.076092812123384793e-10 -1.441597984002399024e-01 9.983381957596495990e-10 inf 0.000000000000000000e+00 -8.000000000000000000e+01
1.600706068460897025e-01 7.476024933379871173e-01 8.153454428084513450e-04 9.215691944359124045e-08 -4.119999142118104252e-01 7.372553555487299500e-08 4.163324360745769285e-08 -2.700054625422322781e-03 inf 0.000000000000000000e+00 -9.000000000000000000e+01
6.244348794763024957e-01 7.600799094749001172e-01 -2.747981211178485150e-01 1.884212515975939117e-05 8.211403107185699940e-10 1.009240250330388864e-07 4.019653367415336963e-04 1.145675871188243631e-09 inf 0.000000000000000000e+00 -1.000000000000000000e+01
4.671330014084242033e-02 2.244879441397374109e-01 1.889216671442528353e-04 1.893934486845812919e-09 -8.662593609156926666e-01 2.100545521774447221e-09 -6.808917423356006769e-03 -1.013377933221396115e-09 inf 0.000000000000000000e+00 -9.000000000000000000e+01
0.000000000000000000e+00 6.747717555907416509e-01 3.820841906493005827e-03 6.385374381774996033e-05 -6.350792993795215668e-01 -8.753662585110328585e-08 4.552158028695163361e-09 -6.731465134174724723e-05 inf 0.000000000000000000e+00 -9.000000000000000000e+01
7.396922539520520906e-10 1.222504373169335024e+00 0.000000000000000000e+00 0.000000000000000000e+00 0.000000000000000000e+00 0.000000000000000000e+00 1.972512677205472242e-09 0.000000000000000000e+00 inf 0.000000000000000000e+00 -9.000000000000000000e+01
5.774031260424307421e-02 5.362998526631390650e-01 -5.861204166002540641e-07 2.428071490942035562e-09 -6.811399588568335384e-01 -3.835332144851383945e-09 1.082788637852529406e-09 1.467974049260417288e-03 inf 0.000000000000000000e+00 -9.000000000000000000e+01
0.000000000000000000e+00 8.817890240089754084e-01 5.328117819640393454e-08 -3.641181533693231458e-06 -8.484567928608698351e-01 -8.353405056215871542e-10 3.672605831954907973e+00 1.385649284662835482e-09 inf 0.000000000000000000e+00 -3.000000000000000000e+01
3.864171433538545197e-01 1.677348249041072381e-01 2.832313497437355991e-09 1.141419807320589661e-02 -5.674766973391291991e-01 3.203813536427749242e-02 -3.947719431479696492e-09 -7.825361003228983750e-09 inf 0.000000000000000000e+00 -9.000000000000000000e+01
1.138888060591603235e+01 5.714008826335879121e+01 1.516287350131355543e-07 -1.679579833991655391e-07 -3.655400166984733801e+01 4.169790212861227412e-08 3.442531038778626709e+11 9.816211029773451425e-06 inf 0.000000000000000000e+00 -2.000000000000000000e+01
7.346032031685245656e-01 1.088591100644188958e-01 7.655506533069017312e-09 6.835433735672942159e-06 -2.318150833026474122e-01 9.391999478374917156e-08 -8.049559727883380761e-05 0.000000000000000000e+00 inf 0.000000000000000000e+00 -9.000000000000000000e+01
2.827649286788580518e-01 4.231587044564729116e-01 1.036145612781270042e+00 8.618575463612386936e-10 -1.305898340332653000e-07 6.021953368806090302e-10 5.322154506376025474e-10 -1.636851638135368632e-06 inf 0.000000000000000000e+00 -9.000000000000000000e+01
4.965280524452687083e-01 4.122462090991512034e-07 2.251413963293497772e-02 8.795195110724957755e-10 -5.101582342770996092e-01 0.000000000000000000e+00 1.787328721882581302e-08 1.247648296119334273e-09 inf 0.000000000000000000e+00 -9.000000000000000000e+01
3.940913872216499914e-01 6.049918561644861414e-01 1.208444292847637713e-01 1.433696114769736579e-09 -1.905031608151530609e-01 -9.294245118557467600e-02 4.645175411853946574e-09 -6.606471696858945944e-08 inf 0.000000000000000000e+00 -9.000000000000000000e+01
7.254380126393045734e-10 9.208318067501157778e-01 2.942241614053365556e-08 2.806151692302425962e-09 -3.939952484619347883e-01 9.925566607041647348e-10 0.000000000000000000e+00 2.780283360068776505e-08 inf 0.000000000000000000e+00 -9.000000000000000000e+01
4.646055853479520992e-01 5.175736488241029498e-01 5.630812551454656258e-04 8.231121799262538045e-10 -2.875409160133905462e-01 4.295969048656201369e-09 4.214334361222419902e-06 1.479346822004445158e-08 inf 0.000000000000000000e+00 -9.000000000000000000e+01
4.001848162437866563e-01 6.683788509896225749e-01 1.452096002526387463e-08 2.608583758313685579e-06 -2.387067324962937886e-01 7.954305710669041444e-07 2.594523116905937467e-08 0.000000000000000000e+00 inf 0.000000000000000000e+00 -9.000000000000000000e+01
3.223781669860627530e-01 9.816560400116144391e-01 4.422758781530577744e-05 3.825736201771737423e-08 8.385027025942015437e-10 1.883439360872240003e-07 1.769103512612231097e-04 -1.474843810113603444e-02 inf 0.000000000000000000e+00 -9.000000000000000000e+01
1.225765922857515872e-01 8.957520205497231380e-01 1.540801515611160168e-03 6.261424485750531621e-03 -3.017269963956962231e-01 0.000000000000000000e+00 0.000000000000000000e+00 0.000000000000000000e+00 inf 0.000000000000000000e+00 -9.000000000000000000e+01
2.166243075834656251e-01 6.542540885217478230e-01 1.681681197499362989e-05 1.868586246669317580e-08 -4.351957999541983813e-01 -2.895728376049656408e-08 6.513938080392263186e-09 2.321225151142009236e-09 inf 0.000000000000000000e+00 -9.000000000000000000e+01
1.054313178649929211e-01 6.039522406093421614e-01 1.402694669034063151e-08 4.639443650898062735e-09 -5.852088952111211828e-01 -9.717229385869270464e-10 3.297263464267017758e-09 3.747242948802281440e-09 inf 0.000000000000000000e+00 -9.000000000000000000e+01
5.302048715191018946e-01 4.117063615520819564e-01 4.599175942730389897e-04 6.305321856969082864e-06 -3.114383915799882052e-01 4.065788019558706162e-08 2.400354432665275095e-01 2.589789250765679255e-08 inf 0.000000000000000000e+00 -1.000000000000000000e+01
3.237203101663551075e-01 3.463933279990180636e-01 5.939028006907880793e-06 8.443337369976065820e-03 -5.290370827621366789e-01 2.946840226425140585e-09 3.806491706490563375e-08 -2.548746362265502489e-03 inf 0.000000000000000000e+00 -9.000000000000000000e+01
1.416024806377411960e-01 5.527849415961305635e-01 9.479093892863225124e-01 1.268925234194305251e-09 -1.315714495629785301e-05 7.903591458695958130e-10 2.720529295704025692e-05 3.074424567419345492e-09 inf 0.000000000000000000e+00 -9.000000000000000000e+01
3.959148166744239083e-01 4.575015659348898311e-01 1.491649549223059706e-08 0.000000000000000000e+00 -3.939596817772662574e-01 7.079508602757881433e-09 5.914157392427365573e-09 4.792506852484244501e-09 inf 0.000000000000000000e+00 -9.000000000000000000e+01
2.333568761182432116e-01 7.000706283547296627e-01 4.182610760095910864e-07 2.133230134129105339e-09 -3.823080736405261026e-01 4.516159171241531169e-10 4.784022837087210933e-03 -4.516159171241531169e-10 inf 0.000000000000000000e+00 -9.000000000000000000e+01
3.048182518809698371e-01 7.407933611449863953e-01 -1.528766877082734152e-07 3.747609857226814000e-04 -2.726362452082777832e-01 -1.370787061304653367e-09 1.711900409233269973e-08 9.265253800501419106e-09 inf 0.000000000000000000e+00 -9.000000000000000000e+01
3.978140508765672101e-02 1.194666195863167912e+00 2.428064275369672834e-08 5.453659993506100898e-10 -1.912567552291188477e-03 1.430690180717822597e-06 8.148023385615537020e-08 1.003181604156640622e-09 inf 0.000000000000000000e+00 -9.000000000000000000e+01
5.835091804012475514e-01 7.331919701563502922e-01 -2.778608174394764375e-09 2.394290386972510593e-02 -4.258264282501037125e-05 8.652018792172561687e-06 0.000000000000000000e+00 1.046703589504150078e-09 inf 0.000000000000000000e+00 -9.000000000000000000e+01
4.492990029621142800e-01 9.024796387791927943e-01 9.659419756815330955e-09 0.000000000000000000e+00 -1.055804136550281491e+00 -5.256575254487289597e-06 7.875056736151510961e+01 3.479704745928205456e-06 inf 0.000000000000000000e+00 -3.000000000000000000e+01
4.351009971376408325e-01 8.806111090393400342e-01 5.334671316579926367e-03 2.172902706997189431e-02 -2.187540524634146860e-03 0.000000000000000000e+00 1.846404405703412166e-07 5.506330342949523626e-09 inf 0.000000000000000000e+00 -9.000000000000000000e+01
8.757051096920649425e-01 2.896300946452354808e-01 3.660306802731606553e-04 0.000000000000000000e+00 -7.187511539909336583e-03 0.000000000000000000e+00 0.000000000000000000e+00 0.000000000000000000e+00 inf 0.000000000000000000e+00 -9.000000000000000000e+01
8.053972081859338550e-01 1.227271936283327758e+00 1.244096364711990718e-08 1.134404871806359698e-05 -4.971041376532229217e-01 -2.126613485616344346e-09 4.304892330347672669e+01 -9.506566744486500811e-10 inf 0.000000000000000000e+00 -3.000000000000000000e+01
1.964340861305066965e-01 5.515340950168912344e-10 -1.874832718610131574e-03 0.000000000000000000e+00 -8.835527176917707184e-05 -2.547006079576043661e-07 0.000000000000000000e+00 -2.252702229122264033e+00 inf 0.000000000000000000e+00 -3.000000000000000000e+01
3.781213898282171365e-06 5.711623098984122069e-06 7.089776059279071044e-07 1.273672049947678804e-03 -5.119142703149710816e-02 5.566096116714709803e-08 -1.528569489959607841e+00 0.000000000000000000e+00 inf 0.000000000000000000e+00 -9.000000000000000000e+01
4.668660343556216286e-01 4.187561555605683874e-04 7.481130082794532153e-08 1.258281717429592396e-06 -4.584083163419327978e-01 2.464941620810791473e-06 5.178313221729476669e-07 1.806763491693773848e-07 inf 0.000000000000000000e+00 -9.000000000000000000e+01
1.725242793942126981e-04 8.102674126376017139e-01 5.130428597469465829e-08 1.086158446319972740e-09 -5.140548994930358440e-01 1.957163501997611031e-07 9.944164071638346441e-08 6.507054017816692861e-10 inf 0.000000000000000000e+00 -9.000000000000000000e+01
4.105702874908686573e-01 5.270357845154990395e-01 1.358575896092263969e-09 9.872902511989200923e-06 -3.341030419696467413e-01 -5.357171533494140124e-08 0.000000000000000000e+00 2.665324663600284914e-04 inf 0.000000000000000000e+00 -9.000000000000000000e+01
4.489015369223910423e-01 4.539265541267461512e-01 4.923600841506810613e-04 1.410832467043064426e-05 -3.433761756309334223e-01 4.482731669655343785e-08 2.530896388101624986e-08 -1.694634708239553360e-03 inf 0.000000000000000000e+00 -9.000000000000000000e+01
9.928346243272814231e-01 0.000000000000000000e+00 2.139304517278103836e-04 1.664957617659898980e-04 -1.493623517517803437e-02 9.392068612440456095e-05 4.968135252348874129e-08 4.076418668593947981e-06 inf 0.000000000000000000e+00 -9.000000000000000000e+01
9.872621893567182783e-01 1.261286479460093144e-09 1.962747891365244912e-01 2.030927145129481170e-07 -1.094845308152175671e-02 1.396554884503639569e-09 0.000000000000000000e+00 -8.810725842025578492e-10 inf 0.000000000000000000e+00 -9.000000000000000000e+01
3.092965256327973034e-01 7.064405851731346830e-01 4.494965571644353778e-04 5.826476247936617338e-04 -2.992306623725583536e-01 3.316210000203571948e-08 1.767190855371640485e-07 0.000000000000000000e+00 inf 0.000000000000000000e+00 -9.000000000000000000e+01
1.728363991256535170e-01 7.100868927933475794e-01 3.723561026798389951e-07 1.931286985899431464e-07 -4.268850821778188975e-01 -5.092036231770477248e-03 -3.725483377237825099e-03 -1.306721683004448307e-06 inf 0.000000000000000000e+00 -9.000000000000000000e+01
6.444771735045227591e-10 1.065140480798062672e+00 0.000000000000000000e+00 2.477872087843821080e-03 -2.221869474276213507e-01 1.001466980396733860e-09 5.038926920292715252e-10 3.157382130649922088e-05 inf 0.000000000000000000e+00 -9.000000000000000000e+01
6.755765194979599583e-10 1.227591139580064938e+00 9.256697502736470681e-12 0.000000000000000000e+00 0.000000000000000000e+00 0.000000000000000000e+00 0.000000000000000000e+00 0.000000000000000000e+00 inf 0.000000000000000000e+00 -9.000000000000000000e+01
6.785644479127895812e-01 6.198989336840181608e-01 -3.664289123946432151e-09 1.808978678446079484e-07 -6.657787507270623127e-07 0.000000000000000000e+00 6.279557107041400691e-09 -8.071634889329317657e-09 inf 0.000000000000000000e+00 -9.000000000000000000e+01
3.456180386829086487e-02 2.325288853894904861e-01 5.266705978162697539e-03 8.801696131983857132e-05 -8.754028626427876603e-01 -3.904038236048903147e-07 9.353910227705178060e-10 9.517281183364657544e-05 inf 0.000000000000000000e+00 -9.000000000000000000e+01
1.232733558216994874e-01 1.103125998341216052e+00 6.261117084224657181e-02 4.728527102419939427e-06 -2.574296398133496865e-07 1.187097983683514121e-09 3.577993188741503253e-08 1.092914283106495529e-06 inf 0.000000000000000000e+00 -9.000000000000000000e+01
9.940543802674462230e-11 1.543217289645965402e-10 3.642548917903089544e-10 3.029842750053181067e-19 -1.009138249054999603e+00 6.435178832377909577e-19 2.439619023906069098e-16 4.454127803496983606e-19 inf 0.000000000000000000e+00 -9.000000000000000000e+01
5.397328629847262249e-01 7.626660020436347720e-01 1.376866094445637718e-09 5.524948391680272592e-08 -1.839442841467420556e-02 1.268173808048130056e-07 1.191188198053678987e-04 -7.822215405575741812e-03 inf 0.000000000000000000e+00 -9.000000000000000000e+01
2.180448207575931274e-01 6.609789185297441083e-01 2.977978229828263186e-05 2.599296817274011700e-08 -4.282674057929407585e-01 -4.224148729058752407e-07 -3.678937479605874141e-09 5.919082578573807149e-10 inf 0.000000000000000000e+00 -9.000000000000000000e+01
4.239634261505288992e-01 1.030349362357859011e+00 -2.134374564005372048e-07 4.366910222345896952e-09 -4.645017617187069403e-01 7.550264999573164104e-01 0.000000000000000000e+00 1.474933366164089612e-08 inf 0.000000000000000000e+00 -9.000000000000000000e+01
6.338553653518519404e-01 1.980798016724537314e-01 1.634366129793421085e-06 1.160474580743730561e-06 -2.924733861731538820e-01 4.700726641502374526e-10 9.552459571395337812e-07 5.247322762607301748e-10 inf 0.000000000000000000e+00 -9.000000000000000000e+01
3.713800668057628540e-01 4.222004970002356528e-01 1.211653475629635158e-08 8.155359932122543538e-10 -4.397921843752454762e-01 -7.445406723745804382e-10 3.460202714057708169e-08 0.000000000000000000e+00 inf 0.000000000000000000e+00 -9.000000000000000000e+01
2.241395898059549696e-01 6.211450070439537008e-01 6.500780586692321734e-03 -6.247082283279739828e-05 -4.521857519832555572e-01 -1.797600907491933877e-07 2.840768273497615738e-07 1.036909526058940018e-09 inf 0.000000000000000000e+00 -9.000000000000000000e+01
5.735435274106196468e-01 2.426530308275698655e-01 8.911984041303474546e-01 8.599706135153221444e-04 -4.224368673043602668e-02 -1.222088900713397264e-01 1.151169330153432616e-06 -2.002765355091498052e-07 inf 0.000000000000000000e+00 -9.000000000000000000e+01
5.081151690526515274e-01 3.521718946630909564e-01 1.153330466839458390e-02 1.483225113466788065e-05 -3.404761490838739135e-01 1.534633896670326002e-09 7.721580647284447863e-10 4.838327910239255186e-05 inf 0.000000000000000000e+00 -9.000000000000000000e+01
7.457233991138384477e-02 3.947730784444616337e-01 2.908363765627766594e-09 1.861352810001770554e-08 -7.527203100191039997e-01 -6.307527635402226028e-07 1.707703403515775244e-08 -3.972934653423590627e-09 inf 0.000000000000000000e+00 -9.000000000000000000e+01
1.157229956049380690e-06 4.977591707059154329e-06 1.452980468622947274e+00 1.112495315905832202e-09 -3.065126910489839873e-01 7.984135248717318148e-10 2.010273752222924373e-05 2.025387250593731348e-09 inf 0.000000000000000000e+00 -9.000000000000000000e+01
3.999379169731021588e-01 8.991304994723756661e-01 7.503397278977566934e-03 1.124743429985417269e-06 -1.892954328739021586e-02 -7.422236530834692502e-10 5.568036782106026100e-09 2.049037535815017737e-06 inf 0.000000000000000000e+00 -9.000000000000000000e+01
4.037019235438250670e-06 9.674708337160354832e-01 5.695794465841095770e-07 1.929242195681381714e-05 -3.387894255251098774e-01 0.000000000000000000e+00 1.034392498251021258e-09 7.598556213567251197e-08 inf 0.000000000000000000e+00 -9.000000000000000000e+01
3.247353287793691146e-01 6.670767898419570630e-01 -6.075032623766905924e-04 1.814308552787599544e-07 -3.198447364784750002e-01 4.783610594312054203e-03 -3.599170271439261319e-03 8.162056471409510005e-09 inf 0.000000000000000000e+00 -9.000000000000000000e+01
2.808442168946380657e-01 5.421174082217055101e-01 3.499572080535399749e-07 8.451233269687621300e-06 -4.540477931676378809e-01 2.986301508723540934e-08 1.176602794437075079e-05 -1.228116495462556175e-06 inf 0.000000000000000000e+00 -9.000000000000000000e+01
5.047018962835126965e-01 4.714130478052384055e-01 7.668368967281388482e-06 1.298667778335900296e-02 -2.759752922231122341e-01 1.484927217221956685e-07 2.376203574972635652e-09 -3.476536998335898188e-02 inf 0.000000000000000000e+00 -9.000000000000000000e+01
2.506035771727018746e-01 5.318565127046550600e-01 4.096966587257582434e-09 1.774402945279926492e-06 -4.921926371809181022e-01 2.035050616293520504e-09 6.447685120929966188e-08 5.904508742738120292e-02 inf 0.000000000000000000e+00 -1.000000000000000000e+01
1.313804670144583719e-03 6.176315191137882882e-02 1.970707005216875687e-05 5.729233433727091147e-06 -7.147097405586535536e-03 1.068959254344911366e-04 -5.511121330285119210e-08 3.685744635703910161e-06 inf 0.000000000000000000e+00 -9.000000000000000000e+01
8.988420555782848512e-05 1.357724578689303927e-04 7.332658874454428737e-06 0.000000000000000000e+00 -9.959851203470571068e-01 4.934021974494285216e-07 4.844285604800861343e-04 -2.232246806692236962e+00 inf 0.000000000000000000e+00 -3.000000000000000000e+01
4.947943729725372553e-01 6.146112111975815528e-02 8.391041476889269003e-09 5.083983953644673990e-08 -5.796754160347716844e-01 -3.961065167766845904e-08 2.509166443693368720e+00 9.466914901545566136e-10 inf 0.000000000000000000e+00 -3.000000000000000000e+01
4.481766777535226565e-01 1.904523610331906591e-01 3.196939733818848954e-08 2.184756102840271115e-06 -4.818126555970932978e-01 2.214829010505855093e-09 1.059866799889774265e-07 1.283110727064920943e-06 inf 0.000000000000000000e+00 -9.000000000000000000e+01
1.746825879045732499e-01 7.835890764918325146e-01 1.935275440932449076e-02 5.314954709499612739e-02 -3.565871949473200520e-01 4.893186430466615638e-10 1.385755777931711680e-05 5.596056508794810020e-09 inf 0.000000000000000000e+00 -9.000000000000000000e+01
8.885082523914568098e-01 2.779034622017331757e-01 1.359704611708140817e-09 2.507980624276678170e-09 -4.240470309474688350e-06 0.000000000000000000e+00 3.691000917261066635e-05 2.012217012501055880e-09 inf 0.000000000000000000e+00 -9.000000000000000000e+01
4.698950381679389466e+03 6.963263358778626753e+02 4.896908315993447609e-05 1.944622010675095547e-01 -1.482824427480916029e+03 5.995726767387099228e-04 3.442531038778626099e+11 6.784009569473849503e-04 inf 0.000000000000000000e+00 -2.000000000000000000e+01
1.935856528008473784e-02 8.871963293030633579e-01 4.517483610898126818e-06 7.526634608108656241e-03 -5.080860035656310503e-01 2.242201926304376316e-09 3.028974252025877223e-01 4.786518722549114652e-10 inf 0.000000000000000000e+00 -1.000000000000000000e+01
1.818689795808157150e-01 6.659990801550997874e-01 9.185504140360300357e-04 1.038219778596135016e-07 -4.600516722917535328e-01 6.595749181669563568e-08 2.561534923673460711e-04 -1.767263814301509140e-09 inf 0.000000000000000000e+00 -9.000000000000000000e+01
1.983035056597439172e-01 7.287409616855613503e-01 2.947765127042644719e-04 5.380983064635895794e-06 -3.907458239600865024e-01 -2.164317842064077937e-05 6.404823159517275623e-10 9.570843698596838998e-10 inf 0.000000000000000000e+00 -9.000000000000000000e+01
4.693222618211666530e-01 2.464851413828220428e-01 9.168155812320465392e-01 3.448799253435945897e-06 -4.354419241218673159e-02 -1.605336806423176832e-01 0.000000000000000000e+00 1.290263805202708655e-08 inf 0.000000000000000000e+00 -9.000000000000000000e+01
4.305729851435668443e-01 5.660217758664791710e-01 2.146336827161464046e-08 2.047060544253766465e-09 -2.874157266559359547e-01 5.681721149882697781e-10 1.436667292749545050e-06 -3.245103753359718292e-07 inf 0.000000000000000000e+00 -9.000000000000000000e+01
3.859903738042387289e-01 4.850052957801087028e-01 -1.800533670051278578e-09 4.657630500653480881e-10 -3.876685928207789233e-01 4.579482337890838921e-10 4.851101844686424129e-03 -8.596297903890652834e-10 inf 0.000000000000000000e+00 -9.000000000000000000e+01
9.652567342694864591e-03 1.142416318078019577e+00 2.298224554399020650e-11 0.000000000000000000e+00 -1.139282730998651960e-01 6.954083549637309150e-10 -1.474824373911389593e-11 2.345127096325531308e-12 inf 0.000000000000000000e+00 -8.000000000000000000e+01
1.161843174933215428e+00 9.425848325820055384e-01 1.748274475899628047e-03 6.887141874756110699e-03 -1.138674123293010321e-01 1.629391636928298462e-09 3.298368795452428515e+01 -7.662772039301041469e-10 inf 0.000000000000000000e+00 -3.000000000000000000e+01
5.291328721374046751e+01 3.631917938931298551e+01 2.129055343511450928e+02 5.135781892383372346e-04 -1.413825814050572838e+00 1.670417587786259890e+09 3.442531038778626709e+11 2.472341515635716820e-04 inf 0.000000000000000000e+00 -2.000000000000000000e+01
5.849962478529830978e-01 7.292140728445171138e-01 0.000000000000000000e+00 0.000000000000000000e+00 0.000000000000000000e+00 0.000000000000000000e+00 0.000000000000000000e+00 8.505248860284698670e-09 inf 0.000000000000000000e+00 -9.000000000000000000e+01
2.957013980967649336e-01 6.115185375606566609e-01 5.195630347185318289e-10 3.327201741562905804e-09 -3.902453825222611528e-01 1.470763052126305460e-08 6.874218613199036729e-09 8.185116116181178555e-08 inf 0.000000000000000000e+00 -9.000000000000000000e+01
1.162526460483340046e-01 1.766212307915341617e-01 1.208751548229561879e+00 1.637017809634420977e-06 -4.125761563020993172e-01 6.631057119261212987e-10 1.347513052303574842e-06 1.155387167893104252e-06 inf 0.000000000000000000e+00 -9.000000000000000000e+01
1.096708080488864256e+00 3.290124241466592547e+00 1.958285211664971884e-06 1.200132124870072420e-03 -8.769775608164498415e-01 1.341569088838899633e-08 4.689243741596641257e+02 8.275424012362629645e-08 inf 0.000000000000000000e+00 -2.000000000000000000e+01
0.000000000000000000e+00 5.985197996008174703e-01 1.176084397128946435e-08 3.167587309600628875e-08 -7.208546157829626155e-01 1.605747230213388192e-07 1.631130882428601381e-01 7.887430394808162470e-04 inf 0.000000000000000000e+00 -1.000000000000000000e+01
2.324721118691503996e-01 9.199253569679237685e-01 2.799788160219587046e-06 1.647923956011599301e-08 -1.660515084779645711e-01 3.919386706189750244e-08 0.000000000000000000e+00 3.974441222738185618e-10 inf 0.000000000000000000e+00 -9.000000000000000000e+01
3.427419996904578327e-04 1.138273970863877382e+00 1.446556504639510687e-01 1.941587111759998999e-02 -1.004141426120152246e-02 3.494090408056359210e-07 1.289081898117880148e-06 -2.205008509938479326e-07 inf 0.000000000000000000e+00 -9.000000000000000000e+01
4.624495987737550773e-01 2.454013727108087239e-01 6.381128487794417156e-09 2.916554507371095713e-06 -4.419180098218547514e-01 0.000000000000000000e+00 6.555953925816182109e-10 -5.335818056289281759e-10 inf 0.000000000000000000e+00 -9.000000000000000000e+01
2.792567509364120015e-01 5.312689408058569596e-01 -6.043366642923767712e-04 1.235279345251713573e-05 -4.631575381384394063e-01 -2.399605755605358442e-09 4.667930602730032780e-05 -1.405835492830788761e-07 inf 0.000000000000000000e+00 -9.000000000000000000e+01
1.167408027208256815e-01 5.819836228271899614e-01 6.429346103530104717e-01 1.061293661659438961e-06 -3.617736033790640016e-01 3.000123425185692899e-08 1.221050234050577083e-05 8.203462490742129331e-09 inf 0.000000000000000000e+00 -9.000000000000000000e+01
4.647640727988305853e-01 6.809730004378469204e-01 3.665882485267218200e-04 6.009097377908044073e-10 -1.655615607314515347e-01 0.000000000000000000e+00 1.085841042263107511e-05 -1.094004535819670210e-09 inf 0.000000000000000000e+00 -9.000000000000000000e+01
1.052236884000676970e-01 5.570360195796175695e-01 9.561066007709854153e-01 0.000000000000000000e+00 -8.768640700005641414e-03 0.000000000000000000e+00 0.000000000000000000e+00 0.000000000000000000e+00 inf 0.000000000000000000e+00 -9.000000000000000000e+01
4.258069920194564317e-01 1.330646850060801245e-01 2.230939882168453399e-07 5.103921232357384085e-10 -5.230592062461224545e-01 4.320585599573516544e-10 -1.025090906713506250e-01 2.807474907897379254e-05 inf 0.000000000000000000e+00 -9.000000000000000000e+01
4.866911707486561434e-01 3.504176429390324365e-01 9.121735978250350317e-09 8.317476062599103199e-06 -3.644776100939935981e-01 0.000000000000000000e+00 1.427965414175744489e-03 -7.308817060722006638e-04 inf 0.000000000000000000e+00 -9.000000000000000000e+01
3.435713400403565543e-01 6.018677791354447582e-01 7.337967019746823027e-02 1.373823917973952659e-08 -3.336843950032239436e-01 2.592954526149229756e-08 -1.252279174560707603e-07 5.252439550976673380e-03 inf 0.000000000000000000e+00 -9.000000000000000000e+01
4.143370728266289049e-01 3.511466698279731569e-01 3.635331217735252848e-09 1.574467909960511302e-06 -4.367336713577980589e-01 1.805746490120953422e-09 1.722312658894242618e-09 -2.589606705166430656e-02 inf 0.000000000000000000e+00 -9.000000000000000000e+01
5.249096447907273255e-01 3.170506877056773476e-01 6.077059150531083289e-09 3.197807335259299989e-10 -3.446775111157156513e-01 0.000000000000000000e+00 3.540867126015087106e-10 -1.104064423735195539e-06 inf 0.000000000000000000e+00 -9.000000000000000000e+01
1.000298438958552749e+00 8.069059723907979371e-07 4.571522015991409671e-02 1.771145647999296483e-09 -3.861082783776528544e-03 0.000000000000000000e+00 2.250570104068960375e-08 -2.960501249462441219e-09 inf 0.000000000000000000e+00 -9.000000000000000000e+01
1.404958615895777196e-01 7.261366867035219386e-01 1.766928672298957401e-08 6.366986461663588323e-10 -4.509386073012563445e-01 5.161935351687711936e-10 0.000000000000000000e+00 -9.964153954128892898e-10 inf 0.000000000000000000e+00 -9.000000000000000000e+01
7.902185248376480536e-11 3.845730154209886987e-10 1.020515046804092679e-18 2.521849682967805982e-19 -1.009138249005662402e+00 -8.713754078409936557e-15 -3.465437489131768842e-12 0.000000000000000000e+00 inf 0.000000000000000000e+00 -9.000000000000000000e+01
2.954784755842202459e-01 4.616851181003441829e-01 2.780522931102252756e-09 1.120548255389377038e-02 -5.571000425077486939e-01 1.131128539345843259e-01 4.887414018071485580e-10 4.801418463501312343e-10 inf 0.000000000000000000e+00 -9.000000000000000000e+01
9.117008671715192919e-10 8.276138875452571098e-01 3.194793107648731669e-05 5.607380233188777029e-06 -4.956418990709469119e-01 2.267831898007642739e-03 -7.776779636693338212e-09 -3.303980934405808505e-08 inf 0.000000000000000000e+00 -9.000000000000000000e+01
0.000000000000000000e+00 1.047768453357683344e-06 9.800088577371886614e-04 3.669841933569923268e-09 -1.006597966562400748e+00 7.631213366535588588e-10 -6.281646990266506053e-03 1.285016303218876567e-08 inf 0.000000000000000000e+00 -9.000000000000000000e+01
2.799165891427612615e-02 1.027062372192988793e+00 7.446479408146881266e-08 1.931869657773955233e-08 -2.449796314001309039e-01 1.522572612465912436e-03 1.095896969500861914e-07 2.809992229489389204e-09 inf 0.000000000000000000e+00 -9.000000000000000000e+01
1.346241748804041516e-01 1.181185289180557429e-01 1.398853495309027029e+00 1.345057060667765372e-09 -4.501929040176051071e-06 -5.630024553937932857e-10 1.592990275754602739e-05 2.136719216375078951e-09 inf 0.000000000000000000e+00 -9.000000000000000000e+01
1.001393727881045026e-01 3.909220875851777133e-01 6.703487910351463297e-01 7.153296032281971689e-10 -6.097833971839216050e-01 4.984232074106147909e-09 4.040714891353543621e-09 2.174191768951652945e-09 inf 0.000000000000000000e+00 -8.000000000000000000e+01
3.584321594090056906e-01 4.150732907724041243e-01 1.933763625453524537e-01 8.566789080776186068e-08 -4.327736443234661556e-01 9.758965393741344732e-10 3.871935458922242031e-08 1.566709579427664605e-08 inf 0.000000000000000000e+00 -9.000000000000000000e+01
1.937989528905648129e-01 5.051837873102363874e-01 1.504485155921640155e-05 1.661313113871069116e-08 -5.661542443994027618e-01 5.181220273885396817e-08 2.758039349200017004e-09 2.268730721130178715e-08 inf 0.000000000000000000e+00 -9.000000000000000000e+01
1.912098375663243421e-01 8.570122976049614483e-01 2.261424040447874637e-02 8.565864133138074237e-07 -2.667132093232831846e-01 0.000000000000000000e+00 1.306140917670604992e-03 -4.880251467774489700e-09 inf 0.000000000000000000e+00 -9.000000000000000000e+01
1.528155439464111420e-01 1.116728974993004497e+00 -1.920908530175741017e-03 7.744858296963546065e-03 4.744018860981214061e-10 0.000000000000000000e+00 0.000000000000000000e+00 0.000000000000000000e+00 inf 0.000000000000000000e+00 -8.000000000000000000e+01
2.650136094971950462e-01 6.781230595957637997e-01 0.000000000000000000e+00 6.874437502216057430e-05 -3.673166572810387387e-01 5.487963140336234100e-09 2.102267361694938163e-08 1.910624204413355343e-08 inf 0.000000000000000000e+00 -9.000000000000000000e+01
1.005962996050168590e+00 1.603583188192364505e-08 3.789419716225804480e-02 1.204779021389741791e-06 -1.539672264025277557e-08 -1.310900205927182070e-09 5.229075613670753955e-10 7.861769933053599614e-10 inf 0.000000000000000000e+00 -9.000000000000000000e+01
7.310844706472640700e-06 1.929544131662683515e-01 3.680868964340743844e-09 2.355756137178076060e-08 -9.470612742846794552e-01 2.180741235477346368e-09 2.945584278286995095e-01 3.178048373740234884e-08 inf 0.000000000000000000e+00 -1.000000000000000000e+01
4.832103455025443250e-01 8.082098086511984025e-01 3.844755427561356587e-07 1.214324645678953340e-06 -9.645145357960056565e-01 -4.203781052593681533e-09 6.148494242418173172e+01 1.576417894722630678e-09 inf 0.000000000000000000e+00 -3.000000000000000000e+01
3.868937233748514504e-01 7.067928626155295380e-01 4.695116035730158151e-10 3.533971724435298106e-08 -2.219195599444494238e-01 1.254110728480746599e-09 8.636020611045791768e-04 -9.290264596731078513e-04 inf 0.000000000000000000e+00 -9.000000000000000000e+01
4.442658419090509958e-01 6.280303492441584590e-01 5.174687363145196069e-03 2.107738511329872513e-02 -1.098548263629653299e+00 -5.469387188918828517e-06 8.193877636955296850e+01 3.597470165105764295e-06 inf 0.000000000000000000e+00 -3.000000000000000000e+01
1.216025336752378505e-01 1.129460821254751668e+00 -1.234384167364886171e-06 4.637540039612306099e-09 -5.603506583551744538e-03 -8.077304837205539734e-09 8.752972922447068257e-09 1.700687282738618952e-09 inf 0.000000000000000000e+00 -9.000000000000000000e+01
3.944390184372766756e-02 1.184530713830098669e+00 2.442187760874392370e-08 2.020741432917125269e-02 -1.517073147835679495e-02 1.418552284231116308e-06 8.356680395029912440e-08 1.456390221922252391e-03 inf 0.000000000000000000e+00 -9.000000000000000000e+01
7.818001225114744324e-02 5.639428498785697963e-01 2.314324630447147160e-02 6.566743004318674219e-08 -6.385246188880326912e-01 1.313722952008874250e-05 4.313812024066231417e-10 8.910337152534543420e-09 inf 0.000000000000000000e+00 -8.000000000000000000e+01
1.940145107770025108e-04 8.886625434805447282e-03 1.551710304232695459e-01 1.481064611987432205e-06 -9.946527975248909970e-01 5.766059447798061827e-09 8.541710748979665715e-03 5.349664819218818857e-07 inf 0.000000000000000000e+00 -9.000000000000000000e+01
4.518038819518337650e-09 1.094754388326802275e-04 7.760072888662788992e-01 -1.622278523634535852e-04 -9.642006732919333745e-01 0.000000000000000000e+00 8.862972703422945425e-09 2.853168172685914832e-04 inf 0.000000000000000000e+00 -9.000000000000000000e+01
1.779608144104936169e-04 9.643368320610689182e+01 8.047555239145993689e-01 1.206311560769117750e-04 -2.221027403387405119e+00 8.097814239618434740e-04 1.050577099236641452e+07 2.197636902787303780e-04 inf 0.000000000000000000e+00 -2.000000000000000000e+01
4.090535017926869021e-01 9.079230469384219626e-01 9.717681641137502543e-09 1.525408344990628352e-05 -2.051674224012395298e-03 0.000000000000000000e+00 1.731725782276958394e-07 5.207979083124589230e-09 inf 0.000000000000000000e+00 -9.000000000000000000e+01
5.173159283424503263e-01 8.053668429876782442e-01 8.993936668477436501e-04 4.817880022734872310e-10 6.953076850992372480e-10 7.942202219296274294e-08 4.485008312073189863e-08 -2.908677390656532868e-03 inf 0.000000000000000000e+00 -9.000000000000000000e+01
3.741365733249570891e-01 4.696608048121801438e-01 5.684577984621735244e-06 9.627051454571700778e-03 -4.091621248702722036e-01 1.100779657812702425e-07 5.693687885238116264e-08 5.214030968677593053e-02 inf 0.000000000000000000e+00 -9.000000000000000000e+01
6.193098555093697888e-01 4.649708063445741613e-01 1.010178954921645480e-08 1.814712257463852881e-06 -1.660610022659193552e-01 5.533568177276841200e-07 4.620622585739584640e-06 0.000000000000000000e+00 inf 0.000000000000000000e+00 -9.000000000000000000e+01
3.711417167976172049e-01 4.229062194036006805e-01 7.935595918370104938e-04 9.532736496801411298e-10 -4.395099277866519327e-01 -7.440628296167513047e-10 3.457981971969488555e-08 1.018765732482593590e-09 inf 0.000000000000000000e+00 -9.000000000000000000e+01
2.997135788248197485e-01 2.762066314660103772e-01 1.077113496189398881e-08 9.163271309301513614e-04 -5.896325962501356432e-01 -5.207508068297798522e-08 2.783564850856939728e-07 4.761629784983623478e-10 inf 0.000000000000000000e+00 -9.000000000000000000e+01
8.151245918263974980e-11 2.241140784622467540e-10 4.610747367232153913e-18 1.971848593687321245e-16 -1.009138249063779025e+00 4.147518075664437433e-18 0.000000000000000000e+00 2.841319201185702216e-19 inf 0.000000000000000000e+00 -9.000000000000000000e+01
3.991901636375870810e-01 1.176498869371774142e-01 4.326106891172442146e-08 0.000000000000000000e+00 -5.619099077596533265e-01 -5.386700838685685899e-08 1.857783806088165673e-09 -1.284966504561056147e-03 inf 0.000000000000000000e+00 -9.000000000000000000e+01
5.255525973426382613e-01 1.845598930550760575e-01 5.979894655980753093e-01 4.578809981786108292e-10 -3.567901064070990169e-01 -1.418368925267009752e-07 2.190020413106574673e-07 0.000000000000000000e+00 inf 0.000000000000000000e+00 -9.000000000000000000e+01
0.000000000000000000e+00 9.875895455487408992e-01 1.757954179718280163e-01 4.831996032827352053e-08 -2.172249113792014963e-01 -1.138755971134208490e-09 1.061170399474515080e-08 9.610599844297495767e-08 inf 0.000000000000000000e+00 -9.000000000000000000e+01
6.255764105928126595e-01 6.869074312391667547e-01 1.178705553047119416e-02 3.865132030317112392e-03 -1.456152790236338738e-08 1.820190987795423422e-09 9.748303198234904230e-10 2.760749929187619616e-10 inf 0.000000000000000000e+00 -9.000000000000000000e+01
0.000000000000000000e+00 6.794191316793894941e+01 2.729317230236439713e-07 4.020720037795205704e-02 -2.332567986641221935e+01 7.643954444477578554e-04 1.395166387786259766e+11 1.000880285073782938e-03 inf 0.000000000000000000e+00 -2.000000000000000000e+01
1.467237454280219400e-01 4.119608248558713227e-10 -3.659058922312123565e-03 1.182031386351160207e-09 -8.615502687202076793e-01 -1.971380637427939676e-07 7.108343644571897932e-09 7.081418100463670871e-10 inf 0.000000000000000000e+00 -9.000000000000000000e+01
1.664790623468924077e-02 9.510409533506980484e-01 1.991573050360626469e-09 5.861938815031422778e-02 -1.451885005706982756e+00 8.318486172453648381e-08 7.035076906206030856e+01 0.000000000000000000e+00 inf 0.000000000000000000e+00 -3.000000000000000000e+01
