2.906628399670347918e-01 5.430347668845200149e-01 1.006293991968388057e-08 2.767388715853804082e-01 -4.386050040221123325e-01 2.731863414622084305e-08 -7.904752883335027652e-03 4.931405468502585501e-03 3.047982920751383972e+03 1.000000000000000000e+00 0.000000000000000000e+00
2.721135050246115683e-01 5.697376511452804104e-01 7.493283708177240889e-07 7.039145301621044535e-07 -4.438851550713975858e-01 -3.260064989921267209e-07 2.777542932955308385e-08 5.749589898852514337e-10 3.551490079384719866e+04 1.000000000000000000e+00 0.000000000000000000e+00
2.222051964960750914e-01 5.976553560928916653e-01 -1.567202449245321298e-04 1.473918568711992359e-02 -4.733566638000680227e-01 4.138894313873259190e-10 0.000000000000000000e+00 -2.166854845276190459e-05 4.625829563301010785e+04 1.000000000000000000e+00 0.000000000000000000e+00
4.638824479876797469e-01 5.933032598296032918e-03 1.086537032812379788e+00 1.619066346902221126e-08 -4.648389066433244454e-01 9.284374059676096282e-04 -1.524355982433741371e-03 -4.418226826933878142e-09 9.186772217637444555e+04 1.000000000000000000e+00 0.000000000000000000e+00
4.647845796604780921e-01 7.053225786187873325e-01 9.271733625185825389e-02 1.350630447338116089e-02 -1.236231150024776765e-01 4.889858707969551140e-05 1.344640955332182183e-02 4.926621298902579578e-10 9.227386648221158248e+04 0.000000000000000000e+00 0.000000000000000000e+00
6.137350273967850933e-01 -6.323958897162819393e-02 1.409931819695317001e+00 1.050481065880743415e-08 -7.402142053400413702e-02 1.904608682647213312e-06 4.146858293221520535e-04 -5.054667717002635836e-09 1.020747999384293362e+05 0.000000000000000000e+00 0.000000000000000000e+00
5.860935590598638223e-01 4.233997301346179975e-04 1.845177829469224484e+00 3.978276757047207245e-08 -2.967445306911928871e-01 -8.343051057595064768e-02 7.894698729292172201e-01 6.017005843068629064e-08 1.119150764710448566e+05 1.000000000000000000e+00 0.000000000000000000e+00
6.872489796718407318e-01 1.064034949009945793e-05 2.943106061545302434e-09 8.303162896898420373e-06 -3.204474714598905538e-01 1.709836507657600655e-05 -7.688113793424464007e-09 -1.922028448356116002e-09 1.133548506785492355e+05 1.000000000000000000e+00 0.000000000000000000e+00
5.936043628915141923e-01 4.747707844430207566e-06 2.024654286070499132e-01 3.631154708818110370e-04 -4.049308572140998264e-01 1.431046690697048255e-05 6.329882535826787376e-10 -4.301031873694253468e-08 inf 0.000000000000000000e+00 -9.000000000000000000e+01
1.177207972367131150e+00 7.579056048914965423e-07 2.023990241299083725e-01 4.571751456243893912e-06 1.535062822741467021e-07 5.737295172186379633e-01 2.446981331300754264e-07 2.654696102694813837e-07 inf 0.000000000000000000e+00 -9.000000000000000000e+01
8.949676014703960014e-01 5.370465993039069107e-09 4.613554678583897707e-08 1.450386252079812860e-07 -1.127780119420465355e-01 2.777359916507506721e-06 7.237596946012704591e-03 7.093340318322743750e-08 inf 0.000000000000000000e+00 -9.000000000000000000e+01
5.051766135766574406e-01 -7.029145398762796926e-02 1.301659449580730321e+00 2.527899625989489529e-03 -4.452560298494991353e-01 2.039626990787905065e-07 4.162223721772193261e-09 4.698175275332139789e-06 inf 0.000000000000000000e+00 -9.000000000000000000e+01
4.835850498872834580e-01 8.038540960845632632e-01 1.035638213334540008e-06 3.121010545861383608e-10 -3.831032878767130084e-02 0.000000000000000000e+00 2.891501891630035743e-03 5.979698180019988673e-08 inf 0.000000000000000000e+00 -9.000000000000000000e+01
7.873380568323330442e-01 6.370049003497840756e-02 8.312913949564681992e-02 3.853879647116193602e-02 -4.917677830700332708e-01 1.242159555682078864e-01 1.447275133594709295e+01 -1.727564511651705157e-09 inf 0.000000000000000000e+00 -3.000000000000000000e+01
5.917521469465651052e+01 -5.635734732824429827e+00 1.619562847923687165e-03 7.827409351145041272e-02 -1.094584923664122471e+03 4.267969465648856945e+06 -2.812975235567748977e-01 8.469501524481158616e-02 inf 0.000000000000000000e+00 -2.000000000000000000e+01
3.453410394202284239e-01 6.567141077499426549e-01 -2.948608601607141731e-05 2.350842276519365620e-08 -3.028810755570855995e-01 1.737823596757138758e-08 -7.636896278162497165e-03 -4.544211864659443833e-07 inf 0.000000000000000000e+00 -9.000000000000000000e+01
1.898906425497935424e-01 1.073561364137509457e-06 6.729348002524464771e-10 6.296493121844561638e-07 -3.320651749204082126e-01 7.001424067316558613e-10 -6.874455237080248016e-10 -2.243630976588329773e+00 inf 0.000000000000000000e+00 -3.000000000000000000e+01
2.613222525774809291e-01 5.471434663341007143e-01 7.196121256994973858e-07 2.184490705139879516e-02 -5.030453362116508176e-01 5.052910743197384924e-02 -7.305028789092179271e-04 -9.268773646107526798e-02 inf 0.000000000000000000e+00 -9.000000000000000000e+01
0.000000000000000000e+00 1.438723028920941838e-01 2.207999423976629405e+00 2.836767876964654995e-03 -1.139233745349643723e+00 8.276483223071659533e-10 8.769359414375264450e+00 6.832364511620459385e-07 inf 0.000000000000000000e+00 -2.000000000000000000e+01
2.962563046339397044e-01 5.587115543767587900e-01 1.174007093258338285e-09 1.036977874171402857e-09 -4.294722268518857966e-01 3.238749974631734228e-03 4.610107349173436691e-08 -4.296003788292992900e-05 inf 0.000000000000000000e+00 -9.000000000000000000e+01
8.789753631454486626e-01 1.626169590185460705e-05 3.124166715957573895e-08 2.260933795286309778e+00 -1.353558216129837120e-07 1.423977438523522585e-02 1.494672712770583362e-13 -4.782952680865867082e-11 inf 0.000000000000000000e+00 -2.000000000000000000e+01
1.838149717813265230e-04 6.974130435330393452e-01 5.477832625196503696e-04 3.044620383595849633e-01 -8.338960262459568229e-01 8.632283956281486644e-10 7.347219030750909813e-10 4.569030313589357206e+01 inf 0.000000000000000000e+00 -3.000000000000000000e+01
6.284919443036717235e-01 3.536479406268337479e-06 1.026041966815967932e+00 1.799078810383705762e-02 -3.117715944183568344e-01 1.941878010281352028e-08 -5.567349900327800243e-03 6.121507413554873604e-05 inf 0.000000000000000000e+00 -9.000000000000000000e+01
3.095119797953638785e-01 8.324804973806337882e-01 -2.177182568603642956e-04 4.921822296045469348e-04 -1.808451222942260017e-01 2.345103564586370785e-04 3.286775286737625312e-09 3.761430310013102497e-03 inf 0.000000000000000000e+00 -9.000000000000000000e+01
1.403502861013574394e-08 1.132931285647663877e+00 -1.230047888211868335e-05 5.344698724246995521e-06 -1.979696865638021913e-02 1.104741554485503397e-04 0.000000000000000000e+00 -8.463465965267311653e-01 inf 0.000000000000000000e+00 -9.000000000000000000e+01
4.083164077810252945e-04 1.044820210659236359e+01 -2.604173016400993656e-08 2.011952337029630832e-05 0.000000000000000000e+00 0.000000000000000000e+00 7.697092774928474057e+01 4.450429011541196118e-07 inf 0.000000000000000000e+00 -2.000000000000000000e+01
3.472842692405009313e-01 9.643339976231767308e-01 0.000000000000000000e+00 0.000000000000000000e+00 -7.768183915484593336e-10 1.339939530403290421e-08 -1.471646160460409565e-03 3.768579929259254102e-10 inf 0.000000000000000000e+00 -9.000000000000000000e+01
3.761511826658031350e-04 1.214794711772390734e+00 -8.405038992040727869e-06 6.983863007215992997e-08 -3.814120383674227642e-04 6.373778422677583519e-08 -1.052171140323924885e-02 1.775538799296623159e-05 inf 0.000000000000000000e+00 -9.000000000000000000e+01
8.864072382830597840e-01 5.118660362010159042e-09 1.021638632096845134e-01 5.475267427451389413e-04 -2.433177998182341206e-01 0.000000000000000000e+00 4.311611154588424810e+00 -5.367304407755164181e-02 inf 0.000000000000000000e+00 -3.000000000000000000e+01
4.735689929892655803e-01 1.409215783035029932e-09 5.412217062734464568e-01 8.206818363669997855e-09 -5.050132118396595260e-01 0.000000000000000000e+00 9.584087189407003971e-10 -8.328177045188960134e-05 inf 0.000000000000000000e+00 -9.000000000000000000e+01
1.488405770710157436e-02 2.104946947311252105e-06 0.000000000000000000e+00 3.523016469710411092e-06 -9.932385826007295027e-01 0.000000000000000000e+00 3.860223431335601956e-08 1.315968516786419733e-02 inf 0.000000000000000000e+00 -9.000000000000000000e+01
4.610862741880281113e-01 8.645367641025527572e-01 1.811615861235878931e-09 1.677994940091624481e-03 8.266851382002762729e-04 5.760412399161499581e-05 7.934206503375655181e-10 -1.093679205116475060e-09 inf 0.000000000000000000e+00 -9.000000000000000000e+01
4.686290096671383854e-01 5.772516278019055314e-01 4.581224964761467288e-10 5.877259516934724148e-02 -2.412973874279470965e-01 -2.367785167906999326e-07 0.000000000000000000e+00 8.757799143991953356e-10 inf 0.000000000000000000e+00 -9.000000000000000000e+01
6.266490750716461333e-01 4.041247096380411463e-01 6.752463502812839913e-01 0.000000000000000000e+00 -7.646513878462813470e-10 0.000000000000000000e+00 9.757046992580585740e-07 -6.957083608958682941e-01 inf 0.000000000000000000e+00 -9.000000000000000000e+01
5.032001137217000375e-01 1.500159412696026873e-01 4.601484065977362037e-01 2.125283204502662060e-01 -4.228324607248483691e-01 4.975787498421938709e-02 -1.420713770053688429e-01 -1.620799454221740488e-01 inf 0.000000000000000000e+00 -9.000000000000000000e+01
9.823174759308476167e-01 6.401245179878826963e-02 1.401016022176081698e-02 1.765598151744334699e-07 -8.169862912955789805e-09 0.000000000000000000e+00 5.655786174550557813e-10 -5.707429920489080332e-04 inf 0.000000000000000000e+00 -9.000000000000000000e+01
6.640773947910854069e-01 6.139024096893668306e-03 1.464192207383040234e+00 4.813865839788177120e-07 -2.082594441326800166e-07 3.397018801836337733e-07 1.181377575639127736e-01 -1.953765917356405196e-09 inf 0.000000000000000000e+00 -9.000000000000000000e+01
3.364428001225233666e-01 4.671612334175501841e-03 2.097738201176310824e+00 4.860617531570363375e-05 -4.437218791886533197e-05 4.999492318186659007e-04 -1.086610525524580022e-03 2.142134776862581802e+00 inf 0.000000000000000000e+00 -2.000000000000000000e+01
8.255247707091747378e-01 6.748129468992844149e-06 1.835017662620860981e-07 2.933755206056453714e-03 -1.792257725881760966e-01 -7.147689766498999305e-07 1.550885895505372915e-06 -1.101734186472770771e+00 inf 0.000000000000000000e+00 -9.000000000000000000e+01
4.379992400445336664e-01 5.312731584850704699e-09 1.009150249062605642e+00 5.132803594271879554e-04 -5.010711306109465468e-01 3.015856278535397567e-07 7.535463610080134636e-07 -5.361110698145091780e-01 inf 0.000000000000000000e+00 -9.000000000000000000e+01
9.262076815420241527e-01 2.249076005849384185e-06 1.159127752717623071e-03 2.627633353368587464e-06 -8.148098038775684893e-02 0.000000000000000000e+00 8.499128560934930803e-10 -8.082326947072449826e-10 inf 0.000000000000000000e+00 -9.000000000000000000e+01
1.098370257015719886e+00 1.565043251558486347e-04 1.741587764691608273e-04 3.414643845818357256e-09 9.063509015854805118e-02 0.000000000000000000e+00 1.370367139779259938e-03 0.000000000000000000e+00 inf 0.000000000000000000e+00 -9.000000000000000000e+01
1.006176335369811436e+00 2.601667533831515666e-03 1.475517158473016802e-02 3.225486558896036663e-09 -1.560710155618794324e-05 4.727136992274227466e-04 5.314835104827239295e-03 0.000000000000000000e+00 inf 0.000000000000000000e+00 -9.000000000000000000e+01
4.292748720019760045e-01 7.443072377453616717e-01 2.509154832913043175e-07 1.559967971778174896e-07 -1.484287107829413144e-01 8.872833701912899872e-08 2.900688635472021583e-03 4.673557074215061585e-02 inf 0.000000000000000000e+00 -9.000000000000000000e+01
1.750479900093758825e-02 2.444306478676375960e+00 1.183467480532138634e-04 1.721407244410383486e-05 -2.593158475775257710e+00 4.681290045902260412e-08 1.632546029655441998e+03 -5.503606734840237324e-01 inf 0.000000000000000000e+00 -2.000000000000000000e+01
7.289202599809896377e-01 1.628121072498522059e-01 -3.076999458116472796e-01 1.026911226919939362e-03 -3.276157999094885254e-01 0.000000000000000000e+00 2.597027374358498619e+00 -1.097861457143498726e-01 inf 0.000000000000000000e+00 -3.000000000000000000e+01
1.265781411270063689e-02 9.771635486224927725e-01 6.057322565122797986e-07 1.784111511355906288e+00 -8.080438240719643825e-05 1.902307412278794225e-08 1.681500719616420975e-04 0.000000000000000000e+00 inf 0.000000000000000000e+00 -9.000000000000000000e+01
4.139930544734629070e-01 8.437358447149380103e-01 -6.097309815322794361e-05 1.325368389406381825e-02 -9.562339573435964246e-02 1.068402485657913090e-04 1.397789049411080620e-01 0.000000000000000000e+00 inf 0.000000000000000000e+00 -9.000000000000000000e+01
6.871095554653350312e-01 4.894035041286112775e-01 1.677260353553353400e-01 1.082471016219895216e-03 -5.773178753172773792e-02 2.200747451653204266e-05 1.594923714962153635e-06 -8.938298683640303124e-03 inf 0.000000000000000000e+00 -9.000000000000000000e+01
1.308685728477189392e-01 3.568546547827524118e-01 2.308441744391280799e-07 5.944844317957157474e-03 -7.163332408506721816e-01 1.332465105749018066e-04 0.000000000000000000e+00 1.664079956661465454e-07 inf 0.000000000000000000e+00 -9.000000000000000000e+01
-1.850662435323103182e+03 1.627596905345051139e-06 5.282995298496600406e-02 1.069177619933835838e-01 -1.648697047058443843e+01 1.572320029314464419e-05 5.152178272057637010e-01 -4.620859887751692874e+00 inf 0.000000000000000000e+00 -2.000000000000000000e+01
1.041323783352905430e+00 2.944453158952337406e-06 0.000000000000000000e+00 4.914559999851355971e-06 2.127827478149149905e-09 0.000000000000000000e+00 2.629722902970571416e-09 2.478968100963034971e+01 inf 0.000000000000000000e+00 -3.000000000000000000e+01
2.647906435895452563e-06 3.355523597396858231e-05 7.184200162484208991e-04 9.052671575710948283e-07 -3.089978564509337150e-05 5.856830975496585296e-10 0.000000000000000000e+00 -2.254448360666012174e+00 inf 0.000000000000000000e+00 -3.000000000000000000e+01
9.585247136004265700e-01 0.000000000000000000e+00 7.748956505482668311e-07 2.683740255444943278e-07 5.438466814574863199e-09 0.000000000000000000e+00 3.008895996318974083e-03 -2.235917367997788396e+00 inf 0.000000000000000000e+00 -3.000000000000000000e+01
4.219214349334717840e-01 9.645048703229208961e-06 4.567417169242638408e+00 1.769246760613219838e+00 -1.940995448811045632e-01 -1.023433963918551348e-01 7.980432196808566303e+00 -2.333899982085524183e+00 inf 0.000000000000000000e+00 -2.000000000000000000e+01
1.653183561213244709e-02 7.909096140697510214e-09 3.876240187767590968e-09 1.192785667476281790e-06 -9.914722073077578690e-01 1.075428254114644912e-08 2.579677990800468418e-03 2.401441732489012918e-09 inf 0.000000000000000000e+00 -9.000000000000000000e+01
2.452172850325412823e-01 4.581304965877417978e-01 5.659723150553223507e-09 1.512371382085974764e-06 -5.442746925273171943e-01 4.758981128525745678e-10 4.686046551843358244e-10 0.000000000000000000e+00 inf 0.000000000000000000e+00 -9.000000000000000000e+01
1.157298387825258512e+00 1.234189131357091766e-06 8.476893816675644802e-09 2.463168865979435407e-01 -6.949044109751011805e-03 4.955661170839578689e-01 1.558466732619061863e-09 -2.296859531468182884e-05 inf 0.000000000000000000e+00 -1.000000000000000000e+01
3.275921252599209559e-03 5.935137155450561742e-06 4.206880107225258701e-03 3.051964169646716489e-04 -1.148908618176992524e+00 1.476579787113249686e-04 5.432021959913138964e+00 6.792815935139949804e-05 inf 0.000000000000000000e+00 -3.000000000000000000e+01
4.149275608619864506e-09 2.650171721717538634e-02 -8.675212821590345957e-02 1.702642760334995464e-04 -1.002092876171996938e+00 4.182219595774309484e-04 -2.479576835439313912e-03 -1.746731525209274105e-09 inf 0.000000000000000000e+00 -1.000000000000000000e+01
9.758122038931492728e-03 9.735622108415661335e-01 3.427246124556188524e-06 5.086940812275063672e-01 -2.911295357178959597e-01 2.835419232803558704e-04 8.196730801029155765e-05 3.790066251363653011e-10 inf 0.000000000000000000e+00 -9.000000000000000000e+01
-7.974942840265140553e+00 1.322319566727298552e-06 3.851534894446232982e-01 1.939361099791750087e+00 -1.627115667293198666e-05 1.453765621923333029e-01 2.931573836822873766e-05 6.570265408172985822e-02 inf 0.000000000000000000e+00 -2.000000000000000000e+01
4.998107141635887984e-02 8.209423934416218984e-07 2.052355983604054746e-07 3.302889273533270078e-03 -9.575991262446338359e-01 1.688032436218719634e-07 1.085045552510126472e-02 1.905859963137591095e-01 inf 0.000000000000000000e+00 -1.000000000000000000e+01
4.622955791425403804e-01 4.386185003116941741e-06 2.844991131746813796e-07 4.225207491662340536e-04 -2.153119434107384367e-03 4.977641702506318839e-04 -1.317398107881518153e-09 -2.244306743187717501e+00 inf 0.000000000000000000e+00 -3.000000000000000000e+01
5.849840073263297135e-01 4.225981790899310309e-04 1.830612414093751195e+00 1.965324819566376113e-01 -3.524667047297444511e-01 2.033021623820163747e-05 7.879753032439835714e-01 6.027613453587310404e-08 inf 0.000000000000000000e+00 -9.000000000000000000e+01
6.763526025232297068e-01 2.658311010110108938e-03 9.556872711193398554e-03 8.600268078145723640e-06 -3.298262691316984352e-01 3.110629368542289722e-09 0.000000000000000000e+00 -9.002378390066135758e-03 inf 0.000000000000000000e+00 -9.000000000000000000e+01
7.152601666144235443e-04 1.149120132941965577e+00 5.702810538952719365e-05 1.649956696022512724e-07 -6.655146287107888863e-05 7.823070541486051767e-09 6.757382330659840093e-07 -6.471401507463831913e-04 inf 0.000000000000000000e+00 -9.000000000000000000e+01
6.887630429088542616e-01 3.649270099502878728e-01 1.822331165971208651e-09 1.138300939512255841e-07 -1.545803420164758302e-01 0.000000000000000000e+00 6.031128912301001718e-05 -3.778902348345809098e-02 inf 0.000000000000000000e+00 -9.000000000000000000e+01
4.734859074053294758e-01 7.204795869384188478e-01 9.007751138719701834e-08 1.375915877833785994e-02 -1.259374887737886584e-01 4.981402758925673345e-05 1.369814255315675994e-02 4.096548321484928668e-08 inf 0.000000000000000000e+00 -9.000000000000000000e+01
2.243034558017241997e-01 3.993094487898826705e-01 3.460681889512316478e-01 1.875614405484884875e-03 -5.541034820244791215e-01 -3.902139104391057912e-07 9.741243643732859294e-07 -7.887594050170521759e-03 inf 0.000000000000000000e+00 -9.000000000000000000e+01
4.757668258278577866e-01 8.516813548770293396e-01 9.007721739194955866e-10 1.746841584240641236e-09 -7.241700636666551730e-05 -1.629980143302504469e-04 3.560909113063441545e-02 -1.904046247397496727e-01 inf 0.000000000000000000e+00 -9.000000000000000000e+01
2.335820009130213371e-01 3.469234781492975261e-01 4.977169217766910791e-01 5.918561806655357934e-09 -7.729906072128423213e-06 -4.750486263294358413e-01 1.743241198797073829e-02 2.415595647540132254e-07 inf 0.000000000000000000e+00 -9.000000000000000000e+01
6.673342432116722289e-01 -1.033201908553399754e-05 2.879693383920255600e-09 4.210913667221113100e-08 -3.140972024500686133e-01 -6.800546906629210964e-02 -7.465331709200864816e-09 -1.866332927300216204e-09 inf 0.000000000000000000e+00 -9.000000000000000000e+01
6.535593718319608891e-01 6.261646676234355891e-01 9.778448517163998677e-07 1.377193703371570959e-06 -2.017913479645837282e-02 1.049690322691746112e-09 -3.331017290675140947e-07 5.849836694167543212e-10 inf 0.000000000000000000e+00 -8.000000000000000000e+01
1.006247849220238688e+00 3.603738288432009281e-04 1.238844780320393600e-02 5.444799281408149554e-03 -7.456010251928295177e-04 1.058933246886413245e-08 -3.144906888313344804e-04 2.755676865947056077e-06 inf 0.000000000000000000e+00 -9.000000000000000000e+01
1.088460168187759480e+00 1.248988466373724071e+00 7.419539635668360722e-01 2.912022482336856788e-02 -5.780145728689824275e-06 1.737425178537116144e-01 -7.169937708610915617e-02 8.239095327772899964e+02 inf 0.000000000000000000e+00 -3.000000000000000000e+01
1.007730146411393246e+00 2.337174996354220937e-09 1.966966476931712438e-06 1.133529873231797086e-08 -4.532249752930105329e-06 5.368198819751101196e-10 3.063382011221404332e-05 1.347527458835480509e-09 inf 0.000000000000000000e+00 -8.000000000000000000e+01
5.019331004917338968e-01 1.033534727272223362e-02 1.942321180658872450e-08 3.191204709954159398e-06 -5.019331004917338968e-01 0.000000000000000000e+00 4.603591096845208336e-08 -4.452843781331385309e-05 inf 0.000000000000000000e+00 -9.000000000000000000e+01
3.313274649278156320e-02 7.785584120517822226e-01 3.097113925027707531e-09 1.265079946787788272e-08 -5.105621747374753383e-01 -3.796405812664551445e-07 0.000000000000000000e+00 -5.961033389818034788e-09 inf 0.000000000000000000e+00 -9.000000000000000000e+01
1.002404316041163312e+00 1.413679049088867323e-02 4.352216708701390251e-07 8.077258083834457083e-07 -1.699074994576001135e-06 7.899083273161638851e-09 3.254659874956825194e-08 6.737235028565964927e-10 inf 0.000000000000000000e+00 -9.000000000000000000e+01
4.204069955669118008e-01 4.334452634383369022e-09 4.783890153088514518e-10 1.989161620750132860e-03 -5.876816100002253407e-01 4.002537236520297971e-05 1.301438704471342384e-09 -2.999926505222077359e-09 inf 0.000000000000000000e+00 -9.000000000000000000e+01
4.517966325331942978e-01 6.268678276398070848e-01 3.176695072499022277e-02 1.342925781516513851e-03 -6.508695237431330050e-01 2.699650073734088314e-07 1.088829884404998261e+01 6.669179187762671896e-09 inf 0.000000000000000000e+00 -3.000000000000000000e+01
2.951964227404858310e+00 5.764452422073835918e-08 2.380633098131703176e-04 1.678151200322348078e-04 0.000000000000000000e+00 2.502693393164839228e-07 2.711800090838808046e+03 -7.118816259590055040e+00 inf 0.000000000000000000e+00 -2.000000000000000000e+01
9.913745101617322808e-01 3.087689156776458330e-10 3.423373853172866355e-01 0.000000000000000000e+00 1.062857034146040567e-06 0.000000000000000000e+00 0.000000000000000000e+00 -9.656344527280306535e-06 inf 0.000000000000000000e+00 -9.000000000000000000e+01
7.396353132785542517e-01 8.316905602178468465e-09 -2.831629658769372823e-02 1.620271487485526680e-07 -2.790690434787164720e-01 2.609352877436531145e-07 2.238010911027359662e-01 0.000000000000000000e+00 inf 0.000000000000000000e+00 -1.000000000000000000e+01
6.031519961745767100e-01 1.835459443033027153e-03 1.209721284112182271e+00 7.304461143473980900e-02 -3.092649045541030484e-01 4.786794797455451450e-05 5.028509521470820777e-10 1.209388365923361818e-09 inf 0.000000000000000000e+00 -9.000000000000000000e+01
-6.776054008674476425e-10 1.174591276868969913e+00 7.977976185020335256e-10 6.288317473345722192e-10 0.000000000000000000e+00 0.000000000000000000e+00 1.137122893795038167e-07 -5.311845901764130629e-01 inf 0.000000000000000000e+00 -9.000000000000000000e+01
6.106762230143656517e-02 1.107096894626043548e+00 0.000000000000000000e+00 6.574619013904661746e-02 -9.849616500231704597e-02 9.252426388481358429e-08 3.674368655359874021e-04 0.000000000000000000e+00 inf 0.000000000000000000e+00 -8.000000000000000000e+01
0.000000000000000000e+00 9.217557251908399394e+02 1.434732824427481319e+04 0.000000000000000000e+00 9.330999077731418921e-06 1.842292001221374512e+11 0.000000000000000000e+00 0.000000000000000000e+00 inf 0.000000000000000000e+00 -2.000000000000000000e+01
5.299516764232658852e-06 1.287698631720164146e-14 1.426486467364881248e-05 2.306086712255376949e-06 7.969198141703246991e-08 0.000000000000000000e+00 4.278430674244927445e+01 -1.161527077578212719e+01 inf 0.000000000000000000e+00 -3.000000000000000000e+01
5.845876445239078789e-01 1.884101459171976800e-01 6.678236336448616084e-02 3.339622262150670627e-04 -3.419773196442286722e-01 0.000000000000000000e+00 2.016375705449461412e-05 -1.032384361190124243e-02 inf 0.000000000000000000e+00 -9.000000000000000000e+01
1.005945369322840843e+00 1.049584391744169715e-08 4.893234819441783798e-07 1.394620180294551944e-07 -3.073607758458990935e-04 2.495453244408023187e-05 0.000000000000000000e+00 3.036052422503543458e-03 inf 0.000000000000000000e+00 -9.000000000000000000e+01
2.871367199130551162e-01 1.630702303274767589e-07 1.121123709772883642e-01 2.694200321718458459e-10 -1.051759221254561449e+00 -5.041023874878074011e-03 6.412182368844909774e-02 1.444811751170601383e+03 inf 0.000000000000000000e+00 -3.000000000000000000e+01
8.234434637404581281e+01 0.000000000000000000e+00 0.000000000000000000e+00 7.682174216699966078e-03 -6.375058006694299395e-02 6.329727022900764942e+08 5.990501407903570904e-06 3.878196491682120730e-08 inf 0.000000000000000000e+00 -2.000000000000000000e+01
2.270884831200029735e-02 2.381491377803858889e+00 -1.310305210610284224e-02 4.838326033812787832e-07 -6.565515076652241877e-01 1.222922480972901336e-09 1.251029054605736412e+01 3.633867458807157728e-05 inf 0.000000000000000000e+00 -2.000000000000000000e+01
1.668177480916030845e+03 9.009160305343513028e+04 7.345362473990172769e-05 4.615037495853337342e-03 -8.571013239503818326e+00 1.598847022900763750e+08 3.141984732824428356e+05 -7.674530262255488400e-02 inf 0.000000000000000000e+00 -2.000000000000000000e+01
7.587224256666693645e-01 0.000000000000000000e+00 3.131036861772906078e-10 1.396441705860637095e-01 -2.492010725681043093e-01 1.954156858476164022e-09 7.358545776306751690e-10 -2.130840864109651619e-03 inf 0.000000000000000000e+00 -9.000000000000000000e+01
1.239675203766517297e+00 1.910055749413161949e-06 1.012387239393302896e-09 2.067688603082203298e-04 -7.881756292715985310e-03 1.487377142807283872e-09 1.241908852782312778e+01 4.382388597921694079e-08 inf 0.000000000000000000e+00 -3.000000000000000000e+01
0.000000000000000000e+00 1.431253385428529512e+01 1.928718213922791168e-08 6.188356679978406054e-06 -2.671746190735357822e-06 1.838711363939727349e-08 8.022919156737961523e-05 8.034900034364560270e+03 inf 0.000000000000000000e+00 -2.000000000000000000e+01
1.302970883184319381e-03 1.251532645570687122e-05 2.431268133477987282e-04 2.268856274888992886e+00 3.964052866638439476e-01 2.212926092364672792e-07 0.000000000000000000e+00 -8.208087109528272932e-03 inf 0.000000000000000000e+00 -2.000000000000000000e+01
2.610762037630866500e-04 2.816639272598328692e+00 0.000000000000000000e+00 5.079498620414613086e+00 -6.974464300528171457e-03 7.225873225431915614e+01 1.306655804966620131e-06 -1.302707667054182885e-09 inf 0.000000000000000000e+00 -2.000000000000000000e+01
-7.197709923666548275e+04 4.434090761739463784e-05 1.959509806324258015e-06 4.158311217797202808e+00 -1.019441793893473459e+03 6.115163555584122394e-04 3.937186903627281254e+01 6.412213740460176723e+02 inf 0.000000000000000000e+00 -2.000000000000000000e+01
4.019570917898919460e-02 3.957432401027530780e-10 8.848276241348919380e-02 6.525277464121622165e-05 -9.646970202957406704e-01 -2.246499218509584035e-08 5.613136551511481710e-08 1.287212937258366927e-04 inf 0.000000000000000000e+00 -9.000000000000000000e+01
8.008690223136003539e-01 1.914279119911136288e-07 2.347664138936703371e-06 1.840817444040434810e-04 -2.134631808838413081e-01 0.000000000000000000e+00 2.228881661973283312e-03 3.366502862244447059e+00 inf 0.000000000000000000e+00 -3.000000000000000000e+01
1.054587094802324598e+00 1.887509386238555686e+00 3.966177879581606788e-09 2.031927364189192453e-01 -1.450896894759886147e+00 6.549187372180041988e-01 1.200267890420622734e+03 3.787512200968277295e-07 inf 0.000000000000000000e+00 -3.000000000000000000e+01
4.494816129831840645e-01 5.513059266039701534e-01 7.241425066001117351e-07 3.793251276790575434e-10 -2.807441789830243395e-01 1.129846987444049972e-09 1.686371139053181474e-08 -2.599588363923527497e-04 inf 0.000000000000000000e+00 -9.000000000000000000e+01
2.166181932158088408e+00 1.057503726633805111e-08 4.367333076393653112e-05 3.078611840736509604e-05 3.848264800920637005e-06 4.591255848966602811e-08 4.974867501666749376e+02 -1.298145129018926758e+00 inf 0.000000000000000000e+00 -2.000000000000000000e+01
0.000000000000000000e+00 1.222232511361347251e+00 8.747283053707798167e-10 6.894692537966189773e-10 0.000000000000000000e+00 0.000000000000000000e+00 1.246774318222805803e-07 -4.927508794446750571e-10 inf 0.000000000000000000e+00 -9.000000000000000000e+01
1.319794513250126311e+00 1.407481476699312951e-06 6.444755628768568112e-09 2.143113789294422099e-06 -8.482104201235371108e-03 5.651484951163969761e-01 8.165113859423289711e-02 5.912679419360565589e+02 inf 0.000000000000000000e+00 -3.000000000000000000e+01
5.985661930951295950e-01 6.868439409976486720e-01 4.015560971663368894e-01 2.994176662852210489e-03 -4.110684954969151474e-04 9.554451373595818087e-02 -8.602502562782726001e-10 4.090700519365212487e-10 inf 0.000000000000000000e+00 -9.000000000000000000e+01
3.267221095732705805e-01 4.543479336253293810e-01 0.000000000000000000e+00 2.467405371497339388e+02 -8.106792343786776156e-01 4.997847211413631343e-05 4.666000127343270520e-01 7.130383319327056597e+02 inf 0.000000000000000000e+00 -2.000000000000000000e+01
5.917521469465500417e+01 -6.183653387404424606e+00 -9.017175572518857507e+01 4.464069395574792043e-02 -8.590581762881463135e+00 2.667480916030467488e+05 -2.812975235567677368e-01 -4.790374522900643228e+01 inf 0.000000000000000000e+00 -2.000000000000000000e+01
0.000000000000000000e+00 5.911259541984733005e+03 5.059151062457502662e-08 1.626633505784828293e-01 -1.463725548664122122e+01 1.516488549618320540e+05 6.036498091603053808e+02 3.172539686428681552e-07 inf 0.000000000000000000e+00 -2.000000000000000000e+01
3.249787184507584199e-03 5.887788862682347955e-06 4.173319199407862605e-03 4.584987951332751403e-04 0.000000000000000000e+00 5.510698107777606356e-04 0.000000000000000000e+00 -2.248260277179123356e+00 inf 0.000000000000000000e+00 -3.000000000000000000e+01
2.647517028024354906e-05 6.774597459791004139e-01 -1.688541599959572929e-09 6.383292459890182082e-07 -9.617653947712888618e-01 0.000000000000000000e+00 4.873811122151801456e+00 -1.676437359099647693e-09 inf 0.000000000000000000e+00 -3.000000000000000000e+01
3.796522138694713444e-02 8.921126560593334309e-01 1.912195237714622769e-09 2.997991651958187287e-02 -3.821738890907446229e-01 8.057940630544152396e-10 9.560976188573113844e-10 -1.272045056064501911e-01 inf 0.000000000000000000e+00 -9.000000000000000000e+01
9.627095955802007499e-01 6.448428317008814137e-02 1.411342814735665196e-02 1.778612254058688094e-07 -8.258659084559140500e-09 1.872800974967708700e-06 0.000000000000000000e+00 -2.201574931725239992e+00 inf 0.000000000000000000e+00 -3.000000000000000000e+01
1.005251079390027114e+00 2.842453772370140180e-06 0.000000000000000000e+00 4.744313750974161318e-06 0.000000000000000000e+00 1.524185083905863400e-09 7.917525780492825716e-06 -1.624684559113556605e-03 inf 0.000000000000000000e+00 -9.000000000000000000e+01
4.827199761901610486e-01 4.837212397897020294e-09 1.373319622184411726e+00 3.069050955391953954e-06 -1.206799940475402622e-01 0.000000000000000000e+00 0.000000000000000000e+00 0.000000000000000000e+00 inf 0.000000000000000000e+00 -9.000000000000000000e+01
1.006426996956184761e+00 1.127588790337152839e-09 3.675939456499118384e-08 0.000000000000000000e+00 0.000000000000000000e+00 0.000000000000000000e+00 0.000000000000000000e+00 2.600501647715058701e-09 inf 0.000000000000000000e+00 -9.000000000000000000e+01
1.178412080027458481e-01 3.722503051856872469e-01 3.506367664038071430e-01 4.501534320645368403e-01 -1.458114859174987066e-01 -1.036245117936373805e-01 -4.745379646774169347e-01 -1.082464539361686351e-01 inf 0.000000000000000000e+00 -9.000000000000000000e+01
6.134108114476997109e-01 0.000000000000000000e+00 0.000000000000000000e+00 5.722710698974963975e-05 -2.227586492974135187e-03 -6.997081499403419169e-01 1.950617627074404883e-09 4.550717069845076262e-10 inf 0.000000000000000000e+00 -8.000000000000000000e+01
4.622578463786367053e-01 2.795671347771367291e-08 3.762238356375846556e-10 1.467431433152123765e-01 -5.937505475479263328e-01 8.608027344587516894e-02 4.392127338025756389e-01 4.229361910690968462e-10 inf 0.000000000000000000e+00 -1.000000000000000000e+01
3.927446975103968119e-01 1.451173357467406960e-06 1.085834376179361352e-09 7.137623032284134625e-04 -5.653410219768492118e-01 -1.224024954124330877e-01 -2.477408220213454991e-08 7.899363075045021429e-09 inf 0.000000000000000000e+00 -9.000000000000000000e+01
5.836116412213741569e+02 1.049499045801527018e+03 1.318582141672382246e-02 6.736981334122084011e-06 -6.464516161052326489e-05 1.598847022900763750e+08 2.911145038167939638e+05 3.812422279183191962e-03 inf 0.000000000000000000e+00 -2.000000000000000000e+01
1.199979156846628972e-05 1.343015795645646326e+00 6.005375141113723298e-05 1.178061729324316227e-05 -4.032464204300529720e-07 3.762375787750544001e-10 2.414914766234484422e-01 0.000000000000000000e+00 inf 0.000000000000000000e+00 -9.000000000000000000e+01
1.007724239746118799e+00 1.156894842182914482e-07 0.000000000000000000e+00 3.580531107523687159e-07 -8.944783717176666945e-06 -7.478916151485507762e-08 0.000000000000000000e+00 -4.379653298309913481e-05 inf 0.000000000000000000e+00 -8.000000000000000000e+01
4.651187540284520416e-01 2.602678473403112816e-09 4.519235802731376877e-07 6.887382177526437180e-03 -1.751493216006723141e-01 1.899447799530962343e-09 1.552990651525961052e+00 -3.261669588919186680e+00 inf 0.000000000000000000e+00 -3.000000000000000000e+01
9.829435543977719236e-01 2.318613079327473770e-05 1.186477786687105804e-06 1.671031691937183347e-06 -2.448455411769812420e-02 1.273652204220413955e-09 -4.041722994726113771e-07 9.132263200399843645e-10 inf 0.000000000000000000e+00 -8.000000000000000000e+01
1.528767032527355695e-03 5.964205371450435056e-01 3.535845906070006375e-04 3.299646822397725998e+00 3.421508778906733328e-01 3.218306346544302423e-07 1.281601105112753188e-03 1.199871571780991353e+00 inf 0.000000000000000000e+00 -2.000000000000000000e+01
4.025092679245947380e-01 8.964979149229609923e-02 1.375849861269523799e+00 1.767648418560897883e-03 -7.025616312865653468e-01 5.407765377538056514e-04 5.464368243339952969e+00 4.117800419122711488e-07 inf 0.000000000000000000e+00 -3.000000000000000000e+01
0.000000000000000000e+00 1.226774359743058040e+00 8.335909014649271395e-05 1.696545083216290020e-03 -9.787760095478596767e-04 3.140239697299382614e-05 6.332413147709540426e-09 1.419225213844396413e-05 inf 0.000000000000000000e+00 -9.000000000000000000e+01
7.013155070406777942e-08 1.449327685729961245e-15 0.000000000000000000e+00 6.209835170521298594e-13 -1.009138178925612639e+00 1.637209373259451978e-11 2.255039458389051521e-16 2.319588241808811425e-09 inf 0.000000000000000000e+00 -9.000000000000000000e+01
3.254786524336365658e-05 2.367984336553312796e-06 7.946256162930579889e-08 2.498104281221301360e-07 -1.006119610402857356e+00 4.608828574499736759e-07 9.405139130343617137e-09 1.061619823367525460e-05 inf 0.000000000000000000e+00 -9.000000000000000000e+01
-1.236123187407593867e-02 1.217410946675909988e+00 9.122122717073259888e-10 1.591160072813384008e-01 -1.334976495055022305e-06 3.591805314287416836e-04 6.849601778593928238e-05 2.429808493124226286e-07 inf 0.000000000000000000e+00 -1.000000000000000000e+01
9.980381798278757932e-01 1.019396973559600836e-02 1.242693453482179994e-01 1.122628012558179528e-08 -1.070315861869901552e-06 0.000000000000000000e+00 3.365754516496077776e-04 -2.632967761412224994e-09 inf 0.000000000000000000e+00 -9.000000000000000000e+01
1.914104482731580556e-02 1.237909045640767684e-05 1.220578319001796978e-04 1.377173813275354004e-06 -2.685323798820252073e+00 4.847671165058084240e-08 1.690569530191418153e+03 -1.788863739093249361e+00 inf 0.000000000000000000e+00 -3.000000000000000000e+01
8.538234111953006966e-01 2.161874437016929935e-07 3.213181904358157719e-06 2.078911133748666024e-04 -1.536191716907987226e-01 0.000000000000000000e+00 0.000000000000000000e+00 -2.344562264569306081e-02 inf 0.000000000000000000e+00 -8.000000000000000000e+01
8.317416481086982172e-01 7.258559627856999395e-03 1.726975025080655701e+00 3.707301062775766876e-05 -6.303703549249387202e-05 4.016511931034285857e-07 1.359781193154805667e-01 1.633853822747875384e+00 inf 0.000000000000000000e+00 -1.000000000000000000e+01
1.115491801142874939e+00 1.994469675115473938e-09 1.873231220627455951e+00 6.681427136238343069e-07 -2.920162746600623095e-07 0.000000000000000000e+00 5.425911121817458493e+00 -6.537055237766568883e-02 inf 0.000000000000000000e+00 -3.000000000000000000e+01
1.312988828416191813e-08 5.711042316607491675e-08 0.000000000000000000e+00 0.000000000000000000e+00 -1.427760579151872919e-08 -2.172679187873144011e-15 -1.540440362232544658e+00 6.122467660094316770e-13 inf 0.000000000000000000e+00 -9.000000000000000000e+01
4.742434643530751281e-01 8.567608265473251050e-01 4.258446424350173179e-06 1.464975132666629972e-09 -9.023141724322395355e-06 -1.624761097290527696e-04 2.421227563633884111e-02 4.725726234408483615e-10 inf 0.000000000000000000e+00 -9.000000000000000000e+01
1.060451721080683216e-04 1.884574201463385529e-02 2.539601041197283996e-11 8.148394594049525346e-09 -3.517968233423864519e-09 2.415442768072083561e-11 8.098505542484673009e-12 -2.272638934137710898e+00 inf 0.000000000000000000e+00 -3.000000000000000000e+01
7.329898893913207036e-01 8.117541538215283792e-02 1.612682852075119628e-06 4.730644951355099521e-10 -2.435262461464585415e-01 4.401296252210124165e-10 2.492778458130776552e-03 -3.679124377357687314e-05 inf 0.000000000000000000e+00 -8.000000000000000000e+01
1.090536605105540513e+00 5.163411605874708005e-10 1.089993395282317984e-03 2.470912281825951042e-06 -7.387653595828221065e-02 4.584018884423420633e-10 6.104077373543764118e+00 6.979978197248449833e-09 inf 0.000000000000000000e+00 -3.000000000000000000e+01
1.003234034752136017e+00 2.058236842568556538e-06 0.000000000000000000e+00 1.170622204210866547e-04 -4.462257474688630272e-03 8.165612473569102088e-10 1.477814052964223539e-03 1.550681214932593879e-09 inf 0.000000000000000000e+00 -9.000000000000000000e+01
8.158452590874365029e+00 2.891723514708817682e-08 1.113866403487094731e-01 4.708792868908117171e-03 -2.282188497811336259e+00 1.062265780913443229e-06 1.396377299803892151e+06 0.000000000000000000e+00 inf 0.000000000000000000e+00 -2.000000000000000000e+01
2.164791886130814913e-01 1.073429349454214643e+00 1.348647982291734963e-05 6.986033196314183593e-09 -1.438435687634527078e-07 3.463484383508629304e-05 1.407704776579702261e-10 -3.781715374370895251e-10 inf 0.000000000000000000e+00 -9.000000000000000000e+01
0.000000000000000000e+00 9.217557251908309581e+02 1.434732824427467312e+04 1.812045264790059207e+01 1.549827051526702917e+02 1.842292001221356506e+11 8.981086612316402970e-08 -4.889443516731215620e-06 inf 0.000000000000000000e+00 -2.000000000000000000e+01
2.759336101242425040e-06 8.512025780499499413e-11 3.655871296591949474e-06 6.556691858350471622e-09 -7.411357614889402038e-06 2.584007826223062308e-10 4.278432604154642860e+01 -1.161527601518545616e+01 inf 0.000000000000000000e+00 -3.000000000000000000e+01
7.636219748483474845e-01 1.705631050378481062e-01 3.223486205302450447e-01 2.754046466666171256e-01 -2.754046466666171256e-01 1.709937097297466829e-09 2.720664085252035846e+00 -1.022824430535643030e-03 inf 0.000000000000000000e+00 -3.000000000000000000e+01
1.491335224584014810e-02 2.202888926399911185e+00 9.139769314952224913e-07 6.354849830437129818e-07 -8.643007264611751728e-01 0.000000000000000000e+00 1.868927829372736227e+01 -3.442013947499861226e-02 inf 0.000000000000000000e+00 -2.000000000000000000e+01
1.733588975109245645e-01 9.800978710596562669e-07 6.143495724804223528e-10 1.898057672747815172e-01 -3.387166151367295153e-01 3.278738958251310521e-09 -6.580831546137861374e-04 -2.055414210488500260e+00 inf 0.000000000000000000e+00 -3.000000000000000000e+01
5.253264403795692150e-01 8.293316912261029732e-07 4.410762254756625361e-10 5.225714559956299331e-07 -4.978478265750994058e-01 4.051075049850139109e-02 8.129049889312550968e-10 -2.626632201897845936e-03 inf 0.000000000000000000e+00 -9.000000000000000000e+01
7.760916809206852307e-16 4.956952538807991454e-09 -1.622635162404212900e-08 4.297757004081280325e-11 -7.174200934195931856e-13 3.172776020785172273e-16 -1.540440424695934007e+00 -7.053423140690950028e-12 inf 0.000000000000000000e+00 -9.000000000000000000e+01
2.825974080177165625e-05 7.264229408607468796e-01 2.253165424201405611e-06 6.518935450361691782e-09 -5.929746370285010615e-01 2.025635556217216378e-05 1.804090520558214754e-03 3.505907693452874578e-05 inf 0.000000000000000000e+00 -9.000000000000000000e+01
1.485137098657705601e-01 1.740104244667863356e-02 7.090692162764233863e-02 1.647068716295800309e-06 -8.486497706615461212e-01 4.043837675871068390e-05 2.942005500142153728e-06 1.160757478941221379e-07 inf 0.000000000000000000e+00 -9.000000000000000000e+01
6.376072845183127684e-04 4.210602358236198439e-01 8.447854098486550223e-01 1.009345343786050703e-01 -1.335271403530090782e-09 4.066372987999443601e-07 1.016593246999860980e-06 -7.248631907849657496e-01 inf 0.000000000000000000e+00 -9.000000000000000000e+01
8.780227869381110328e-03 1.237827928998064264e+00 2.884335555189140088e+00 3.384524597823057363e-08 -5.560401649308764904e-01 6.031246255636244370e-09 4.998467065668373621e+00 -1.461815839959618613e+00 inf 0.000000000000000000e+00 -2.000000000000000000e+01
8.971055420024008908e-01 1.117633356973435756e-09 1.239139245380222576e+00 0.000000000000000000e+00 0.000000000000000000e+00 4.678041901338322701e-10 0.000000000000000000e+00 -3.495252339903102533e-05 inf 0.000000000000000000e+00 -9.000000000000000000e+01
4.594241346281780491e-01 5.445026780778406961e-01 4.120249542763880741e-10 1.010158410976695444e-07 -2.731021244734169739e-01 1.566962595340356010e-08 -6.886044610457066860e-03 -2.247501042895940838e-07 inf 0.000000000000000000e+00 -9.000000000000000000e+01
4.319139506104742732e-01 7.172566579200427618e-09 -2.412598361720632786e-02 2.932159247047216370e-08 -5.766698523137122612e-01 2.575810706975449443e-07 6.927050852773029990e-10 1.665999572185918430e-09 inf 0.000000000000000000e+00 -9.000000000000000000e+01
1.049219593178861931e+00 8.986925235450951492e-06 1.394408938890123184e-01 1.074145871850455637e-03 3.522141900793716798e-08 1.316400047203962476e-01 5.602879195322018831e-08 -1.075669483016200925e-02 inf 0.000000000000000000e+00 -9.000000000000000000e+01
4.476743627430142536e-01 4.250711945171741269e-06 1.158225787692080981e-07 4.809078307195699398e-01 -5.591042259585243812e-01 4.502398836662173925e-07 9.545458403192682958e-07 -8.491639795480209960e-03 inf 0.000000000000000000e+00 -9.000000000000000000e+01
6.860693215972222703e+00 1.289508075002539634e-04 -3.076447356356865715e-06 1.021899808208878500e-08 -1.897864707160996117e-05 3.540299439659308405e+02 6.446098344477212416e-01 1.956383000327101773e-13 inf 0.000000000000000000e+00 -2.000000000000000000e+01
2.442664007718987096e-07 1.227587054616960716e+00 0.000000000000000000e+00 0.000000000000000000e+00 -4.491119536424440927e-13 0.000000000000000000e+00 4.477128509831218760e-13 3.658494516065599667e-08 inf 0.000000000000000000e+00 -9.000000000000000000e+01
6.335175291581851553e-01 2.489953637461038427e-03 8.921060885136481225e-03 8.134357742012287814e-04 -3.715071930248616816e-01 3.146715607038066563e-09 4.771061857893364620e-10 -6.941318606517151713e-01 inf 0.000000000000000000e+00 -8.000000000000000000e+01
1.002503809140240953e+00 1.391685204714008563e-02 6.604499679283713514e-07 2.689876139067274088e-03 -1.672640995263354015e-06 7.922359300132287804e-09 5.598272346772446993e-09 5.753211476996436270e-08 inf 0.000000000000000000e+00 -9.000000000000000000e+01
1.007406052675399399e+00 2.960545331026182928e-07 4.414322843771335506e-06 3.668587970038608204e-04 0.000000000000000000e+00 0.000000000000000000e+00 0.000000000000000000e+00 1.532111007885145115e-07 inf 0.000000000000000000e+00 -8.000000000000000000e+01
8.549883449438986371e-01 2.202242706673678274e-01 1.424599322786379049e-07 4.326556788157157225e-03 -5.525847968032299856e-02 8.222988047667112042e-05 0.000000000000000000e+00 -1.596625962338416693e+00 inf 0.000000000000000000e+00 -9.000000000000000000e+01
6.044498654875050114e-01 1.562924445335599384e-03 8.864014354260471573e-03 1.401050127782983669e-03 -4.029665769916699891e-01 7.103396755817358810e-08 3.203995112937978694e-03 8.020035153779248027e-02 inf 0.000000000000000000e+00 -1.000000000000000000e+01
7.244838943020830424e-01 6.873784945297442466e-06 1.871246223832583294e-07 2.790260641454503210e-07 -2.832917791822248121e-01 6.152864269934975707e-04 9.892959160308224809e-03 8.359429549639420254e-02 inf 0.000000000000000000e+00 -1.000000000000000000e+01
7.058082092583805034e-01 2.202522071444591722e-01 3.159868312725905848e-01 4.466149245735763689e-09 -3.926004391488231699e-05 -3.015953518284923973e-01 5.647091390564613900e-02 1.217018587772650817e-01 inf 0.000000000000000000e+00 -1.000000000000000000e+01
9.991478054463783787e-01 1.638531470338967788e-03 5.716171325702415484e-02 1.324037737729610587e-01 -2.621324384743209558e-05 9.629419847613595244e-08 -6.323775303297608395e-04 -1.252938727940730931e-05 inf 0.000000000000000000e+00 -9.000000000000000000e+01
1.009129207231926229e+00 7.497152093616440158e-05 -1.337916209632515931e-05 2.908220027568769739e-03 0.000000000000000000e+00 5.830224368169390349e-10 3.067130724035392261e-02 0.000000000000000000e+00 inf 0.000000000000000000e+00 -9.000000000000000000e+01
1.483673388014827843e-02 5.135703680848213715e-01 7.452390715368512156e-07 2.581028935700914760e-07 -1.962836388813390953e-02 2.198719530208014992e-05 0.000000000000000000e+00 -2.106007984232720620e+00 inf 0.000000000000000000e+00 -3.000000000000000000e+01
8.762854358006896827e-02 7.835845813147884753e-01 0.000000000000000000e+00 4.774968542386991838e-02 -6.128750832426380635e-01 8.885289448837332960e-02 4.533596506178418917e-01 4.365588450878428214e-10 inf 0.000000000000000000e+00 -1.000000000000000000e+01
6.951573917819645620e-01 1.005671853714428560e-08 1.916118427977837085e-09 6.655430634325086858e-01 -3.117297720995356736e-01 2.928293471508433025e-07 1.162898173261939835e-03 1.770625105525362786e+00 inf 0.000000000000000000e+00 -1.000000000000000000e+01
4.852993797709924451e+01 1.873568702290076772e+03 5.530534351145039182e+03 2.478546630022407860e-07 -1.694634124522901075e+01 1.598847022900763750e+08 2.911145038167939638e+05 3.965301368072743360e-03 inf 0.000000000000000000e+00 -2.000000000000000000e+01
6.993508360447617256e-02 1.698293371384740260e-03 8.446822087239011736e-12 2.275221386598957896e+00 -7.193843235356272127e-04 0.000000000000000000e+00 4.282776259092069106e-12 -1.735856160430113344e-04 inf 0.000000000000000000e+00 -2.000000000000000000e+01
3.474463550498515518e-01 3.986282543773084219e-01 3.454778204603339842e-01 1.872414736513784619e-03 -5.531582196544378993e-01 -3.895482323883974650e-07 5.087593782036419980e-07 2.998471886753166160e+01 inf 0.000000000000000000e+00 -3.000000000000000000e+01
6.844658011624517258e+00 4.024057182658369869e-01 7.730943678351223820e-04 1.302645646515534380e-05 -3.349463484397300055e-03 3.523720203610828321e+02 7.257219301683030140e-09 -1.323801989061445195e+00 inf 0.000000000000000000e+00 -2.000000000000000000e+01
2.074722974788534013e-01 3.597301932093022736e-01 1.212696460631036763e-07 1.134409723657733740e-09 -2.048818757171383077e-06 -7.194603864186045472e-01 1.398660271562330703e-03 0.000000000000000000e+00 inf 0.000000000000000000e+00 -9.000000000000000000e+01
4.596065540935131977e-01 7.115869951280859052e-06 3.753212487427775319e-10 2.731177831011844513e-04 -5.485626613374189331e-01 2.791687147839255166e-09 -9.479685854533298297e-09 3.022654070142502783e-09 inf 0.000000000000000000e+00 -9.000000000000000000e+01
9.958969465648857295e+03 4.058984598813166820e-07 8.101368678435116877e+00 4.418205668908040118e-02 -4.148526956106871211e+01 6.329727022900764942e+08 6.531699354411993076e-06 -6.784009569473850587e-03 inf 0.000000000000000000e+00 -2.000000000000000000e+01
4.895923398337773298e-03 7.118041720941833944e-07 4.893722983327284948e-01 1.176022763692360267e-09 -9.787445966654569895e-01 0.000000000000000000e+00 1.837535568269312917e-11 9.623148312538065685e-02 inf 0.000000000000000000e+00 -9.000000000000000000e+01
6.659771192282087474e-11 0.000000000000000000e+00 1.870865280777014174e-08 9.405207841607815708e-12 -1.009138211379192240e+00 -1.964534275009465679e-12 0.000000000000000000e+00 -9.492629616845736250e-10 inf 0.000000000000000000e+00 -9.000000000000000000e+01
8.120294924976553252e-01 9.171655735764479363e-08 0.000000000000000000e+00 7.231859964134620206e-07 -2.869602033768616878e-04 0.000000000000000000e+00 2.474646054927345275e-03 -2.243349959818424999e+00 inf 0.000000000000000000e+00 -3.000000000000000000e+01
6.895471037562935779e-01 1.774076018317748225e-03 1.383000989970129879e+00 8.350747502997606098e-02 -1.997342531418725697e-01 4.780944108504146638e-05 1.601780807592523281e-01 6.003483249755129553e-10 inf 0.000000000000000000e+00 -9.000000000000000000e+01
2.340928997402410283e-01 5.129525691519225550e-01 3.406325654524485912e-04 1.893261300688005300e-01 -5.185484153608526103e-01 5.367884035406603484e-10 5.003076382514892166e-10 -4.553911302840221906e-07 inf 0.000000000000000000e+00 -9.000000000000000000e+01
1.101502771088118893e+00 1.569506700908198749e-04 1.813545852573802909e-04 6.191633654199705794e-08 9.383353232356529683e-02 2.949787731481935039e-09 0.000000000000000000e+00 1.469977007679874013e-03 inf 0.000000000000000000e+00 -9.000000000000000000e+01
8.847644405533400258e-01 2.851558682578093640e-01 1.699661423312481559e-07 3.405143604923978298e-09 -1.482961576750098940e-04 1.907346079421349029e-06 8.531048881994368230e-10 -8.112681879252640713e-10 inf 0.000000000000000000e+00 -9.000000000000000000e+01
7.965731999911680461e-01 4.482260660437200577e-06 1.296260850379328700e+00 4.267239757580640292e-04 -7.534026174867254014e-04 2.067263279689185559e-04 2.866214279082951808e-09 5.155397314780438381e-05 inf 0.000000000000000000e+00 -9.000000000000000000e+01
2.884540360969382530e-02 4.737876561681911799e-07 2.822167103802637672e-07 4.210449040693100588e-04 -5.467765677862982399e-01 4.937708420449182052e-04 -1.306829241464901141e-09 -2.241979905188262290e+00 inf 0.000000000000000000e+00 -3.000000000000000000e+01
3.816537599963335918e-08 3.080773805282105648e+00 -3.344862447751497568e-05 1.540305680201572915e-05 -5.383378783268472079e-02 3.004117624591781449e-04 7.000101427386558939e+00 0.000000000000000000e+00 inf 0.000000000000000000e+00 -2.000000000000000000e+01
9.803391782159147361e-02 1.992645938330174504e-01 8.190749807378802591e-07 2.199369634606139101e+00 -1.095243487890890587e-04 2.572312090561736231e-08 2.273735886975388029e-04 3.798129951002267181e-08 inf 0.000000000000000000e+00 -2.000000000000000000e+01
4.778845813731858461e-01 4.986157429226347902e-09 3.942307411730507360e-01 5.427433507955967172e-04 -5.096153483456509203e-01 0.000000000000000000e+00 3.450833588536017033e-05 0.000000000000000000e+00 inf 0.000000000000000000e+00 -9.000000000000000000e+01
4.378739801841878831e-01 8.816123440315568605e-01 -1.539860059670632329e-06 5.068395323522435222e-08 -3.378892930934416236e-04 1.689465107840811741e-08 -1.710445235094483919e-03 -1.563835643514956825e-02 inf 0.000000000000000000e+00 -9.000000000000000000e+01
5.151233980441003585e-02 1.206142590542283788e+00 2.770825962850482413e-09 1.753932350413571095e+00 8.593765957613772599e-01 0.000000000000000000e+00 2.823246994580086166e-08 1.722405328258408165e-09 inf 0.000000000000000000e+00 -1.000000000000000000e+01
6.467768324033380534e-01 1.085587705700655835e-08 4.836776906587080511e-09 3.850756582327030230e-03 -2.975413866539520225e-01 -1.568854584175383426e-01 4.188871794433794184e-03 -2.919980132495163478e-09 inf 0.000000000000000000e+00 -9.000000000000000000e+01
