6.018730977695736506e-01 6.292491130525174613e-10 1.922110860618961026e-01 2.067725319756761049e-01 -3.960713288548162181e-01 1.775639738556241814e-09 0.000000000000000000e+00 1.350915392391699873e-05 7.992477823285005798e+03 1.000000000000000000e+00 0.000000000000000000e+00
3.494598922172980626e-01 3.351753291007148351e-05 -7.417986907370053282e-05 7.712218311002440041e-01 -6.576043291970830040e-01 1.808896070783042997e-03 1.010689224028348357e-08 -6.690898105684489399e-04 1.233263176432219916e+04 1.000000000000000000e+00 0.000000000000000000e+00
3.641603047470952648e-01 5.333240161055857742e-01 3.141611782371966366e-01 3.441606541431358468e-01 -3.016613966097219657e-01 2.018193908602680610e-04 -2.015589787430289992e-02 1.408870243656609186e-05 1.535526580466206178e+04 1.000000000000000000e+00 0.000000000000000000e+00
4.465911821262473214e-01 6.560904780893610511e-01 4.142072760620272630e-08 3.076062833409621278e-01 -1.905932619371742132e-01 -8.303325754635606029e-03 -1.910226496662525793e-06 2.272048734869649567e-08 1.860925002098949335e+04 1.000000000000000000e+00 0.000000000000000000e+00
5.830911980244738446e-01 3.858691751632547791e-04 6.071075347078119123e-06 3.611243094382674010e-07 -4.239416004460292431e-01 -2.604616932351969637e-03 3.082967949688107334e-08 7.703985268016371222e-06 3.075590990412887186e+04 0.000000000000000000e+00 0.000000000000000000e+00
6.171093223210045720e-01 8.913801322414510730e-02 3.073015404818060298e-05 -1.258927655839414936e-09 -3.555725142897216418e-01 -4.799251167999995387e-08 -3.964070299631452556e-03 -2.927136852527086356e-04 3.308381633154954761e+04 0.000000000000000000e+00 0.000000000000000000e+00
1.334036001129683680e-01 3.204528949233999602e-10 2.761682745318106766e-06 8.460562483462247458e-09 -8.362128104642162496e-01 -9.517208056839815411e-02 -3.751976253177235349e-02 0.000000000000000000e+00 3.385353706265966321e+04 1.000000000000000000e+00 0.000000000000000000e+00
5.963530401713701412e-01 -3.788308246990260836e-02 1.142602648688998031e-02 3.379690321155625721e-04 -4.252681515976163840e-01 5.518251428327547751e-04 0.000000000000000000e+00 0.000000000000000000e+00 3.523152541742259928e+04 0.000000000000000000e+00 0.000000000000000000e+00
7.914802229467323702e-01 9.423652785335025987e-05 5.080776677475175307e-02 1.189169793097307304e+00 -2.115162664771439993e-01 -4.264422264907318737e-08 1.653898658032283516e-05 1.822858089284502597e-04 6.817815145709807985e+04 1.000000000000000000e+00 0.000000000000000000e+00
7.446802939230366958e-01 -1.375736648343652357e-08 7.223601761215288075e-01 1.221519174227978510e+00 -1.359498084273663698e-01 2.805898043215185564e-08 5.103831785503484298e-08 2.049998785883508489e-08 8.694627370251636603e+04 0.000000000000000000e+00 0.000000000000000000e+00
4.968308072821031596e-01 3.267872669680653170e-05 1.290591085269275018e+00 1.782745837894605667e-01 -1.870421862709094329e-01 9.208729616389941454e-07 8.695894795138201742e-08 4.975490686821611770e-10 1.033795191348415974e+05 1.000000000000000000e+00 0.000000000000000000e+00
6.744392120165375593e-01 8.218607307211750511e-06 -7.610859163381065995e-02 2.763327327012202739e-01 -3.360487045985178778e-01 -7.034949189597015452e-08 1.138991773553802432e-07 7.343146963617455938e-06 1.056896054548807006e+05 1.000000000000000000e+00 0.000000000000000000e+00
4.141953000694197917e-01 2.895441078684332648e-02 1.370181608760450143e+00 2.366300371756470596e-06 -1.121369977083677971e-01 1.383579009890242385e-08 5.923538753399488523e-04 1.246829921703416117e-09 1.061861588028009573e+05 1.000000000000000000e+00 0.000000000000000000e+00
2.555866011686497852e-01 3.476369479496960180e-02 1.390547791798784072e+00 1.397922828733957948e-08 -1.845903230662470362e-01 2.420653676545081855e-06 -2.040558751254245170e-07 0.000000000000000000e+00 1.085657340770441078e+05 0.000000000000000000e+00 0.000000000000000000e+00
3.555508057825695900e-01 2.860753609744812742e-01 1.481053011673600261e+00 4.750038503751060804e-09 -1.250558006545589573e-01 1.568730664828555511e-08 4.078617289321890271e-01 -1.226037261319205540e-01 1.119280967755451566e+05 0.000000000000000000e+00 0.000000000000000000e+00
5.911001577350201153e-01 -3.867103228559865764e-10 2.216625591506325432e-01 6.842400593499572969e-02 -4.204303938819509145e-01 0.000000000000000000e+00 2.913874017003620365e-01 2.917288400492530086e-10 inf 0.000000000000000000e+00 -9.000000000000000000e+01
1.190376567832674537e+00 9.504004533594209159e-01 2.918026391955096804e-02 2.708641292074349671e+00 -7.321053492284289310e-02 9.670038663737170640e-10 3.155329505153277125e+01 1.968527779235832332e-08 inf 0.000000000000000000e+00 -2.000000000000000000e+01
2.312315914051600030e-01 5.156437110746273229e-10 1.420652561579730078e+00 1.686622541716871829e-02 -1.872385740148511390e-01 -3.667481918494688940e-04 -1.873035408374073353e-05 -2.833391745031325470e-03 inf 0.000000000000000000e+00 -9.000000000000000000e+01
-3.006112014088915203e+03 -2.691018241778813991e+00 2.824492746571042971e+02 2.729481837031511775e-04 -1.653361607748903452e+02 3.499574975679762664e-07 1.666357620419675796e-04 2.434290265355259705e+11 inf 0.000000000000000000e+00 -2.000000000000000000e+01
1.043025401330779811e+00 -9.339334588446523977e-02 3.308921744228228779e-07 2.169678257810509864e-05 -8.708757228674296261e-07 -6.090689624320760279e-04 1.450124601339987211e-02 -2.374745333387043300e-02 inf 0.000000000000000000e+00 -9.000000000000000000e+01
5.626155979655921291e-01 5.547402507313407768e-08 8.048263808185758261e-01 6.961176042625122351e-01 9.917291896342639745e+00 -2.441179543715111588e+00 2.768017439612325564e-08 -1.978690450472209497e-02 inf 0.000000000000000000e+00 -3.000000000000000000e+01
2.984413846774583989e-01 1.706868592321378005e-09 1.461597550599860407e+00 1.234361754447025714e-08 0.000000000000000000e+00 4.546898379545048497e-09 1.411106393651911608e-08 1.995503991022905376e-09 inf 0.000000000000000000e+00 -9.000000000000000000e+01
1.551450742844141806e-01 7.970633785339223642e-08 1.457362762310368209e+00 9.984336232174396975e-02 -9.196099161213260736e-03 0.000000000000000000e+00 6.624694427575354623e-07 1.076006160359646753e-02 inf 0.000000000000000000e+00 -9.000000000000000000e+01
9.188634763933390959e-01 1.716376887649006270e-08 1.631668966818432347e-09 1.130920175810154209e-07 5.867065008347128722e-10 -2.143393504771480551e-01 0.000000000000000000e+00 2.210737868233994933e-08 inf 0.000000000000000000e+00 -9.000000000000000000e+01
3.811341932702243043e-07 1.222453219282998438e+00 9.948723427274237023e-08 6.458788316562279714e-10 -2.768080493868452636e-05 5.254607443982871842e-10 3.765802001521057946e-09 4.589023834411707992e-08 inf 0.000000000000000000e+00 -9.000000000000000000e+01
-1.632947311884930253e+00 5.443449538290811789e-08 1.657764140333029657e+00 1.255382532823770330e-03 -8.264003873217048435e-01 1.211093562357500666e-09 3.384405582502548430e-07 6.694969588659586404e-05 inf 0.000000000000000000e+00 -1.000000000000000000e+01
7.774511824008046856e-01 7.934757745912467825e-03 1.625203801508064982e-01 1.852649626146598283e-01 -2.191750673789502613e-01 4.744889654128947748e-10 9.859510969618593206e-10 2.448313763975688758e-06 inf 0.000000000000000000e+00 -8.000000000000000000e+01
7.560058278144423660e-01 3.324025623882548297e-01 7.762559839166149368e-03 1.282509886470929034e-02 -1.053008117312973363e-01 -4.108460625926801879e-07 0.000000000000000000e+00 3.156024328812672142e-01 inf 0.000000000000000000e+00 -1.000000000000000000e+01
9.991122523414257273e-02 1.463230758577831747e-01 1.143149030138931044e-01 5.251340857200714664e-04 -7.956317249766959865e-01 -1.012830040703092821e-01 -1.464659694865505296e-04 7.369697040309118578e-08 inf 0.000000000000000000e+00 -9.000000000000000000e+01
2.873246348241124219e-05 1.346292701155578087e+00 2.338771284858242594e-01 1.835035931196467240e+00 -2.109182430794837832e-05 9.175179655982336202e-01 2.881860654196613998e-09 4.718209071056782197e-07 inf 0.000000000000000000e+00 -9.000000000000000000e+01
4.662889047469030435e-01 5.271091966704121168e-01 6.856105635013751698e-01 3.713723885632448929e-01 -1.490269937046209952e-03 -3.048483944289876935e-05 2.252000722798319071e-08 0.000000000000000000e+00 inf 0.000000000000000000e+00 -9.000000000000000000e+01
1.375854414159585184e-04 3.439579122006611556e+02 5.509044565618005862e+01 -1.136420783806300735e+10 -1.030884087877620914e+01 0.000000000000000000e+00 2.996006880394335575e-02 0.000000000000000000e+00 inf 0.000000000000000000e+00 -2.000000000000000000e+01
3.928818438581890360e-05 -1.702627106839454437e-09 4.227418492750323331e-01 1.808003326732357863e+00 -7.667871251766696927e-01 5.359942898027706803e-04 6.344447144249446035e-09 2.533268587218084486e-09 inf 0.000000000000000000e+00 -9.000000000000000000e+01
1.311264726488216233e-06 4.074616623682573320e-08 7.049094404937004121e-01 4.815521594029953824e-10 -7.804354519751682817e-01 5.237556070810106699e-09 -6.003349630578217466e-01 1.974387920338854362e-03 inf 0.000000000000000000e+00 -9.000000000000000000e+01
2.500978208899658495e-01 4.712186101398574891e-10 2.188355932787201114e-02 2.223946776529234892e+00 -3.328224847228006822e-01 3.297188068373572913e-04 -2.442361532128572478e-05 1.960842764019239819e-08 inf 0.000000000000000000e+00 -2.000000000000000000e+01
2.907017741318925754e-04 5.222028368407090008e-09 2.451617370070168292e-02 2.269923900004054307e+00 -9.010004953963461627e-02 -2.952226265093781248e-09 -1.895210579727289111e-09 3.783206500006757594e-02 inf 0.000000000000000000e+00 -2.000000000000000000e+01
1.630627083311005174e-03 5.159929537600578368e-03 8.377402483903553243e-01 1.669762133310469299e+00 9.325410398590737008e-07 0.000000000000000000e+00 -4.335497816888675578e-07 3.423870127806998287e-01 inf 0.000000000000000000e+00 -9.000000000000000000e+01
9.475060508480096395e-08 8.603876320690870662e-04 2.694101606860721358e-03 0.000000000000000000e+00 -1.007199742194174075e+00 -6.156909358188951776e-09 -2.506629764148173774e-08 9.002241954632166088e-03 inf 0.000000000000000000e+00 -9.000000000000000000e+01
6.651058915954839446e-01 8.492497331540405496e-06 2.014947536170346165e-01 5.828646652658422930e-10 -3.325529457977419723e-01 4.625063380766299534e-08 1.317041857951546390e-06 9.690608988272246831e-08 inf 0.000000000000000000e+00 -9.000000000000000000e+01
6.288902999112512271e-01 4.186979527152492248e-07 1.820931945708327185e-05 8.814634931370636528e-02 -3.788597898387187080e-01 -5.092272397888166552e-08 8.244631501342745782e-08 5.276564160859357301e-06 inf 0.000000000000000000e+00 -9.000000000000000000e+01
1.007188648212019588e+00 6.323031413161395295e-05 9.605898227671454039e-04 0.000000000000000000e+00 -6.087514460272177196e-06 0.000000000000000000e+00 -1.452021891753445473e-06 1.132053150142828066e-07 inf 0.000000000000000000e+00 -8.000000000000000000e+01
9.023965514963944168e-01 2.854579413697113115e-07 5.219744758655614492e-01 -1.139019371967813505e-07 -1.272911802241007834e-03 -1.500307992071211183e-01 -5.750566259535846991e-02 7.909856749776483080e-08 inf 0.000000000000000000e+00 -9.000000000000000000e+01
7.369775425284998960e-01 5.372546312741638408e-01 3.028482712692205980e-07 7.390259701412427572e-07 -1.154648080689130163e-03 -3.839887514960683604e-05 2.833250336559532512e-08 7.071221428220009097e-08 inf 0.000000000000000000e+00 -9.000000000000000000e+01
1.501444612340096241e-01 1.057168572474162405e+00 8.430824637114735232e-02 1.425661918972772613e-01 -1.586700142378335079e-02 3.225420682585502252e-09 1.517712174142639979e-07 1.702909195392188151e-07 inf 0.000000000000000000e+00 -9.000000000000000000e+01
4.158839201127394711e-06 2.304619901434462268e-07 2.109808289118552338e+00 3.332437778837881170e-01 -5.142105976617392660e-01 2.904296766192484114e+00 -8.024076140839167158e-08 -7.569709656565517530e-01 inf 0.000000000000000000e+00 -2.000000000000000000e+01
2.103120761029396157e-01 2.804161014705861543e-01 1.269566800865306044e-01 2.051825132711606159e+00 -2.358563639286412168e-05 1.523673855468213262e-05 -2.012826322071463856e-09 1.059918670862947979e-07 inf 0.000000000000000000e+00 -2.000000000000000000e+01
8.790924630408062106e-05 7.511268487648792291e-01 -4.040989547848867521e-05 -3.175485207556675922e-07 -2.768328334365405263e-01 2.202457461166751058e-04 -5.033324244300736439e-01 -2.506982652449790128e-01 inf 0.000000000000000000e+00 -9.000000000000000000e+01
5.449625853397651598e-01 3.680817956077784198e-06 1.891340737355655388e-01 1.710051770690755276e-04 -8.034191055928155412e-02 7.913978720926735308e-03 -1.186095038680665237e+00 0.000000000000000000e+00 inf 0.000000000000000000e+00 -9.000000000000000000e+01
7.220021463581970389e-01 1.027759160902056129e-09 4.108955304477544535e-01 5.048145088358125809e-01 -2.631688040248713056e-01 5.813034970350281983e-10 2.747980167801951558e-09 2.445806728855681126e-04 inf 0.000000000000000000e+00 -9.000000000000000000e+01
6.481929733796492066e-01 -1.841803970622944145e-03 5.759545998403509115e-01 7.505956684068629390e-09 -3.289774578749122824e-01 7.455044187180567895e-10 -6.353879611630189708e-08 0.000000000000000000e+00 inf 0.000000000000000000e+00 -9.000000000000000000e+01
8.668100774694416792e-07 3.446924448687076856e-06 7.047651343469943930e-01 2.822610991465292485e-01 -2.413199255674925662e-03 3.438882753632428485e-09 1.393553225346071955e-01 -1.271062559678710180e+00 inf 0.000000000000000000e+00 -9.000000000000000000e+01
4.850633356175180856e-09 1.216058542947444865e+00 1.503259346418254095e-08 0.000000000000000000e+00 -1.356354943336365579e+02 3.095572350678113871e+05 6.917323628169579367e-07 3.286194850309671789e-08 inf 0.000000000000000000e+00 -3.000000000000000000e+01
4.738523310686718615e-01 6.616856875283255723e-01 4.482386915514463555e-01 3.488729502441576248e-10 -4.935961781965331890e-03 1.892461815569447488e-09 3.592814902297895337e-07 -2.027746461780352560e-01 inf 0.000000000000000000e+00 -9.000000000000000000e+01
6.576389811936668162e-01 4.078257300690297377e-02 3.153852312533830249e-01 -4.705020725463205430e-06 -2.571701074317646607e-01 -1.308240969397907183e-01 6.958848891314144767e-09 1.115322356553088962e-09 inf 0.000000000000000000e+00 -9.000000000000000000e+01
1.734066128895099590e+00 2.883769232471079399e-07 6.075103006874027933e+00 -1.750832160595513778e+04 -6.238527975003532559e-03 -3.138082214946279940e-08 1.149074714394827361e-08 -1.070335681985900081e-02 inf 0.000000000000000000e+00 -2.000000000000000000e+01
6.683837856984164820e-03 3.350163294943923188e-09 1.528018596960398545e+00 3.244770122431266416e-04 1.505806493942653430e-04 -2.792790994546173371e-08 -1.287221680305816686e-05 -1.185898511484574602e-07 inf 0.000000000000000000e+00 -9.000000000000000000e+01
-4.888999831301829545e+03 4.496685303926384604e-08 1.317248552303878206e+01 5.717054590389508917e+00 2.156575433278246783e+06 -6.919050589258080638e-04 -3.016450216428211775e+02 2.197454601659350804e+00 inf 0.000000000000000000e+00 -2.000000000000000000e+01
1.059492837911935048e-02 4.972553052600015011e-01 2.002930460347978059e+00 8.638092648841297632e-05 -1.015374469481961128e+01 1.146566414634753755e+03 -4.642709501066421872e-06 9.280244466278965376e+01 inf 0.000000000000000000e+00 -2.000000000000000000e+01
4.393015844138997150e-01 -4.228757083846874139e+02 3.576652930539821750e-07 8.798673460491343690e+00 -8.427848142233088091e-03 6.650098924730796397e-03 3.101448116341776640e+00 0.000000000000000000e+00 inf 0.000000000000000000e+00 -2.000000000000000000e+01
5.859705292568327673e-02 1.180213583632585550e+00 2.522930713006295366e-08 5.635657737264244960e-02 3.633903663379385287e-10 -7.807114584221435680e-09 0.000000000000000000e+00 0.000000000000000000e+00 inf 0.000000000000000000e+00 -9.000000000000000000e+01
2.016419814289773238e-01 3.103731296596293297e-03 1.396907003261170566e+00 6.027808168249215726e-02 -1.707521459760276139e-01 -1.145621660924742103e-07 -2.075410819495059414e-02 1.450684343205273517e-05 inf 0.000000000000000000e+00 -9.000000000000000000e+01
1.687925241597477977e-01 8.266430400588692464e+02 1.324507598276142630e+02 -1.570112738746503906e+11 4.035992094349013676e-07 -1.844486423426809241e+00 -4.586753373906190395e-02 3.747290347715666768e-08 inf 0.000000000000000000e+00 -2.000000000000000000e+01
8.531876192748129029e+00 1.534949348286824607e-06 -6.076943783359699605e-03 0.000000000000000000e+00 -7.248181059160336304e+01 2.281722137404590100e+07 2.984199815124058741e+00 7.729566734255758576e+00 inf 0.000000000000000000e+00 -2.000000000000000000e+01
-5.771796697683777115e-03 1.218490413955464115e-03 1.481684343369844337e+00 0.000000000000000000e+00 -3.396381701214809534e-01 -8.911226227200896448e-11 2.065020596282417936e-02 1.730098565250806611e-06 inf 0.000000000000000000e+00 -9.000000000000000000e+01
6.164047147305112134e-02 -1.966049024761369057e-01 1.643745905948029939e+00 1.632761160980661109e-05 0.000000000000000000e+00 7.745779604049823899e-06 -6.301130233453229743e-07 0.000000000000000000e+00 inf 0.000000000000000000e+00 -9.000000000000000000e+01
1.890049085256169263e-07 4.996518332811084387e-04 1.593577312634489207e+00 -4.069891296544301401e-02 -6.698889401144347833e-02 -2.649221166943123151e-01 5.844465017149332864e-01 -7.421863879909359474e-01 inf 0.000000000000000000e+00 -9.000000000000000000e+01
6.434130486641223001e+01 -1.320875328005725602e-01 5.195500286480853394e-04 3.038173299709349905e-05 1.189766221374046154e+03 -5.488359291134901202e-02 2.544003588552693970e-04 2.848567398449847535e-04 inf 0.000000000000000000e+00 -2.000000000000000000e+01
9.886358058420154915e-01 0.000000000000000000e+00 1.222786391436176956e-01 7.703391661474585581e-03 -2.666715002600173259e-02 -9.105856106439616515e-03 3.271604015385090602e-01 5.040741773207644411e-02 inf 0.000000000000000000e+00 -1.000000000000000000e+01
7.715420401771493353e-01 1.067194420326999516e-01 2.120324810995657386e-08 1.192093727070891863e-08 -2.086957977528354768e-01 1.272571833230460405e-06 -9.881429817842588578e-05 6.855340750426473839e+00 inf 0.000000000000000000e+00 -3.000000000000000000e+01
1.904714704735022135e-01 7.618858818940088540e-01 9.597700234187183512e-08 6.889393612871356209e-01 -3.458205421362877119e-01 -1.308411315482732678e-09 -2.115997885080740139e-03 1.569848805016259698e-04 inf 0.000000000000000000e+00 -9.000000000000000000e+01
1.267532239737574784e+00 -7.163342411192984427e-01 4.522407574456084278e-08 3.916406832287752660e-01 5.230244167050952103e-02 -5.306518561153778478e-04 -2.538411835742062084e-01 -7.643130142783791103e-02 inf 0.000000000000000000e+00 -9.000000000000000000e+01
7.681959509306655054e-01 1.699518180200047335e-04 8.811400924576569260e-02 5.291235268424034910e-01 -3.278456403857416546e-01 -1.970754415019853028e-03 2.854806005289246329e+00 3.287451833417263198e-04 inf 0.000000000000000000e+00 -3.000000000000000000e+01
8.280373925126137680e-01 5.410089238550045635e-05 -1.197342633986311152e-04 1.244834737737083641e+00 -6.029668260913999545e-01 1.772778041688078954e+00 2.045411751080435369e-08 1.063701558124949481e-03 inf 0.000000000000000000e+00 -1.000000000000000000e+01
6.880418046025909007e-01 5.864340117734975328e-09 4.912672028971806215e-01 -1.820499716458217065e-01 -2.938232998254254880e-01 2.645831963832312537e-03 2.200328241858966541e-02 -7.576491467024638604e-01 inf 0.000000000000000000e+00 -9.000000000000000000e+01
6.963431670111910848e-06 -5.885713056297446354e-08 5.642429100285151333e-10 2.266040894561151653e+00 -1.321611307320550224e-02 -1.536757334093663072e-05 0.000000000000000000e+00 7.972679040402914632e-08 inf 0.000000000000000000e+00 -2.000000000000000000e+01
2.535522777996688792e-01 1.038812566726406317e+00 2.152401911809120701e-05 -2.835195105489848399e-08 -1.768640330633851048e-05 8.147112372097265586e-10 9.980212655819149257e-10 9.525296150492952238e-03 inf 0.000000000000000000e+00 -9.000000000000000000e+01
2.649978020411907886e-12 -1.907629266925983007e-14 1.616399580245087009e+00 3.691705882914623323e-06 -3.599082437823575333e-06 -2.871326797822484713e-06 1.236357592956398124e-07 1.860073551301347494e-01 inf 0.000000000000000000e+00 -9.000000000000000000e+01
1.790367032642679516e-07 0.000000000000000000e+00 1.538993566092351717e+00 2.008701600769333372e-11 -6.802705935646702513e-03 0.000000000000000000e+00 4.946022897390202936e-17 0.000000000000000000e+00 inf 0.000000000000000000e+00 -9.000000000000000000e+01
2.170883062231631633e-01 1.340443851383587903e+00 4.232061068702290067e+05 4.537451358241889610e-01 1.274139905954198456e+11 5.467382272108252282e-08 2.805131597743007027e-07 1.048804296337011220e-05 inf 0.000000000000000000e+00 -2.000000000000000000e+01
0.000000000000000000e+00 3.693435114502952201e+05 0.000000000000000000e+00 0.000000000000000000e+00 -4.148526956105898833e+00 3.442531038777819824e+11 3.547272609389544654e-04 -4.433444656487511679e+02 inf 0.000000000000000000e+00 -2.000000000000000000e+01
3.258978768472985121e-02 8.265859976114117158e-01 6.270652395672778878e-01 1.295208282261289257e-01 7.597297772163710827e-03 -2.939040840740056210e-04 3.070028733363568649e-07 5.324706004216394019e-10 inf 0.000000000000000000e+00 -9.000000000000000000e+01
1.374807114862249859e-02 1.041090138371625118e+00 2.919568310148971946e-02 2.044304795962939292e-01 -2.034593134224398081e-01 -6.543990819915509799e-04 -7.753206514899897738e-05 1.143248792506398391e-08 inf 0.000000000000000000e+00 -8.000000000000000000e+01
5.767281525011496157e-01 5.539999494469170782e-02 5.545681545232729270e+00 -8.128238816582857285e-07 -5.440563606106904038e-01 3.828725612163188900e-03 9.932224734699600432e+00 4.577824101499465060e-04 inf 0.000000000000000000e+00 -2.000000000000000000e+01
2.743085370191005527e-07 -2.834224999427622030e-03 6.530054398681241601e+00 2.026423426627589842e-06 -1.280097965455767151e+00 3.311472428879231964e-06 2.230583661263814577e+01 2.819325073716345553e+00 inf 0.000000000000000000e+00 -2.000000000000000000e+01
8.837741471327393016e-16 2.047279925250366771e-08 1.540440397794427430e+00 1.514618789395690532e-12 -1.371638775676737401e-10 2.356264019204826521e-19 1.115839972313090145e-18 1.491899507554755088e-12 inf 0.000000000000000000e+00 -9.000000000000000000e+01
1.038220920409911407e+01 -2.952202180623311745e-02 3.401278301225027542e-07 -1.554379178434243773e-02 -8.511884751890082867e+00 0.000000000000000000e+00 -4.771235847472019009e-02 8.393646869051460266e+10 inf 0.000000000000000000e+00 -2.000000000000000000e+01
7.907931223165475254e-01 4.555441677185099181e-01 5.560841891095091773e-05 6.354695421091391256e-10 -9.268069818491819171e-05 1.039525320328822972e-09 -1.140092952217591120e-03 -6.393764529328382473e-04 inf 0.000000000000000000e+00 -9.000000000000000000e+01
4.382458225280513115e-06 -6.286696152946128394e-08 1.018525171702053993e-03 0.000000000000000000e+00 -1.007681324761226183e+00 2.009873119529245477e-07 0.000000000000000000e+00 5.440679793330330278e-07 inf 0.000000000000000000e+00 -9.000000000000000000e+01
1.856903383816159270e+00 1.173649327756564074e-04 3.483012521588773387e-07 4.016086538917777920e-09 -5.545963070520148368e-05 -8.800489970692697977e-03 -1.190300645450135435e-03 2.847697746676626048e+04 inf 0.000000000000000000e+00 -3.000000000000000000e+01
7.670456308346117469e-01 3.363515600451238985e-01 -2.645692149135425719e-01 2.398419595286513004e-04 -1.140826556555488702e-01 -1.261564325874054775e-07 4.608621616807351435e-08 1.618307334439668052e-02 inf 0.000000000000000000e+00 -1.000000000000000000e+01
6.553872938356039384e-05 5.460495111566885393e-04 1.539967041037827000e+00 8.414984591350401410e-11 -9.878764575375689207e-05 -6.069325929956241536e-07 -1.939592970157055082e-08 1.795196712821418967e-09 inf 0.000000000000000000e+00 -9.000000000000000000e+01
5.889265110073809151e-01 5.002376675325145633e-04 6.019626447145755982e-02 2.183935811652371051e+00 -1.501711480975852046e-02 -8.307340107525989711e-03 -1.911150020980945445e-06 2.273147186944810731e-08 inf 0.000000000000000000e+00 -2.000000000000000000e+01
5.521560277761092141e-07 7.824021067315696243e-01 -1.691361088326857171e-04 1.010009992326208028e+00 -4.922020525984056039e-01 -4.078715527989858550e-03 2.326923879217647595e-05 2.603069725541546899e-08 inf 0.000000000000000000e+00 -9.000000000000000000e+01
7.683399935895678379e-01 5.024544810199635636e-05 7.285982697832108501e-01 1.154402453422749719e+00 -2.053322396661776128e-01 -3.970545467830172131e-06 1.123649929048782872e-02 3.186907756662148206e+00 inf 0.000000000000000000e+00 -3.000000000000000000e+01
9.822890746339486556e-01 6.461696435729717716e-09 1.954475492645871004e-01 6.481242786746148621e-01 -6.338445621030967814e-03 -1.208962558942979396e-08 7.604313352817324966e-04 -3.331933866687543377e-02 inf 0.000000000000000000e+00 -8.000000000000000000e+01
1.066136437614964977e-09 1.857755935536782561e-05 1.328528706540707205e+00 2.156519456419835323e-08 -7.542367584683553616e-01 2.008187430316883634e-07 -1.226819957429950837e-05 7.441866493770891988e-02 inf 0.000000000000000000e+00 -9.000000000000000000e+01
3.218470534430144969e+00 2.761830623395643003e-01 4.056721702561468845e+01 3.399565902842042124e+04 3.750358909911910205e-06 4.174741628665100271e-06 2.681079094198992152e+03 7.948710699512964347e+05 inf 0.000000000000000000e+00 -2.000000000000000000e+01
9.752757251270374184e-01 2.464965293643109692e-02 4.510965240251671449e-01 3.965523067887406439e-08 6.915487694825417581e-04 -1.553726486115922818e-09 4.306779610306220826e-10 1.968822119523250518e-05 inf 0.000000000000000000e+00 -9.000000000000000000e+01
1.016205924950537742e+00 2.941114952451656106e-01 -2.580067737598970012e+00 1.221069794052342727e+00 1.033193399244870629e-02 9.161906714705642818e-10 6.276709324879569264e-05 8.176806656600510079e-03 inf 0.000000000000000000e+00 -2.000000000000000000e+01
4.579000024397200663e-01 2.701332593286438014e-08 -5.762842865677734430e-07 2.154381978691797705e+00 -3.603147560181403919e-01 -3.993274268336473615e-08 -9.007868900453509797e-02 1.789702753316066553e-09 inf 0.000000000000000000e+00 -2.000000000000000000e+01
2.111839438036424710e+00 6.667057762524071110e-06 2.685342709905528540e-05 7.993880284954649687e+04 -2.700484338868416767e+00 0.000000000000000000e+00 -1.363042920338254410e-04 3.258003347977536917e+07 inf 0.000000000000000000e+00 -2.000000000000000000e+01
4.820046863038723317e-01 8.333366509800960599e-09 6.687448386041555670e-01 -8.018679942297987901e-08 -6.868322355547065716e-02 4.827379591532190116e-03 -7.313174550817373998e-01 0.000000000000000000e+00 inf 0.000000000000000000e+00 -9.000000000000000000e+01
2.220341263133990804e-04 3.167251507705840202e-05 -6.073286396219445714e-05 2.155935693505953488e+00 -8.651494427646797339e-03 -1.769742595027386776e-04 1.307358567734570654e-07 0.000000000000000000e+00 inf 0.000000000000000000e+00 -2.000000000000000000e+01
6.311447079933313331e-01 2.768700841668859103e-01 3.423662331095900929e-02 3.821065228724741987e-08 -2.550380345193178355e-01 0.000000000000000000e+00 9.316064605636949259e-09 3.963024308429685908e-09 inf 0.000000000000000000e+00 -8.000000000000000000e+01
9.948998335085290634e-01 3.524844719516245783e-01 -2.525973229985726487e+00 1.394051263718537603e+00 9.929140054975339746e-03 -1.917506085522180759e-08 -2.069012739193069255e-07 0.000000000000000000e+00 inf 0.000000000000000000e+00 -2.000000000000000000e+01
6.294226887999024127e-03 3.154877233921715017e-09 1.438948093018269869e+00 1.197736578187978592e-08 1.418030766918384783e-04 -3.986871407115229555e-08 -8.993425581364186683e-02 0.000000000000000000e+00 inf 0.000000000000000000e+00 -9.000000000000000000e+01
5.441085494890979421e-10 6.213572235103980157e-01 6.780218759688934060e-01 1.100591474016743761e-08 -3.849288460111585097e-01 6.824103881552231463e-10 3.501220231495064875e-09 2.203512242158390869e-07 inf 0.000000000000000000e+00 -9.000000000000000000e+01
6.705487708632763555e-01 8.775638276398582682e-02 8.784638931041042653e+00 -1.287553974503529404e-06 -4.894105961837671437e-01 6.064894241501425122e-03 1.573314431502022970e+01 6.394508058974328378e-04 inf 0.000000000000000000e+00 -2.000000000000000000e+01
7.318587906932993992e-01 3.228788782470438656e-01 2.524325775385979354e-01 2.288396405663085964e-04 -1.086047135921874712e-01 1.541472657128872888e-06 1.455627932881986537e-07 4.829494719222335218e-10 inf 0.000000000000000000e+00 -9.000000000000000000e+01
2.546337908184295729e-01 6.817351971432715763e-01 1.419603721974951049e-01 0.000000000000000000e+00 -3.506299164304892968e-01 6.194592051051748610e-09 1.842618379177819501e-09 4.295419857895553806e-01 inf 0.000000000000000000e+00 -1.000000000000000000e+01
1.044651290118177268e-03 9.874365425363201831e-01 -8.103961523341011997e-02 2.942361414628428817e-01 -3.366260940464728124e-01 0.000000000000000000e+00 1.602371567460578767e-09 6.011615087364219801e-05 inf 0.000000000000000000e+00 -9.000000000000000000e+01
2.346845234211074327e-01 1.201071024501335601e-09 -9.717288893091221569e-01 7.239944408156888362e-08 -8.127732376628769018e-01 5.530513089564289721e-09 1.698258564876306931e-09 5.278527299950787066e-01 inf 0.000000000000000000e+00 -1.000000000000000000e+01
5.289178331651430698e-01 1.657364696366342649e+00 2.048790319089128575e-08 1.089144404565502433e-01 0.000000000000000000e+00 8.410060004672457318e-03 3.922252143169222549e+00 0.000000000000000000e+00 inf 0.000000000000000000e+00 -3.000000000000000000e+01
9.551056095816449127e-07 1.217733951192921271e+00 2.603137625546564052e-08 2.827390453266274278e-02 -2.417285470068453916e-04 0.000000000000000000e+00 1.395912896738380794e-02 -1.273214820464561303e-01 inf 0.000000000000000000e+00 -9.000000000000000000e+01
2.292783200320777093e-01 3.050337026777418798e-07 1.482286926798804805e+00 1.303056593963169051e-07 2.304751735649765345e-03 -2.015394198663034912e-05 1.523934558280789733e-08 1.112750311668097257e-02 inf 0.000000000000000000e+00 -9.000000000000000000e+01
9.267178351159317478e-06 4.822460800095449418e-01 3.448141766621148907e-01 1.510927991292703831e+00 -6.632940963953809499e-01 4.259386038906830111e-04 1.318500984921041105e-07 1.479389497962001566e-07 inf 0.000000000000000000e+00 -9.000000000000000000e+01
9.042039052894884632e-01 -9.281290086228782127e-04 3.650681050627098005e-06 1.987942698545503080e-07 -1.804007791575135133e-01 -3.437514846751400788e-04 2.213209558932422105e+00 3.175823695936603082e-10 inf 0.000000000000000000e+00 -3.000000000000000000e+01
1.190032424335775385e+00 -1.557089156556370831e-09 8.925243182518316498e-01 1.282218034671645412e+00 -1.473775910978700071e-05 5.740649370915537064e-01 1.173271404274708329e+00 1.248695994549510857e+00 inf 0.000000000000000000e+00 -1.000000000000000000e+01
2.457737098160309497e+00 3.550624291399627208e-01 7.156521133240834028e-07 1.262234344726285984e-01 9.125765203461466964e-07 1.015841758174789637e-06 1.034022375199773478e+03 7.205319961907765205e-04 inf 0.000000000000000000e+00 -2.000000000000000000e+01
1.729389132563059706e+00 7.706417973978327285e-02 6.618163423020365421e+00 -1.762019829744942035e+04 -6.278391640142087261e-03 -4.857539272511779026e-09 1.346462925235515715e-09 6.155285921707929033e-05 inf 0.000000000000000000e+00 -2.000000000000000000e+01
1.058495114376699093e-03 6.816744296556022132e-06 1.001279162248228842e-03 3.414909581665404659e+01 -2.615586383015781565e-04 -1.598595235360885643e-12 -1.009740226597584140e-06 3.187248942887710612e+01 inf 0.000000000000000000e+00 -2.000000000000000000e+01
9.255956467309049973e-01 9.446737484919807623e-03 6.369624297649511754e-03 1.052372710046441118e-02 -7.877409759411957424e-02 4.214033638878006941e-08 1.173825526149862621e-09 2.589698458406680670e-01 inf 0.000000000000000000e+00 -1.000000000000000000e+01
1.739143176135403979e-01 1.298783066073747273e-09 -1.050783009916775645e+00 7.828943505263146104e-08 -8.756525082639796675e-01 0.000000000000000000e+00 1.029965175653832118e-09 8.087623861049256235e-02 inf 0.000000000000000000e+00 -1.000000000000000000e+01
7.046383531425997049e-01 4.673176251609132237e-07 2.040258034811056700e-05 1.023245047858694357e-01 -3.029375130087457180e-01 -3.042998489419899692e-07 1.083162557543511903e-06 7.969757948480690236e-08 inf 0.000000000000000000e+00 -9.000000000000000000e+01
9.076920862640661851e-04 3.568968032799988040e-03 1.609774533651499473e+00 6.946355097605518003e-02 -1.967721942239854804e-01 -1.324912089844802476e-07 1.547479818897172232e-01 5.793779274025954935e-05 inf 0.000000000000000000e+00 -9.000000000000000000e+01
6.512627677868634279e-01 -9.682599861982723113e-03 1.860045935270056849e-01 8.150652215029532410e-01 -3.572077605134008627e-01 2.394631832904763914e-04 1.524546933682884853e-01 9.842948649506003123e-02 inf 0.000000000000000000e+00 -9.000000000000000000e+01
6.856911021648455229e-01 1.116143378830983107e-01 7.686647797609601207e-02 2.430130379848641292e-08 -2.746133898104909377e-01 0.000000000000000000e+00 3.177307605367703437e-10 -6.128258929053134046e-02 inf 0.000000000000000000e+00 -8.000000000000000000e+01
2.185210279276184497e+00 3.931611486298794977e-01 2.648168575640357147e+01 2.697645034793779928e+00 -3.592933343284292480e+00 3.754909846465141476e-01 -9.600789097628518176e-01 1.292548848462927788e+08 inf 0.000000000000000000e+00 -2.000000000000000000e+01
3.774029005524912376e-04 6.423177933926066184e-10 3.418689659158567068e-02 5.032227677889663183e-08 -3.616874566935874835e-01 4.249084422745487899e+01 -1.220819031908218655e+01 8.819228396090215971e-02 inf 0.000000000000000000e+00 -3.000000000000000000e+01
6.057886776481258284e-01 1.041011715412163828e-09 7.034965288816945328e-02 3.033988605656620517e-06 -3.986480330329602029e-01 1.787191441494309337e-09 9.172550779156128425e-09 3.945652795478271342e-09 inf 0.000000000000000000e+00 -9.000000000000000000e+01
1.110199704288755029e+00 -5.189459049768673285e-05 -1.109470555467785281e-04 3.430282537018952693e-01 4.581039712899242361e-02 -1.095631998001735411e-03 1.548024939782912002e+00 1.788303619206832096e-08 inf 0.000000000000000000e+00 -1.000000000000000000e+01
9.754721314795434806e-01 -1.454894514280569151e-02 3.694970194998271062e-01 1.380440864851353977e+00 7.620213553127061167e-09 -3.482509408785870036e-02 -8.660086394527197586e-04 5.229316491486963536e-07 inf 0.000000000000000000e+00 -9.000000000000000000e+01
1.473117029072614215e-01 7.568191523863470973e-08 1.497827379237703038e+00 4.814638727516497834e-06 -1.332364256296922563e-07 0.000000000000000000e+00 1.006433517137484864e-05 0.000000000000000000e+00 inf 0.000000000000000000e+00 -9.000000000000000000e+01
1.870540020547829503e-07 4.944944328605788142e-04 1.529094057811912322e+00 1.285399790905794847e-08 -3.127237520066901758e-05 4.733611480570017614e-06 1.956432164348494995e-07 2.087656272932845310e-09 inf 0.000000000000000000e+00 -9.000000000000000000e+01
1.007750056912981584e+00 4.738762674146609048e-05 7.199089961531818672e-04 4.692701887865465062e-10 -4.562255731107057298e-06 4.783999589964015633e-10 -1.866125030894360121e-09 3.725146124775613465e-02 inf 0.000000000000000000e+00 -1.000000000000000000e+01
2.576752068338576396e-01 5.162688635114142553e-09 2.195547174333431495e-02 2.223534369083176365e+00 -3.339161856348867308e-01 1.809516901923157849e-04 -1.148619127197316888e-06 1.056122154213879116e-07 inf 0.000000000000000000e+00 -2.000000000000000000e+01
-6.001387549991638558e-03 1.266959593887123734e-03 1.540622866166742488e+00 -4.322336091343500150e-11 -4.573974191747099825e-04 4.118790826139009783e-06 3.412247261496982034e-05 1.802988474288123813e-06 inf 0.000000000000000000e+00 -1.000000000000000000e+01
1.582921135565303616e-01 6.485283358650300034e-01 3.131709200821921057e-01 0.000000000000000000e+00 -1.446149922838399391e+02 3.337521784459047485e+05 8.819985367764408224e+00 -4.829829448679039405e-01 inf 0.000000000000000000e+00 -3.000000000000000000e+01
1.473582968479296429e-01 -7.903299657933943179e-02 2.383737154892979354e-02 6.871568502991961440e-04 -8.872091228906490157e-01 1.151236694124450335e-03 5.178573364573652092e-05 4.157602376343217038e-08 inf 0.000000000000000000e+00 -9.000000000000000000e+01
2.356789519628147127e-03 0.000000000000000000e+00 2.411883300606467578e-02 2.233134588987917279e+00 -7.296865214017536627e-02 -5.122798581491691622e-09 0.000000000000000000e+00 0.000000000000000000e+00 inf 0.000000000000000000e+00 -2.000000000000000000e+01
4.752237036978409490e-01 2.426245028680679224e-08 -5.980868128116200419e-07 2.235888573135743407e+00 -3.797894353322909256e-01 8.797314884196541106e-10 0.000000000000000000e+00 1.355168132383099300e-05 inf 0.000000000000000000e+00 -2.000000000000000000e+01
6.220349805555897005e-01 2.728738358097634320e-01 1.936523996069288711e-01 1.579538511945404733e-01 -2.513569025201046747e-01 0.000000000000000000e+00 6.053070167046005495e-05 7.885467029448808146e-03 inf 0.000000000000000000e+00 -9.000000000000000000e+01
1.978759625619901749e-09 1.227591138031943085e+00 9.853616842299006781e-14 -1.111874456300706876e-09 -1.140142450952419593e-09 -1.538878785484896077e-16 -1.295616421536840549e-11 2.188806530323601716e-11 inf 0.000000000000000000e+00 -9.000000000000000000e+01
1.007719366000571659e+00 4.294513113828137994e-09 1.543640827984331298e-05 -7.946309979328255256e-09 -1.268418044700303190e-05 0.000000000000000000e+00 7.066226934742726982e-10 -2.929327710779568356e-04 inf 0.000000000000000000e+00 -8.000000000000000000e+01
2.621323838954472407e-01 3.484835345866593714e-01 2.958234187170900170e-02 4.539564361394352598e-01 -3.858131611115507287e-01 -1.469267629964951527e-01 -4.492626274398241470e-01 -5.978730794705761076e-02 inf 0.000000000000000000e+00 -9.000000000000000000e+01
1.790652862502616072e-02 7.751539861288275995e-09 1.531544568112836568e+00 -3.187181364286042557e-09 -3.561836501053770849e-05 -4.198131999070073110e-03 -1.500806402615959814e-03 1.731308395414640284e-09 inf 0.000000000000000000e+00 -9.000000000000000000e+01
3.788957399083017208e+00 5.393523685237432247e-09 2.156317218990334794e+00 2.649189726188125871e+00 -1.381069837877143103e+00 3.920823955580402910e-09 -2.306328870757891640e-04 5.512685675812594593e+07 inf 0.000000000000000000e+00 -2.000000000000000000e+01
4.381428442448648340e-05 2.150425224052382683e-04 6.064622166298024863e-01 1.658488510783541425e+00 -5.602688669223128502e-05 0.000000000000000000e+00 -4.097408141173443004e-12 0.000000000000000000e+00 inf 0.000000000000000000e+00 -9.000000000000000000e+01
2.195343716453959926e-01 2.075214194887467251e-05 4.414383691685800672e-03 2.857618467555246547e-07 -3.946191481961548730e-03 -2.112538191198392906e-05 -9.050442062261450371e-02 -1.207744802227457143e-01 inf 0.000000000000000000e+00 -9.000000000000000000e+01
6.277582299618330097e+01 3.584953482824433024e+01 4.232061068702296470e+05 4.537451358241895716e-01 1.274139905954200287e+11 5.381343928912221131e-01 -5.016345104188416754e-04 3.042905385257637985e+00 inf 0.000000000000000000e+00 -2.000000000000000000e+01
3.370546177372969465e-01 1.552350374772248082e-05 -6.160330241041479631e-03 -1.244628290268458976e-01 -2.048611782118892055e-01 -8.225369570469815983e-01 1.178918101030683174e-01 3.084513588926180994e-01 inf 0.000000000000000000e+00 -1.000000000000000000e+01
2.020245681241446961e-02 -6.443659427750497715e-02 2.099471002074444759e-02 0.000000000000000000e+00 -9.781686278847475657e-01 -3.513314646467592995e-08 -6.105631392196372298e-01 -7.647884304412065903e-01 inf 0.000000000000000000e+00 -9.000000000000000000e+01
1.057953704791632701e-08 2.804523532472000027e-05 9.215390107624260807e+00 1.186970750471212815e-12 -2.064440933625222191e-05 2.614005393409208722e+01 2.407141856407928523e-09 -1.729576000530141197e-09 inf 0.000000000000000000e+00 -2.000000000000000000e+01
1.369366472053526185e-01 2.445297271524154298e-02 1.291855162314647573e-03 1.690484755257452842e-01 -2.251518997176956971e-01 2.353021902787393732e-02 -1.672716340015739643e-06 -2.090590754100046578e+00 inf 0.000000000000000000e+00 -3.000000000000000000e+01
5.255639641783034222e-01 3.163895064353386966e-01 2.480661910921592161e-01 2.242885276815611304e-04 -4.441015497306664145e-02 -2.449128073070893918e-01 -2.732932613727178106e-01 -1.445300901490334522e-01 inf 0.000000000000000000e+00 -9.000000000000000000e+01
7.087936540233876759e-01 5.794106854318169519e-01 1.075810887221861179e-04 1.137773731706963461e-07 1.418025954914744548e-09 1.052921293876715237e-04 0.000000000000000000e+00 2.224135290861352976e-08 inf 0.000000000000000000e+00 -9.000000000000000000e+01
8.400054853373941193e-06 -7.933485025794630866e-08 6.862471990854113191e-01 0.000000000000000000e+00 -9.690413745326962314e-01 1.932803717332402813e-07 0.000000000000000000e+00 4.692667629988438825e-07 inf 0.000000000000000000e+00 -9.000000000000000000e+01
4.740277255249757842e-05 4.056184413369633494e-08 1.314307491748727694e-03 0.000000000000000000e+00 -9.613220511076407959e-01 6.841983931473869914e-09 -7.842364101141280353e-01 3.261063701331429372e-03 inf 0.000000000000000000e+00 -9.000000000000000000e+01
2.999986290437480774e-01 1.715774902356971406e-09 1.399993602204157694e+00 1.067302814867180510e-01 -1.079321990710279400e-01 4.570623748241117926e-09 1.418469439109312545e-08 1.995183189954414030e-02 inf 0.000000000000000000e+00 -9.000000000000000000e+01
4.224197230881058807e-01 2.952934083198844456e-02 1.397388467845961602e+00 2.115444224848549578e-06 0.000000000000000000e+00 1.411051892984775553e-08 6.041158843408653062e-04 -1.076069199809748418e-02 inf 0.000000000000000000e+00 -9.000000000000000000e+01
8.023292426249684084e-01 2.504609923630183425e-06 5.237068689802848453e-01 1.594339138077911500e+00 9.351908374647943667e-02 -6.086802433499308163e-03 3.651120949574844992e-06 1.931354410657852641e-07 inf 0.000000000000000000e+00 -9.000000000000000000e+01
0.000000000000000000e+00 3.088512913346649347e-01 1.301164581168850069e-07 0.000000000000000000e+00 -3.839940356206759020e+01 5.208942856041712366e+04 2.026966325228553267e-07 3.350647255957437342e-10 inf 0.000000000000000000e+00 -3.000000000000000000e+01
9.787510605484358583e-01 0.000000000000000000e+00 0.000000000000000000e+00 5.930733420448684463e-09 -1.263123154683256331e-02 0.000000000000000000e+00 6.092270906608765679e-09 0.000000000000000000e+00 inf 0.000000000000000000e+00 -9.000000000000000000e+01
6.402362333279531235e-05 -4.596934264594306135e-07 8.397948185123078890e-02 5.754311559412215615e+00 -1.073938355272245015e+00 -1.248765529386331417e-03 6.669127430499511421e-06 1.333082177930496641e+02 inf 0.000000000000000000e+00 -2.000000000000000000e+01
0.000000000000000000e+00 1.523451486092751337e-09 1.244264891571557952e+00 8.626903248229468579e-02 -8.560542454012318725e-01 1.613066279392325067e-09 1.014610531701416935e-04 -4.393810398362064419e-03 inf 0.000000000000000000e+00 -9.000000000000000000e+01
2.970980646045239930e-06 -4.298872731504458754e-10 1.033956996322758837e+00 9.366039025131485118e-01 -4.565524399347247186e-01 -6.003429857181070929e-05 2.286958453717141335e-02 -3.745156733839538621e-02 inf 0.000000000000000000e+00 -9.000000000000000000e+01
-3.005725204827690050e+03 -1.574874768779508543e+02 2.842915089566189977e+02 1.276540398168498312e-02 -5.064119843033713540e-04 2.073422652713803258e-03 5.850988517210152118e+00 8.802687063866566867e+06 inf 0.000000000000000000e+00 -2.000000000000000000e+01
-7.963767415478645262e+02 1.228884132058472300e-01 2.323164322674434457e-01 1.490015778456941931e+01 3.847438977832883247e+05 -1.095409679707927652e-04 0.000000000000000000e+00 2.586383965977051326e-06 inf 0.000000000000000000e+00 -2.000000000000000000e+01
4.837225016442918135e-01 -1.361581030593422489e-03 1.320455725995906826e-01 2.134069860195405344e+00 -2.767882356515646885e-05 4.322828674619091955e-10 2.047132659704673362e-09 7.224715672536527813e-03 inf 0.000000000000000000e+00 -2.000000000000000000e+01
9.152492209573653110e-06 4.956056004171968163e-07 3.594049552959498239e+00 1.517757412567355586e-02 -1.884447603443628827e+00 5.672770105211748515e+00 -1.143482547691546379e-08 2.281175310331490026e-07 inf 0.000000000000000000e+00 -2.000000000000000000e+01
3.438644177593199246e-07 3.565548047537997478e-02 5.215887429541299802e+00 2.364435877679398977e-09 -1.134060372938146166e+01 -2.315290939959738573e-02 1.051377233477810971e-05 1.535899217135994911e+10 inf 0.000000000000000000e+00 -2.000000000000000000e+01
9.299110851629303065e-01 -8.326499767657871698e-02 2.922926927173638530e-07 4.126485073656901859e-07 -1.093594413928854342e-01 -6.946051920346604278e-10 -2.827909178767065455e-09 5.681472063686780760e-02 inf 0.000000000000000000e+00 -1.000000000000000000e+01
2.444368012357586717e-01 -1.150954692204614958e+03 9.762038294231811406e-07 -2.828586251562061533e+07 -9.978182619360001837e+00 -5.447858326662070594e-01 0.000000000000000000e+00 0.000000000000000000e+00 inf 0.000000000000000000e+00 -2.000000000000000000e+01
5.343607177043856182e-02 1.022255286043172395e+00 1.634059586023555999e-01 8.085109989614182036e-01 -8.561146009416956528e-04 -2.556108455975880824e-09 -6.201536861945145906e-05 0.000000000000000000e+00 inf 0.000000000000000000e+00 -9.000000000000000000e+01
3.792414253364562906e-07 1.216382338488658954e+00 9.899316617238381603e-08 6.517485815706753941e-10 -9.167945810423835939e-03 0.000000000000000000e+00 5.192203184657748377e-10 2.175061115900264168e-07 inf 0.000000000000000000e+00 -9.000000000000000000e+01
5.949581417174369946e-01 4.587459439472970864e-07 -4.658395662808868742e+00 6.434830965383626644e-01 -5.422136256077351169e-01 -2.595536261807075335e-07 -2.559963330715022160e-04 3.329497579424930270e-02 inf 0.000000000000000000e+00 -2.000000000000000000e+01
9.286092296874806085e-01 8.310301997780571159e-02 1.374404154748865932e-05 6.910688673373378730e-10 -2.997510013690383838e-05 -1.096423715191049558e-01 5.832141886199498437e-09 1.129997463539804266e-07 inf 0.000000000000000000e+00 -9.000000000000000000e+01
1.612603982778492984e-01 1.090669696869744243e+00 2.022113826985649787e-02 7.548803928758323716e-07 -1.367152430194700299e-02 6.500897984920407789e-07 -8.122435404681449653e-05 1.197693425393451936e-08 inf 0.000000000000000000e+00 -9.000000000000000000e+01
3.434628066623252596e-01 1.118926818888195222e-03 1.297827838613371254e+00 2.049916355968818826e-01 -2.728696606289619520e-01 2.717772486636019404e-05 -8.234104904251659281e-07 1.162411178674371479e-02 inf 0.000000000000000000e+00 -9.000000000000000000e+01
8.898679070227931808e-10 1.202270159106530567e+00 4.837738392898836851e-07 2.214708187827819363e-01 -1.219407781988531480e-03 -4.055251808766759596e-05 2.992156282510195486e-08 7.467818621054858292e-08 inf 0.000000000000000000e+00 -9.000000000000000000e+01
2.317737949465890294e-03 2.762947392945712122e-01 2.273166065822315556e-03 1.903907112071145491e+00 1.063308050090861255e-06 3.901540925297984823e-10 -2.963349372055123443e-08 -2.795548542125012581e-01 inf 0.000000000000000000e+00 -9.000000000000000000e+01
4.850630925294986961e-01 5.167581649731910106e-09 1.339838908023554431e+00 4.297136126642739664e-09 -1.149806568419772107e-01 0.000000000000000000e+00 7.206509717160700015e-04 -1.109138168893670784e-01 inf 0.000000000000000000e+00 -9.000000000000000000e+01
5.423778139375788676e+00 9.724333669687731637e-04 1.278761372048180028e-04 1.382930135501542937e-05 -3.484024152029586485e+00 7.762029159462240386e+02 3.474607870537614662e+00 0.000000000000000000e+00 inf 0.000000000000000000e+00 -2.000000000000000000e+01
3.751420860704247073e-01 3.018384600566635934e-01 5.077354095953162672e-02 1.842077001945809700e+00 -1.266643537737784618e-02 -4.101432199988704324e-04 -1.961949990368313246e-01 -5.907409861108987165e-02 inf 0.000000000000000000e+00 -9.000000000000000000e+01
8.051447970683658362e-01 4.624142415595344224e-01 2.235002167537749607e-01 -3.334249824549290793e-06 -2.189667437973089326e-01 -6.109563163987414723e-04 5.121011051624019927e+00 -3.463573338740041918e-01 inf 0.000000000000000000e+00 -3.000000000000000000e+01
6.054594082303220715e-01 -6.177436826043981605e-04 1.423281444720533306e+00 4.416763913710296596e-07 -2.259176896381799027e-01 4.006058732709796173e-09 5.795656062380828461e-07 6.144961158158492864e-01 inf 0.000000000000000000e+00 -1.000000000000000000e+01
6.436485509475329270e-01 2.145610199408437793e-08 6.534304438190758901e-01 4.948262214315723734e-04 -3.276934111966922636e-01 5.939783670237353219e-10 9.627259677345687568e-07 1.217109046539433096e-09 inf 0.000000000000000000e+00 -9.000000000000000000e+01
5.199648409491567369e-01 1.963503595192619855e+00 2.438206964722052036e-08 1.370814137943731548e-08 -2.418018316302022741e-01 1.019495605515780790e-06 -1.136286802773506900e-04 3.658225364909983455e+02 inf 0.000000000000000000e+00 -3.000000000000000000e+01
3.057373399019735876e-07 4.332281580068268467e-01 6.159716719297064769e-01 5.592581676088128617e-01 -2.725398957642947151e-01 -2.166140790034134234e-01 9.107637412643518338e-03 6.763710922854433790e-10 inf 0.000000000000000000e+00 -9.000000000000000000e+01
1.393693837869867217e-05 6.530313151597003651e-01 1.134441928339791350e-01 1.912552738162597021e-01 -1.175165484741732547e+00 0.000000000000000000e+00 1.452053380294602989e-09 8.727407195990879245e+02 inf 0.000000000000000000e+00 -3.000000000000000000e+01
6.064375018220289683e-07 1.504436428324926300e+00 1.022667804048194018e-01 8.748414153113698299e-02 1.291178687196392838e+00 -3.101930780051393999e-01 3.517233510233994904e-09 1.444449080178231932e-10 inf 0.000000000000000000e+00 -1.000000000000000000e+01
5.156383201060558141e-01 5.115460847839932949e-08 1.751422361851755483e+00 -1.023454386620155163e+07 -3.593736902162883773e+00 -4.090148030671764690e-01 -2.438357479823551888e-01 4.509237063555439786e-10 inf 0.000000000000000000e+00 -2.000000000000000000e+01
6.392112967390076728e-01 5.129000824133355119e-01 8.446265038746967324e-01 1.428975353987402275e-01 -1.690528878601167961e-01 5.192640817029790775e-10 1.306491752217053604e+00 1.888419687227222247e-06 inf 0.000000000000000000e+00 -1.000000000000000000e+01
1.009138249122070397e+00 1.033070656156128554e-10 7.328461513887337510e-11 5.862303023990666281e-12 -6.507972184088246869e-11 2.139592658204450833e-19 1.589411688951877665e-18 -9.848202893185115447e-13 inf 0.000000000000000000e+00 -8.000000000000000000e+01
1.965025985636355103e-03 2.112054347639762142e+01 2.006056114462336097e+02 1.784456030199500776e-02 -7.455472744009273178e+00 5.551813234429726158e-07 -3.910739676573581330e-04 8.679435342372945547e+08 inf 0.000000000000000000e+00 -2.000000000000000000e+01
1.009056522090179264e+00 2.094225333740781655e-06 8.376901334963127296e-05 6.807388127894725687e-12 -7.692591085064730684e-05 0.000000000000000000e+00 1.863592824268700954e-13 -7.032425751957361487e-12 inf 0.000000000000000000e+00 -9.000000000000000000e+01
4.515982490558121398e-01 0.000000000000000000e+00 3.151757617540331680e+00 2.132256233941015600e-01 3.091404812098069854e+01 -7.162638992238899802e-04 -6.810902256012882537e-06 7.626291962718650284e-06 inf 0.000000000000000000e+00 -2.000000000000000000e+01
9.995943499049873004e-01 0.000000000000000000e+00 2.019123044370168835e-03 1.874239406071851188e-01 -5.209645717535244490e-03 -1.000827402145824073e-02 2.082180501087438409e-06 1.362119209578096573e-09 inf 0.000000000000000000e+00 -9.000000000000000000e+01
6.488180947825831213e-01 -1.843580218020446793e-03 5.765100540989819278e-01 6.297397371010500232e-10 -3.283175901309456357e-01 5.805981969226443987e-10 2.744646021816136744e-09 2.481008574975756718e-04 inf 0.000000000000000000e+00 -9.000000000000000000e+01
1.646937076070669637e+00 1.040940852945890287e-04 3.089176587332268882e-07 7.501953685351329565e-09 -9.170760374923747507e-05 0.000000000000000000e+00 -1.055709350173040248e-03 1.048644643818024633e+04 inf 0.000000000000000000e+00 -3.000000000000000000e+01
