4.015285720582505991e-01 4.731274068751889998e-10 1.144869331826672658e-02 8.843843066974685512e-10 -6.057122011584316068e-01 0.000000000000000000e+00 8.510195366578266352e-04 -1.293940859408270577e-05 1.291323061783262165e+04 0.000000000000000000e+00 0.000000000000000000e+00
5.181953116488324795e-01 2.312543256462700203e-01 1.619254503825283874e-09 2.552305266330070696e-02 -3.936737516854563190e-01 -3.151011639728563915e-06 5.157412031756686801e-10 2.218689843704007341e-06 2.845254543020734127e+04 0.000000000000000000e+00 0.000000000000000000e+00
1.636523338678120554e-01 0.000000000000000000e+00 3.493143777184405078e-09 -5.407161571713519493e-02 -8.332999919106970355e-01 2.119191467058047208e-06 -2.246902313644554561e-01 1.281989355256720180e-03 4.159425015484441974e+04 0.000000000000000000e+00 0.000000000000000000e+00
7.164376110385428653e-01 1.530774541374386865e-07 6.881764962588462781e-04 7.966942833133523472e-01 -2.897070121139462828e-01 0.000000000000000000e+00 4.685226004349482677e-10 3.173556976020070008e-08 4.166319281334780680e+04 0.000000000000000000e+00 0.000000000000000000e+00
6.508869668202268421e-01 2.797543457241590328e-02 2.901382406527850538e-03 1.319365473284243584e-01 -3.459669463278682855e-01 2.147404741673573429e-05 -2.427760360725401113e-05 6.108173487427053308e-05 5.059610471002088889e+04 0.000000000000000000e+00 0.000000000000000000e+00
3.983736364070110669e-01 8.411763888948438203e-08 9.167195859390889993e-04 1.618922650079555492e+00 -6.060364894276870640e-01 2.418697874975414121e-08 1.038840210009022645e-08 2.374572742359152536e-04 9.311733104801835725e+04 0.000000000000000000e+00 0.000000000000000000e+00
6.517037474615675618e-01 2.490587569916818608e-02 5.447146886516479130e-06 5.814512606769916707e-05 -3.466067701467572815e-01 0.000000000000000000e+00 2.065937341134293565e-08 2.383570135271955315e-03 1.237675875591731601e+05 0.000000000000000000e+00 0.000000000000000000e+00
6.858622900741285777e-01 5.495310534889582684e-09 1.786891775692020165e-02 1.404919896779131556e-03 -3.224008991035815508e-01 6.874463521089088295e-07 -8.565886112116545414e-09 2.411138313040212808e-08 1.257411676588282280e+05 0.000000000000000000e+00 0.000000000000000000e+00
6.998342766067229270e-01 4.617017942191069271e-09 8.065216673464683057e-10 7.819377392253887976e-03 -3.078879848199968516e-01 3.355712725176095405e-07 0.000000000000000000e+00 6.114854299209774085e-07 1.268121805843603506e+05 0.000000000000000000e+00 0.000000000000000000e+00
6.036682856557198384e-01 2.841865820576826296e-02 2.959921916763529337e-01 1.947317050502322067e+00 5.310163203506543500e-09 8.995358432169554210e-09 0.000000000000000000e+00 1.124419804021194276e-09 inf 0.000000000000000000e+00 -9.000000000000000000e+01
3.261093852933545922e-01 -3.817929146925450981e-08 0.000000000000000000e+00 3.294455426876600340e-02 -6.805761084383052939e-01 7.985089443032558655e-10 0.000000000000000000e+00 1.189157664962380446e-03 inf 0.000000000000000000e+00 -9.000000000000000000e+01
4.247319786884956039e-01 9.756822862221623886e-08 5.231643898079097431e-03 3.552350794991979838e-02 -5.094716921981224944e-01 -1.792968328526861055e-01 5.139424921506418958e-10 5.986371350518713272e-10 inf 0.000000000000000000e+00 -9.000000000000000000e+01
-1.136972604591294927e-01 2.245802322930330053e-01 1.161738344493283392e+00 6.191434975497149829e-01 -2.268316631932137672e-01 -2.808791967754832694e-04 5.668428017117751876e-07 2.330230981687109182e-01 inf 0.000000000000000000e+00 -9.000000000000000000e+01
5.773476883786331504e-01 2.775710040281890167e-01 -1.043782629731002456e-02 4.279219645434580860e-02 -3.118047611916656692e-01 2.239025188196594382e-08 2.985333975615678693e-03 -1.170424400318863661e-01 inf 0.000000000000000000e+00 -9.000000000000000000e+01
7.660032746227336820e-02 0.000000000000000000e+00 3.953986459600856259e-09 -6.120516360956156782e-02 -9.312196671884214183e-01 1.171275234259121501e-09 -6.258196688094229702e-05 2.215724487738593071e-09 inf 0.000000000000000000e+00 -1.000000000000000000e+01
1.275173724576325052e-01 4.394015923563858450e-03 5.246303494944778425e-04 2.275853347651079189e-09 -8.785607562480233224e-01 -2.959331845072641558e-08 3.758351443242254839e-06 1.405327506588095960e-03 inf 0.000000000000000000e+00 -9.000000000000000000e+01
5.874264109781390797e-01 9.668733651173462665e-06 2.116585257094304767e-09 2.241850302880504575e+00 2.092443270405928805e-04 1.510739632995853541e-07 -6.526542155782987182e-04 1.164509334126895074e-06 inf 0.000000000000000000e+00 -2.000000000000000000e+01
9.300773717573256050e-03 1.527833017037204553e-05 1.437982600926994893e-07 2.246968378921009091e+00 -3.528134559884742449e-01 3.148523995493747408e-08 0.000000000000000000e+00 7.581275712097233954e-10 inf 0.000000000000000000e+00 -2.000000000000000000e+01
5.379697699708264613e-01 2.436885008175060652e-01 1.015228217938675792e+00 3.427610647751098028e-05 -1.656913162997921685e-01 2.623540666828067939e-08 -6.608186293862477914e-05 3.952560026235500679e-03 inf 0.000000000000000000e+00 -9.000000000000000000e+01
3.033500222912769995e-01 1.910622757936956758e-06 1.325236784493872243e-03 4.961332140277894924e-03 -7.030916404508101847e-01 0.000000000000000000e+00 1.827276346307706760e-03 -5.001938281306954337e-04 inf 0.000000000000000000e+00 -9.000000000000000000e+01
4.408850793730686307e-02 5.255759708560331234e-09 2.130451390259123501e-02 2.299647666306630459e-06 -1.025772891606244741e+00 2.650735236722867854e-03 1.729610906462221820e+00 8.522090909987759222e-08 inf 0.000000000000000000e+00 -1.000000000000000000e+01
2.695577082076470177e-01 5.674689318584560057e-08 4.298652365553712979e-04 2.743336251906090115e-08 -7.484527855552752795e-01 -8.348767012903587589e-05 2.136388219305287717e-01 2.464373994584538943e-02 inf 0.000000000000000000e+00 -1.000000000000000000e+01
6.725745150765181091e-01 2.080943313307393919e-05 5.034036247345668449e-04 8.890085285786503144e-01 -3.339600100812468719e-01 1.731160179585929230e-06 -4.563715537530214073e-08 3.146272654591042781e-05 inf 0.000000000000000000e+00 -9.000000000000000000e+01
5.564003229035296982e-01 6.928135919156119468e-03 1.068405654042681145e-09 2.235427345881730421e+00 -1.806700957103342061e-05 2.803935695063618554e-08 1.068863215350622174e-08 5.097745439129762585e-06 inf 0.000000000000000000e+00 -2.000000000000000000e+01
1.633095109804763023e-01 2.940588702389884679e-01 1.225075708538900132e+00 4.049152168792840716e-05 -1.194872511159114338e-04 9.703681386102474761e-08 3.479679497047684414e-09 4.275684610751402520e-09 inf 0.000000000000000000e+00 -9.000000000000000000e+01
1.419234753116746690e-02 6.498396760880159316e-09 0.000000000000000000e+00 1.112167906685524002e-04 -1.438852309948819075e+00 1.899951698851336523e+00 6.164196270614950175e-12 -4.543612789507933138e-04 inf 0.000000000000000000e+00 -1.000000000000000000e+01
8.951621912125290459e-01 -1.402355616146265527e-01 3.674464889693350722e-01 1.062456591142091227e-07 -2.257450504040329764e-01 7.013145481003716888e-08 2.517399349960125488e+00 9.916261517326185493e-07 inf 0.000000000000000000e+00 -3.000000000000000000e+01
6.901278872145130139e-01 6.030655999043744719e-01 4.512374647171815689e-03 1.566059436371394775e-02 -1.166457141100251128e-05 3.071670471563994401e-05 -3.827437494235199068e-07 4.957442849676067041e-06 inf 0.000000000000000000e+00 -9.000000000000000000e+01
-7.121699435578685749e-04 2.332045446247784482e-09 8.692044665105254353e-05 5.385342061438182960e-09 -5.636184360390956716e-01 -7.572278224647392975e-01 0.000000000000000000e+00 1.692536076452000359e-08 inf 0.000000000000000000e+00 -9.000000000000000000e+01
4.001731601989768489e-03 1.614940092719345355e+00 2.268606320724794845e+00 2.641893852520054960e-04 -1.680856014871155546e+00 -1.223049336801162491e-02 2.240698000920066078e-09 2.200431679640582661e+04 inf 0.000000000000000000e+00 -2.000000000000000000e+01
-1.276189345803118158e+03 5.650500695218718672e-01 6.827963383898203419e-03 9.716748859067703137e+00 -2.163032789496810437e+01 -1.580027857952748249e+01 4.326065578993620875e+01 0.000000000000000000e+00 inf 0.000000000000000000e+00 -2.000000000000000000e+01
1.075428166321386435e-07 4.236393817873400786e-07 9.270851073925048813e-02 4.806654976322617678e-02 -1.005850649498147842e+00 6.046659017581417970e-07 2.556210916161392316e-02 6.077116263003309697e-04 inf 0.000000000000000000e+00 -9.000000000000000000e+01
1.005640773069261362e+00 1.060704637943315051e-07 1.249085781642047784e-03 6.053540367842040471e-02 2.054424673099845226e-09 1.259586757557686605e-06 2.166641146840592988e-09 2.822675916401888039e-09 inf 0.000000000000000000e+00 -9.000000000000000000e+01
0.000000000000000000e+00 3.720094495495694691e-10 8.554423839549641917e-01 1.371535723035231857e+00 6.056437814777569928e-01 0.000000000000000000e+00 0.000000000000000000e+00 5.146679405272804571e-10 inf 0.000000000000000000e+00 -1.000000000000000000e+01
4.641789326095926427e-01 2.381082707210793387e-09 1.123607733697823408e+00 -1.064894624662383882e-02 -4.632579426639387155e-01 -5.340212697578466505e-05 -1.767149458223523512e-02 4.688144620821517314e-05 inf 0.000000000000000000e+00 -9.000000000000000000e+01
-1.254426841078505606e-02 1.406616808244063099e+00 1.083439241111268617e-09 1.593951461287770486e-03 1.025917268444025794e-03 9.260253238850022037e-05 3.726649877187494520e-01 1.572623181233276206e-05 inf 0.000000000000000000e+00 -1.000000000000000000e+01
-1.698498621291608113e-02 1.014766149899854458e-07 3.315855588405158229e-07 1.674519817226314711e+00 -1.023095640119180416e+00 9.049617826562307023e-05 3.471931005287257760e-02 8.711049914344827505e-03 inf 0.000000000000000000e+00 -9.000000000000000000e+01
3.915604175239529910e-05 0.000000000000000000e+00 3.903442769330550677e-03 3.230305266994031865e-01 -3.041619211678959767e-01 1.566241670095811896e-05 -1.270989268602324529e+00 1.808447700420830604e-08 inf 0.000000000000000000e+00 -9.000000000000000000e+01
3.234096806617730024e-01 3.761311050296097194e-09 3.151694949828907390e-03 5.713195404025049884e-01 -6.828789772858343543e-01 8.253391104649722594e-05 0.000000000000000000e+00 2.541571609700077469e-07 inf 0.000000000000000000e+00 -9.000000000000000000e+01
1.531564427892229963e-01 1.109960345527800429e+00 4.203980272567366083e-08 2.733665120828420959e-06 4.567031697131645774e-05 9.458955613276575010e-08 8.488806319607181768e-09 8.124073302933876002e-04 inf 0.000000000000000000e+00 -9.000000000000000000e+01
1.347540719812039178e+01 1.286836659930030947e-03 3.767794775790241357e-01 3.360792345464236330e+00 -2.185723942661632790e+01 4.397134977321979386e+04 -5.641617846103034850e+00 6.125185090054723247e+01 inf 0.000000000000000000e+00 -2.000000000000000000e+01
2.589822583928573854e-02 5.463256661400665368e-09 2.983666571346283380e-05 1.857034074005926849e-01 -9.815069553100733701e-01 -4.939694564683101376e-08 0.000000000000000000e+00 1.138178471125138660e-08 inf 0.000000000000000000e+00 -9.000000000000000000e+01
2.351508293484908521e-09 5.474940282095561707e-09 4.414808868976349853e-05 2.325375622102968887e+00 -8.806496786677084909e-01 3.818067234310980052e-01 6.254011418842841856e-10 2.235719739216046822e-08 inf 0.000000000000000000e+00 -2.000000000000000000e+01
0.000000000000000000e+00 0.000000000000000000e+00 6.623028323422183291e-10 1.056092380792472835e-07 -1.000420455133533393e+00 -2.912037040915299154e-05 -1.546834840266708144e-01 3.322739633445705060e-09 inf 0.000000000000000000e+00 -9.000000000000000000e+01
-3.605938720331110930e-02 1.483245935964261545e-05 1.553500136634477169e+00 6.251388935373695355e-10 -2.441374853453748273e-01 -4.472346175507944314e-04 7.239939220586977253e-02 1.030329253295035848e-07 inf 0.000000000000000000e+00 -9.000000000000000000e+01
2.754326981940592028e-02 0.000000000000000000e+00 1.029797910310468074e-09 6.825007638367078244e-02 -9.798249959651519347e-01 0.000000000000000000e+00 1.521457119663664712e-08 2.056802616384208367e-03 inf 0.000000000000000000e+00 -9.000000000000000000e+01
7.169009051012510168e-10 2.853248372066633309e-05 1.053886304142245267e+00 1.347297832000029540e-02 -8.358408619059186639e-01 -7.846332201685995295e-03 -2.114380045928015706e-01 0.000000000000000000e+00 inf 0.000000000000000000e+00 -9.000000000000000000e+01
1.058915049476549936e-01 7.172038126516019352e-01 2.618865824050516360e-03 1.243932333622760022e-09 -4.924279800633281079e-01 1.298568552229505909e-06 -5.197129077185520980e-03 1.514015696331515095e-08 inf 0.000000000000000000e+00 -9.000000000000000000e+01
1.653684023789232516e-01 0.000000000000000000e+00 3.535636376675851196e-04 2.042642248319540346e-02 -8.552188383383368953e-01 -7.811845237655427984e-05 2.876823094639257006e-01 2.532280107619190612e-04 inf 0.000000000000000000e+00 -1.000000000000000000e+01
4.645486327857864528e-01 1.039639274219492760e-04 7.558132517546525264e-01 1.146624006320472899e+00 -4.811396553852788083e-01 1.881111376175015803e-07 -8.848545386395932633e-02 0.000000000000000000e+00 inf 0.000000000000000000e+00 -9.000000000000000000e+01
7.121488215562404855e-01 3.263521391048825558e-05 6.070776839495820587e-01 6.219236667682791420e-10 -2.620941154743868795e-01 1.770960259496806195e-08 1.018737060865746239e-07 4.742794405856109313e-02 inf 0.000000000000000000e+00 -9.000000000000000000e+01
1.711205790805313100e-10 1.054309054562650044e-17 2.007700386288566378e-14 -1.344442222961093592e-16 -1.009138249058123771e+00 1.269018168691829865e-14 2.179962330862622438e-19 -1.141542723140850139e-11 inf 0.000000000000000000e+00 -9.000000000000000000e+01
5.001423521247278653e-02 3.942728031348219364e-02 1.293798902138712181e+00 1.865494466684203823e-01 -4.877300601741871855e-01 0.000000000000000000e+00 0.000000000000000000e+00 2.112827637169242823e-02 inf 0.000000000000000000e+00 -9.000000000000000000e+01
5.648067954167181881e-01 4.407316673343593952e-05 1.412016988541795692e+00 -1.343315212596130764e-02 -3.232614051101915208e-03 6.009248484534226052e-10 2.206276544596555769e-02 -3.021848313158850529e-05 inf 0.000000000000000000e+00 -9.000000000000000000e+01
9.741149975146574658e-01 5.029222636432564067e-06 8.416334594479685328e-10 3.590969426977999073e-08 -3.361968176663288066e-02 5.884147346357010117e-10 0.000000000000000000e+00 8.707809385630497733e-10 inf 0.000000000000000000e+00 -9.000000000000000000e+01
2.237899692108115659e-09 3.590476429096537424e-09 1.328395353551081240e-17 2.277499015329550236e+00 -2.194863159567575227e-09 0.000000000000000000e+00 0.000000000000000000e+00 7.695531703330401728e-18 inf 0.000000000000000000e+00 -2.000000000000000000e+01
2.357916768743187064e-01 2.195259647247936249e-02 1.995912949475560916e-01 1.268847846250548139e-02 -7.533592995569519113e-01 2.388644288875278767e-07 2.442003896402644090e-09 1.524910514017977902e-03 inf 0.000000000000000000e+00 -9.000000000000000000e+01
8.210461110460878231e-01 8.505918597375268956e-09 2.243138905503983159e-05 7.264258391165951151e-10 -1.866902466783366132e-01 0.000000000000000000e+00 0.000000000000000000e+00 8.247391105759839067e-10 inf 0.000000000000000000e+00 -9.000000000000000000e+01
7.110350296874440312e-01 6.342493893324284704e-01 2.746068490326961071e-07 2.856425821206578508e-01 5.048655853342273042e-02 -2.849467122549405253e-05 1.169939596399715690e-09 1.874649422729871921e-06 inf 0.000000000000000000e+00 -9.000000000000000000e+01
1.165782820422038221e-02 3.494220062076962931e-05 1.421932109385683818e+00 6.264871666533945206e-03 -3.885512159367857099e-01 -3.641052991761351953e-03 -6.071112749012276717e-03 2.100365666544880024e-08 inf 0.000000000000000000e+00 -9.000000000000000000e+01
7.440623988106680464e-01 4.353408387649222526e-06 6.711151048096221094e-01 1.924998036138710761e-02 -2.919158206118242088e-03 -3.485259602272192114e-01 -3.878491108996580069e-05 1.325656140770315586e-07 inf 0.000000000000000000e+00 -9.000000000000000000e+01
4.094019485186878478e-03 1.955352589940001773e-01 2.243550858279766947e-09 3.185026382081530506e-06 -9.248817750416208350e-01 3.154533670489143536e-03 3.146798606418373938e-08 3.198452722802249217e-04 inf 0.000000000000000000e+00 -9.000000000000000000e+01
1.244784636272355449e+01 1.198500568538756852e+04 1.290152118778006883e-03 2.028231731373280854e+04 2.867310522231133252e+00 5.307971770507750642e-08 -5.734009416791142080e-05 3.443157689706600342e+11 inf 0.000000000000000000e+00 -2.000000000000000000e+01
9.929479920676756999e-01 1.243297155135790586e-04 1.155090262372778353e-06 -9.112040168372921706e-09 -1.609853799020612847e-02 6.299320373634013616e-09 -1.711025428521593438e-11 -5.049994622404833109e-04 inf 0.000000000000000000e+00 -9.000000000000000000e+01
1.953361996797127464e-06 2.520921242035131793e-01 3.615946406544142122e-01 3.820771257459496528e-01 -3.001471853798078904e-01 -2.016736993628105434e-01 -1.587392594593997064e-01 -9.831592843937013715e-01 inf 0.000000000000000000e+00 -9.000000000000000000e+01
6.548150421337670668e-01 2.774538000217523920e-02 0.000000000000000000e+00 2.234074849632852189e+00 -3.952592879665225127e-06 0.000000000000000000e+00 5.257573010242428977e-08 2.395065573923537916e-06 inf 0.000000000000000000e+00 -2.000000000000000000e+01
6.896584461523080911e-01 2.377493747928354287e-02 2.613347166589531734e-09 4.993315805815435823e-05 -3.043191997348293487e-01 2.510285588188817763e-09 -1.407970323448479860e-02 4.335066522196635852e-02 inf 0.000000000000000000e+00 -1.000000000000000000e+01
1.397820435695055485e-01 -2.169479672500690404e-02 3.958163698892539438e-04 -7.609131674338229345e+01 -4.437690156444525913e-01 -1.538122115114261890e+00 1.360796381403876071e-02 1.424050882053485693e-05 inf 0.000000000000000000e+00 -2.000000000000000000e+01
2.544358561689604170e-01 1.054006338342592056e-09 1.122251353055421697e-09 2.403741073774112692e-09 -7.673785422055845462e-01 1.694751198701937451e-09 3.175359484988625747e-01 1.937400139903109598e-09 inf 0.000000000000000000e+00 -1.000000000000000000e+01
5.394007235449578275e-01 0.000000000000000000e+00 6.255685286599917128e-02 0.000000000000000000e+00 -4.654035123727253698e-01 -7.413484347482783701e-06 -4.733391134546941927e-10 -1.526078381109081191e-04 inf 0.000000000000000000e+00 -9.000000000000000000e+01
-3.330401485596109118e-05 2.976852430829242560e-06 1.745744115123190048e-07 2.254830694285568704e+00 -3.506716858362961655e-04 -2.516167298860295433e-05 -2.834514499689335469e-05 1.248900557098540801e-04 inf 0.000000000000000000e+00 -2.000000000000000000e+01
1.003095119254201917e+00 -2.376822707171793135e-03 2.313700219141871353e-05 2.155189507013161452e-08 -1.428561571203493805e-04 -7.119077597359603536e-04 -1.093490318954435242e-01 2.292342986349792480e-04 inf 0.000000000000000000e+00 -8.000000000000000000e+01
1.008903990887379365e+00 8.286193105762825424e-06 7.150521969440002220e-06 4.212380904575892954e-02 -1.863341901448188712e-05 0.000000000000000000e+00 -1.345980606012235712e-04 0.000000000000000000e+00 inf 0.000000000000000000e+00 -9.000000000000000000e+01
1.444512807364676910e+00 5.310038183619106255e-08 3.590976137581532453e-09 4.871432379833987426e-05 -8.723283568210034034e+00 0.000000000000000000e+00 6.962096593270318612e-10 6.179994662135468483e+09 inf 0.000000000000000000e+00 -3.000000000000000000e+01
1.742174857583171921e-01 -1.526707464482607648e-02 -2.057425546098222036e+00 4.882583306222678526e-03 -9.070370687099688078e-01 7.208482970475902179e-08 0.000000000000000000e+00 0.000000000000000000e+00 inf 0.000000000000000000e+00 -2.000000000000000000e+01
-1.596894460968856455e+00 0.000000000000000000e+00 0.000000000000000000e+00 1.257108994067965750e-09 -2.091062374391883694e+00 -8.236131890383786569e-01 2.403421941201127789e-09 5.822867496558361341e-05 inf 0.000000000000000000e+00 -3.000000000000000000e+01
2.488871567121899719e-01 1.533568360423314368e-03 4.146080890684639142e-01 7.108877633364148879e-03 -1.430948272006202782e-01 -2.446065422232825397e-03 1.558276845981147212e-06 1.797858085341126622e-01 inf 0.000000000000000000e+00 -1.000000000000000000e+01
9.890600866935512769e-01 0.000000000000000000e+00 5.050194140223961305e-06 5.379043991215289364e-05 -8.061519204301691079e-04 6.709582967003582176e-09 2.378289100919423785e-06 -2.232120040008792827e+00 inf 0.000000000000000000e+00 -3.000000000000000000e+01
1.765701644312632631e-07 1.227591017131145712e+00 5.815039198045922342e-14 5.786864923621586568e-12 -8.571269495567045275e-11 -7.023912135555186630e-12 -8.394812049200381581e-09 1.912181453022785194e-10 inf 0.000000000000000000e+00 -9.000000000000000000e+01
-1.595565323077863251e-03 6.437010328939474224e-01 5.551183219452390238e-01 3.061024789449811045e-01 -4.104332273956820543e-01 6.636592531252326252e-10 -1.143808876182323591e-04 4.153553601879908876e-08 inf 0.000000000000000000e+00 -9.000000000000000000e+01
8.194796330931850559e-01 3.383189086142804337e-09 3.006544988662062593e-09 3.575245964184959203e-03 -2.860196771347967362e-02 -3.529793224795320650e-01 0.000000000000000000e+00 -3.569702947186222802e-02 inf 0.000000000000000000e+00 -8.000000000000000000e+01
3.788559043906416512e-01 6.319140953542748962e-01 5.994143041141386244e-10 2.625661576761396665e-01 -2.867017654848099117e-01 -8.537403441288211091e-07 6.607180397621754669e-10 2.942579311105771335e-09 inf 0.000000000000000000e+00 -9.000000000000000000e+01
7.515966604392712025e-01 1.053327282482394156e-02 5.170864753934430245e-05 4.442517267193471877e-04 -2.530045775820792264e-01 2.389261437858807805e-05 3.340250365427609562e-09 -6.438430822019524374e-06 inf 0.000000000000000000e+00 -9.000000000000000000e+01
2.823517344218300432e-02 0.000000000000000000e+00 0.000000000000000000e+00 8.233558859161247687e-10 -9.899873252838137239e-01 3.067377123816700037e-06 2.307448623887491390e-01 9.729852166945445602e-06 inf 0.000000000000000000e+00 -1.000000000000000000e+01
2.548739309310888226e-02 1.078420095952005229e-07 2.251491796810611151e-02 1.166854596942577815e-02 -9.795254199158074382e-01 -4.253169194817797531e-03 0.000000000000000000e+00 9.409034394212125397e-08 inf 0.000000000000000000e+00 -9.000000000000000000e+01
7.243492886587230561e-01 2.101447085286664077e-05 8.203020515719564587e-01 -3.680070671731070941e+00 -2.262415635356141430e-01 -4.762361394590630681e-02 -4.879950564827436645e-03 4.790696480289782756e-07 inf 0.000000000000000000e+00 -2.000000000000000000e+01
6.998342639019921041e-01 5.289908158238114124e-08 8.065216527049437077e-10 7.819377250301587368e-03 -3.078879792306249974e-01 3.355712664256776978e-07 0.000000000000000000e+00 5.070854692654684882e-07 inf 0.000000000000000000e+00 -9.000000000000000000e+01
1.396070019418497177e-01 3.051989694315382601e-04 0.000000000000000000e+00 3.235058996793878846e-08 -8.680126576875709654e-01 0.000000000000000000e+00 4.689813640433364103e-10 6.166466246596274523e-08 inf 0.000000000000000000e+00 -9.000000000000000000e+01
4.126051154692731551e-08 3.709072133405763101e-07 3.401559727799422905e-03 -3.837309160313128814e+03 -1.051043736117799124e-02 0.000000000000000000e+00 5.263266667293555381e-08 3.965674608043897430e-08 inf 0.000000000000000000e+00 -2.000000000000000000e+01
8.046359488594279075e-01 1.853270298877617711e-02 6.175410230858690475e-10 1.704636158324417616e+00 -1.929636210690665044e-01 2.387344208618162375e-06 0.000000000000000000e+00 0.000000000000000000e+00 inf 0.000000000000000000e+00 -9.000000000000000000e+01
1.798295340106992879e-01 2.249055385780249772e-01 2.863586638837096283e-04 1.332351798158426526e+00 -6.016460399091470013e-01 -1.964364830618192947e-01 -1.300086868573393228e-01 -2.608965209494009795e-09 inf 0.000000000000000000e+00 -9.000000000000000000e+01
1.535732573580904023e-02 7.381305883537858659e-01 6.519827212780124892e-01 -7.244252458644583059e-02 -2.574646481923683061e-01 1.680484259522959983e-08 1.196178031952106760e-09 2.682331315768399782e-01 inf 0.000000000000000000e+00 -1.000000000000000000e+01
2.826146314871719412e+01 2.264383367042292874e-07 7.382602277623602216e-01 1.235380333882016334e-03 -1.247013562437853906e+01 5.826448413297573279e+04 8.052323757450464470e+00 1.993591129334142287e-07 inf 0.000000000000000000e+00 -2.000000000000000000e+01
6.652642952536190757e-01 1.629240638080539950e-06 1.126621817986385183e-03 4.019723838390447564e-03 -3.336370785864071209e-01 -2.330183662566962660e-02 -6.072275695810765096e-05 5.354397769106025717e-03 inf 0.000000000000000000e+00 -9.000000000000000000e+01
1.028574811600564132e-01 2.764666401122903294e-01 6.944366358089357760e-01 1.274719304087635452e+00 -3.692724779725652519e-04 0.000000000000000000e+00 0.000000000000000000e+00 1.008822217731654184e-05 inf 0.000000000000000000e+00 -9.000000000000000000e+01
2.919696418655069965e-14 3.417358570769338265e-09 0.000000000000000000e+00 7.535000379977822099e-06 -1.009254450895061606e+00 3.097600156206940986e-04 2.337037703528729276e-15 -1.263281313705223239e-07 inf 0.000000000000000000e+00 -9.000000000000000000e+01
5.604425095419851743e+01 -1.571597033784590813e-01 9.928183018706234151e-06 1.360012374761451426e+00 -2.995706106870231451e+03 6.270431380235516876e-05 2.326397928549620056e+11 2.671103441078246377e+00 inf 0.000000000000000000e+00 -2.000000000000000000e+01
1.000882932653512025e+00 1.363924349517750023e-11 1.054245746827829952e-04 0.000000000000000000e+00 -7.479424089122712824e-03 -1.954849477838890674e-03 1.665936169768109001e-11 7.404160754524928463e-11 inf 0.000000000000000000e+00 -9.000000000000000000e+01
5.216848925323429462e-06 -6.011726966745149781e-02 0.000000000000000000e+00 1.790951724363426143e-06 -1.020766701292237677e+01 -5.946620372656317954e+01 1.862324582716759546e-08 7.194518316136962891e+09 inf 0.000000000000000000e+00 -3.000000000000000000e+01
2.409398455736139684e-09 5.619966080127817906e-09 4.526662356021576757e-05 2.277129294224367051e+00 -1.265071830124648439e-02 1.693648058738729147e-10 2.764256074124903247e-04 5.861495020678384488e-10 inf 0.000000000000000000e+00 -2.000000000000000000e+01
9.849269467431787106e-02 1.945474513616476664e-01 1.006380801028673666e+00 5.363463571373745520e-01 -6.007079199938594183e-01 -4.220680139973089634e-03 -4.022597678530308481e-03 2.023488529200094810e-01 inf 0.000000000000000000e+00 -8.000000000000000000e+01
2.466368022038698329e-02 1.041232634730620246e-07 8.538651772576655308e-01 -3.830642859440352765e+00 -9.439518702710889553e-01 -4.391114282413811735e-03 6.200703761983245131e-07 4.968033737010672616e-07 inf 0.000000000000000000e+00 -2.000000000000000000e+01
4.015193226286406514e-01 3.217863342511729671e-09 1.109398837641190939e-02 1.013290489139654499e-01 -6.056012478417794886e-01 5.932614105033106352e-05 8.268580908889892368e-04 2.456473027865270671e-04 inf 0.000000000000000000e+00 -9.000000000000000000e+01
4.145692108936230857e-01 0.000000000000000000e+00 3.644659748294949188e-04 9.131068862045624762e-10 -5.931063163149644657e-01 1.127292452104398037e-09 0.000000000000000000e+00 2.275026474006955919e-07 inf 0.000000000000000000e+00 -9.000000000000000000e+01
1.006023147771081483e+00 1.678134723254515123e-07 8.998219409171556021e-03 6.198773370762627327e-02 -2.619924270971897559e-05 5.288667006620289673e-06 -1.237412472702824352e-07 2.950804976001474545e-05 inf 0.000000000000000000e+00 -9.000000000000000000e+01
6.925095104666613155e-01 2.935694775255232275e-05 6.144400941374536431e-04 1.215259880235269430e+00 -3.132460334309314365e-01 1.630192028232263620e-08 3.350225304325849551e-10 3.902322358222244408e-10 inf 0.000000000000000000e+00 -9.000000000000000000e+01
1.062931244567080792e-08 -5.535530711715378610e-02 1.009944319596275258e-03 -2.810432033295534211e+02 -1.020924227070860307e-01 -3.924591833934735874e+00 3.472136778755604419e-02 3.293648542273108889e-05 inf 0.000000000000000000e+00 -2.000000000000000000e+01
2.503958668645379637e-01 1.032217004361792173e-01 2.592751529235641228e-01 4.581711606457503083e-01 -3.977920154443723710e+00 8.001302253509661000e+01 0.000000000000000000e+00 4.742050355009703079e-06 inf 0.000000000000000000e+00 -3.000000000000000000e+01
7.035890222944084504e-01 -2.157259462996778850e-03 6.634976314891532301e-07 0.000000000000000000e+00 -2.810425424248614856e-01 -7.345430086104334788e-02 1.025000754860538744e-08 1.867065841284044847e+00 inf 0.000000000000000000e+00 -1.000000000000000000e+01
3.400001044106263359e-01 3.838512739462453894e-05 5.181992198274313266e-04 4.883816528672869639e-01 -6.662429791630192222e-01 3.120665874611809800e-07 -1.050217085516927384e-02 2.782125169745888853e-09 inf 0.000000000000000000e+00 -9.000000000000000000e+01
8.138352178880550181e-01 0.000000000000000000e+00 9.438431904207136847e-02 0.000000000000000000e+00 -1.887686380841427369e-01 4.693227519928736209e-08 0.000000000000000000e+00 8.783384059568122396e-10 inf 0.000000000000000000e+00 -9.000000000000000000e+01
1.009657525995504512e+00 -5.121052434721626821e-03 2.040997806551998376e-09 6.822297582403753297e-06 1.723914218748384202e-09 1.629153606301327090e-09 7.464220549675879065e-09 1.862410498478698363e-09 inf 0.000000000000000000e+00 -8.000000000000000000e+01
1.273633446155446047e-01 4.388708405240962160e-03 5.130248790954089998e-03 8.796333657056237961e-05 -1.831150748393642769e-03 -4.388708405240961835e-04 5.845125475004095643e-10 -2.247018703483372626e+00 inf 0.000000000000000000e+00 -3.000000000000000000e+01
3.554822184043163105e-03 2.190375309194286501e-05 6.048438236977617816e-04 2.623820452429086057e-09 -1.003944671063040195e+00 1.082846535923114756e-09 2.183551710100223159e-06 2.473887855147423937e-09 inf 0.000000000000000000e+00 -9.000000000000000000e+01
-1.105643104197805452e-03 4.461936868329416939e-01 6.267958934081799827e-01 7.299319421145029083e-05 -6.116192373934540294e-01 -4.847044514703086754e-02 0.000000000000000000e+00 6.756225205062873157e-10 inf 0.000000000000000000e+00 -9.000000000000000000e+01
5.339629977610589329e-01 4.971284133719402337e-02 4.519852761130954688e-01 2.873374534113581902e-02 -4.265057139792690077e-01 6.782647377477143285e-07 1.807583449751137068e-09 4.132977654313174876e-06 inf 0.000000000000000000e+00 -9.000000000000000000e+01
8.641756475289540385e-01 2.934876013229309788e-06 5.756655959244599829e-03 1.472605041849213329e-07 -3.128911827260005829e-01 9.720485035013448997e-08 6.956749413336532406e+00 6.476237954150174808e-03 inf 0.000000000000000000e+00 -3.000000000000000000e+01
7.189247175110441423e-01 -5.199646564967977391e-02 5.503163669880612721e-04 2.060237318194858835e-03 -3.084469584954588894e-01 2.441960017108273316e-08 -3.084990775942822927e-05 3.592768760802976969e-06 inf 0.000000000000000000e+00 -9.000000000000000000e+01
3.754108587285870935e-01 2.865727814371842842e-08 7.557356068497975729e-05 2.447400252428007663e-09 -6.289778422557906756e-01 -7.235766448561891165e-05 -2.679259223710661369e-08 3.642002445776151755e-04 inf 0.000000000000000000e+00 -9.000000000000000000e+01
4.823382193115906547e-01 0.000000000000000000e+00 0.000000000000000000e+00 4.374473836859257909e-10 -5.259783439159726459e-01 1.625310619577681561e-06 1.422913448083102444e-05 -8.972065091361433760e-06 inf 0.000000000000000000e+00 -9.000000000000000000e+01
1.001122974176669178e+00 4.356252173550693206e-08 0.000000000000000000e+00 1.641575219063454855e-02 -9.237577942420029890e-04 1.283336008158651543e-09 -9.230886739081456405e-02 8.031839944984090412e-08 inf 0.000000000000000000e+00 -9.000000000000000000e+01
7.552798381898978564e-01 1.030190865358915440e-03 2.095928681150137207e-07 4.776119622262577297e-05 -2.525853885094084816e-01 0.000000000000000000e+00 0.000000000000000000e+00 4.413376359812255074e-04 inf 0.000000000000000000e+00 -9.000000000000000000e+01
8.509326453089725018e-01 -4.315988919853830028e-03 1.720139371899095951e-09 3.233468844456723657e-06 -1.587253238585050463e-01 2.634270580965472826e-08 0.000000000000000000e+00 4.194883559117633387e-02 inf 0.000000000000000000e+00 -1.000000000000000000e+01
9.307786181318210561e-01 3.060505921376595051e-01 2.008269111473050539e-01 6.869603173227425974e-02 5.891031048226190170e-10 1.500189051833910603e-01 9.174776872066340129e-09 7.190193788899646601e-10 inf 0.000000000000000000e+00 -9.000000000000000000e+01
1.845830062535586733e-06 4.305652031432163213e-02 0.000000000000000000e+00 2.263542782238622930e+00 -9.055538002615264037e-02 0.000000000000000000e+00 -1.316149833516900214e-03 3.195230745280170465e-10 inf 0.000000000000000000e+00 -2.000000000000000000e+01
3.641378697577005941e+00 4.073623721967200933e-04 1.334845021214212402e+01 -1.300492391991787899e+00 -3.042661445414748922e+00 0.000000000000000000e+00 1.611311840384470706e+05 3.977773752038561185e-03 inf 0.000000000000000000e+00 -2.000000000000000000e+01
4.558342952463831921e-01 3.226022816775929292e-10 3.849671372751133167e-04 -9.899154958502912310e-04 -5.525264184804644652e-01 0.000000000000000000e+00 6.485295439270776478e-08 1.223117853231610138e-09 inf 0.000000000000000000e+00 -9.000000000000000000e+01
6.371482593376412429e-02 4.356355699690237132e-07 1.958447518455864490e-03 2.267272931588371510e+00 -8.272482317957572384e-01 3.119589291620363802e-01 0.000000000000000000e+00 1.785043311092584878e-06 inf 0.000000000000000000e+00 -2.000000000000000000e+01
5.420348679320446950e-01 8.677556159260448694e-06 3.678728447932237411e-01 1.049637193024143857e-02 -4.469566206062597358e-01 -5.141452024361815648e-05 0.000000000000000000e+00 1.049341317171311247e-09 inf 0.000000000000000000e+00 -9.000000000000000000e+01
4.971930394159158606e-01 2.700936390489591315e-06 2.118874310838982115e-09 2.235897692047905672e+00 -3.510751639268202551e-01 3.133011394785364074e-08 -2.346298205145528601e-05 8.019573943368505628e-08 inf 0.000000000000000000e+00 -2.000000000000000000e+01
6.666846541924090763e-01 2.450736990454986673e-08 4.481582331717271294e-10 -1.917295815876456234e-07 -3.385305345218264095e-01 1.323552595476005365e-07 -6.355554096386779872e-02 -5.755667612799252215e-03 inf 0.000000000000000000e+00 -9.000000000000000000e+01
1.002084860262162813e+00 2.596148936459824344e-04 2.212257239088572262e-04 1.303243342202653254e+00 -5.764882099507279188e-04 0.000000000000000000e+00 0.000000000000000000e+00 3.812483753024882875e-09 inf 0.000000000000000000e+00 -9.000000000000000000e+01
7.394072193875390608e-01 -4.049746055259958837e-03 5.457529476431836057e-01 1.295154634653892340e-03 -2.406007618641992085e-01 1.877145198309134132e-08 8.835553388780377775e-10 6.091977429295171617e-09 inf 0.000000000000000000e+00 -9.000000000000000000e+01
4.488717284461442025e-01 8.449350182515655838e-01 8.014794094804693281e-10 3.148947637465325244e-01 -1.564694478243639983e-02 -1.163922970800437118e-06 1.027350879424965095e-09 1.605616816129833911e-05 inf 0.000000000000000000e+00 -9.000000000000000000e+01
6.475502889990586430e-01 1.585858813655195995e-06 -1.096623235358819368e-03 3.912690567970143057e-03 -3.247533171415218911e-01 -9.072551254480769323e-02 -1.227492036094148778e-04 1.986987807697392526e-07 inf 0.000000000000000000e+00 -9.000000000000000000e+01
4.290162027768338326e-01 2.925110473478412798e-01 1.099963417630944740e-02 4.509545313279219453e-02 -3.558884409398735404e-01 -1.691688890495015307e-01 3.146017254027563392e-03 -1.235859175044629332e-01 inf 0.000000000000000000e+00 -9.000000000000000000e+01
5.115872249313757614e+00 2.267856720086459664e-06 6.321352205040996035e-04 4.008997748888839391e-02 -2.026010569682359819e+00 4.005086531572850390e+02 3.343911372197796127e-09 5.478477890833861540e-09 inf 0.000000000000000000e+00 -2.000000000000000000e+01
6.354247451578737323e-06 4.854750178423553178e-10 0.000000000000000000e+00 6.466943394145843738e-02 -9.974770265515860990e-01 -1.016679592252598039e-05 -2.067462206310262118e-01 6.129979894464194260e-06 inf 0.000000000000000000e+00 -9.000000000000000000e+01
3.171465913122391344e-07 7.397502398823377140e-07 4.814995540417203040e-03 1.170844298165829578e+00 -1.014731725077052360e+01 -9.574904482778339343e+01 3.882487169265164129e-02 7.151982889714220047e+09 inf 0.000000000000000000e+00 -3.000000000000000000e+01
-4.729007633509037078e+03 1.907931029309831272e+00 2.936843988500712612e+02 3.149999999947544711e+04 -2.564885496140494524e+03 -5.854902194558989947e+01 2.810503855831060791e+11 1.555697608514170271e+00 inf 0.000000000000000000e+00 -2.000000000000000000e+01
-2.514555254055343969e+00 9.507168340318987703e-04 3.401559727792522175e-03 5.569440074520940679e-08 -1.051043736115666975e-02 0.000000000000000000e+00 5.263266667282878133e-08 0.000000000000000000e+00 inf 0.000000000000000000e+00 -2.000000000000000000e+01
5.454084050739952394e-01 1.366677311325462628e-02 6.989307709466754392e-01 -1.958622183554614082e+01 -4.635971443128959479e-01 -2.012140383302499864e-04 4.418818096664313411e-02 1.225102945969701212e-08 inf 0.000000000000000000e+00 -2.000000000000000000e+01
4.947715623999014989e-01 4.087376459182354670e-03 3.683614084235033973e-05 -2.905854251717470317e-07 -5.114272387579179568e-01 0.000000000000000000e+00 5.349201154688912562e-08 9.747225580037508814e-06 inf 0.000000000000000000e+00 -9.000000000000000000e+01
1.185708652131583367e-06 2.764100588443672846e-02 0.000000000000000000e+00 2.225670582278289178e+00 -3.952362173771943851e-06 1.967032100372611170e-07 -5.164174028049460477e-10 -2.344389002345935100e-02 inf 0.000000000000000000e+00 -2.000000000000000000e+01
1.846867536633830124e-06 4.239689985656356491e-02 0.000000000000000000e+00 2.264815037499008366e+00 -9.060627791926890995e-02 4.585376895111799935e-10 0.000000000000000000e+00 0.000000000000000000e+00 inf 0.000000000000000000e+00 -2.000000000000000000e+01
-3.071545236074145202e-01 3.881890785207153120e-09 0.000000000000000000e+00 3.868776289311183304e-09 -6.435283314090014528e+00 -5.632633097671785327e-02 1.155870384919987991e+05 6.966420219939323845e-07 inf 0.000000000000000000e+00 -3.000000000000000000e+01
6.744670830493545433e-01 1.582327467564468015e-01 2.269650961287783819e-01 2.398215068027396979e-01 -1.883958641068944895e-01 -1.270806747387713542e-01 0.000000000000000000e+00 1.051601842841137656e-07 inf 0.000000000000000000e+00 -9.000000000000000000e+01
7.487591808892913869e-01 2.178199029987839991e-05 2.163622308413861231e-02 1.121315494107745503e-02 -2.338656922128241056e-01 -4.813451877145444313e-02 -9.797076295402090684e-02 -1.244690586413367411e-01 inf 0.000000000000000000e+00 -8.000000000000000000e+01
-6.503010804111271533e-03 7.291971123155515100e-01 8.255061648855300804e-01 1.497663094280171636e-02 5.082705038567491457e-10 1.853350731374122608e-07 1.992106890956400755e-02 4.962352597076645673e-03 inf 0.000000000000000000e+00 -1.000000000000000000e+01
1.008078877655442351e+00 1.293098970121753920e-07 7.708752746935680345e-07 3.348044227524285543e-03 2.154906515005468228e-03 3.232359772508202559e-04 2.171894014323877282e-09 2.037773069216227667e-09 inf 0.000000000000000000e+00 -9.000000000000000000e+01
9.238363739633794619e-03 2.769029990346434769e-05 1.228369693912526595e+00 1.592786036439909625e-01 -8.418426968947182454e-01 -4.236797071759196924e-08 0.000000000000000000e+00 6.101378271542621970e-10 inf 0.000000000000000000e+00 -9.000000000000000000e+01
6.512399926240581853e-09 0.000000000000000000e+00 0.000000000000000000e+00 2.037697885493201078e+00 3.591920535420320970e-01 -2.027284047438988250e-04 8.323661155726243128e-09 1.333739504894071164e-05 inf 0.000000000000000000e+00 -2.000000000000000000e+01
1.730073412411459756e-11 5.000891448706332233e-11 9.463511113284488532e-03 2.270121065871147259e+00 3.362613323817520840e-04 3.487479095451135637e-03 4.210933400020345144e-12 5.348211846971576232e-10 inf 0.000000000000000000e+00 -2.000000000000000000e+01
4.311482312544762108e-01 -3.751291596512720816e-02 4.406243351733812874e-01 2.676638934526180402e-01 2.125593662654726721e-04 -4.694707782788375416e-01 -3.227393000552750690e-01 -4.287158626200888722e-01 inf 0.000000000000000000e+00 -9.000000000000000000e+01
1.700485939090507492e-01 2.545278633189958228e-02 2.651013976838534902e-01 1.988260482628900983e+00 -3.113197334642621161e-01 0.000000000000000000e+00 0.000000000000000000e+00 1.091535419100390217e-09 inf 0.000000000000000000e+00 -9.000000000000000000e+01
6.822025070903706689e-01 3.126288224491204749e-05 2.416415378893588350e-09 2.236729531443838237e+00 6.099365715000367516e-09 1.036558872877111640e-08 0.000000000000000000e+00 1.291532357684504075e-09 inf 0.000000000000000000e+00 -2.000000000000000000e+01
2.668109749817291765e-01 2.381387508045881285e-01 7.595545497772705886e-10 4.359843115721533237e-07 -6.419392412993245589e-01 8.112042591621250201e-07 5.296112778720422112e-10 1.180869964106850313e-09 inf 0.000000000000000000e+00 -9.000000000000000000e+01
1.018532747739818087e-04 -1.173723999630846615e+00 3.343297955700612212e-08 1.708686638918375245e+00 -1.022018176549308599e+00 2.703193222545121489e-07 3.407546386166033184e-07 1.530540387976251708e-06 inf 0.000000000000000000e+00 -1.000000000000000000e+01
3.277130903699764604e-04 5.900877452767800584e-04 2.474693243167672661e-03 7.078596371284902597e-08 -4.022756794596627827e+00 1.217023198738188914e-12 -3.270112126452744173e-06 8.980046191556291655e+06 inf 0.000000000000000000e+00 -3.000000000000000000e+01
1.008974604215005400e+00 8.286773057545983038e-06 1.434410970874710898e-05 3.428284285228414634e-06 -8.160578543979292950e-06 4.460916490114828272e-11 1.957668387748233982e-10 -1.442992197797245829e-02 inf 0.000000000000000000e+00 -9.000000000000000000e+01
1.798648606212353562e-01 2.816934742856010340e-06 1.651962051964080624e-07 2.095734101592019449e+00 -1.394998223300210403e-04 -2.083395087406921531e-01 -1.067799304479629535e-01 2.238485521109640050e-04 inf 0.000000000000000000e+00 -2.000000000000000000e+01
-4.081387036441845324e-05 2.907099961580412728e-01 8.186590166649281297e-01 -9.096211296276979219e-02 -3.896620244486219686e-01 -8.402855663262623299e-04 -2.470727662907666045e-01 -3.368056615107962726e-01 inf 0.000000000000000000e+00 -9.000000000000000000e+01
2.142260097635872718e-01 5.332160550036656697e-03 0.000000000000000000e+00 4.964176370764086042e-08 -7.907570606010309033e-01 3.154133722940357677e-08 1.836924469326060758e-09 4.133080055983636343e-09 inf 0.000000000000000000e+00 -8.000000000000000000e+01
1.203118332056911897e-02 5.797975834486217561e-01 2.314265217913258213e-04 1.076766940690297547e+00 -6.794982261051308869e-01 0.000000000000000000e+00 0.000000000000000000e+00 3.978813582577406010e-07 inf 0.000000000000000000e+00 -9.000000000000000000e+01
-1.094862966703915100e-03 4.417020176805693810e-01 3.809173363483809305e-01 2.100448432701178536e-01 -6.834899723130523075e-01 -6.416160807286558528e-03 -1.769509612114819330e-01 7.492556205877395036e-04 inf 0.000000000000000000e+00 -9.000000000000000000e+01
2.020994198955189990e-09 0.000000000000000000e+00 2.099226232463132887e-09 3.835462616512939904e-02 -1.005678714960959619e+00 -9.541943742067452675e-05 -2.728711076089737576e-04 4.201873256208330659e-03 inf 0.000000000000000000e+00 -9.000000000000000000e+01
9.384258990286646729e-06 3.887450693994295159e-14 4.139156134612630699e-14 7.835856256889349383e-07 -3.828777668036951527e-05 -1.227553567186101535e+00 -1.103588857257709554e-05 -4.971641115459478059e-10 inf 0.000000000000000000e+00 -9.000000000000000000e+01
1.867229855089692220e-02 2.673787893612283935e-05 9.876001223189418976e-01 3.250721405752002996e-02 -4.055661944319165491e-01 -3.962784189869108520e-01 1.014923352947463104e-08 0.000000000000000000e+00 inf 0.000000000000000000e+00 -9.000000000000000000e+01
6.411914195085958168e-01 2.755871529044077312e-02 2.858163703702918789e-03 2.241281718642659460e+00 4.284236962182059183e-01 1.510356475056313349e-07 -6.524886876216531980e-04 7.583917619431701138e-07 inf 0.000000000000000000e+00 -2.000000000000000000e+01
0.000000000000000000e+00 0.000000000000000000e+00 4.234750762240577920e-02 2.780488429178718836e-03 8.046576812977100701e+01 0.000000000000000000e+00 7.567514900032802638e-02 -2.071511654453423584e-02 inf 0.000000000000000000e+00 -3.000000000000000000e+01
3.466505736762028334e-01 3.877992698481358527e-05 1.476301634523990325e+00 -1.404472085059413344e-02 -3.379784695335282668e-03 6.282830470149187535e-10 2.306721303943734883e-02 -5.280913586461379169e-05 inf 0.000000000000000000e+00 -9.000000000000000000e+01
-7.780425093261128088e-04 2.538994169708665234e-09 2.696586911276789442e-09 8.352415303110573963e-09 -1.008232926775587179e+00 9.039694759393782225e-10 3.782225797634977039e-08 3.844310333690970560e-04 inf 0.000000000000000000e+00 -9.000000000000000000e+01
1.007354717774723074e+00 -6.072664946302466600e-10 7.053984329136528267e-04 2.193432033299190444e-08 -3.412603229501185473e-04 -2.442680384244912633e-05 -2.758441507086328194e-05 1.215382435087712670e-04 inf 0.000000000000000000e+00 -9.000000000000000000e+01
2.619905314436237267e-02 2.389365860776638401e-03 2.331874130300682924e-05 -1.820650983371336230e-03 -1.020114181173494394e+00 1.094375366776162567e-01 0.000000000000000000e+00 2.249556382943970789e-09 inf 0.000000000000000000e+00 -9.000000000000000000e+01
1.361175693564204148e-01 2.235995874930850487e-04 2.138886309988602820e-06 1.947112250396477284e+00 -2.493047369214239448e-03 0.000000000000000000e+00 0.000000000000000000e+00 0.000000000000000000e+00 inf 0.000000000000000000e+00 -9.000000000000000000e+01
5.323282387089537382e-01 3.813610044730352273e-10 9.228138383684247881e-03 1.859868283353110305e-09 -4.866551058019725207e-01 -6.286669273884894086e-05 2.496272953709146869e-01 -1.234263508817768067e-04 inf 0.000000000000000000e+00 -1.000000000000000000e+01
4.126208554841788723e-01 1.356744285797461536e-01 8.902801403857606155e-02 1.712589791011530360e-02 -5.309694729486332809e-01 -1.545552937155119611e-05 -8.209768959245936082e-02 2.828005991093865629e-08 inf 0.000000000000000000e+00 -9.000000000000000000e+01
1.470140710325863742e-01 3.101276542542341846e-08 2.342084044927976460e-04 5.698595646921553042e-07 -1.059585286151912831e+00 6.761292299102359404e-01 0.000000000000000000e+00 2.750585845125809725e-01 inf 0.000000000000000000e+00 -1.000000000000000000e+01
5.087816078244276952e+01 4.492932967557253932e+01 2.950933325381680561e+01 9.845413324487121975e-02 -7.978377451423473727e-04 4.657832061068704352e+06 3.099654103053436529e+02 4.170541544906967157e-01 inf 0.000000000000000000e+00 -2.000000000000000000e+01
3.641549718515485479e-02 5.205453486895154507e-05 1.435509454255379902e+00 -1.398566196241454729e-01 -3.272117138376233192e-01 0.000000000000000000e+00 -6.504652214594690285e-02 1.655849600267005062e-02 inf 0.000000000000000000e+00 -9.000000000000000000e+01
8.775132384266629004e-02 1.580070566388196707e-01 6.626455108866763366e-01 1.456507954622199508e+00 -1.016931229578562634e-01 0.000000000000000000e+00 0.000000000000000000e+00 6.660188399499421768e-10 inf 0.000000000000000000e+00 -9.000000000000000000e+01
3.115841235765402506e-01 2.321482625428887089e-09 9.410258765734437134e-03 2.667367956197486286e-08 -7.277266778834631245e-01 -8.406879033334801034e-05 7.639736005366624116e-01 2.285128311384139503e-08 inf 0.000000000000000000e+00 -1.000000000000000000e+01
1.266876449897203112e-02 6.987785576080561556e-03 7.680991654298829388e-10 1.013852817958117074e-05 -9.920114505097640256e-01 7.378079307368735215e-10 -4.138221068432124637e-03 1.165235932426940402e-02 inf 0.000000000000000000e+00 -9.000000000000000000e+01
6.775134170033572656e-02 1.141946278430086226e+00 5.042561691437201857e-03 1.250823236072710750e-06 2.178089672908947337e-05 -8.270427453654263496e-06 -6.516541262780382870e-02 3.717273041764603599e-04 inf 0.000000000000000000e+00 -9.000000000000000000e+01
4.184837302011213955e-01 5.210838389990508392e-03 5.282613992450263875e-10 1.346182117393345112e-06 -6.004733435556929289e-01 1.490357517358781130e-03 2.752939328916869099e-01 1.261571399681912613e-02 inf 0.000000000000000000e+00 -1.000000000000000000e+01
2.849177003816795661e+01 4.571207061068705002e+01 4.070252862595422272e+01 1.360012374761451204e+00 -5.991412213740461084e+03 6.270431380235515521e-05 2.326397928549619751e+11 2.514555254055344857e+00 inf 0.000000000000000000e+00 -2.000000000000000000e+01
1.001953298365366285e+00 0.000000000000000000e+00 2.701755340491894877e-02 2.264552683648730046e-03 -5.877365057562310667e-03 3.971313865120023247e-10 2.284480745986528132e-09 1.115913966942509846e-03 inf 0.000000000000000000e+00 -9.000000000000000000e+01
3.482331970028876289e-01 1.536765704316723228e-09 7.321826193394047610e-01 1.135775965609418181e+00 -4.750257969372723710e-01 -1.776882210348067759e-01 0.000000000000000000e+00 -1.796972587098234417e-02 inf 0.000000000000000000e+00 -9.000000000000000000e+01
9.574781863678700766e-01 5.273992200360899916e-10 8.252195263832032834e-01 1.187533742820072458e-01 -7.513042827584097329e-04 0.000000000000000000e+00 0.000000000000000000e+00 3.149383872943091711e-05 inf 0.000000000000000000e+00 -9.000000000000000000e+01
5.525259429423802215e-01 8.169454278020048689e-09 1.814991062743711896e-09 2.467828748304296167e-03 -4.550843522296736388e-01 3.065179245113121981e-05 0.000000000000000000e+00 0.000000000000000000e+00 inf 0.000000000000000000e+00 -9.000000000000000000e+01
6.334445660266570063e-07 9.739275602541299552e-04 4.689667838220491407e-10 2.249317271732540480e+00 -2.537339605308048807e-01 3.139194309512636570e-06 0.000000000000000000e+00 0.000000000000000000e+00 inf 0.000000000000000000e+00 -2.000000000000000000e+01
5.767975370282174905e-10 4.628936700945695044e-09 8.078804619575033647e-10 2.219434518793912403e+00 -1.516809978165885352e-04 0.000000000000000000e+00 6.641359653479475896e-10 -3.589974408700540714e-02 inf 0.000000000000000000e+00 -2.000000000000000000e+01
7.309593122345995342e-01 3.773843056292860044e-06 6.233455066785661401e-10 4.449237781548453542e-03 -2.759444793174793409e-01 -2.585832782832928403e-03 -4.311632489335614701e-03 1.535398405924046978e-08 inf 0.000000000000000000e+00 -8.000000000000000000e+01
6.551570114577767168e-01 5.844057143241075947e-01 2.348084583522499150e-07 5.195474509518173331e-08 -4.864151677939757001e-02 0.000000000000000000e+00 3.531826218929764677e-09 2.150176139452915532e-03 inf 0.000000000000000000e+00 -9.000000000000000000e+01
6.029343887952322290e-03 2.886885849634485135e-01 1.163545258227739444e-04 4.789517868082462540e-06 -9.013419161452307371e-01 3.959569120446300959e-03 3.074065480782856019e-01 1.296245661545253650e-05 inf 0.000000000000000000e+00 -1.000000000000000000e+01
3.094752363844261445e-01 1.892574337338969598e-02 9.290793182612225515e-05 7.721842115976541984e-04 -6.915068679020430764e-01 3.145132322518535343e-05 0.000000000000000000e+00 1.165020728303606254e-08 inf 0.000000000000000000e+00 -9.000000000000000000e+01
3.132542933350486725e-01 1.776036067674000035e-09 6.730511322741527022e-10 1.195312435094264547e+00 -7.034482376646706836e-01 6.289317348581587800e-05 2.315059141533144793e-01 9.769406281463400109e-06 inf 0.000000000000000000e+00 -9.000000000000000000e+01
1.827340772713434078e-02 1.091742752826806897e-07 1.311385731006111444e+00 -1.249578616634921743e-02 -1.935671176978155140e-03 -2.316423155998500183e-01 -2.062476533908177284e-02 5.471630157266069936e-05 inf 0.000000000000000000e+00 -9.000000000000000000e+01
5.703161164177143749e-02 2.070815714225206494e-01 1.294512221168946531e-08 1.680858891827895800e-09 -8.653652659445171258e-01 1.664682506552513352e-05 0.000000000000000000e+00 0.000000000000000000e+00 inf 0.000000000000000000e+00 -9.000000000000000000e+01
4.873114669742855242e-06 4.152189679555301087e-05 4.478614367194475249e-04 6.221025375502136079e-01 -1.005894080760479037e+00 5.797394417976350171e-08 0.000000000000000000e+00 3.229033073260331507e-08 inf 0.000000000000000000e+00 -9.000000000000000000e+01
