2.286508051949646958e-01 5.005853019083177369e-01 3.222753118488699831e-02 2.446469520604560577e-01 -5.081129004332548549e-01 -8.797880776020246263e-02 2.681706974508845098e-01 4.998795895466048855e-02 1.154605543705630953e+04 0.000000000000000000e+00 0.000000000000000000e+00
3.721182898496184777e-01 3.118798199522911929e-01 2.268658503391277059e-01 2.365817325806321147e-01 -4.216692892812908822e-01 5.974579686471973263e-06 -3.672603487288662594e-01 -3.291255109309614707e-02 1.358408156266982041e+04 0.000000000000000000e+00 0.000000000000000000e+00
4.162344553791473278e-01 3.431483197451214440e-01 3.948433912911397670e-01 1.853892220960656201e-01 -5.365591908741899063e-01 2.745186557960971885e-01 -6.506448660102302772e-02 -1.582047448175560173e-02 1.881154784029967414e+04 0.000000000000000000e+00 0.000000000000000000e+00
3.107805406495090517e-01 4.289480465998927183e-01 1.187583434801355864e-01 3.993851099855038846e-06 -7.302751867733709989e-01 5.412071772527571323e-01 -4.874409620453325903e-02 -1.576797657525431939e-02 1.907022522983075760e+04 0.000000000000000000e+00 0.000000000000000000e+00
4.541438733555165919e-01 4.397441895661953204e-01 2.165490908317158347e-01 8.002901182911237310e-02 -3.256543872354192293e-01 3.032892823549166594e-10 5.441418970387744414e-02 1.180358695230420384e-02 2.005511757874117029e+04 0.000000000000000000e+00 0.000000000000000000e+00
3.379475832604064145e-01 3.125761430756912040e-01 3.156207158978570071e-01 3.775270299485621317e-01 -4.140619038145519903e-01 -6.038402763962216757e-02 -2.283429616624367553e-01 -1.403357785217059167e-03 2.038739992964919293e+04 0.000000000000000000e+00 0.000000000000000000e+00
4.112872176830488780e-01 5.019647144950596385e-01 5.222052271763120979e-02 1.635433424645194311e-01 -2.839069245423671006e-01 -3.710760658229608072e-02 -1.635433424645194311e-01 4.533874840600538719e-02 2.075339190081346169e+04 0.000000000000000000e+00 0.000000000000000000e+00
3.074312975045062624e-01 4.179403855263963408e-01 1.404213223736798799e-01 4.287420257089870623e-01 -4.569924692634552144e-01 4.247952725653481726e-02 -3.298654732683485857e-01 -1.163253558125158793e-01 2.180193954825661785e+04 0.000000000000000000e+00 0.000000000000000000e+00
3.894888044839580066e-01 4.641576426492763918e-01 1.866720954132959354e-01 1.856630570597105623e-01 -3.642628456443234297e-01 4.020387190066762075e-03 -2.087448093979762248e-02 -1.609416173968686581e-01 2.350628971258763340e+04 0.000000000000000000e+00 0.000000000000000000e+00
2.980908580341636860e-01 6.905142660791386833e-01 1.044732991369735076e-01 4.867559580557863086e-01 -2.603578380298391948e-01 -3.278056112875692846e-02 4.292131025491913859e-02 -8.702177738497342274e-02 2.356861995635524363e+04 0.000000000000000000e+00 0.000000000000000000e+00
3.947579401873028693e-01 5.181835493931520320e-01 1.677976257385305481e-01 5.426646619629073021e-01 -2.070694104858462059e-01 -2.101295495570656147e-01 2.958134435512088656e-01 -2.692922382673073600e-01 2.608503492577759971e+04 0.000000000000000000e+00 0.000000000000000000e+00
2.025135099319888554e-01 4.245935425627205828e-01 1.467489202405716266e-02 3.778784696194719545e-02 -3.062160802353261491e-01 -3.189343199895089964e-01 -1.873494548404631144e-01 7.276300628595009680e-03 2.648506407094726819e+04 0.000000000000000000e+00 0.000000000000000000e+00
1.937970061893226903e-01 3.445280110032403198e-01 5.248668917627489355e-02 6.087966558068621525e-01 -4.169571951346033312e-01 -3.386553744520487408e-01 5.542300745187069000e-02 -1.355600270566726939e-01 2.783371390725105448e+04 0.000000000000000000e+00 0.000000000000000000e+00
4.418604177016453027e-01 3.614219875464829701e-01 5.355216034987522189e-01 2.291944311270379675e-01 -3.316707873521078653e-01 -7.768368939642393556e-02 3.526068171185199329e-01 -2.072942420950674158e-02 2.869043486490689975e+04 0.000000000000000000e+00 0.000000000000000000e+00
3.700376263456683912e-01 4.706955298852931735e-01 3.546992791396302858e-01 1.763909928694377682e-01 -3.460714588362339139e-01 3.819607946816120335e-03 -1.983200361405703174e-02 -8.244361623245460846e-02 3.012544682801607996e+04 0.000000000000000000e+00 0.000000000000000000e+00
1.340512951385535723e-01 6.246319998035058108e-01 1.014203877693004019e-02 5.851221443942479228e-01 -5.079838552618872738e-01 1.793230044616615781e-02 -1.396955601970190086e-01 -2.545798719078671071e-02 3.357265539330955653e+04 0.000000000000000000e+00 0.000000000000000000e+00
2.381535464877163610e-01 4.037570059659297272e-01 4.079628081114081706e-01 6.558422720605433520e-02 -4.374034231297572184e-01 1.840038438646815142e-02 -3.669562371929934175e-01 1.677063605509525879e-01 3.411207798680689302e+04 0.000000000000000000e+00 0.000000000000000000e+00
1.767620649639276287e-01 3.082632551620052563e-01 3.119330558186957925e-01 5.489410148966264447e-02 -6.287591791796456331e-01 -4.862485870114963832e-02 -4.281434099472294919e-02 -8.746358231779116643e-02 3.609732273930275551e+04 0.000000000000000000e+00 0.000000000000000000e+00
3.569531622578781538e-01 4.703601565168915588e-01 3.746149072654294532e-01 1.080619924804123305e-01 -3.448688104106062413e-01 3.195381498076708959e-02 -1.580261395412481396e-01 -3.904175212195542394e-02 3.912922627976376680e+04 0.000000000000000000e+00 0.000000000000000000e+00
5.530075885907596023e-01 2.876107120366318548e-01 8.213273382346905627e-02 -7.161039070017765143e-03 -5.074107683898302357e-01 4.968884252665388135e-01 -4.419384111782391766e-01 -3.960493036683294249e-02 4.046288823298034549e+04 0.000000000000000000e+00 0.000000000000000000e+00
2.562688093370087961e-01 3.954651769984776077e-01 2.645652815817320924e-01 4.719770876998147791e-01 -5.733784151353218395e-01 1.714604263909483284e-01 -4.811953901939517997e-01 8.526929807076731593e-02 4.106781680558276275e+04 0.000000000000000000e+00 0.000000000000000000e+00
2.399650079939542879e-01 4.600159074406924842e-01 2.728232870968608781e-01 3.365306887213418303e-06 -6.153459541089781881e-01 2.011324963268828481e-01 -1.742484497881410799e-01 -1.328644429634575838e-02 4.211375816397667222e+04 0.000000000000000000e+00 0.000000000000000000e+00
2.021463631945351336e-01 3.875170945886939333e-01 2.482793506455701349e-01 2.583447297257959741e-01 -6.659925824749415302e-01 1.694338811838012326e-01 -2.776367062962287746e-01 -7.213521674161835207e-02 4.230348370414475357e+04 0.000000000000000000e+00 0.000000000000000000e+00
4.440569176703252907e-01 3.435915516815639115e-01 2.566890101012853087e-01 6.429783423280728272e-01 -3.747358151380799640e-01 4.128498633600662798e-03 -2.128609941886881740e-02 -2.792937174487566399e-01 4.406454286166827660e+04 0.000000000000000000e+00 0.000000000000000000e+00
3.849947382721334854e-01 2.896805069523334386e-01 4.447997461590668111e-01 1.196100157738667069e-01 -4.214384149532334756e-01 -1.734578842033125679e-02 -1.004537241850833734e-01 -1.817511567813833995e-01 4.512357229858345818e+04 0.000000000000000000e+00 0.000000000000000000e+00
4.421418926351324830e-01 2.873922302128361084e-01 3.371331931342885224e-01 4.568799557229702435e-01 -4.320094742622440642e-01 6.563043718802748228e-02 -8.911922523426889231e-02 -3.104204537875825953e-01 4.566146880387325655e+04 0.000000000000000000e+00 0.000000000000000000e+00
6.120041390079946630e-01 1.688640182881590845e-01 3.152128341378969134e-01 8.760460585131161215e-01 -4.728192512068454256e-01 4.288122646226584789e-01 9.434637385417977973e-03 -7.163928048588566466e-02 5.005586090878809046e+04 0.000000000000000000e+00 0.000000000000000000e+00
3.666065986722740200e-01 6.257826922391197533e-01 5.371525255271414334e-02 8.728728539816048571e-01 -3.786925304966347050e-01 1.060876237916104359e-01 1.252236825135148446e-01 -4.042072754591739536e-01 5.438650144970920519e+04 0.000000000000000000e+00 0.000000000000000000e+00
2.447723315953960199e-01 5.137468712586513719e-01 1.196359148808958002e-02 4.524162758139622931e-02 -5.291482763927437549e-01 4.964202904827975243e-02 -5.816780689036658153e-02 -1.804164601422244829e-01 5.665774913690431276e+04 0.000000000000000000e+00 0.000000000000000000e+00
3.460732576685182083e-01 5.012095455888884166e-01 3.281729167546293402e-02 1.101865429588270606e+00 -5.389991541848760948e-01 2.476213826421294062e-01 -7.905983903634251908e-02 -1.665726168375770144e-01 5.907328530166167184e+04 0.000000000000000000e+00 0.000000000000000000e+00
2.709700559301144729e-01 4.204432136260772834e-01 1.530701053410528645e-01 2.725686993279322623e-01 -5.355455382689577881e-01 4.086532185671711698e-02 -4.626074332435213543e-02 -4.284364306151662305e-01 7.173591710932258866e+04 0.000000000000000000e+00 0.000000000000000000e+00
3.178357001781046409e-01 1.447991154737026109e-01 5.647493846139876039e-01 7.100410140859000387e-03 -4.478593957055110319e-01 -1.631863047402045408e-01 -1.392172901606573976e-01 -3.572368200348944312e-01 7.488213846792119148e+04 0.000000000000000000e+00 0.000000000000000000e+00
4.765916155072756344e-01 1.186514542773321607e-01 5.917679225882005456e-01 5.123359866703213195e-01 -4.656697243185672352e-01 7.074406792686122047e-02 -9.606299750068524046e-02 -3.465218204417483405e-01 7.573211718898414983e+04 0.000000000000000000e+00 0.000000000000000000e+00
2.155116471223874897e-01 3.987972535535768692e-01 2.573047936437850569e-01 6.767468545151607007e-01 -7.996086346503535891e-01 4.612352073927732388e-01 -4.166726354994758352e-02 -3.313239808563807620e-01 7.645247974889498437e+04 0.000000000000000000e+00 0.000000000000000000e+00
5.497351163545259878e-01 4.544053273913133961e-01 5.878670319398110466e-01 6.005776704682393996e-01 -1.612662263294346310e-01 -5.104115784072007361e-02 3.964130391053590219e-01 -2.812228774414771704e-01 8.442756628830567934e+04 0.000000000000000000e+00 0.000000000000000000e+00
2.882086287901945432e-01 2.254535241342650875e-01 1.667658799652940380e-02 1.550748363942079155e+00 -5.671202050387699201e-01 6.286110864221607064e-10 -4.462585219977205919e-01 -6.089569414760562238e-02 8.682497180442469835e+04 0.000000000000000000e+00 0.000000000000000000e+00
1.040780609533520917e-01 2.045042601188672704e-01 3.231897682235670421e-01 1.000610129867314901e+00 -6.299461584018679616e-01 -2.086126046301838011e-01 -6.664647762802371200e-02 -2.465006706789918123e-01 9.115893547750379366e+04 0.000000000000000000e+00 0.000000000000000000e+00
4.638027704728260869e-01 2.831415546394473459e-01 5.937520660722739319e-01 2.076019234576545192e-01 -2.688788270736542918e-01 -1.494945148562753789e-01 2.165821593324130934e-01 -5.536051292204120511e-01 9.133847422180286958e+04 0.000000000000000000e+00 0.000000000000000000e+00
3.230118027551042714e-01 1.990049727318803363e-01 4.173163980422266994e-01 1.096012461762146950e+00 -4.945422083560906956e-01 -1.050716553789592111e-01 1.290190821349410794e-02 -3.556842609648159792e-01 9.254250627057180100e+04 0.000000000000000000e+00 0.000000000000000000e+00
2.701764273688950224e-01 1.267987096629018540e-01 7.564939966329060628e-01 3.733346996370185411e-01 -2.885975474167742361e-01 1.142325315469071843e-04 -3.622820276082910351e-01 -6.140373349293068439e-02 9.349841466371543356e+04 0.000000000000000000e+00 0.000000000000000000e+00
3.648399011700991790e-01 3.502947888310918856e-01 6.302882013569819364e-01 2.424185389834545845e-01 -5.781682154755392045e-01 3.442343253565054995e-01 -3.084775908564459379e-01 -1.890864604070945643e-01 9.780900144896400161e+04 0.000000000000000000e+00 0.000000000000000000e+00
4.845665473581078908e-01 1.882803753289033766e-01 2.792582311079858659e-01 1.661927033910940432e+00 -3.707225994848175055e-01 -8.003132232972766380e-02 8.500159097624194656e-10 -1.644412580391972634e-01 9.896806056172374520e+04 0.000000000000000000e+00 0.000000000000000000e+00
2.388980044626531629e-01 4.344495668784744136e-01 4.236129563667664355e-01 5.325947779901932244e-03 -3.270686081715498683e-01 -1.224044414617923848e-01 -1.059032390916916089e-01 -2.127916245935384809e-01 1.002902820862156659e+05 0.000000000000000000e+00 0.000000000000000000e+00
3.772269510030230033e-01 3.857725453623148115e-01 6.836475487433426590e-01 5.798796172376566999e-02 -2.044838650259105384e-01 -3.070309973374119039e-01 6.030748019271630067e-01 -5.017484688098461376e-01 1.013488207734717435e+05 0.000000000000000000e+00 0.000000000000000000e+00
1.715891674865495653e-01 2.354464019688857213e-01 6.359659270893887051e-01 6.533420453158748087e-01 -4.986945931001490750e-01 4.637251551693459539e-02 -2.519537142840474475e-01 -1.672451379299280394e-01 1.041285302904952841e+05 0.000000000000000000e+00 0.000000000000000000e+00
4.739145897425436904e-01 4.832070326786719883e-01 1.029138055176209987e-01 -1.237056465872080936e-02 -4.850655212658976367e-01 4.516127266958357422e-01 -5.092258728998312334e-01 -2.151200539713703230e-01 1.075422990407390753e+05 0.000000000000000000e+00 0.000000000000000000e+00
1.555790671528942681e-01 4.381815498926452390e-01 4.519670368555599449e-01 3.810702467605701638e-01 -4.578751026968090887e-01 -8.345143000764423946e-02 1.710877399861732845e-02 -4.716605896597237391e-01 1.084548218677626719e+05 0.000000000000000000e+00 0.000000000000000000e+00
2.170642754030782662e-01 4.764825557628547537e-01 1.164735136309200531e-01 1.174661856220926559e-02 -4.605998039040928860e-01 4.025836408644490466e-02 -4.835415565889710776e-01 -2.042698364057423666e-01 1.128314143763393949e+05 0.000000000000000000e+00 0.000000000000000000e+00
1.809848024751888607e-01 -2.025656461307669409e-01 1.212451034467931787e+00 6.474253096673422414e-01 -5.905303582117272798e-01 -4.340692417087863020e-02 -6.866632072229388040e-02 1.402754837612574801e-01 1.144732313233103778e+05 0.000000000000000000e+00 0.000000000000000000e+00
1.234754453768714538e-01 4.250884995895889418e-01 8.457374326038297196e-01 2.175387621920611692e-01 -3.751433756169218481e-01 4.175967309936888527e-02 -4.314703765416519343e-02 -8.962375023984153755e-02 1.165841847801672848e+05 0.000000000000000000e+00 0.000000000000000000e+00
2.243058666205428597e-01 5.738057053083654990e-01 6.885668463700385100e-01 9.799174630238987598e-06 -6.282882672265335255e-01 2.944376750471208726e-01 3.361689990695474473e-01 -1.941665770487903397e-01 1.184650203358059953e+05 0.000000000000000000e+00 0.000000000000000000e+00
2.067590281243378847e-01 2.877330961730329428e-01 1.201246368722388880e+00 1.493696400898258392e-01 -6.242078643753775635e-01 3.600594482165275778e-01 -3.252720451956075953e-02 -2.578591681550677639e-01 1.206565793541040039e+05 0.000000000000000000e+00 0.000000000000000000e+00
2.623954417418160601e-01 1.087145745995566459e+00 1.872674836852118996e-01 6.421783179470762215e-02 -2.049446502867658393e-01 2.662623219359059878e-01 1.132443485412048395e-01 -1.717999629088522162e-01 1.230578940027320641e+05 0.000000000000000000e+00 0.000000000000000000e+00
4.748071872630138524e-01 2.471532278668870930e-01 1.074897174450662740e-01 -5.621273488836373705e-03 -6.239765910643303437e-01 5.342799560988328311e-01 -8.969663496549748483e-02 1.477069586660094413e-01 inf 0.000000000000000000e+00 -1.000000000000000000e+01
2.993981695241491048e-01 3.040946113990377619e-01 6.387160949848514901e-01 5.612248040491893963e-01 -2.935276171805383805e-01 -5.400908156121906334e-01 1.070788747474603841e+00 6.950733974835148210e-01 inf 0.000000000000000000e+00 -1.000000000000000000e+01
2.364770945802813912e-02 1.991386059623422300e-01 1.721126522960243488e-01 1.100003728172938011e+00 -8.610374010181273130e-01 -7.325455862186160128e-02 1.593108847698737895e-01 -1.270693961854945653e-01 inf 0.000000000000000000e+00 -9.000000000000000000e+01
4.036872898404433169e-02 1.782453077989850643e-01 4.599878910941549992e-01 4.695709721586165397e-01 -1.260175159976695269e-01 -4.810706694359704327e-01 -1.303299024766772507e-01 -3.143250589143392060e-01 inf 0.000000000000000000e+00 -9.000000000000000000e+01
3.078115962908250514e-01 -4.162785397456871817e-01 9.955017895913586407e-03 5.081334287975524111e-01 -8.560093915897228900e-01 7.988443808499982868e-02 8.554653176280227644e-10 -1.817554187622014428e-01 inf 0.000000000000000000e+00 -8.000000000000000000e+01
3.479675865559827552e-01 2.289933749761798309e-01 1.106588096951930528e-01 4.336801905973461935e-01 -6.539352725323746104e-06 -2.379484231596058763e-01 -4.835726019050054503e-01 -7.266381954551405231e-01 inf 0.000000000000000000e+00 -9.000000000000000000e+01
5.307341128715691303e-01 3.012500231865353206e-01 2.065356807165304454e-01 1.923493915360010853e-01 -2.203047260976324917e-01 -4.276748944130175784e-02 -4.372715017998463072e-01 -1.873424659428730710e-01 inf 0.000000000000000000e+00 -8.000000000000000000e+01
6.379968592424254403e-01 -4.398902550277847268e-01 9.807836803146087468e-02 8.797805100555694535e-01 -5.272443482247916036e-01 5.810607092122334338e-02 1.559894521375123355e-01 -2.693255384561736056e-03 inf 0.000000000000000000e+00 -8.000000000000000000e+01
1.590397988495961257e-01 2.911236995890911783e-01 3.676784502217781414e-01 3.978690561050913232e-01 -2.544636781593537789e-01 -4.377637853080408314e-01 4.825105761708085861e-02 -2.943584073623033426e-01 inf 0.000000000000000000e+00 -9.000000000000000000e+01
2.892438020869375070e-01 3.178196957870927930e-01 1.233642240226215381e-01 3.666078069824798003e-01 5.213358167735644422e-01 -4.084261880070972905e-01 -6.007907407203376682e-01 -2.237283384817034537e-01 inf 0.000000000000000000e+00 -1.000000000000000000e+01
4.392409606112258613e-01 1.644623412426824971e-01 2.469465308505509327e-01 6.214778856574443983e-03 -2.398619992277892243e-01 -3.694077203297175815e-01 -6.439333207117337032e-02 -2.846463598431043032e-02 inf 0.000000000000000000e+00 -9.000000000000000000e+01
2.006685473744529713e-01 1.952774520718557338e-01 1.174060754787844274e-01 6.373472668848296774e-01 -1.215991496030267294e-01 -1.204011284246717800e-01 -7.619414694337437455e-01 -1.581387955428524839e-01 inf 0.000000000000000000e+00 -9.000000000000000000e+01
3.212207670083753186e-01 4.652162832535090553e-01 3.680654621970966961e-02 -4.168139442592513379e-03 -2.575304425153353560e-01 -2.667609243259208562e-01 -9.807386923747090507e-03 1.767637266727122847e-01 inf 0.000000000000000000e+00 -1.000000000000000000e+01
-1.874575099003484402e+00 6.282916540616074741e-01 6.540413120149519699e-01 5.596258995193552632e-01 -1.317524165279463644e-01 -3.562036016879331635e-02 -3.476203823701516371e-01 -1.562145915836237187e-01 inf 0.000000000000000000e+00 -1.000000000000000000e+01
1.485437661737360748e-01 4.840826821356631338e-01 1.173779078757042627e-01 2.987065379733439552e-01 -1.153541508433645335e-01 -1.335679641344220958e-01 -7.512186104045073254e-01 6.605542953556874375e-01 inf 0.000000000000000000e+00 -1.000000000000000000e+01
2.349755533816927644e-01 4.378838547724721586e-01 2.117544398710313747e-01 1.042185689704684393e-01 -1.846631407752597209e-01 -4.599992009731020959e-01 2.576437832373384418e-01 -3.051917775686927015e-01 inf 0.000000000000000000e+00 -9.000000000000000000e+01
8.898871295356849625e-10 1.116588413485840346e-09 1.540440412774261469e+00 1.042149185920117822e-09 -2.686579394871991665e-09 1.549689373868226938e-09 -1.399965018423534808e-10 -9.135723383065967406e-10 inf 0.000000000000000000e+00 -9.000000000000000000e+01
5.304369003446791631e-01 1.031405084003542832e-01 1.966865509030011894e-01 3.508833242590125856e-01 -4.262684134552848225e-01 1.713297481733459804e-02 -9.183274502091344493e-02 6.339200682413802246e-02 inf 0.000000000000000000e+00 -9.000000000000000000e+01
2.030435757027909405e-01 5.363415207243533711e-01 3.122273852788200466e-01 3.332979450215624584e-01 -1.487709218199694539e-01 -1.190805876370141791e-01 -2.413536843259590503e-01 -1.455784127680387896e-01 inf 0.000000000000000000e+00 -9.000000000000000000e+01
2.744555654979919934e-01 1.108021624223312213e-01 6.787211957585477240e-01 7.065376382076684614e-01 -1.655078325722688093e-01 -3.569776780970503882e-01 -7.446693447316716542e-03 -8.993983058549061271e-02 inf 0.000000000000000000e+00 -9.000000000000000000e+01
2.826516851680872472e-09 4.647266207332416132e-01 1.016918795935551345e-01 -7.162559524481295833e-03 -4.183593388460247753e-01 -3.656692457923692574e-01 -9.800357307979924715e-02 1.040629337809696325e-01 inf 0.000000000000000000e+00 -1.000000000000000000e+01
3.594481220202451754e-01 2.584386497563281870e-01 1.501492155274441742e-01 4.695575467403708680e-01 -5.223372709863816077e-01 4.857099623501413832e-02 -2.638986212300534206e-01 -3.612681125114868830e-01 inf 0.000000000000000000e+00 -8.000000000000000000e+01
9.168444238295261894e-02 3.156417207431088112e-01 6.279869222095271208e-01 9.625836287936059277e-01 -7.149326181322372686e-02 -1.846050794946641482e-01 -6.407609344067026480e-02 -2.169779289540381406e-03 inf 0.000000000000000000e+00 -9.000000000000000000e+01
3.429013754248261270e-01 3.887544663246575438e-01 2.322558734708851380e-01 2.591696442164383440e-01 -2.187989880981085489e-01 -2.197957944220179094e-01 -1.345688537277660579e-01 -2.980450908489041262e-01 inf 0.000000000000000000e+00 -9.000000000000000000e+01
5.196746835910037721e-01 1.492883636497792654e-01 3.628274154526280881e-01 1.062970943708871352e-01 -3.977873487123865237e-01 -4.062911162620574945e-02 1.927520644592086718e-01 -2.934980883462828122e-02 inf 0.000000000000000000e+00 -9.000000000000000000e+01
4.653055008840962792e-01 6.735624386199450253e-01 9.788076073584889292e-02 2.891796335417785024e-01 -2.564535433261451169e-01 1.505400149919134956e-01 -6.708848494204840140e-02 4.141337961832877168e-01 inf 0.000000000000000000e+00 -1.000000000000000000e+01
2.459755788228922824e-01 4.890402040502473402e-01 5.470166964946963223e-02 2.745999558456745926e-01 -3.386409349474927000e-01 -2.314208108452063539e-01 6.986288629289248708e-02 -3.095313989921208431e-01 inf 0.000000000000000000e+00 -9.000000000000000000e+01
3.333824882436255410e-01 3.272653783675957273e-01 2.375477668524915986e-01 4.965054182710876285e-01 -2.640552429819542080e-01 -2.987188656127898745e-01 -1.405023674650600872e-02 7.671875302854073986e-02 inf 0.000000000000000000e+00 -9.000000000000000000e+01
1.329178142857881106e-01 3.577672580487784026e-01 2.535780779746159563e-01 3.455097074518180822e-01 -4.182889141212697837e-01 -1.344500081104081646e-01 -4.795766671060712749e-01 3.776857777688388818e-01 inf 0.000000000000000000e+00 -9.000000000000000000e+01
3.488529134996151693e-01 3.544256437472128596e-01 2.133310797908489088e-03 -8.467937759044921135e-04 -1.777700948983661766e-01 -3.678001963414472830e-01 -2.162219336067902342e-01 7.784407564613017930e-03 inf 0.000000000000000000e+00 -9.000000000000000000e+01
2.019610772041323388e-01 8.277440375976492792e-02 2.692814362721764332e-01 4.809806786245164334e-01 -5.267077149726218099e-01 -3.446463665496094508e-01 -1.426852893454771398e-01 -2.921449544462291770e-01 inf 0.000000000000000000e+00 -9.000000000000000000e+01
2.990276404623968820e-01 2.472159205802983983e-01 1.880025264293287424e-01 1.302694671321332986e+00 -3.148178789026554458e-01 -3.355425668554948282e-01 -4.243626580819493538e-02 5.760969805938091770e-02 inf 0.000000000000000000e+00 -9.000000000000000000e+01
6.076925586430190762e-01 -2.425258283926788327e-01 -3.660279725386665628e-02 6.132045092883072757e-01 -6.283623735628497409e-01 5.870227437231885226e-01 -6.352523118694598514e-01 9.714813012320373808e-02 inf 0.000000000000000000e+00 -9.000000000000000000e+01
5.153383230696199080e-01 2.173772656191350350e-01 3.213403056978518246e-01 1.372909046015589607e-01 -1.062014787406986988e-01 -3.511861545242776494e-01 -7.560948369361218668e-02 1.196321107125903338e-01 inf 0.000000000000000000e+00 -9.000000000000000000e+01
1.154515298017976623e-09 6.631750665359075321e-10 2.137195760982115010e-09 2.277499013777868342e+00 -2.083497375027790459e-09 2.464755915303494404e-09 -4.671759578026231663e-10 -7.410377261696780081e-10 inf 0.000000000000000000e+00 -2.000000000000000000e+01
3.135783250639057607e-01 2.444352782330445339e-01 2.488175840180991139e-01 5.628828319470109420e-01 -5.726212892471321814e-01 5.332951333812737664e-10 9.397611294617050359e-02 -6.583197134881996204e-01 inf 0.000000000000000000e+00 -8.000000000000000000e+01
4.002245765882677109e-01 3.240893100907566438e-01 5.216294610032178314e-01 2.093719828681554762e-01 -1.641023649507164506e-01 -1.918814486727813129e-01 -1.052004189104122772e-01 1.986976127342138937e-02 inf 0.000000000000000000e+00 -9.000000000000000000e+01
3.963901445894594255e-01 1.405071694077910938e-01 5.526044162684466687e-02 1.684943698182860550e-01 -5.871600412650782586e-01 -3.027186983175986917e-02 9.389991321398721835e-01 -5.186199586271313944e-01 inf 0.000000000000000000e+00 -1.000000000000000000e+01
3.085669597043737555e-01 3.729442390671567353e-01 3.773840514370038757e-01 6.789213082224529461e-02 -1.931318380883490227e-01 -3.566649270443840170e-01 1.516935893031093885e-01 -2.301302745037415720e-01 inf 0.000000000000000000e+00 -9.000000000000000000e+01
0.000000000000000000e+00 9.474006550715500241e-01 3.709181575799960261e-10 2.828624567291650460e-01 -3.009656539598316027e-01 -3.441493223538174412e-02 -1.206879815377770795e-02 0.000000000000000000e+00 inf 0.000000000000000000e+00 -9.000000000000000000e+01
3.763719927557060974e-01 8.261824231222817394e-01 1.958358336289852952e-01 0.000000000000000000e+00 0.000000000000000000e+00 0.000000000000000000e+00 -8.520861484440189988e-10 -5.002993562240484193e-01 inf 0.000000000000000000e+00 -9.000000000000000000e+01
2.152861627743604123e-01 7.225484089680250799e-01 1.169405792966952441e-02 1.478359916047110034e-01 -7.230103964417898543e-02 -1.353623298130635089e-01 -3.049117326847164411e-01 -3.002918579470692517e-02 inf 0.000000000000000000e+00 -8.000000000000000000e+01
5.957035023193278933e-01 6.367120767543540949e-02 1.152556776226525692e-01 1.860494271736451710e-01 -3.582854398007551677e-01 -5.935451562964318140e-02 5.136863534492754763e-02 -2.469147850193156302e-01 inf 0.000000000000000000e+00 -9.000000000000000000e+01
4.549060355299546776e-01 2.453509601464837486e-01 3.042650204856090501e-01 7.718487652024641488e-02 -8.781177980926584137e-02 -3.147054868748211387e-01 -2.692148833218256376e-01 -7.942211931793471957e-02 inf 0.000000000000000000e+00 -9.000000000000000000e+01
2.187584216149492389e-01 4.493416227766524607e-01 9.065664319178076691e-02 3.100719970037718598e-01 -2.594882178315464083e-01 -2.877363023043476575e-01 -1.468243460388623245e-01 -8.392308817210139549e-02 inf 0.000000000000000000e+00 -9.000000000000000000e+01
8.938648304832814741e-10 2.067537723301716701e-01 6.790374730041088824e-01 5.849956233823586649e-01 -3.160082740966168591e-01 -3.734014617334203701e-01 3.630291989074920650e-02 -7.623613177057332602e-02 inf 0.000000000000000000e+00 -9.000000000000000000e+01
3.904725351100688524e-01 4.765609680477218557e-01 3.884228105163152200e-01 -1.761482072757036485e-02 -2.859365808286331023e-01 -8.813815753140662179e-02 1.552666379768384008e-01 1.532169133830847685e-01 inf 0.000000000000000000e+00 -1.000000000000000000e+01
5.803846742011786741e-01 3.778828564113592692e-01 2.748238955718976806e-01 5.749605183675227105e-01 -1.591085711205723341e-01 5.401555184348975219e-02 -4.113318173855705084e-01 -1.532324023007784752e-01 inf 0.000000000000000000e+00 -9.000000000000000000e+01
2.465555810332358821e-01 5.597897154276613163e-01 3.830140158189261901e-01 5.256751067312387393e-01 -7.926520547555792885e-06 -3.876660079138929266e-02 -2.093396442735021568e-01 -3.481240751066758121e-01 inf 0.000000000000000000e+00 -9.000000000000000000e+01
4.521319020317262072e-01 4.915906862090405061e-01 1.191984105356369145e-01 3.033394033631035547e-01 -3.477305355625821548e-01 3.534849415884405016e-02 1.676998327535857147e-01 6.707993310143428589e-01 inf 0.000000000000000000e+00 -1.000000000000000000e+01
-1.123766946313288884e+00 1.464976712190591002e-01 3.560449730893588405e-01 1.043100507097731028e-01 -1.138602153525345440e+00 -1.923940935313592573e-02 -8.604420182992839061e-01 -3.226657568622314232e-01 inf 0.000000000000000000e+00 -9.000000000000000000e+01
1.612387314170176389e-01 3.623799771746103460e-01 3.737806955576318257e-01 3.151484295878071995e-01 -3.859957509680119192e-01 -2.817606114661015404e-01 4.611183417418496938e-02 -1.127856782891764748e-01 inf 0.000000000000000000e+00 -9.000000000000000000e+01
1.924132166547273259e-01 4.286674193826836565e-01 6.530480217158071699e-02 7.574748149319012747e-01 -5.078247553482360122e-01 -1.029045367552181012e-01 -1.120380755204741369e-01 1.844974830581720959e-01 inf 0.000000000000000000e+00 -9.000000000000000000e+01
5.940428494082342636e-01 1.423227660040561060e-01 4.674279472106458444e-01 4.026925084930818577e-01 -2.513258209034837098e-01 -4.878957697463462417e-02 -3.113013008918150692e-01 -1.613626009209866985e-01 inf 0.000000000000000000e+00 -9.000000000000000000e+01
7.286812420854066477e-10 2.077928474072036069e-01 1.007040754892453288e-01 2.675768230578794982e-01 -2.652551152656202893e-01 -2.774440811749813718e-01 -5.873920714415923339e-01 -6.593650130016293076e-01 inf 0.000000000000000000e+00 -9.000000000000000000e+01
3.509042345227113557e-01 1.778230918189415699e-01 2.721878792108599066e-01 1.619849817742678555e+00 -3.480590650536083408e-01 -2.385200404931402951e-01 8.284949269203702248e-10 -1.555359309776342402e-01 inf 0.000000000000000000e+00 -9.000000000000000000e+01
1.937482181077325172e-01 2.559390041670047133e-01 1.502943996432410667e-01 1.475037874482737488e-01 -4.058347449252504568e-01 -3.324815100861089334e-01 -2.256409289073592894e-01 -9.547880295638259962e-02 inf 0.000000000000000000e+00 -9.000000000000000000e+01
6.662541707088275311e-01 2.266275866442903073e-06 9.431608159656449386e-01 1.132799912414253346e-01 -2.374684260838768046e-01 -6.985599459887895102e-02 -3.230577527996204151e-02 -6.775821698329699549e-02 inf 0.000000000000000000e+00 -8.000000000000000000e+01
-4.322129509744288556e-01 6.493153088371603765e-01 8.405247249364469209e-01 3.396296858643732999e-06 -3.266494191696144300e-01 -3.246576544185801882e-01 3.714641260678847035e-01 -2.215838285525585649e-01 inf 0.000000000000000000e+00 -1.000000000000000000e+01
7.745988040706992123e-03 2.696511317936493013e-01 1.006006145537845370e-01 1.249729283889797621e-01 -1.895066659328137962e-06 -8.670321006903491945e-01 -2.340001408113158432e-02 -8.271029907901357447e-02 inf 0.000000000000000000e+00 -9.000000000000000000e+01
2.838664326191954468e-02 8.956680727117550811e-01 2.731470008979111075e-01 1.156639916592898942e-01 -4.351295246862072474e-01 1.577476865650727089e-01 2.494583801805050696e-02 -4.097205013468667167e-01 inf 0.000000000000000000e+00 -9.000000000000000000e+01
1.907072851461464047e-01 4.175155378508225712e-01 2.756622794550778882e-02 2.566307911225920724e-01 -2.315170745601365654e-01 1.422456602170330681e-02 -8.946761525374768986e-01 0.000000000000000000e+00 inf 0.000000000000000000e+00 -9.000000000000000000e+01
1.437104139854037121e-01 3.902380347245922310e-01 2.274441240310996482e-01 6.729853532975003105e-01 -1.355317725390799144e-01 -3.115672931932871870e-01 -2.352333063609318153e-01 -1.690252565573583110e-01 inf 0.000000000000000000e+00 -9.000000000000000000e+01
2.618605220237412712e-01 3.592064409916748136e-01 1.837404220519745987e-02 5.957570240837534170e-01 -5.256679624268412176e-01 -8.882815105823936574e-02 1.907495907587299089e-09 -5.171501945171470133e-02 inf 0.000000000000000000e+00 -9.000000000000000000e+01
1.882666862794156459e-01 4.563137109029797300e-01 2.743847150527721213e-01 2.796039895238846551e-01 -1.573238447721057587e-01 -1.763369160597298979e-01 -2.892969278273793132e-01 -3.601299385067633918e-01 inf 0.000000000000000000e+00 -9.000000000000000000e+01
3.567890663466701251e-01 2.509285741339218334e-01 3.156210971528235487e-01 -5.410647379762689724e-01 -4.234419688509931112e-01 -1.102713460549461233e-01 -2.205426921098922466e-01 -1.978758043097088651e-02 inf 0.000000000000000000e+00 -1.000000000000000000e+01
4.932371724782252387e-01 -1.458329108517576098e-06 2.813724249503154473e-01 -1.025488870625036394e-02 -4.665034503926845377e-01 -8.354288151731456558e-02 4.110309770651876526e-02 -2.927342568366702591e-01 inf 0.000000000000000000e+00 -9.000000000000000000e+01
8.461978658340416071e-02 4.143997025205961027e-01 4.064913112511190363e-01 1.625174405877528594e-01 -3.202898464138194679e-01 -1.126945755900475993e-01 -3.171264899060287079e-01 -2.649311075274803362e-01 inf 0.000000000000000000e+00 -9.000000000000000000e+01
9.396047958545065037e-09 4.203720697249855864e-01 4.839468580475914106e-01 6.201785473103182955e-01 -3.347407221884144413e-01 -2.160245358308953700e-01 -6.973765045591967526e-02 -4.930289706651065640e-02 inf 0.000000000000000000e+00 -9.000000000000000000e+01
1.287507618291995892e-01 4.212493753613712477e-01 6.241682817854463661e-01 7.577351569000275733e-01 -1.409515821521661327e-01 -4.443667191312025699e-01 4.109750003525572959e-01 -3.339171877864528099e-02 inf 0.000000000000000000e+00 -9.000000000000000000e+01
1.451190911582837251e-01 3.056850323558245597e-01 4.487716432457849458e-01 5.967362067797212788e-01 -2.707263717406637737e-01 -7.337253768647118701e-02 -3.999921168060256993e-01 -2.601574743453825833e-02 inf 0.000000000000000000e+00 -9.000000000000000000e+01
5.677258809055124589e-01 7.729678903290795322e-01 7.593126759924309632e-02 2.143454856479995729e-01 -1.329314425954051387e-02 -1.000137768797506508e-05 2.565525117794589804e-01 -3.086906028830264104e-01 inf 0.000000000000000000e+00 -8.000000000000000000e+01
1.779277406608062162e-01 7.415990870586883776e-01 3.651955202014447455e-01 4.670019439916173187e-01 -9.171918179995364184e-01 1.061028416748954539e+00 -2.101508747962277934e-01 -2.017448398043786839e-01 inf 0.000000000000000000e+00 -9.000000000000000000e+01
8.509233514587378755e-01 5.977217688295525244e-01 9.982783708576901116e-01 9.339402637961757847e-01 -5.694441330646127231e-02 5.157425678963326598e-01 1.582509891432408999e-01 1.338647711441185162e-01 inf 0.000000000000000000e+00 -9.000000000000000000e+01
5.082010118979116697e-01 6.580726239857676019e-01 4.509773054643665957e-01 7.302834916280982469e-01 -7.749043579542552740e-02 6.744222543953519444e-02 1.233034626722815108e-01 -5.177382963035024460e-02 inf 0.000000000000000000e+00 -9.000000000000000000e+01
3.706350549093300750e-01 2.469203319107487471e-01 1.826446785009919888e-02 5.620619514009620454e-01 -4.398745706616224993e-01 -1.145506694431308592e-01 -2.291013388862617184e-01 -1.893904401459763631e-01 inf 0.000000000000000000e+00 -9.000000000000000000e+01
2.496868794764957669e-02 3.299088575276537538e-01 4.149634848590019742e-01 -2.149562399828619075e+00 -7.448723423866557836e-01 8.713462396011041393e-10 -4.497585596763717386e-01 2.055486827174249076e-01 inf 0.000000000000000000e+00 -2.000000000000000000e+01
4.901311516134401747e-01 1.835168482423595315e-01 2.755576059762198105e-01 3.352711650581568191e-03 -4.212417501193852498e-01 4.640858758436591618e-03 -2.392777367467687627e-02 -3.083083050471639996e-01 inf 0.000000000000000000e+00 -9.000000000000000000e+01
3.516435739796339166e-01 3.021163100388403744e-01 3.153235804230519745e-01 3.244035788121974462e-01 -2.327781405217294874e-01 -3.012908556398271598e-01 -3.755817515510174315e-02 -7.717998630773655055e-02 inf 0.000000000000000000e+00 -9.000000000000000000e+01
4.478225771712086023e-01 2.329056109600788904e-01 3.872292474905376647e-01 -5.798971004595460284e-03 -3.929098721481005807e-01 -7.029773013734087750e-02 5.633286118749875754e-02 -2.707764420104982195e-01 inf 0.000000000000000000e+00 -9.000000000000000000e+01
1.860353702092932271e-01 3.821267063758455595e-01 7.821306855645961120e-02 2.636897739903495408e-01 -2.184379271826836499e-01 -4.715130704403708295e-01 -2.520974799007314610e-02 -1.189955971608992746e-01 inf 0.000000000000000000e+00 -9.000000000000000000e+01
5.554738477569489685e-01 2.009454234021413044e-01 2.970497563336001456e-01 1.269128989908260841e-01 -9.817356498022235256e-02 -3.338361038671729397e-01 -6.529576687209168173e-02 -2.611830674883667269e-01 inf 0.000000000000000000e+00 -8.000000000000000000e+01
4.012345625782405834e-01 1.897310722269199557e-01 8.252783250963293682e-01 2.047644085509108813e-01 -8.045426887873764477e-01 9.310300702719896959e-01 -1.907678540423675961e-01 1.246730133075799191e-01 inf 0.000000000000000000e+00 -9.000000000000000000e+01
1.432184671916618413e-01 6.673478050193927258e-01 1.083560771515862560e-02 6.251360462681661012e-01 -5.427226125157711412e-01 7.663444297097694868e-02 -9.328044902614816836e-03 -2.719894574297788623e-02 inf 0.000000000000000000e+00 -9.000000000000000000e+01
3.368223230987925643e-01 3.818625174666543387e-01 2.315653471304198741e-01 3.201770338758871404e-01 -2.888447247504180582e-01 1.774681571559771909e-02 -5.287327164922906997e-01 -2.927612633911016449e-01 inf 0.000000000000000000e+00 -9.000000000000000000e+01
4.094932486508838232e-01 3.264726996093347822e-01 2.916938209567939699e-01 2.249408119301430364e-01 -1.251618919249704830e-02 -4.319312348783295175e-01 -9.010253844458660302e-03 -1.088242332031115894e-01 inf 0.000000000000000000e+00 -8.000000000000000000e+01
2.379830352504259949e-01 2.508469831018003693e-01 5.885256142003777446e-01 4.044103605775820065e-01 -1.033135811813504779e-01 -2.299430678433170006e-01 -2.046171705109237071e-01 -1.254234915509001846e-01 inf 0.000000000000000000e+00 -9.000000000000000000e+01
4.855177987298068820e-01 1.375633763067786175e-01 4.475207536118220308e-01 8.697101438116541239e-01 -4.376696678404926044e-01 -4.520944720056535582e-02 3.595646306535236758e-01 1.046677863203750343e-02 inf 0.000000000000000000e+00 -9.000000000000000000e+01
1.630274808817444021e-01 3.418064091916767078e-01 1.181358557114089991e-02 2.795881918503346358e-02 -4.930203045022802377e-01 -2.567485930794622395e-01 -1.453071025250330661e-01 -2.717124681362406702e-01 inf 0.000000000000000000e+00 -9.000000000000000000e+01
2.569686878944749675e-01 3.364329006168628178e-01 1.306128496451585894e-02 1.759739818172076525e-06 -5.252894061778624613e-01 -1.682164503084314089e-01 1.924685152301991165e-01 -1.001042679749561126e-01 inf 0.000000000000000000e+00 -9.000000000000000000e+01
1.952113916296662199e-01 6.551729967999956328e-01 3.535588294751894622e-01 1.340507410332472116e-01 -6.555919053657245643e-02 -1.227402097585669621e-01 -1.466179980051141307e-01 -3.319850383401512506e-02 inf 0.000000000000000000e+00 -9.000000000000000000e+01
2.889165937639728843e-01 2.954616298686583709e-01 2.412313307155501962e-01 3.856896275975366800e-02 -4.805926511154759440e-01 -1.393157685140193058e-01 2.203105903095019941e-02 -3.618469960733252666e-01 inf 0.000000000000000000e+00 -9.000000000000000000e+01
2.352079425912394772e-01 4.936724008544217113e-01 1.109970066160905454e-02 4.981651368365015708e-02 -4.936724008544217113e-01 5.404497107854884519e-02 -4.112174816538973210e-01 -1.479960088214540559e-01 inf 0.000000000000000000e+00 -9.000000000000000000e+01
4.977779102012723222e-01 5.037873014713077913e-01 5.648827793833351985e-01 5.208139100697416479e-01 -1.747731294368652377e-01 -8.237873866006971413e-02 4.947732145662545600e-01 -4.116433019974304330e-01 inf 0.000000000000000000e+00 -9.000000000000000000e+01
1.738815011572648062e-01 4.763199415587633379e-01 1.553396349201157101e-01 1.524553446165591852e-01 -1.351496027952200363e-01 -3.428185046512898793e-01 -2.332154731161419081e-01 1.063066997596547880e-01 inf 0.000000000000000000e+00 -9.000000000000000000e+01
2.564089796769328244e-01 1.919318678283473967e-01 1.360766953548634972e-01 8.696912760971990952e-01 -6.807583437036697216e-01 -5.772950712024511877e-02 6.837572791384876059e-01 4.438424443530533670e-01 inf 0.000000000000000000e+00 -1.000000000000000000e+01
1.996589588310728192e-01 3.353851276952404259e-01 1.008251540133816571e+00 1.048078524047626248e+00 -1.029213110614769056e+00 1.190617203318103501e+00 -2.436782568410731098e-01 -1.249833639926794387e-01 inf 0.000000000000000000e+00 -9.000000000000000000e+01
3.031195482176878286e-01 1.069171673787636416e-03 4.417742326499370931e-01 4.501775468579521933e-01 -1.266499498493705578e-01 -2.719072383022031469e-01 -5.174040605220731059e-01 -1.368539742448174612e-01 inf 0.000000000000000000e+00 -9.000000000000000000e+01
6.820484673126726571e-01 1.286551372450261133e-01 2.154532949069101477e-01 2.299930878147384283e-01 -2.053194998499389134e-01 -8.261245970356984047e-02 -1.665467187623967948e-01 -1.414325310125115753e-01 inf 0.000000000000000000e+00 -9.000000000000000000e+01
2.981947673373577801e-01 1.608296368098208473e-01 3.373022778078309247e-02 5.059534167117463871e-02 -5.142637626867219147e-01 -2.453996282022190278e-01 -3.898529950025292345e-02 -2.847515606131326496e-02 inf 0.000000000000000000e+00 -9.000000000000000000e+01
4.927202103772936742e-02 2.239107228223441159e-01 5.597768070558603037e-01 5.714388238695240485e-01 -2.769728993245141879e-01 -2.553981682192362768e-01 -1.586034286658270787e-01 -2.233276219816609232e-01 inf 0.000000000000000000e+00 -9.000000000000000000e+01
3.404951696472034717e-02 6.376390745874446209e-01 6.263745727344545433e-02 1.761358471558465977e-01 -6.512930162274327417e-01 8.250367568108048276e-06 2.116360954198156785e-01 -2.546460115857782092e-01 inf 0.000000000000000000e+00 -9.000000000000000000e+01
2.884732177255777685e-01 2.640263348674779520e-01 3.334554821844813999e-01 3.608359909855531900e-01 -2.307785741804622148e-01 -3.882164997866249800e-01 1.923435054581865705e-09 -2.659820854961259529e-01 inf 0.000000000000000000e+00 -9.000000000000000000e+01
3.206179466679683343e-01 2.349000380472261451e-01 1.015427532891868712e+00 3.667737436175987353e-01 -3.758400608755618211e-01 3.519379517409317870e-01 -8.283317131139027178e-02 -5.044169238066751326e-01 inf 0.000000000000000000e+00 -9.000000000000000000e+01
4.553038090390922887e-01 5.749758071853189323e-01 4.181642234075046982e-01 8.748435726551743175e-01 -2.420950767096080036e-01 9.284896407896897630e-02 9.903889501756690805e-02 -7.582665399782466398e-02 inf 0.000000000000000000e+00 -9.000000000000000000e+01
-1.900828861703040829e-01 1.293906602871227329e-01 3.016532758789607915e-01 8.925631176692538915e-01 -1.797522945306136433e-01 -4.132236655876175280e-01 -3.037193942068989183e-01 -2.820251517635489757e-01 inf 0.000000000000000000e+00 -1.000000000000000000e+01
4.992503213666873996e-01 3.778110540072228685e-01 4.226011541598648918e-02 2.121439053254842722e-01 -3.058470437201328274e-01 -4.469639701424735212e-02 1.967765906287619049e-02 -2.391304091831430445e-01 inf 0.000000000000000000e+00 -9.000000000000000000e+01
6.843098273137792065e-01 1.959477479092319452e-01 4.210992467087820712e-02 -5.652338881997075459e-01 -1.503522142611221912e-01 -1.831357797767052265e-01 -7.041872190488022293e-03 -1.232209876275362354e-01 inf 0.000000000000000000e+00 -1.000000000000000000e+01
8.864040844387262030e-01 1.513056056221415258e+00 1.298760563280184910e-01 2.110485915330300166e+00 1.831252394225060698e+00 8.604288731731224438e-02 2.668952957540779991e+00 -1.474093239323009730e+00 inf 0.000000000000000000e+00 -2.000000000000000000e+01
1.557558252187021541e-01 2.616492245423082674e-01 1.310816350850463885e-01 -2.650547768263805497e-03 -1.619243727521161025e-01 -7.073267838314659661e-01 8.738775672336425437e-02 -7.684982135378208568e-02 inf 0.000000000000000000e+00 -9.000000000000000000e+01
3.522466791958153154e-01 2.745773803669243618e-01 2.795000824053752164e-01 1.969080815380334082e+00 -6.002961652444212953e-02 5.436850918022366752e-01 1.586203990167491251e-01 -2.362896978456401065e-01 inf 0.000000000000000000e+00 -9.000000000000000000e+01
-6.961600955314420913e-01 4.514163119461694906e-01 8.031221935427834691e-01 -3.115950948423609757e-02 -5.058038194095634266e-01 -3.739141138108331708e-02 -3.517058815966139784e-01 1.266209158132139585e-02 inf 0.000000000000000000e+00 -1.000000000000000000e+01
2.036477197948907136e-01 1.079246987604990604e+00 0.000000000000000000e+00 0.000000000000000000e+00 0.000000000000000000e+00 0.000000000000000000e+00 0.000000000000000000e+00 0.000000000000000000e+00 inf 0.000000000000000000e+00 -9.000000000000000000e+01
3.724017859379603057e-01 2.074136529274715479e-01 -3.130355202207933674e-02 7.165198919312654180e-01 -5.538887322494978616e-01 2.186645178012894817e-04 7.498121401994532753e-02 -1.178486664360633845e-01 inf 0.000000000000000000e+00 -9.000000000000000000e+01
3.338682481025485038e-01 5.554353582069671003e-01 8.403615563035737868e-02 3.915364000475341499e-01 -1.783159961456793341e-01 -2.646285261949177237e-02 -4.476869690465991591e-01 -2.134101017700949440e-02 inf 0.000000000000000000e+00 -8.000000000000000000e+01
8.492540929008125169e-09 7.297817230856121773e-01 9.527705829173269136e-02 2.814872360473075208e-01 -2.988629913588697340e-01 -1.928708839583403445e-01 -5.603681087978807512e-02 3.598229329102670820e-02 inf 0.000000000000000000e+00 -9.000000000000000000e+01
3.487781804939183439e-01 4.674162828102639833e-01 4.941767570169585122e-01 6.506096736043280284e-06 -1.913373905778656958e-01 -1.128399995715618220e-01 -5.508197607544618873e-02 -3.400810263767426594e-02 inf 0.000000000000000000e+00 -9.000000000000000000e+01
0.000000000000000000e+00 3.045608579426669626e-01 3.940122987370167085e-01 4.025314835745738562e-01 -1.102169538358952205e-01 -4.334135286107184126e-01 -1.805002287457414534e-01 -1.884869645309512343e-01 inf 0.000000000000000000e+00 -9.000000000000000000e+01
4.158203269067873298e-01 5.996864578519653932e-01 1.668938727040847059e-01 4.959671019341726494e-01 7.052916202409907909e-01 -5.902574254958024014e-01 -8.108967826300160497e-02 1.100839527582027633e-01 inf 0.000000000000000000e+00 -1.000000000000000000e+01
2.019365583956374277e-02 6.371592667700113344e-01 1.287875113684065487e-01 3.916345374945695568e-01 -6.597535670100825866e-01 6.156946815419435393e-02 5.919979699769428336e-10 -1.520408120321465988e-02 inf 0.000000000000000000e+00 -8.000000000000000000e+01
5.372312971624615408e-01 -7.265413733054242318e-01 1.769452288273186749e-02 1.863254578253934202e-01 -7.009589305834021955e-01 7.696051518874945374e-02 -1.001979006612527534e-01 -5.594027475215472833e-01 inf 0.000000000000000000e+00 -1.000000000000000000e+01
4.711373639307804839e-01 6.100786776905280373e-01 4.180870441316041353e-01 9.271174936332248206e-01 -1.682492471309443571e-03 -6.252359119188641290e-02 1.143108081387014252e-01 -4.831368410282132347e-02 inf 0.000000000000000000e+00 -9.000000000000000000e+01
7.680902372368362263e-01 3.998169920729732763e-01 1.738849048364706218e-01 -7.269847920459018321e-03 -3.911424616729679005e-01 8.674530400005336928e-01 3.233234058183807602e-01 -8.264461690186902798e-01 inf 0.000000000000000000e+00 -8.000000000000000000e+01
1.139096219317443232e-01 4.396511723681360007e-01 5.515623798800252109e-01 5.355750645211838634e-01 -5.633030645966742578e-02 9.017845069596426566e-02 -4.196670281695843441e-01 -3.197463071768261861e-02 inf 0.000000000000000000e+00 -9.000000000000000000e+01
1.741875630457313529e-01 3.678919398780992611e-01 9.416862652052143678e-02 -6.632667185302271000e-03 -3.874087536647358720e-01 -3.366650378194807613e-01 -8.880150272919637433e-02 9.636426807151804441e-02 inf 0.000000000000000000e+00 -1.000000000000000000e+01
3.514917226145881091e-01 2.391211172061875703e-06 9.951554060926877110e-01 4.993484422030923797e-01 -7.680581092396855658e-02 -1.983227855558380992e-01 -6.817345753481934834e-02 -2.331012093063526865e-03 inf 0.000000000000000000e+00 -8.000000000000000000e+01
1.969581145406197609e-01 4.199943069646665528e-01 3.355836864472580561e-01 1.334785828506987460e-01 -1.094593005896475624e-01 -2.333301705359258627e-01 -2.662709004939389223e-01 -3.314660952025064167e-01 inf 0.000000000000000000e+00 -8.000000000000000000e+01
2.437559662958309892e-01 8.110817993560394124e-01 4.520990082846717412e-02 9.707096002931321632e-02 -2.034894939873751196e-01 -5.932114224013585596e-02 8.898171336020378741e-02 -3.882838401172528653e-01 inf 0.000000000000000000e+00 -8.000000000000000000e+01
6.170169422866319531e-01 6.594927462846246480e-02 1.189322511943797789e-01 3.854120320659976118e-01 -2.316049102206343135e-01 -2.620086436086712656e-01 -1.232357208099658930e-02 6.729061580734645165e-02 inf 0.000000000000000000e+00 -8.000000000000000000e+01
3.419222920040706493e-01 2.591587054309582028e-01 3.979340122101164279e-01 1.070074654682666021e-01 -3.385783087081872811e-01 -2.407667973035998443e-01 1.214806431707616402e-02 -2.792226052062581898e-01 inf 0.000000000000000000e+00 -9.000000000000000000e+01
1.123041277085934375e-01 3.448960888870546970e-01 3.757664178306491243e-01 2.187535378589189616e-01 -4.800868397779681218e-01 -9.480650591513367989e-03 -4.279266288043085953e-01 -3.619279945111067986e-01 inf 0.000000000000000000e+00 -8.000000000000000000e+01
2.720776607747235620e-01 -1.194517737859820844e-06 4.248134099822645227e-01 6.829313517433956149e-02 -7.335695481652505512e-01 5.597573604469915920e-02 -3.366755762101709959e-02 -2.386838231343651195e-01 inf 0.000000000000000000e+00 -8.000000000000000000e+01
3.154030554003266484e-01 3.726608408422320551e-01 1.858451849512693932e-01 3.309305904354196137e-01 -4.202139168872043862e-01 1.698324144463297242e-02 -4.658260510527901244e-01 -6.356584654991198624e-02 inf 0.000000000000000000e+00 -9.000000000000000000e+01
7.172272562126316142e-01 -1.152999806747690148e-01 1.845676496732994443e-01 -6.726745545545578450e-03 -3.060052719049002889e-01 -5.480037104314117169e-02 4.384029683451293180e-02 -3.875482240170943227e-01 inf 0.000000000000000000e+00 -8.000000000000000000e+01
2.403895398780598602e-01 2.005616871171978788e-01 5.158655214740219819e-01 3.527609815962061690e-01 -3.309504907985912903e-01 -2.256911656448846171e-01 -2.200014723933328975e-01 -1.270698159513215797e-01 inf 0.000000000000000000e+00 -9.000000000000000000e+01
2.508072790928868590e-01 3.023430213722471671e-01 3.052879209310677688e-01 4.692206630387472654e-01 -2.454082965683824502e-01 -4.525328988720972445e-01 1.580429429900382932e-01 -1.357414640393865470e-03 inf 0.000000000000000000e+00 -9.000000000000000000e+01
5.871134378062133896e-01 -2.955582419865369626e-01 6.765148021994322747e-01 2.715399649853736941e-01 -2.128286212047523496e-01 -2.481888623453538389e-01 -6.151347609742371381e-01 9.407158492122282001e-02 inf 0.000000000000000000e+00 -9.000000000000000000e+01
5.863817055296736136e-01 2.196479967201452888e-01 3.245691380105718560e-01 4.422377076820782626e-01 -4.530239932352996823e-01 4.226262794034938430e-01 -6.138377051196917122e-01 2.647542817608894428e-01 inf 0.000000000000000000e+00 -9.000000000000000000e+01
2.523038557519932820e-09 2.196433983741937490e-01 3.329925611326106649e-01 1.030960019777800163e+00 -6.490532971228851755e-01 -2.158807705647857178e-01 -8.748109656873669093e-02 -4.637438775095396593e-01 inf 0.000000000000000000e+00 -9.000000000000000000e+01
3.173871953515932098e-01 4.341951222653765985e-01 2.227019818684506519e-02 7.220853663761154229e-01 -2.589832318947015155e-01 -2.601631099443357242e-01 -5.294702747733362469e-02 0.000000000000000000e+00 inf 0.000000000000000000e+00 -9.000000000000000000e+01
1.694152633959652432e-01 3.573832069332754102e-01 3.720300596764424261e-01 3.183249329514966641e-01 -1.391451010600867344e-01 -3.222307603496745165e-01 -1.977325120327548258e-01 -8.885757330854661407e-02 inf 0.000000000000000000e+00 -9.000000000000000000e+01
1.655388421934594623e-01 3.242006998447574118e-01 3.025873198551069509e-01 8.409569668700374034e-01 -5.364047942885986631e-01 -1.665212685566254125e-01 1.811348607087186202e-02 -6.876984542161521108e-02 inf 0.000000000000000000e+00 -9.000000000000000000e+01
1.326808205897251902e-01 3.736842117689020970e-01 2.550452058852168968e-01 5.176128125058123905e-03 -3.198094941212382691e-01 -3.312722000037199299e-01 -1.948660000021882055e-01 2.195108176495237651e-01 inf 0.000000000000000000e+00 -1.000000000000000000e+01
2.140849306101755001e-01 4.622084694345211520e-01 3.475521049236321991e-01 2.158764363056581426e-01 -3.273510849518526410e-06 -3.744246903558717809e-01 -4.042084725432706915e-02 -2.418532688901564032e-01 inf 0.000000000000000000e+00 -9.000000000000000000e+01
3.246281493231150117e-01 3.686779866943931672e-01 4.242190859886134646e-01 -5.649870445446545375e-01 -1.050971663369081877e-01 -3.562291196112059022e-01 -7.014457798795922794e-02 -1.699749159435189408e-02 inf 0.000000000000000000e+00 -1.000000000000000000e+01
1.828778002469064468e-01 -2.046843672140172543e-01 1.225132580515861047e+00 6.541970090133238935e-01 -5.967069688273045625e-01 1.744525357368863772e-01 9.243010771286735983e-02 -4.123423571962768763e-01 inf 0.000000000000000000e+00 -8.000000000000000000e+01
2.609118397538481293e-01 3.392845977027226789e-01 1.899795335089806692e-01 9.350167641368892224e-02 -1.656740579425575732e-01 -4.216255965604009948e-01 -1.061504443105009549e-01 -1.924596840769830508e-01 inf 0.000000000000000000e+00 -9.000000000000000000e+01
