4.012003694670610576e-01 1.205085001869084754e-05 0.000000000000000000e+00 1.844583442860945759e-05 -6.065391412415411798e-01 3.064450820752958032e-04 0.000000000000000000e+00 0.000000000000000000e+00 1.314787073623099786e+04 0.000000000000000000e+00 0.000000000000000000e+00
6.324176268321383132e-01 1.088442235439867240e-04 6.893921878080067067e-01 8.320073747091137227e-09 -4.244604792702189600e-01 2.165033317082996067e-01 -9.644493649689318471e-08 0.000000000000000000e+00 2.253331825193232362e+04 0.000000000000000000e+00 0.000000000000000000e+00
6.533908297190919034e-01 5.508328730392760317e-10 3.076520358658790011e-10 7.481203552173988358e-01 -3.534139989744530252e-01 2.103797009965201992e-09 8.654215574550015800e-06 1.708373657984645713e-08 3.289852713004111865e+04 0.000000000000000000e+00 0.000000000000000000e+00
5.602016550260972005e-01 3.304638744783483374e-08 3.533760364421804782e-06 7.008588004561637490e-08 -4.481613240208777715e-01 2.346205385096412303e-03 5.744391568080664717e-10 -7.490514488175895648e-08 3.962654013546001079e+04 0.000000000000000000e+00 0.000000000000000000e+00
3.338819624438533751e-01 0.000000000000000000e+00 0.000000000000000000e+00 1.137528081349407527e+00 -6.735874474884716578e-01 5.216905663185208986e-03 -2.104202502229499529e-04 -6.826476920547648693e-09 6.265504423572275846e+04 0.000000000000000000e+00 0.000000000000000000e+00
5.889567481193517251e-01 5.974222455255846498e-01 3.349918259323622638e-01 4.816316491321690144e-06 -2.690818818409769150e-02 -1.259439082500786907e-06 1.753065389561534897e-06 -1.360932341896454639e-07 7.663517784412545734e+04 0.000000000000000000e+00 0.000000000000000000e+00
5.315486450874952196e-01 0.000000000000000000e+00 1.083346762368799787e+00 4.745970045424064560e-02 -3.982396198115837338e-01 -7.593552072678503781e-03 6.487423958881212352e-09 4.274659197712426800e-10 9.897141459089890122e+04 0.000000000000000000e+00 0.000000000000000000e+00
3.181835960043812306e-01 8.177615785159330838e-03 1.288594002509955150e+00 2.070222169066797122e-07 -4.757885547729064912e-01 3.009857254022229452e-06 0.000000000000000000e+00 1.796839405918798153e-05 1.135674571407139156e+05 0.000000000000000000e+00 0.000000000000000000e+00
6.470137630176959753e-01 0.000000000000000000e+00 9.417985177046717457e-07 1.181253497148664115e-04 -3.611074620350956943e-01 2.029738184708344371e-08 1.096058619742505934e-07 -1.840295954135565422e-06 1.240750388589661015e+05 0.000000000000000000e+00 0.000000000000000000e+00
4.007762798696734019e-01 2.017599826946906991e-06 9.840031423910139408e-01 3.779699570382150011e-03 -4.581764631758158401e-01 -1.283816599838276118e-01 1.356796782849954840e-06 1.389910249002002546e-09 inf 0.000000000000000000e+00 -9.000000000000000000e+01
3.239229490785133225e-01 5.125363118330906742e-01 0.000000000000000000e+00 1.197085949675268751e-05 -4.318972654380177634e-01 1.988747668310690282e-04 0.000000000000000000e+00 0.000000000000000000e+00 inf 0.000000000000000000e+00 -9.000000000000000000e+01
1.728828119699337418e-01 2.835831037409649206e-05 1.320196018679494099e+00 6.381837652732965901e-09 -5.716920259460308573e-01 3.946200530222036084e-08 1.399929275338590082e-05 2.763511350541247808e-08 inf 0.000000000000000000e+00 -9.000000000000000000e+01
1.648101713962040003e-03 5.392886209896841088e-02 1.316498692415993599e+00 -5.560794316845605071e-04 -7.629347844001118650e-01 6.324745224106956276e-02 -2.523123291831277636e-06 7.638952412318915478e-08 inf 0.000000000000000000e+00 -9.000000000000000000e+01
5.173728002094123424e-01 6.308074783301925725e-01 8.891846849093307610e-07 1.637999561993212352e-05 -1.577018695825481431e-01 5.252406018168749753e-03 2.453833106723078716e-07 0.000000000000000000e+00 inf 0.000000000000000000e+00 -9.000000000000000000e+01
1.369408275242557649e-01 0.000000000000000000e+00 1.496567615086509262e-01 2.425808944715387716e-01 -8.549020232585681223e-01 -2.060225842664026308e-02 2.708953878746296596e-06 1.865670715390011327e-09 inf 0.000000000000000000e+00 -9.000000000000000000e+01
4.236723488223043121e-02 3.534891387870283452e+00 2.399183311446095868e+00 3.613139306255638610e-07 -4.542832305696749562e-01 7.098175477651171017e-02 1.580453133695768758e-02 6.414479215643810903e+02 inf 0.000000000000000000e+00 -2.000000000000000000e+01
3.194145080757868627e-01 9.627117865070497342e-10 1.352084713796534610e+00 3.519366223698091737e-07 -3.421559940876551797e-01 5.314169061518914136e-09 2.396767263687950828e-08 4.830502659977772662e-07 inf 0.000000000000000000e+00 -9.000000000000000000e+01
2.066857878260457970e-01 2.778156711803306017e-05 1.296779145191730098e+00 6.696096287741396658e-10 -6.205218259226903399e-01 3.731819243772776614e-08 1.445639358670938387e-02 8.674652589916445603e-06 inf 0.000000000000000000e+00 -9.000000000000000000e+01
5.150165334876174450e-01 4.673482600047943044e-05 1.186925520885369956e+00 1.419739480281825047e-04 -4.058739568544799670e-01 2.439526691283377846e-08 1.317344413293024202e-07 -2.211837533430262492e-06 inf 0.000000000000000000e+00 -9.000000000000000000e+01
9.736286054106664216e-11 1.682906064308801302e-14 2.440776944693406111e-11 5.314054199641550451e-12 -1.009138249138147980e+00 2.011629350022037912e-11 7.750494550789865139e-17 -2.187646918148966358e-12 inf 0.000000000000000000e+00 -9.000000000000000000e+01
6.046030119181001750e-01 0.000000000000000000e+00 1.356864845228739735e+00 1.631971375056108639e-04 -4.551982247320680158e-02 2.060668333279802719e-04 6.945773692811096168e-08 -9.864901595488417992e-06 inf 0.000000000000000000e+00 -9.000000000000000000e+01
4.574452876956096037e-01 5.674867982545932499e-01 4.619924575534188338e-01 1.860366696357883604e-07 -1.468735864072384656e-01 2.721196961782717215e-03 4.774528350699702023e-03 9.973993943177464997e-09 inf 0.000000000000000000e+00 -9.000000000000000000e+01
7.830123426637355388e-01 1.032633028982020889e-05 7.718264520542535978e-01 9.228359752822597184e-02 -1.794403285271060633e-01 6.855773002332424615e-06 9.612874742523539818e-04 -5.313298039503919906e-02 inf 0.000000000000000000e+00 -9.000000000000000000e+01
9.515144624959850361e-01 6.204987937525826707e-10 2.329940444612858541e-01 5.099492293869652970e-01 -4.347268334812252194e-02 2.109273741221682715e-06 3.339062318259059089e-05 5.659094570588070652e-10 inf 0.000000000000000000e+00 -9.000000000000000000e+01
6.065664009724012207e-01 4.431802079937389562e-09 1.165591937352459379e-04 2.451946842640452193e-02 -4.011164909656201316e-01 5.318162495924867408e-07 6.764329490430752847e-08 0.000000000000000000e+00 inf 0.000000000000000000e+00 -9.000000000000000000e+01
6.472002235716999285e-01 5.111948855705075188e-10 1.262562861975980087e-05 1.016285951611814988e-08 -3.604659473057569286e-01 0.000000000000000000e+00 0.000000000000000000e+00 -1.964097790828376461e-03 inf 0.000000000000000000e+00 -9.000000000000000000e+01
9.709635143895575027e+00 3.989167687662682930e-08 3.968498425032306046e-08 -2.971307784687567234e+09 -4.648921290994645350e-02 2.062792410511583989e-07 6.095613580849621816e-04 -1.032867856755074820e-04 inf 0.000000000000000000e+00 -2.000000000000000000e+01
9.046880928189500182e-01 0.000000000000000000e+00 1.593801351871895715e-06 -4.573147345637759484e-06 -2.632174407986169126e-02 -1.905192904828084399e-01 8.840284831716114279e-07 -3.721079892242352342e-04 inf 0.000000000000000000e+00 -9.000000000000000000e+01
3.679499189123640601e-01 1.079307293892974627e-08 3.090393019736391023e-01 5.234353177178512340e-01 -6.547770210566478122e-01 8.160569067741407778e-02 1.961675256668607339e-03 -1.084051926454405873e-01 inf 0.000000000000000000e+00 -9.000000000000000000e+01
8.342360543106380755e-01 2.515660076195494824e-02 6.482771717314079980e-10 -3.958944560191804103e-08 -4.994789114980890399e-01 1.261981292348895112e+00 2.399120403476233314e-08 3.365102876163033785e-08 inf 0.000000000000000000e+00 -1.000000000000000000e+01
2.694338305936644917e-01 0.000000000000000000e+00 1.498725682677258704e-03 5.968783718584694765e-10 -7.386079409340988722e-01 6.330122643252377832e-10 7.612909015472030727e-05 2.751528996728728980e-09 inf 0.000000000000000000e+00 -9.000000000000000000e+01
1.879224167808658114e-03 4.529504410242430369e-07 3.085907520784520360e-06 7.555797808466339991e-05 -1.005061751099091794e+00 -2.764458820702799410e-06 1.904035624063602331e-08 0.000000000000000000e+00 inf 0.000000000000000000e+00 -9.000000000000000000e+01
5.036543988315239450e-05 5.874094272086412380e-07 3.499678565595046309e-02 -4.777971417486554790e-08 -1.004960329151924903e+00 4.604840217888218554e-03 2.316810234625010052e-04 -7.166957126229832714e-07 inf 0.000000000000000000e+00 -9.000000000000000000e+01
6.736810847877973130e-01 5.179816577576361500e-10 8.898857119987648900e+01 3.312408131735059252e-03 -2.450359652878489759e-05 1.090924681301021110e+03 3.487256794480987286e-09 1.192309148168923764e-05 inf 0.000000000000000000e+00 -2.000000000000000000e+01
7.704683581611504462e-01 3.685701051763263791e-01 1.744826561738991866e-01 1.201401807476898960e-09 -5.440330009916519854e-02 5.360662168316375941e-09 2.076882740272184905e-02 6.239986044427128020e-08 inf 0.000000000000000000e+00 -9.000000000000000000e+01
3.433170404434835454e-01 8.805985105160538673e-01 2.089966729253409927e-01 3.803166077779792446e-06 -4.318739253460135083e-04 4.581557267239781212e-05 0.000000000000000000e+00 4.422151704616885635e-09 inf 0.000000000000000000e+00 -9.000000000000000000e+01
9.842130240269747476e-01 1.034038047311489174e-09 9.211745865376437248e-01 5.845810243170936326e-05 -1.583705704943973451e-04 7.346011465490591419e-02 5.879941831639556502e-06 0.000000000000000000e+00 inf 0.000000000000000000e+00 -9.000000000000000000e+01
6.822231650687107241e-01 1.585090996906855668e-04 1.114517107200132867e-03 0.000000000000000000e+00 -3.258947089640495398e-01 0.000000000000000000e+00 1.746270293833541655e-06 3.436665833740644235e-10 inf 0.000000000000000000e+00 -9.000000000000000000e+01
1.315976834764824273e-03 9.271515010122491907e-01 5.198804975311599463e-01 8.247765677495416811e-06 -2.239497486042158075e-05 -4.195478026920411006e-06 2.908554519516070271e-08 -2.255248427440152769e-07 inf 0.000000000000000000e+00 -9.000000000000000000e+01
9.260555876675523601e-01 0.000000000000000000e+00 5.024849857631095937e-06 9.257905192241533757e-05 -1.015368060831610408e-01 5.338790295281686804e-02 7.289838998002688561e-07 -2.681868956741968648e-03 inf 0.000000000000000000e+00 -9.000000000000000000e+01
3.352707292548078923e-10 8.076545514680713795e-14 1.540440316347712280e+00 2.292583474356862876e-07 -2.503948835099030170e-09 1.311886272968050537e-16 0.000000000000000000e+00 2.575971021819856296e-16 inf 0.000000000000000000e+00 -9.000000000000000000e+01
3.206099774691379967e-01 3.225546886561082934e-09 8.495143352048497576e-01 2.123785838012124394e-01 -9.611492318183075811e-01 1.042833302511081639e+00 4.121429348105459871e-05 3.334586600493572273e-10 inf 0.000000000000000000e+00 -9.000000000000000000e+01
5.681237890047947242e-03 2.290821729858043205e-06 1.901382035782175851e-04 1.020690834226301056e-08 -1.512903259207434531e-10 -1.208408462500117856e-04 -1.538845752101761333e+00 5.709157279880592439e-06 inf 0.000000000000000000e+00 -9.000000000000000000e+01
2.244681007209913659e+01 7.835763096034606967e+00 -5.461299673486034301e-05 1.827301426883070345e-01 -4.013619255017726317e-01 1.091963665617622792e+04 2.249643199155729717e-09 8.285271294451589955e-09 inf 0.000000000000000000e+00 -2.000000000000000000e+01
2.783099395500757134e-01 1.042128260513308309e-07 1.246418747678253114e+00 2.785233674178288349e-02 -6.010128755928014765e-01 1.638225625526920561e-04 1.985254336277852369e-05 1.249230898222740203e-08 inf 0.000000000000000000e+00 -9.000000000000000000e+01
8.526142206349579533e-01 7.793540772059720951e-09 1.038981918472927690e-05 2.874787209316368658e-09 -1.564112893178713493e-01 3.604439083108073103e-07 1.267449525032435416e-02 -1.472832157980191691e-07 inf 0.000000000000000000e+00 -9.000000000000000000e+01
2.135622562534521042e-09 8.582578728274397306e-10 1.012528165516155543e-01 2.857215168988164524e-09 -1.017419605929277049e+00 3.839780724300396325e-02 8.221782425047575771e-09 1.421574870063443095e-02 inf 0.000000000000000000e+00 -9.000000000000000000e+01
1.040866410442932834e-04 1.650115428487299531e-08 3.548408217419089453e-05 6.091676123498948228e-09 -1.007710084059368905e+00 1.863255338000242436e-09 3.020371280303153433e-06 -1.179282492892256853e-07 inf 0.000000000000000000e+00 -9.000000000000000000e+01
6.143725344402075489e-04 1.046717054849843465e-05 -9.867790136837424342e-01 8.597633135023313722e-02 -2.274360551984833556e+00 -1.549866666473535826e-01 1.355560157622009120e-02 1.504949366168284905e+05 inf 0.000000000000000000e+00 -3.000000000000000000e+01
4.946821229492989191e-01 2.816822350316015123e-05 4.136362139539132272e+02 -9.638422370731966496e+08 -8.992091607693765809e+00 5.335307687231634191e+02 5.069089185177573292e-04 -3.449267453071957448e-04 inf 0.000000000000000000e+00 -2.000000000000000000e+01
1.384538943136922446e-04 4.333124344933827476e-01 6.932998951894123740e-01 -2.696021591608594782e-09 -6.628920050495258343e-01 8.884805400248088972e-03 1.931393619198594214e-09 -5.781720253600952874e-08 inf 0.000000000000000000e+00 -9.000000000000000000e+01
9.263810446041789159e-01 2.031035020153962500e-09 3.877555672375293589e-07 2.391033369489589111e-01 -8.460121467000640604e-05 -1.952099707457683742e-01 9.054973757649123178e-07 -2.673398383572202436e-04 inf 0.000000000000000000e+00 -9.000000000000000000e+01
7.278640488021490551e-01 5.084071649253478710e-10 7.230336338277396947e-03 6.600910803675913915e-08 -2.837104491298699238e-01 5.612523541111366807e-10 8.902638231316609141e-02 -1.063609655998663252e-07 inf 0.000000000000000000e+00 -1.000000000000000000e+01
8.911868235942917993e-01 1.908551825474343404e-06 1.323312300865999750e-06 2.009079067225727933e+00 -1.126198261175900550e-01 4.062545465906843233e-09 4.695953092311673696e-10 1.852171266176883516e-08 inf 0.000000000000000000e+00 -2.000000000000000000e+01
1.437738549606806146e+03 7.464799262125350133e-08 2.684801407421246466e+01 1.514885496171073828e+04 3.442531038751055908e+11 1.275584897911979758e-03 4.879900517315403086e-01 -3.374089266480658080e-05 inf 0.000000000000000000e+00 -2.000000000000000000e+01
7.687551533112186274e-06 1.284357355805721069e-09 0.000000000000000000e+00 0.000000000000000000e+00 -1.007622754548080479e+00 -1.042125112105798739e-04 3.970596881460795153e-05 -5.657288352953771499e-10 inf 0.000000000000000000e+00 -9.000000000000000000e+01
2.877224596204709606e+00 1.395402289782029766e-03 5.080504692397505906e+00 -2.477083588763957500e+09 -6.817207827043591628e+00 1.761309756713605778e-06 0.000000000000000000e+00 0.000000000000000000e+00 inf 0.000000000000000000e+00 -2.000000000000000000e+01
9.856008077557255609e-01 6.801757085360648300e-09 1.758963093487356799e-01 2.149918441789950226e-09 -5.396818582290753563e-02 1.050289946317863876e-01 4.507286142354046163e-05 9.255907290755396389e-04 inf 0.000000000000000000e+00 -9.000000000000000000e+01
3.927457661619755402e-01 1.037774552780896876e-09 5.699253691501647387e-09 2.660167544062218004e-01 -6.142361110323919515e-01 1.378028504512338468e-09 7.177452959403721769e-06 -2.146267486889656768e-05 inf 0.000000000000000000e+00 -9.000000000000000000e+01
4.242553953540403183e-02 0.000000000000000000e+00 1.784137679024793699e-01 1.544394178405837037e+00 -9.589740024758266479e-01 1.637782635042291102e-02 -3.317898248766276854e-06 0.000000000000000000e+00 inf 0.000000000000000000e+00 -9.000000000000000000e+01
4.912257294474552949e-01 1.139169061795744822e-06 4.134077921092445540e-01 4.948734452601839112e-02 -4.951166263143658153e-01 5.070229987093503252e-05 1.982970510174742509e-05 -2.365538361220805318e-08 inf 0.000000000000000000e+00 -9.000000000000000000e+01
5.210322415880163094e-01 3.886236943448352806e-03 4.099442353626467916e-01 0.000000000000000000e+00 -4.640136189236673814e-01 0.000000000000000000e+00 1.458808913160636145e-06 0.000000000000000000e+00 inf 0.000000000000000000e+00 -9.000000000000000000e+01
1.321990270787559763e-09 0.000000000000000000e+00 1.521427577155489264e+00 3.038386478716159776e-09 -3.896697563913060353e-02 1.227040693327679886e-09 7.186952632347839065e-09 0.000000000000000000e+00 inf 0.000000000000000000e+00 -9.000000000000000000e+01
3.508144737899285825e-01 4.668967673871622996e-07 7.758960785214576994e-01 1.258105061821694722e-08 -6.117266311768670972e-01 -6.849683114362561000e-08 2.005512661511323914e-06 -3.137725207339411761e-03 inf 0.000000000000000000e+00 -9.000000000000000000e+01
1.706625795578514917e-05 1.245963247497914109e-02 1.501628433348135561e+00 -2.281821897051273444e-04 -1.009715670699608409e-01 -5.957388193825000359e-05 2.409818831719661987e-05 1.870325578921766393e-07 inf 0.000000000000000000e+00 -9.000000000000000000e+01
5.513574954841020670e-01 2.528907867391798694e-02 6.269468295424063253e-01 2.146726516668463057e-08 -7.292147520918769166e-01 1.046393526375742011e+00 -1.285296580954622958e-03 -8.021513074629484474e-08 inf 0.000000000000000000e+00 -9.000000000000000000e+01
4.281449860356313919e-01 0.000000000000000000e+00 7.628418459432185772e-01 -1.577225801472566426e-05 -5.358963967751110280e-01 1.098820041763913426e-03 0.000000000000000000e+00 4.582414316324293299e-10 inf 0.000000000000000000e+00 -9.000000000000000000e+01
4.696270606397864866e-01 6.990512048112408706e-10 0.000000000000000000e+00 1.071211297506350496e-01 -5.378634711600973617e-01 7.513865891286599743e-10 0.000000000000000000e+00 9.551207637928987463e-10 inf 0.000000000000000000e+00 -9.000000000000000000e+01
4.342108077142438627e-01 6.493603070321124493e-01 7.535795534690415517e-07 2.738266354954690951e-01 -2.161274515874952729e-01 1.250494387736746252e-05 1.972140074979574951e-04 -8.102379171735518519e-09 inf 0.000000000000000000e+00 -9.000000000000000000e+01
9.891270300810955929e-01 7.950203497953261089e-09 5.854832723510323689e-01 4.154353528218872857e-07 4.719502825564014919e-09 3.091021969003423728e-02 1.085467784253885304e-05 7.280242529024616309e-09 inf 0.000000000000000000e+00 -9.000000000000000000e+01
9.703134174912019239e-01 1.073549436801591803e-02 2.895516195259150161e-01 2.818395909186872661e-01 -1.502969211522228385e-02 1.273042719421530379e-06 1.614704919854514554e-07 0.000000000000000000e+00 inf 0.000000000000000000e+00 -9.000000000000000000e+01
6.056622756759718618e-01 1.859185860874300165e-05 1.407483272730365199e-02 1.014869517705579115e-02 -4.041699334745722516e-01 5.944764875611147775e-03 2.183819967904394722e-06 3.808279798940420041e-10 inf 0.000000000000000000e+00 -9.000000000000000000e+01
7.109657511857904177e-01 0.000000000000000000e+00 2.724503212512881126e-06 1.143855428741408047e-02 -2.970473343995426174e-01 6.935099086396424934e-07 1.283984059424252361e-03 8.514072539102753518e-08 inf 0.000000000000000000e+00 -9.000000000000000000e+01
7.679082231783753709e-01 5.722975322583317981e-02 8.554182691162896465e-03 1.834301179000270941e-06 -8.502706193552358460e-01 3.120081361052831070e+00 2.254758124312675568e-05 0.000000000000000000e+00 inf 0.000000000000000000e+00 -3.000000000000000000e+01
1.664574464423209943e-01 1.038552861375158091e-04 1.087521983423163752e+00 3.171939118317561035e-01 -7.638547264519841562e-01 -3.601069160637776744e-05 6.132122846678962273e-10 -1.257678484230869698e-01 inf 0.000000000000000000e+00 -9.000000000000000000e+01
6.873881123556354472e-03 1.286020919910497995e-01 5.898814103682130661e-01 1.576989359704919602e+00 -1.139543633665866113e-01 1.731077568502834626e-04 1.515298992036795130e-08 1.352522733126592500e-08 inf 0.000000000000000000e+00 -9.000000000000000000e+01
-4.478530534351146343e+03 -5.854902194656489911e+01 6.210712986138032304e-05 3.009247202568382234e-07 -2.289360687022901402e+03 7.044668416030536173e-01 3.761559003210477792e-08 0.000000000000000000e+00 inf 0.000000000000000000e+00 -2.000000000000000000e+01
3.002324758220464157e-02 4.306676645467914788e-02 7.409336164245875454e-03 -1.213483807824285759e-05 -1.821461807043777553e-02 -1.148447105458110684e+00 -4.946265521022904140e-07 1.771123721720440970e-09 inf 0.000000000000000000e+00 -9.000000000000000000e+01
4.464699223059570565e-01 4.799345874944444397e-06 4.982923240021842025e-03 4.114747333140738425e-08 -5.615265969618339348e-01 -2.656337756629290718e-05 8.539591566750054929e-07 1.844927472739733214e-08 inf 0.000000000000000000e+00 -9.000000000000000000e+01
3.210310871369102814e-03 1.151658077260918621e-04 1.345971970232792803e+00 2.678316498399365697e-01 -3.312516686865751847e-01 0.000000000000000000e+00 1.015323554442812981e-09 -1.513150751512262426e-05 inf 0.000000000000000000e+00 -9.000000000000000000e+01
7.925460217274741259e-01 1.179538316053012173e-09 1.437560513581761861e-05 2.237777002524632852e+00 0.000000000000000000e+00 4.649407166037180016e-10 2.409173578225270312e-04 0.000000000000000000e+00 inf 0.000000000000000000e+00 -2.000000000000000000e+01
0.000000000000000000e+00 0.000000000000000000e+00 0.000000000000000000e+00 8.811835074570120163e-01 -1.000705738521660004e+00 3.617915200923448361e-08 0.000000000000000000e+00 4.513209245930714826e-03 inf 0.000000000000000000e+00 -9.000000000000000000e+01
9.988073549697027431e-01 5.604242589192161804e-03 6.279194966419120172e-02 7.354232236934454825e-02 -3.939767269786315085e-03 5.401909580181817831e-04 0.000000000000000000e+00 0.000000000000000000e+00 inf 0.000000000000000000e+00 -8.000000000000000000e+01
1.053875871325758107e+00 8.884567208858937058e-10 5.618987064329676929e-10 1.190997267223161682e+00 -4.632744304247988776e-01 2.319310467750367089e+00 0.000000000000000000e+00 2.764833531082114087e-07 inf 0.000000000000000000e+00 -3.000000000000000000e+01
5.254392013427783281e-01 7.147686235331114667e-05 1.226024803133149543e+00 1.553995023579131940e-01 -3.314044635920138093e-01 1.068261648318200469e-09 1.786921558832778667e-05 0.000000000000000000e+00 inf 0.000000000000000000e+00 -9.000000000000000000e+01
2.278111270544874029e-02 3.602598479834694778e-09 3.134828977561140984e-01 8.968817646678373714e-07 -9.877668665145481475e-01 4.861202954590684161e-02 1.255951763612095461e-09 1.707653713683112228e-09 inf 0.000000000000000000e+00 -9.000000000000000000e+01
4.861479164598473401e-01 2.131059359823988253e-01 1.068859460161719177e+00 4.453581084007163238e-02 -2.006192600459301423e-01 7.861287270721820023e-10 1.130487221624463537e-06 7.938814758598761333e-09 inf 0.000000000000000000e+00 -9.000000000000000000e+01
9.283135579867169973e-01 8.206452459984722104e-10 2.829146081483328024e-01 1.125299501201918326e-09 -6.446621930463312944e-02 5.827861343387592737e-05 0.000000000000000000e+00 1.675763081594739603e-07 inf 0.000000000000000000e+00 -9.000000000000000000e+01
1.970781910718943410e-08 1.629874649734479930e-12 3.132217189889735851e-09 3.743799743390104115e-10 -3.703789669796621998e-09 -4.088641030583926568e-13 -1.540440405579792227e+00 -1.986214367676429276e-10 inf 0.000000000000000000e+00 -9.000000000000000000e+01
4.966833933453162486e-01 1.048983208801766493e-09 1.087228215354314242e+00 8.037542453218868937e-07 -4.301982147085416375e-01 -1.176323243343668432e-02 2.278624636897170628e-08 -4.370763370007360656e-08 inf 0.000000000000000000e+00 -9.000000000000000000e+01
3.685127419922584191e-01 2.299688294493673624e-01 6.118436746818031180e-01 4.233676921361442247e-01 -3.969117687107038779e-10 -3.910173369230833251e-01 3.392744161586544547e-10 4.810099058434668757e-09 inf 0.000000000000000000e+00 -9.000000000000000000e+01
9.476415277760049660e-01 1.053688128994706155e-09 -1.464887998546333737e-06 4.873115317744860534e-08 -6.864723485523348268e-02 2.309747187798269139e-02 -7.742169344575203574e-04 -6.552617283820159840e-06 inf 0.000000000000000000e+00 -9.000000000000000000e+01
1.351085292014331670e-06 8.984443102596597700e-10 5.889936449708911281e-01 1.581085930685980134e+00 -9.353453896879931895e-01 5.350596338761729603e-04 1.433195447882605999e-06 -6.881390903733216064e-09 inf 0.000000000000000000e+00 -9.000000000000000000e+01
8.621821498352644220e-01 0.000000000000000000e+00 1.089946822070657489e-01 8.748900500029044291e-02 -1.422307287993548608e-01 5.254227953928057408e-03 -2.128802386856752909e-04 2.517064201107602705e-08 inf 0.000000000000000000e+00 -9.000000000000000000e+01
1.705163017185628657e-05 1.954963968747854361e-06 1.485842126078369130e-01 1.398648995326464917e+00 -5.107026229754394464e-01 -6.904272394232422450e-01 1.982116246091574494e-05 -1.315188433836447146e-07 inf 0.000000000000000000e+00 -9.000000000000000000e+01
2.073853463120951921e-05 6.215478707652823522e-05 7.814960997391271204e-06 2.368232990112604181e-09 -1.008379804148122005e+00 1.143284891778498570e-08 2.078699803233633689e-09 2.987388574361479682e-08 inf 0.000000000000000000e+00 -9.000000000000000000e+01
5.550192659070126711e-01 1.171507450738989133e-09 1.231414514417944472e+00 3.630245297880858035e-01 -9.434224102395542821e-02 1.718210927750517491e-09 4.603818753781291091e-09 6.745504715026052946e-04 inf 0.000000000000000000e+00 -9.000000000000000000e+01
6.899869284919831758e-01 1.183636961049547027e-04 -5.508653278388134789e-01 -1.259120749345859380e+00 -2.339772374621490736e-01 -2.922958882410030546e-01 2.800952500672048660e-07 -1.222583763315733957e-01 inf 0.000000000000000000e+00 -1.000000000000000000e+01
2.614857209280101458e-01 1.985745058122657860e-03 4.850138372051801539e-02 -3.163133720903348674e-04 -7.445313860401837625e-01 1.455928177322167392e-10 2.178655114266265005e-09 3.566290833198931959e-08 inf 0.000000000000000000e+00 -9.000000000000000000e+01
4.043195933568370370e-01 8.051203221745851764e-04 1.496114195613572839e+00 1.334490350299671660e-07 2.396943517620336861e-01 -1.475789328566695806e-07 0.000000000000000000e+00 -3.327873536144950367e-05 inf 0.000000000000000000e+00 -9.000000000000000000e+01
1.472079640384228380e-02 8.136332296599810222e-05 1.391695540519263918e+00 5.927771422101218225e-07 -6.528459417604411952e-01 3.506114994110153676e-02 5.207252669823878542e-03 4.733013247304677653e-10 inf 0.000000000000000000e+00 -8.000000000000000000e+01
5.893464580668683617e-01 0.000000000000000000e+00 1.322625714473500080e+00 1.429336871181796913e-04 -1.570618035937281221e-01 2.780796251707841511e-03 1.994423541183902701e-05 -9.497254958018583887e-06 inf 0.000000000000000000e+00 -9.000000000000000000e+01
3.864015039255337958e-01 3.588707349488153138e-09 1.385513596954286879e-09 1.905332859593361627e-02 -7.023819053604968943e+00 4.448418733949813486e+02 5.269494335957287918e-08 -1.271214267259946056e-03 inf 0.000000000000000000e+00 -3.000000000000000000e+01
6.435147182321433235e+00 2.996456630818065524e-04 1.718807053858757072e+01 -1.027537276248458481e+10 -4.255500556051270422e+00 5.285768501773411647e-06 5.392354934782954412e-03 -3.659097991459862170e-03 inf 0.000000000000000000e+00 -2.000000000000000000e+01
3.442997182266985257e-01 1.480425309621169553e-05 1.515955517052077622e-02 8.641247830003413455e-01 -6.596666870225820212e-01 2.989178837145130059e-09 1.868236773215706028e-09 -2.784259131017150052e-05 inf 0.000000000000000000e+00 -9.000000000000000000e+01
8.490955593053595152e-01 1.147026733195698574e-07 4.844740069992806708e-01 1.078250076553277093e-01 -1.333569566304640130e-01 2.028048911489105268e-10 1.682305875353691365e-07 -7.343072928386309983e-02 inf 0.000000000000000000e+00 -9.000000000000000000e+01
8.204702077379364411e-01 1.318921618184832807e-08 1.339272581519702188e+00 6.891982927683440650e-07 7.829553426303221372e-09 5.127938798362102757e-02 1.800767649361691500e-05 1.220125991354508220e-08 inf 0.000000000000000000e+00 -9.000000000000000000e+01
7.130835282863314806e-01 4.423102600901300807e-01 3.600859168682469247e-01 1.564924918854314690e-07 -3.198597834385756566e-02 1.464039651083335019e-04 6.016342020649417422e-08 7.773925082861606782e-09 inf 0.000000000000000000e+00 -9.000000000000000000e+01
1.156323814722938631e-01 1.599803418264499369e-10 2.143363085512966545e-08 3.133102821684263101e-02 -8.288101330962103219e-01 -1.590780739329823168e-01 1.924246041454949721e-08 1.606028334288874804e-10 inf 0.000000000000000000e+00 -9.000000000000000000e+01
5.243752784407310075e-02 8.933871817457789523e-04 -7.984386008245893478e+09 1.340443860457238845e+00 -5.338293213616565680e+01 1.261551083848902462e-05 1.156988952547945315e+00 1.280390848361800425e+07 inf 0.000000000000000000e+00 -2.000000000000000000e+01
3.139759877690881097e-05 0.000000000000000000e+00 1.518758667541628027e+00 6.374287599309135487e-03 -4.738392196368655809e-05 2.016806930959241448e-03 0.000000000000000000e+00 1.793513927529628073e-09 inf 0.000000000000000000e+00 -9.000000000000000000e+01
4.174425343670076782e-01 4.842619222124408689e-10 8.249250363350833481e+01 -1.491843195811369412e-05 -4.870162900948423190e-01 9.599127695535514704e+02 7.286005720367138248e-05 1.114691826083776102e-05 inf 0.000000000000000000e+00 -2.000000000000000000e+01
5.084616127493438685e-04 0.000000000000000000e+00 2.253308758590842468e-05 5.357449187993086615e-03 1.217463971027093357e+05 4.131528267631563638e-12 -1.188929659206145857e+02 0.000000000000000000e+00 inf 0.000000000000000000e+00 -3.000000000000000000e+01
6.360188848211755230e-01 0.000000000000000000e+00 3.421620582898728946e-01 9.987281123551172701e-09 -3.542383662295154889e-01 0.000000000000000000e+00 9.409938295838379634e-10 4.402820602994688250e-04 inf 0.000000000000000000e+00 -9.000000000000000000e+01
3.659767498801616004e-01 0.000000000000000000e+00 1.980587066001851217e-06 7.729428957469013373e-01 -6.402153277903627204e-01 -1.779550032986625757e-06 -7.376718864772007465e-04 6.675057736833659082e-09 inf 0.000000000000000000e+00 -9.000000000000000000e+01
9.016423511052904516e-01 1.196463613904533795e-09 8.544976530082818433e-01 4.843764758095168261e-05 -6.531505048856407758e-02 2.166937295344277883e-02 1.270373598616679162e-08 3.761359618024039110e-09 inf 0.000000000000000000e+00 -9.000000000000000000e+01
4.100090451242115343e-05 6.925665982156769282e-05 1.644922622606478924e-01 1.256839081704112182e+00 -9.968034096273992173e-01 2.260319521696604676e-08 4.315155450511699731e-09 3.639995073901025876e-08 inf 0.000000000000000000e+00 -9.000000000000000000e+01
2.992522833011142767e-03 1.073529396408652906e-04 1.250752400409555154e+00 6.429993780572661447e-08 -8.774809809123286231e-01 -4.150980332780125094e-05 1.282271223488113214e-06 2.883013515745894234e-08 inf 0.000000000000000000e+00 -9.000000000000000000e+01
5.268480511369820762e-01 8.706907107676812815e-10 8.445064349107506141e-01 2.198181365703865409e-07 -4.312922771562548996e-01 2.593792437822838404e-08 5.165176971931196605e-03 4.714236997526672399e-09 inf 0.000000000000000000e+00 -9.000000000000000000e+01
1.780197142264488830e-01 7.481066562135292308e-01 5.075681137766012707e-01 7.377033652879379437e-08 -1.626549174628565686e-01 5.182307529099563354e-03 -1.038945039779544995e-03 1.283159212476728944e-04 inf 0.000000000000000000e+00 -9.000000000000000000e+01
0.000000000000000000e+00 5.111894534744380143e-04 1.434005853783993645e-01 4.926767513042189218e-06 -7.289274958253818548e-01 2.379532442748092080e+01 -1.022677498919363499e-05 0.000000000000000000e+00 inf 0.000000000000000000e+00 -3.000000000000000000e+01
3.843596679710068464e-01 3.338598575806555613e-01 4.807676039545399347e-10 2.154658576654987279e+00 2.853947979417095325e-08 4.737999575204161870e-10 0.000000000000000000e+00 1.468527472288860651e-03 inf 0.000000000000000000e+00 -2.000000000000000000e+01
2.470625784172813810e-01 4.404060478161987955e-07 -1.288604521150620599e+02 1.138289068899940981e-09 -1.477757478383739276e+00 6.106963863051290416e-06 3.827747876527509341e-10 -2.040548021548387936e-07 inf 0.000000000000000000e+00 -2.000000000000000000e+01
7.536497343142676024e-04 6.686532805237342947e-01 4.261811025778729987e-06 8.435941400777723235e-08 -6.380066718330631437e-01 3.495601702487619392e-08 2.618728769954810809e-04 -9.033764019730476015e-08 inf 0.000000000000000000e+00 -9.000000000000000000e+01
7.736911177577282528e-01 7.697835868599619547e-01 3.223712990657200961e-01 1.985025696065282563e+00 -1.543474704617690207e+00 1.231653738975939127e+01 4.669785171759986866e-08 4.876490126370310111e-10 inf 0.000000000000000000e+00 -3.000000000000000000e+01
9.613167676661708849e-02 1.151407653927843056e+00 0.000000000000000000e+00 8.520385412500947625e-08 -6.873822226426539762e-03 9.375013736551195822e-08 0.000000000000000000e+00 -1.035913120060905552e-09 inf 0.000000000000000000e+00 -9.000000000000000000e+01
5.495092755151915753e-01 0.000000000000000000e+00 1.223222702345460711e+00 1.290852803677060637e-02 -3.650849296231067354e-01 7.314342480971955558e-04 0.000000000000000000e+00 1.272415429787573347e-09 inf 0.000000000000000000e+00 -9.000000000000000000e+01
5.244027290295412147e-01 8.249227449547540965e-09 1.967861787286113440e-01 1.770534987187368653e-02 -4.735843202369877103e-01 1.651456667145748007e-09 0.000000000000000000e+00 1.960016442012495777e-05 inf 0.000000000000000000e+00 -9.000000000000000000e+01
8.195289664102869409e-01 1.224107865688057236e-09 0.000000000000000000e+00 0.000000000000000000e+00 -1.882569523078523044e-01 7.192624655380036300e-06 1.016159685752612016e-03 -5.768425283783623755e-04 inf 0.000000000000000000e+00 -9.000000000000000000e+01
6.062419119340805018e-01 2.444523838443873019e-04 2.028954785908414563e-02 1.940951927724435255e-01 -3.960128618279074031e-01 -1.081701798511413778e-02 2.389561590580911592e-09 8.504507982867478420e-07 inf 0.000000000000000000e+00 -9.000000000000000000e+01
3.357406699855264298e-01 4.736103131169552796e-07 7.933871784777023484e-01 1.286466645287504334e-08 -6.255168434849390779e-01 -7.004096179898634248e-08 7.325712841220510952e-09 0.000000000000000000e+00 inf 0.000000000000000000e+00 -9.000000000000000000e+01
3.424958103062565318e-01 1.362351022610959195e+00 9.139581790345230328e-01 1.328353783671595660e-07 -2.928863893148210829e-01 1.018901184977944352e+00 5.947764115259242604e-03 -2.274578396697937872e-07 inf 0.000000000000000000e+00 -9.000000000000000000e+01
5.450556290192277720e-01 2.507788521138955284e-02 1.225043596166994098e+00 -4.216635566516827201e-03 -3.231274413078157881e-01 -7.957935197781647889e-07 0.000000000000000000e+00 -3.315919210922463838e-05 inf 0.000000000000000000e+00 -9.000000000000000000e+01
4.537133988407974772e-01 1.367487154517640630e-09 1.024893049808662360e+00 1.058435057596653856e-09 -4.860166181757409887e-01 7.548529092937377155e-09 3.404496019887118501e-08 1.862408105480665330e-07 inf 0.000000000000000000e+00 -9.000000000000000000e+01
1.918984274732129125e-04 1.679480434002539966e-09 3.756615101408282962e-05 6.469650715331523514e-09 -1.007511727905645804e+00 1.978866076585601218e-09 3.207778420589477420e-06 -1.451728353074161447e-02 inf 0.000000000000000000e+00 -9.000000000000000000e+01
2.134119296625194352e-09 8.594746655350611886e-10 8.915707121702401983e-01 -3.474317080171391691e-09 -8.524667335662823309e-01 -1.652143096017221480e-01 7.663600543130253919e-07 -1.279280550031825902e-04 inf 0.000000000000000000e+00 -9.000000000000000000e+01
5.036166574909164417e-01 6.505919769952266151e-05 0.000000000000000000e+00 4.413982825561412193e-01 -5.012687942858305989e-01 1.812269002548566628e-08 2.177871532985488018e-09 4.585670322433315491e-06 inf 0.000000000000000000e+00 -9.000000000000000000e+01
3.199303000057886481e-01 8.110535522332131529e-05 8.579620686385482919e-01 1.146838186025264994e+00 -8.287133617531432239e-02 1.258896165857639597e-04 0.000000000000000000e+00 -9.821787991148364649e-02 inf 0.000000000000000000e+00 -9.000000000000000000e+01
3.053163914172639295e-03 1.405812362259046266e-01 6.383148023230263979e-01 3.723503013550987784e-01 -8.966803175490133393e-01 -4.227253856862291044e-05 2.303497215791192733e-08 1.478508746652492984e-08 inf 0.000000000000000000e+00 -9.000000000000000000e+01
5.734921352715686149e-01 0.000000000000000000e+00 1.769077434227550594e-01 1.591683680520667235e-02 -4.257450088965204493e-01 1.484634105061469090e-09 0.000000000000000000e+00 1.756213514523932868e-09 inf 0.000000000000000000e+00 -9.000000000000000000e+01
5.427626077758212261e-04 5.740522842845581332e-07 -1.844015307507211787e+02 1.483715864980270715e-09 -1.829889842059733152e+00 4.802455633500372704e-10 2.488478382221274076e-04 9.659998759331401945e-04 inf 0.000000000000000000e+00 -2.000000000000000000e+01
4.570731826100309925e-01 4.627933616502859205e-09 6.289639521385896881e-01 1.570456576147285954e+00 -1.715245249912109027e-02 8.986632101228035505e-10 0.000000000000000000e+00 3.381011125113031805e-07 inf 0.000000000000000000e+00 -9.000000000000000000e+01
3.806410871634569593e-01 1.174350487864964619e-02 1.264320888144941906e-03 5.035249625365332220e-10 -6.230876394968689613e-01 5.362653748987742111e-10 1.231173898568108062e-03 -6.803656374856376088e-02 inf 0.000000000000000000e+00 -9.000000000000000000e+01
3.107666911108194780e-03 9.061000103142206664e-07 8.259664004249855918e-01 -7.550833419285171779e-08 -9.526483636803515509e-01 3.657261268297611859e-05 2.579413021361697911e-04 0.000000000000000000e+00 inf 0.000000000000000000e+00 -9.000000000000000000e+01
8.429421606243671095e-01 6.971294242765144742e-05 1.339710858532927040e-01 1.601296737845013182e-02 -1.584183642936745628e-01 -9.000609347679656676e-05 3.640830041170152448e-05 6.994422466387332151e-07 inf 0.000000000000000000e+00 -9.000000000000000000e+01
7.265808725202060891e-01 3.332603800369896702e-02 8.164268943909842591e-01 -3.442851339095503332e-04 -2.148491827344695404e-01 -1.746460253384664947e-05 -1.535072995957928628e-02 -1.763736724001284940e-08 inf 0.000000000000000000e+00 -9.000000000000000000e+01
3.925019011538989910e-01 2.925191613489231193e-02 9.657775485805715487e-02 1.931555097161143097e-01 -8.741524990998507105e-01 9.484430797598947249e-01 1.464213053678743294e-07 3.032762357591273162e-10 inf 0.000000000000000000e+00 -1.000000000000000000e+01
9.563005372082479250e-01 5.307257445673219803e-03 7.747718638047252915e-01 1.003554135181845275e-01 -3.772100333288404272e-03 5.172017414344081288e-04 5.525007754575485904e-10 -5.158997777143041317e-10 inf 0.000000000000000000e+00 -9.000000000000000000e+01
7.673864884231723236e-06 1.144840818094732755e-05 7.896369532387204071e-02 6.848631180193431867e-02 -1.003784450589544797e+00 -1.038155379460291744e-04 3.194324244493205263e-05 2.885497974761928483e-07 inf 0.000000000000000000e+00 -9.000000000000000000e+01
5.875011318499120394e-01 2.957615611225670592e-06 3.846554725155434618e+00 1.934486955016790389e-08 -1.421422175780094221e+00 7.116126241537553909e+00 0.000000000000000000e+00 0.000000000000000000e+00 inf 0.000000000000000000e+00 -2.000000000000000000e+01
2.730087210116754370e+00 5.026422246663557303e+00 2.104973783501236095e+00 7.664845111764726678e-07 -1.412883918319769005e+00 8.042275594661691684e+01 3.049209216088943581e-07 0.000000000000000000e+00 inf 0.000000000000000000e+00 -2.000000000000000000e+01
3.100222105931811911e-01 2.498237230993596014e-01 2.102632145367828214e-07 1.068523153015333294e-01 -5.929551018141426821e-01 4.902792770359386464e-06 7.587272746261082871e-05 -3.061105885694417050e-09 inf 0.000000000000000000e+00 -9.000000000000000000e+01
4.617729263799287276e-01 1.542881519896115716e-01 3.650322807726137930e-01 3.991168999676234508e-01 -9.200829876316647671e-02 -2.897342268968630674e-01 -2.909869190238861258e-01 -4.020045949929182405e-01 inf 0.000000000000000000e+00 -9.000000000000000000e+01
2.000475309541049351e-01 0.000000000000000000e+00 5.638823418662487492e-06 -2.518674460335911052e-06 -4.355714713384944980e-01 -6.740517791754078170e-01 1.924718393570129075e-06 0.000000000000000000e+00 inf 0.000000000000000000e+00 -9.000000000000000000e+01
5.751182700498411737e-01 4.298127401463287638e-03 2.305898724256438548e-01 1.964083148660778211e-01 -4.188597212061107022e-01 1.321871285634628830e-09 1.622659660623929905e-06 1.253150148460963061e-09 inf 0.000000000000000000e+00 -9.000000000000000000e+01
5.643004108017284359e-01 2.161866270421284152e-09 3.711565793443545314e-01 0.000000000000000000e+00 -4.245604037104486750e-01 0.000000000000000000e+00 7.659372829253322241e-10 -2.164518867072107718e-08 inf 0.000000000000000000e+00 -9.000000000000000000e+01
6.415193097641568899e-03 1.545395840362484790e-06 1.875538181370292601e-02 3.844853271809099693e-02 -9.984683263731303215e-01 2.341508849034067838e-06 1.300088966631680193e-02 2.861844148819416200e-07 inf 0.000000000000000000e+00 -9.000000000000000000e+01
0.000000000000000000e+00 0.000000000000000000e+00 1.353306474216562573e-05 2.255435268092354395e+00 4.704329404823329073e-10 1.535288898783427465e-09 1.840257810413692082e-04 -2.595331124670284052e-07 inf 0.000000000000000000e+00 -2.000000000000000000e+01
6.098146535598585327e-01 2.801851110950701398e-02 6.839813006144359608e-01 -2.889087054317847564e-04 -3.609443489989432874e-01 3.090276960607391335e-02 1.387110096097830521e-07 3.978608986682871103e-08 inf 0.000000000000000000e+00 -9.000000000000000000e+01
7.319208371692730308e-01 6.641765991392902825e-05 5.513642068079788877e-02 1.200428939272865994e-02 -2.762879981367454274e-01 9.202026253732065175e-03 3.501627045155988234e-07 -4.922894703642668145e-03 inf 0.000000000000000000e+00 -9.000000000000000000e+01
4.892673792037133143e-05 7.669401869131013960e-01 1.880380278751370496e-02 5.908673919892172164e-08 -1.484926744874302651e+00 2.880105170003455228e+00 -3.537664592227154729e-03 -1.488110468713584130e-07 inf 0.000000000000000000e+00 -3.000000000000000000e+01
2.906635199230093655e-02 6.476010137173530273e-04 1.532980934705056919e+00 3.220846523815930582e-11 -1.850288610621008680e-03 1.589270446356379709e-06 0.000000000000000000e+00 2.275897777139972631e-10 inf 0.000000000000000000e+00 -9.000000000000000000e+01
3.661794976528977008e-01 0.000000000000000000e+00 1.992939484088324451e-06 2.662395553233552718e-08 -6.423924807962472228e-01 -1.764142806156734375e-06 1.721619739370106612e-08 7.479167720214397470e-09 inf 0.000000000000000000e+00 -9.000000000000000000e+01
9.868212205314255137e-01 2.823318158716465512e-06 9.781997985778579166e-03 1.230521462723735404e-04 -2.404050352437108601e-02 7.609329434824703359e-10 8.720899899185648174e-02 -3.896219536708417103e-03 inf 0.000000000000000000e+00 -1.000000000000000000e+01
4.780109935805293420e-02 1.427508996909271133e-09 2.104426222251857936e+00 3.659188878990171090e-01 -8.449114235608206069e-01 1.419702466354984871e+00 3.498660738916781773e-05 -3.766751608893709637e-07 inf 0.000000000000000000e+00 -2.000000000000000000e+01
3.360853249062275650e-05 6.836767556810600329e-06 2.750762054168805136e-05 1.026957577752937636e-08 -1.006587963985135392e+00 -1.698530344883993619e-09 1.091742138230420651e-05 -3.296633123284015631e-05 inf 0.000000000000000000e+00 -9.000000000000000000e+01
1.090696610974158931e+00 0.000000000000000000e+00 1.526975255363822725e+00 -1.025254814315709417e+01 -6.485749490257053385e-01 -4.945262256788527907e-05 1.396091662046923432e+02 1.805204610808424946e-08 inf 0.000000000000000000e+00 -2.000000000000000000e+01
1.059402095805342479e-04 1.741082271139098271e-08 9.744664818905592052e-02 2.743184285717550637e-09 -1.003113448346137027e+00 1.945421508748670942e-09 2.911134344026788215e-08 7.416674574935940868e-07 inf 0.000000000000000000e+00 -9.000000000000000000e+01
1.496735341416112197e-01 6.290077637343660655e-01 4.243907803508976118e-01 5.821953134464043353e-04 -7.057391325031667217e-02 -2.355621444507214335e-01 2.089903479271864132e-07 2.650021702823113043e-08 inf 0.000000000000000000e+00 -9.000000000000000000e+01
1.002745175736853289e+00 2.997906971804052429e-03 -3.974756905476973882e-06 5.492670622907948985e-08 -1.258245626852065764e-03 1.531770606844389925e-08 8.753013056362196349e-05 -1.777955777073570985e-05 inf 0.000000000000000000e+00 -9.000000000000000000e+01
2.382713785253131533e+01 8.317609801539802561e+00 -5.797132855678277101e-05 -2.461992225127564897e-04 -1.793898011056565536e-08 1.351230108390899113e+04 -1.641008129266198523e+02 4.484745027641414336e-08 inf 0.000000000000000000e+00 -2.000000000000000000e+01
3.578663379383829612e-01 5.602459221518133470e-01 1.329658548719336586e-01 5.667733434187962447e-06 -3.482295405611974959e-10 -3.430580756788636498e-01 1.994769138486004170e-07 3.927753392151645472e-08 inf 0.000000000000000000e+00 -9.000000000000000000e+01
5.390408677050431141e-01 9.246967850918080497e-05 -3.359399297713710486e-01 1.361325205609477396e-01 -4.797573506865658310e-01 -1.190473403090949213e-02 1.882897076889841005e-05 3.355711231695488904e-04 inf 0.000000000000000000e+00 -1.000000000000000000e+01
9.702594927062170305e-01 -9.328458875890107693e-01 9.895362681552777294e-07 5.575061606944547758e-09 -3.005559611082240790e-01 1.177731764467035878e-09 1.693629382034994359e-06 3.419371118925989578e-08 inf 0.000000000000000000e+00 -1.000000000000000000e+01
3.832592218728757549e-01 6.286676994527305609e-05 1.049607641720034845e+00 4.433818506645017191e-07 -6.184410171130495515e-01 8.710436860747176879e-02 1.912213092085903593e-02 6.358618908345438747e+00 inf 0.000000000000000000e+00 -3.000000000000000000e+01
3.775816294313776744e+00 1.241001449218972824e-03 2.306089951795941229e+00 2.056965167911277240e-07 1.052356541382936506e+01 3.983892192253111336e-02 8.530355549279119672e-09 1.474928239966319041e-02 inf 0.000000000000000000e+00 -2.000000000000000000e+01
8.568180979025026289e-01 4.809706523875427338e-10 1.257403034023578450e-06 2.316308022319992448e-05 -6.866282017437863594e-01 2.503943299806400624e+00 1.543568562502724891e-03 0.000000000000000000e+00 inf 0.000000000000000000e+00 -3.000000000000000000e+01
1.042647165970490017e-03 8.857712457098041448e-01 1.065349480565188862e-07 1.497145995696920405e-06 -4.755088941812676273e-01 3.941978618602504092e-02 -1.647991939847743417e-06 0.000000000000000000e+00 inf 0.000000000000000000e+00 -9.000000000000000000e+01
1.112690582758285862e-01 1.923273123876007964e-05 8.705347810009729237e-01 1.260436274463380579e+00 -7.050105620782527727e-02 2.548719836574954836e-09 0.000000000000000000e+00 -6.665039400591709866e-08 inf 0.000000000000000000e+00 -9.000000000000000000e+01
-4.478530534351146343e+03 8.735388835877864722e+01 1.502862595419847658e+01 -8.718885538232237970e-05 -2.289360687022901402e+03 2.329437022900764077e+03 -1.003269020837682050e-03 4.876842935576694571e-02 inf 0.000000000000000000e+00 -2.000000000000000000e+01
3.902467015424072785e-03 1.767540047440500623e-09 6.637020225452150424e-01 1.602902997845047528e+00 -6.641123794528257555e-05 1.544463826048613486e-01 1.921424883007695811e-06 0.000000000000000000e+00 inf 0.000000000000000000e+00 -1.000000000000000000e+01
5.930359216107556897e-01 2.422186343721638595e-07 1.443094583837648166e-02 -1.970199418338174774e-08 -4.143960026009583797e-01 1.898808662944274006e-03 3.347021129506264163e-06 6.586948882541462864e-10 inf 0.000000000000000000e+00 -9.000000000000000000e+01
8.654599841606226418e-01 0.000000000000000000e+00 1.094090569545458358e-01 8.389663111761137826e-02 -1.412995892507138973e-01 1.152965398399922493e-02 -2.335732345910747031e-06 0.000000000000000000e+00 inf 0.000000000000000000e+00 -8.000000000000000000e+01
5.696294913423575190e-01 2.175703616589580631e-04 3.672396434155599798e-01 0.000000000000000000e+00 -4.194692815902174021e-01 0.000000000000000000e+00 2.882076484941367365e-09 -1.984619756719118857e-07 inf 0.000000000000000000e+00 -9.000000000000000000e+01
6.497320256648441150e-01 5.754317696885724587e-01 2.945580294272075184e-03 1.013875964226473761e-07 -4.695143835096319274e-01 9.137350628571287992e-01 3.844074912336198835e-04 8.052487848492214523e-03 inf 0.000000000000000000e+00 -1.000000000000000000e+01
4.577964741085641109e-01 6.814410914651149901e-10 0.000000000000000000e+00 9.855340762059366932e-02 -5.497470479679765765e-01 7.707208066570685564e-10 0.000000000000000000e+00 6.286020763515097444e-10 inf 0.000000000000000000e+00 -9.000000000000000000e+01
1.320865678142830837e-09 0.000000000000000000e+00 1.520133326887113556e+00 3.043099380030720760e-09 -3.893382715448631681e-02 1.225996872530362265e-09 2.010167824522163626e-06 -3.145008443493293223e-03 inf 0.000000000000000000e+00 -9.000000000000000000e+01
9.998244922822422387e-01 3.745061775457885021e-03 1.010096661723498129e-01 1.051674490414295920e-01 -5.243086485641038769e-03 9.813590448342703748e-03 3.605039934522796801e-06 4.701351331536304388e-10 inf 0.000000000000000000e+00 -9.000000000000000000e+01
3.189554997209658738e-01 3.956201819018777294e-06 2.179643266327326365e-05 3.179771086175273154e-02 -6.887873368207361180e-01 1.877479021735099600e-04 2.263246021748100602e-05 -2.920498040926597415e-07 inf 0.000000000000000000e+00 -9.000000000000000000e+01
3.578139717917628443e-02 8.869243574354068824e-04 0.000000000000000000e+00 8.122939171147034454e-01 -1.016116745025403834e+00 1.296373133402617117e-01 2.706678336900045418e-08 3.796496017104024136e-08 inf 0.000000000000000000e+00 -9.000000000000000000e+01
1.372384498239425377e-01 8.388838219801313389e-01 0.000000000000000000e+00 1.936791420571671640e+00 -1.002613339866604246e-02 1.720079766560137641e-02 3.739137703065610413e-09 -1.119328964014479504e-07 inf 0.000000000000000000e+00 -9.000000000000000000e+01
5.279137061292080713e-01 7.903792775380799052e-01 2.503066743935316409e-07 1.543476513682854045e-01 -5.479440653996583288e-05 6.435441486538242187e-08 0.000000000000000000e+00 -7.444312493060466149e-10 inf 0.000000000000000000e+00 -9.000000000000000000e+01
1.455676768945099349e-06 9.679955206129332507e-10 1.898266846009114342e-03 2.599307910072133092e-05 -1.007753220878278899e+00 5.764801701546117376e-04 3.880464315005582572e-07 2.714314417231884076e-08 inf 0.000000000000000000e+00 -9.000000000000000000e+01
9.923142869076836403e-01 0.000000000000000000e+00 5.591309347383679462e-01 2.742943567912873445e-05 -7.430989368698145622e-05 3.446860924475007165e-02 2.758958631207481714e-06 0.000000000000000000e+00 inf 0.000000000000000000e+00 -9.000000000000000000e+01
9.207563842146775785e-10 6.288186301156188174e-06 5.032252713727743139e-10 2.255307217113172946e+00 0.000000000000000000e+00 7.785405466528065700e-10 1.941720235511412113e-05 0.000000000000000000e+00 inf 0.000000000000000000e+00 -2.000000000000000000e+01
3.292600489212649251e-01 5.883795384947928470e-09 5.466231280919436886e-01 6.543400386277091474e-02 -6.482307213137403767e-01 -4.270493188218310338e-05 0.000000000000000000e+00 2.019692072545601052e-03 inf 0.000000000000000000e+00 -9.000000000000000000e+01
7.279867944523653378e+00 0.000000000000000000e+00 2.318772752700126816e+01 -1.795850334512203455e+09 -1.605109772490458386e+00 1.231029926738279589e-05 4.349805354583722306e-01 -6.274074195804495591e-05 inf 0.000000000000000000e+00 -2.000000000000000000e+01
9.574314555253755632e-01 2.458482327690048417e-10 2.452113202488778748e-10 9.961311814785584987e-10 -5.146194073448893264e-02 1.271277390173403251e-09 3.756662902713614103e-06 2.501792379058681445e-09 inf 0.000000000000000000e+00 -9.000000000000000000e+01
7.062931297894093907e-01 2.514067211988493256e-01 9.349975718164562632e-01 1.643840376613582166e-07 -3.279218102593686734e-02 -1.011617764021289535e-02 1.954566301461271485e-08 -7.304668529816064557e-03 inf 0.000000000000000000e+00 -9.000000000000000000e+01
6.149143608357923035e-02 2.077894604120529048e-09 3.718537237180224442e-01 6.219253988721860571e-09 -9.257608330063267221e-01 7.659950668629917606e-05 0.000000000000000000e+00 7.411157421363220327e-08 inf 0.000000000000000000e+00 -9.000000000000000000e+01
