3.068371715762648333e-01 6.224161429125372180e-01 5.002097946171309765e-06 4.825473467524165061e-01 -2.482671131842142664e-01 -1.652200154641426111e-01 1.180142967601018611e-01 7.853293775488955297e-07 3.705690782005892288e+03 1.000000000000000000e+00 0.000000000000000000e+00
2.232814098541746339e-01 -8.743382068723343226e-02 3.034892949474218282e-01 1.781193123917606813e-01 -7.804010441505133677e-01 -2.926503915564425060e-02 -2.189458484977828967e-01 -1.076664403503948958e-01 1.515908229607368230e+04 1.000000000000000000e+00 0.000000000000000000e+00
3.689815630421347525e-01 4.560802152623811834e-01 4.206468999273264148e-02 2.969272234781127409e-02 -3.555208622444603339e-01 -3.246404310027366236e-02 -2.375417787824901927e-01 -4.036354444155595359e-04 1.886003552611357372e+04 1.000000000000000000e+00 0.000000000000000000e+00
4.520546404926217288e-01 2.698833674582816200e-01 5.161519402639636045e-01 1.707855684696938173e-02 -3.854271841513584040e-01 -1.973085510123065360e-09 -1.655144089490242706e-02 -2.556512367524738094e-02 1.953924988579366982e+04 1.000000000000000000e+00 0.000000000000000000e+00
3.312712642794803930e-01 3.877100722678362699e-01 4.416950190393071352e-01 2.644035461193630088e-01 -4.343334353886520449e-01 -4.049829547398161428e-04 5.482846156477511057e-03 -4.792697689228593291e-06 2.171367288279223794e+04 1.000000000000000000e+00 0.000000000000000000e+00
4.397329854979743491e-01 2.754874804979869363e-01 6.661431238644909270e-01 2.813767615537633437e-01 -3.252191871912102350e-01 -4.449679019919978995e-02 -1.177856211155288435e-02 -4.085581770159021848e-09 6.231757154575084860e+04 1.000000000000000000e+00 0.000000000000000000e+00
2.654830922011183203e-01 2.369140455338063778e-01 4.166899977329888705e-01 1.264702919540760528e-01 -5.825298296066533377e-01 3.309828577310530012e-03 -1.578265626864915894e-01 -4.807961512303717821e-01 8.172312383641698398e+04 0.000000000000000000e+00 0.000000000000000000e+00
2.002129825796402363e-01 1.055564148843948641e-01 1.271266387955538146e+00 3.201113016602843975e-01 -1.801343167048912175e-01 -1.287185901613374824e-02 7.041874960358407431e-02 -3.133706066880472679e-02 1.095031390985519538e+05 0.000000000000000000e+00 0.000000000000000000e+00
2.089808153400046220e-01 7.777533436880584850e-01 6.005505389281060730e-02 3.676015630658586303e-02 -1.545811701097456747e-01 -2.068263739447468441e-01 1.594286632490757027e-01 -1.885136220850557043e-02 1.121257640566537593e+05 0.000000000000000000e+00 0.000000000000000000e+00
1.936859026104764125e-01 8.412328008902781873e-01 3.325941639647964190e-05 2.077787201511640744e-02 -1.893496510594955828e-01 -9.142263686651218302e-02 5.899797006669963225e-07 -5.284806577757868856e-03 1.131780593646533525e+05 0.000000000000000000e+00 0.000000000000000000e+00
5.446363210443977421e-01 -1.283931255008682334e-09 2.572927932668236245e-02 3.895958058252161488e-02 -4.606006386957504084e-01 -2.361799469090045252e-09 -2.287047051260654440e-02 -1.020528262699158320e-02 inf 0.000000000000000000e+00 -9.000000000000000000e+01
1.574738541566496342e-02 8.142489662848385601e-01 2.624356349668046096e-01 3.083369247328616725e-01 -1.292221092327041632e-01 -9.884992429239193232e-03 -2.055579498219077816e-01 -1.367060151728221595e-01 inf 0.000000000000000000e+00 -9.000000000000000000e+01
5.187317338080771334e-02 6.307270255721452168e-01 9.771827156751544674e-01 -4.124627416810031795e-06 6.773652915475503189e-02 3.656503505894855705e-02 8.898351129448570877e-04 3.061152357945110053e-10 inf 0.000000000000000000e+00 -1.000000000000000000e+01
4.004025415513724068e-02 8.032843558058493372e-01 2.181759978731936389e-01 7.596404400381137398e-06 -3.738743236281545368e-01 6.117933387072395425e-09 -4.239556322308649094e-02 -4.261249958460813260e-03 inf 0.000000000000000000e+00 -9.000000000000000000e+01
1.364906688894486630e-01 2.297592926305719319e-01 2.843555601863514048e-05 4.299456070017633469e-02 -5.153944528377619365e-04 -1.091925351115589360e-01 0.000000000000000000e+00 -2.118335181164243242e+00 inf 0.000000000000000000e+00 -3.000000000000000000e+01
1.696994779598136574e-09 0.000000000000000000e+00 3.819279399647418290e-05 3.957802486681262619e-07 0.000000000000000000e+00 -1.618486124314236943e-09 -8.429802672432155086e-01 -1.267712632661912586e+00 inf 0.000000000000000000e+00 -9.000000000000000000e+01
2.485141006789778617e-01 0.000000000000000000e+00 4.096599628380025448e-01 1.863855755092334032e+00 -3.361250287503753098e-02 -2.066653211517989214e-04 3.373384765075969349e-02 -2.299483499934878300e-02 inf 0.000000000000000000e+00 -9.000000000000000000e+01
9.830118488894976927e-10 6.171508202923701170e-01 1.640208079632175242e-01 2.162911753361110023e-01 -6.459896436705181433e-01 -1.403745217533760839e-05 5.035528925793834008e-03 2.833414396903053967e-01 inf 0.000000000000000000e+00 -9.000000000000000000e+01
5.177212159876922737e-01 5.531815732471232483e-01 2.517685365419599086e-01 1.172555813378517442e+00 -1.282482920882753452e-01 0.000000000000000000e+00 1.344538546086757741e-02 -2.146292375626773117e-06 inf 0.000000000000000000e+00 -9.000000000000000000e+01
1.891882041290720304e-03 4.602152875103580065e-01 1.440125858443605655e-08 9.533030955571701603e-02 -3.451614656327685049e-01 -1.468305917294951690e-01 -5.369178354287510446e-01 -7.845574901367055043e-01 inf 0.000000000000000000e+00 -9.000000000000000000e+01
5.631989979989884126e-02 1.993175775181647451e-09 2.040768133925746408e+00 1.722726346820435128e-01 1.169466154668487690e+00 -7.799920061391958384e-09 4.157733779345473279e-01 -2.628671793854423719e-06 inf 0.000000000000000000e+00 -2.000000000000000000e+01
1.230826523367101882e-01 7.289716611608727803e-02 6.359270370730026878e-01 8.879534204291235078e-01 -1.838913436697277304e-01 -1.086610504071211129e-05 9.658760036188543819e-05 -6.491144641090786926e-01 inf 0.000000000000000000e+00 -9.000000000000000000e+01
5.213194224445993896e-01 2.474715710711714312e-01 4.355777019038908264e-08 8.564533368732704099e-01 -2.862602185744898553e-01 -2.744296810859777128e-02 -5.725204371489797106e-01 -3.669406053813921154e-01 inf 0.000000000000000000e+00 -9.000000000000000000e+01
2.354372103515053605e-01 5.647810003303918025e-01 3.414174930738353986e-01 1.442136758563352106e-01 -1.707087465369176993e-01 1.359336592185052896e-09 -3.863584990383677753e-01 -2.348853670319760544e-09 inf 0.000000000000000000e+00 -9.000000000000000000e+01
1.776551508536899637e-01 1.014053643440345986e+00 3.093059375744684480e-01 4.727682526850261469e-01 8.085022292294650192e-01 -6.900654619936717749e-02 -2.270853718901161000e-01 -1.171520708969753070e-02 inf 0.000000000000000000e+00 -1.000000000000000000e+01
7.129727812476872005e-03 5.378256215863447438e-03 7.087975560274774045e-01 6.340681012386380211e-02 -1.834268435726059965e-01 -5.434869439188325657e-01 -1.835506849986291624e-03 -7.020039692284920640e-01 inf 0.000000000000000000e+00 -9.000000000000000000e+01
1.633014706963936463e-04 4.502652776091455311e-01 2.446779161284424187e-01 1.100326723417847541e+00 -1.911093782778366945e-01 -8.339597563296618345e-07 -4.314438994454191656e-01 7.465210088977995012e-03 inf 0.000000000000000000e+00 -9.000000000000000000e+01
1.693461377972870302e-05 1.120498260674726299e-01 1.050066941432314938e+00 1.582926114286518082e-01 -6.986217726873531486e-01 -7.007560550886382522e-02 -5.887062290211656640e-02 1.536683328925338710e-01 inf 0.000000000000000000e+00 -9.000000000000000000e+01
3.639542874598685786e-06 0.000000000000000000e+00 4.208092956445385613e-01 3.012097123624158010e-07 -9.634564719879412653e-01 0.000000000000000000e+00 -1.771335342468102203e-01 -1.312100253680075768e-01 inf 0.000000000000000000e+00 -9.000000000000000000e+01
3.343919645634579330e-01 1.248444959365214703e-08 1.999002513434297856e-01 2.660437168614764314e-01 -3.307173275902330900e-01 -5.688338034552009592e-01 -9.308580837372215054e-10 -1.833643849639181311e-01 inf 0.000000000000000000e+00 -9.000000000000000000e+01
7.304957880792032343e-01 1.063532594107647228e-06 2.501623889649933763e-01 1.072421129596192276e-08 -1.674953360240776512e-01 -1.874867148398546568e-01 -1.707371812374469111e-01 -5.668051615883778848e-07 inf 0.000000000000000000e+00 -9.000000000000000000e+01
1.852953616074275722e-01 3.511880675491559356e-01 4.802157277260557522e-01 1.191645645972280571e-06 -3.958141755802641604e-01 -2.163396106725463397e-01 -2.334382009779437800e-02 -2.273748710824127772e-03 inf 0.000000000000000000e+00 -9.000000000000000000e+01
1.856380463742749731e-01 2.144099728823897766e-01 5.281422126147100604e-01 2.463349872270103116e-02 -1.111463462368270511e-01 -3.791588123398142995e-01 -2.215044205145276779e-01 -2.002210776181139740e-01 inf 0.000000000000000000e+00 -9.000000000000000000e+01
6.322362848992707507e-01 1.809109851368395361e-01 3.008835331749541431e-01 1.928130236326842245e-02 -2.723186407849268464e-01 7.746831200994503313e-09 -1.066422649227685704e-01 3.123094901309650950e-01 inf 0.000000000000000000e+00 -1.000000000000000000e+01
3.011799699061968316e-01 4.663096775444219300e-01 1.547441914345631941e-01 2.077103240732391665e-01 -5.275842231460274867e-01 9.502747326350692580e-02 6.400074360506681492e-02 -1.385817318426142697e-02 inf 0.000000000000000000e+00 -9.000000000000000000e+01
1.968901582464184964e-08 6.411407628945984261e-01 9.115349107240595661e-01 7.476841452395639181e-10 -6.596235681335707420e-08 0.000000000000000000e+00 -4.466166627564327941e-06 -5.575137068648682200e-03 inf 0.000000000000000000e+00 -9.000000000000000000e+01
4.883015937862456579e-01 -5.416590527099082730e-02 3.492488220457916070e-01 3.900148048214787920e-10 -3.379305731831965254e-01 9.974741571959365043e-09 -9.992396852976814792e-01 7.589477283012560584e-10 inf 0.000000000000000000e+00 -8.000000000000000000e+01
3.043476750954164124e-03 5.336507179755246577e-01 1.024609378513007485e+00 4.569758165825429616e-08 -1.192802305464874353e-09 0.000000000000000000e+00 -8.747216906742411580e-10 9.211084469978751032e-10 inf 0.000000000000000000e+00 -9.000000000000000000e+01
5.986686613222265871e-10 1.108734360768763625e-07 1.789086332111652911e-02 2.693045742020698519e-02 -9.883289548338899388e-01 -4.745786902022489789e-02 -5.320177777068862968e-03 -9.855668566369456263e-03 inf 0.000000000000000000e+00 -9.000000000000000000e+01
2.983037864655815329e-08 2.062379282617144982e-01 4.344745688713452236e-01 4.800760663425465008e-02 -7.937868705539766756e-01 -4.502861433714099720e-02 -3.941435962334988163e-01 -2.928865022883375864e-03 inf 0.000000000000000000e+00 -9.000000000000000000e+01
1.217771071386988986e-02 1.527184447168245710e-06 1.094578966886746517e-06 6.770807156911658353e+00 1.232033606175073328e+04 -1.631706576632232285e-06 -5.620967851174379950e-06 -1.774553486899680408e-05 inf 0.000000000000000000e+00 -2.000000000000000000e+01
2.729164411499720380e-15 4.360163302798890036e-04 6.201800716678066427e-01 6.853585028880425863e-08 -4.778261153752208099e-06 -7.442701699448019479e-07 -9.198726112311450542e-01 -9.048832059918244717e-05 inf 0.000000000000000000e+00 -9.000000000000000000e+01
4.125047010772768252e-01 1.927029260506986641e-01 4.707170433217587324e-01 4.325779225408912798e-01 -3.833985299550358716e-01 -2.848525384698704867e-06 -4.546584661508671354e-01 5.072978675706699075e-07 inf 0.000000000000000000e+00 -9.000000000000000000e+01
1.382517521991923348e-01 4.430002382296700514e-01 9.551263525589362424e-02 2.921125731950676707e-01 -5.470606968742234288e-01 -3.954297428493028232e-01 1.192235540470454325e+00 -5.247620271646762369e-01 inf 0.000000000000000000e+00 -1.000000000000000000e+01
6.358097145934253902e-01 3.587783389491471797e-01 4.677742900223058053e-01 1.706846317152588277e-01 -7.659993228196981807e-01 0.000000000000000000e+00 4.107936289335044933e+01 -4.143428532017141890e-07 inf 0.000000000000000000e+00 -3.000000000000000000e+01
0.000000000000000000e+00 1.966483675969044930e-09 6.927546651651725895e-01 2.300661249626034521e-01 -3.054766881447901206e-01 -1.121572359192691826e-01 -4.614103950638880347e-01 -2.581853180135882941e-01 inf 0.000000000000000000e+00 -9.000000000000000000e+01
1.618929450842993218e-03 2.534191731459707331e-01 1.018956258691090522e+00 7.364994719554773805e-01 0.000000000000000000e+00 0.000000000000000000e+00 1.180074983956155780e-08 -4.002420987251294938e-09 inf 0.000000000000000000e+00 -9.000000000000000000e+01
0.000000000000000000e+00 1.137422967226258248e-09 7.862608707952153386e-01 -1.014759706054798950e-09 9.835422777935146215e-06 -6.226228215434193025e-01 1.312097772964096742e-01 -8.521152076892308802e-01 inf 0.000000000000000000e+00 -9.000000000000000000e+01
7.218242484143317696e-07 0.000000000000000000e+00 -1.553463657062003267e-03 2.257834146212439386e+00 -3.472027067627057742e-04 1.263978926036912265e-05 -2.228182319173034566e-04 3.632060572000080352e-09 inf 0.000000000000000000e+00 -2.000000000000000000e+01
2.094752914671555166e-01 1.236486095465848534e-01 1.051255629399984182e+00 2.822097676710289549e-01 -4.678524865906243725e-10 -1.706835708250896977e-01 -6.594592509151192550e-02 7.758344128413167604e-03 inf 0.000000000000000000e+00 -9.000000000000000000e+01
7.828496846481432236e-02 7.968291433025742609e-02 6.616943763097400677e-02 1.638706645590934382e-09 -1.192913805178122955e-01 -1.112531917915144004e-02 1.141366122326312884e-10 -2.184523405732437862e+00 inf 0.000000000000000000e+00 -3.000000000000000000e+01
0.000000000000000000e+00 2.770639989910936851e-01 7.039358579017902517e-01 8.209143930305750746e-09 -7.651476716323807326e-01 -5.819149397414685038e-02 4.308989519192880924e-02 -5.889623525065035801e-03 inf 0.000000000000000000e+00 -9.000000000000000000e+01
1.112155500731761481e-03 -1.684602874849244203e-01 5.541090447851233503e-01 1.297561883768178159e+00 -1.019115127594749426e+00 -5.638546812511933265e-02 -1.081380036886034759e-09 7.286997370862727906e-10 inf 0.000000000000000000e+00 -9.000000000000000000e+01
3.241035868828917588e-01 -2.712783466655158434e-06 4.405291472194645119e-01 2.538286991121676550e-01 3.419345285560605463e-01 -8.432986532486892450e-01 -5.860610976401804673e-02 -3.765475329804470750e-01 inf 0.000000000000000000e+00 -1.000000000000000000e+01
3.774615492370695380e-01 9.401458661295040986e-02 4.140051476404778131e-09 4.034208007645260358e-02 -5.472490862544874268e-01 -1.775051523363914419e-01 5.009433943406461642e-01 -1.929403829743385201e-01 inf 0.000000000000000000e+00 -1.000000000000000000e+01
2.484366225022862362e-01 4.277430543952406850e-01 2.801212931982299814e-01 9.649422439219233760e-02 -2.678794886111608431e-01 -9.055334863670289058e-02 -1.310593196968582452e-01 -1.327875744620915510e+00 inf 0.000000000000000000e+00 -9.000000000000000000e+01
8.278338361256346034e-02 4.246572772141479074e-02 4.150735721252682975e-01 7.022542522023846566e-03 -9.947224937078483209e-02 -2.965991488713600951e-02 -8.592287321064471239e-01 -3.304725892717104152e-01 inf 0.000000000000000000e+00 -9.000000000000000000e+01
2.640633199980575996e-01 4.019630537748210553e-01 6.670043860691677873e-01 -1.754978119561743509e-05 -4.342374595523614267e-01 0.000000000000000000e+00 5.337551288543399044e-10 8.489074745601446821e-10 inf 0.000000000000000000e+00 -9.000000000000000000e+01
1.228024396220180614e-01 5.706201120542733207e-01 2.049513868547320693e-05 1.820765963910752627e-01 -3.766319626282678690e-01 -7.345457704873598059e-02 -4.560423161944688886e-01 -8.308840007624272532e-06 inf 0.000000000000000000e+00 -9.000000000000000000e+01
2.941923693772655347e-05 1.414265516251370092e-01 1.179151578740959985e-09 9.067654755557254254e-02 -9.447678482713234294e-01 -3.405819845086108053e-06 -7.215640389037603075e-02 -8.385363342729245490e-05 inf 0.000000000000000000e+00 -9.000000000000000000e+01
5.511520415074631437e-10 5.247684930116149893e-01 6.375691971169155092e-01 -1.666323240912411077e-05 -2.836365530763713672e-01 -1.610270920923491667e-01 -2.615668500992473708e-02 -1.655227723284299901e-02 inf 0.000000000000000000e+00 -9.000000000000000000e+01
3.423248468755399343e-01 7.603230965384755495e-07 5.247479560657948294e-01 1.090878932271971413e-02 -6.305984021391525252e-01 -2.168561748427749736e-03 -1.016276889161759206e-01 0.000000000000000000e+00 inf 0.000000000000000000e+00 -9.000000000000000000e+01
3.821556437369034911e-03 1.003967246227766230e+00 1.315416939400613439e+00 6.343497427123431787e-02 -1.442744902197748078e-02 -3.240450851761608742e-02 1.003967246227766230e+00 -1.322516160347935767e-02 inf 0.000000000000000000e+00 -9.000000000000000000e+01
2.220098294620201917e-01 1.011974074610850684e-07 3.868239062490792524e-01 1.800161057875092618e+00 -7.412870576952200474e-02 -2.994869091160395550e-05 4.009817364753648881e-03 -8.334775800989402406e-02 inf 0.000000000000000000e+00 -9.000000000000000000e+01
4.165615901685031930e-01 6.683047733868668905e-01 1.055515140399865825e-01 5.362242691870976463e-01 -1.930407369073551538e-01 -2.631732268510360642e-02 1.574806011612634171e-01 -3.420546390814538373e-01 inf 0.000000000000000000e+00 -8.000000000000000000e+01
6.424109249201989114e-01 0.000000000000000000e+00 1.600144428372656469e+00 1.506018285527206124e-01 -3.434133492876979138e-02 -5.435784749324759080e-01 1.327178614120850364e+00 -7.096228737957782987e-03 inf 0.000000000000000000e+00 -8.000000000000000000e+01
4.258241406600673379e-02 1.971185928125945563e-01 2.289054652844024068e-02 4.661160944037516929e-06 -6.387986851891415277e-04 -1.319455083735419920e-01 -2.822834209446080100e-01 -1.842439098743277270e+00 inf 0.000000000000000000e+00 -9.000000000000000000e+01
1.911072657008211929e-04 0.000000000000000000e+00 1.492222818015922270e+00 1.748273434763074484e-09 -7.832264987738573450e-06 0.000000000000000000e+00 -4.783276117511771468e-06 -6.737001051853211409e-02 inf 0.000000000000000000e+00 -9.000000000000000000e+01
3.262129558417553719e-06 2.336325653720567035e-03 1.682335970696675501e-08 4.672651307441134071e-03 -1.008032641605278501e+00 -6.201763322376224567e-04 4.429830944554445887e-04 2.947843162939487265e-09 inf 0.000000000000000000e+00 -9.000000000000000000e+01
9.779364974495466711e+00 1.263445438399979637e-01 1.357216779531228200e-05 1.248105724371405785e+02 -2.161353815374873477e+01 -1.165840336333813466e+05 1.192543691032128811e+09 -2.852042276388189190e-03 inf 0.000000000000000000e+00 -2.000000000000000000e+01
1.305574897802539011e-03 0.000000000000000000e+00 3.831746445621652883e-03 1.037884146922448281e+01 -1.974511303901243053e+01 -2.455482006133597039e+01 2.163328858300811425e+07 8.553446904419947927e-02 inf 0.000000000000000000e+00 -2.000000000000000000e+01
2.602132418888332688e-01 4.500158418548058092e-01 4.151931874255648802e-02 3.099598910734631743e-02 -3.742478684812926004e-01 -2.035785951247930936e-01 -2.898698981335165112e-02 -8.763063587138650301e-02 inf 0.000000000000000000e+00 -9.000000000000000000e+01
4.656521176174100440e-01 8.905596749432967418e-02 6.100324095367982902e-10 2.323410045195202153e-02 -2.010064974381819969e-01 -5.370521089854128904e-01 -3.434184367428398665e-02 -3.288668080672958044e-02 inf 0.000000000000000000e+00 -9.000000000000000000e+01
9.695674211918617891e-01 5.873601521535894154e-02 7.252574150007524470e-06 1.117169165479449666e-01 -1.735658770941971601e-05 -1.350759081897880132e-01 7.529043103109988033e-01 -2.888136194847440615e-03 inf 0.000000000000000000e+00 -1.000000000000000000e+01
1.519435313192860904e-01 1.355926526208852401e-01 2.408763593618079013e-01 -1.960191194594632691e+01 -8.199367464368825242e-01 -1.894309117497661394e-03 -2.416739632007542660e-01 -1.188429720030111797e-01 inf 0.000000000000000000e+00 -2.000000000000000000e+01
0.000000000000000000e+00 1.519817875141875305e-09 1.021199507784572136e+00 -3.997628643873302678e+01 -1.021199507784572136e+00 -1.345565563832441107e-05 -1.434873998220878299e-01 -4.371139332328503602e-01 inf 0.000000000000000000e+00 -2.000000000000000000e+01
2.073853897049266204e-01 3.072998082267333619e-01 6.297127217760929430e-01 4.582251794149359930e-10 -3.929407383882820293e-01 -2.560831735222778294e-01 5.478500679452008582e-02 8.631262373144313882e-01 inf 0.000000000000000000e+00 -1.000000000000000000e+01
3.796118971914335671e-01 1.704942968490595623e-01 7.172899220186971236e-01 1.169734334368952355e+00 -3.829224660622890797e-01 -8.524714842452978114e-02 -4.593414308312041699e-02 3.067793820326120136e-01 inf 0.000000000000000000e+00 -9.000000000000000000e+01
1.376337755461445184e-04 3.049333675005995186e-09 3.911200429459015915e+00 5.000476119096624039e-01 -2.898365139094221998e+00 -1.180967777461621460e-05 2.446092776730068636e+03 -7.169397799635325499e-04 inf 0.000000000000000000e+00 -2.000000000000000000e+01
1.786167714142781748e-01 -2.001739679642772912e-02 2.721508736308135364e-10 6.516079686337150503e-05 -8.376510659428217931e-01 3.505456217727106330e-10 3.325539745560375775e-03 -2.378135174960217119e-02 inf 0.000000000000000000e+00 -9.000000000000000000e+01
1.971631952350775818e-01 -2.495987484655790938e-06 1.303640559030670776e+00 4.338212261087275035e-02 -3.147147532774424716e-01 -2.388349115781381593e-01 1.710406267812187298e-01 1.134108381811281472e-06 inf 0.000000000000000000e+00 -9.000000000000000000e+01
1.609504093261103219e-01 5.990010079043899260e-01 4.573397584588572568e-02 -1.302536817742233066e-01 -2.248327882854427584e-01 -2.488923855558407006e-01 -2.215142231446982080e-01 2.903744498151474840e-01 inf 0.000000000000000000e+00 -1.000000000000000000e+01
1.388766821172280064e-01 4.502357740943369047e-01 1.672188621411520859e-01 2.021475939903904714e-05 -6.121910885167601846e-01 -2.186396744702714945e-02 -2.277496609065328068e-02 -1.887791633736372182e-02 inf 0.000000000000000000e+00 -9.000000000000000000e+01
8.925568320907530107e-02 5.313826721284482524e-01 3.179993178518682462e-01 2.005139301859691636e-01 -1.760205101425484919e-01 -1.887703374556035949e-06 -5.147769636244342584e-01 -1.108431042642935016e-01 inf 0.000000000000000000e+00 -9.000000000000000000e+01
1.337093976809546579e-03 4.927481025511860959e-10 1.004545089459754958e+00 7.221284984728488787e-01 -1.240979437517019750e-05 -4.658533166200154452e-02 -1.537204229422400870e-01 -1.541672846368396382e-02 inf 0.000000000000000000e+00 -9.000000000000000000e+01
4.220178365763893602e-01 1.225423651475812903e-07 1.121181715083541919e+00 3.672235015624324339e-10 -1.344788180732225946e-01 -2.311649940649774526e-01 -3.813023578523659370e-10 -6.031075798834221319e-02 inf 0.000000000000000000e+00 -9.000000000000000000e+01
3.260138602720727318e-08 4.296049867124783206e-01 6.664116379247224664e-01 2.922882885197893275e-08 -2.801171044029652718e-05 0.000000000000000000e+00 -2.398262880162374100e-06 -1.207085230957988031e+00 inf 0.000000000000000000e+00 -9.000000000000000000e+01
2.757654232128377569e-01 8.564907259253582301e-06 1.794431034026798821e-01 -5.916244008644214181e-02 -5.182825329886666665e-01 -4.009355443874591529e-01 -5.830678496122500276e-02 -4.938352436967484438e-02 inf 0.000000000000000000e+00 -9.000000000000000000e+01
4.749434269450498736e-01 1.389621540982756143e-01 1.439999849542257010e-09 0.000000000000000000e+00 -4.872220067672442000e-04 -7.281467050324739176e-01 7.509949298303035536e-02 -1.805384320090804573e-01 inf 0.000000000000000000e+00 -9.000000000000000000e+01
7.792366076878060930e-06 1.001556222370389770e+00 6.993702517752055331e-06 1.368652041162926603e-01 -2.659499573525893612e-01 -7.420016174312559092e-07 6.029849431996873316e-02 -6.931674420360042221e-01 inf 0.000000000000000000e+00 -9.000000000000000000e+01
2.096688828971866609e-03 3.846312852705625063e-01 1.190378173867898404e-01 1.174918717064419305e-01 -2.714680614690947458e-01 -1.978810470845337732e-01 -6.121944894177763219e-01 -3.085707577974448612e-01 inf 0.000000000000000000e+00 -9.000000000000000000e+01
5.981450914503491298e-03 3.434117894228021884e-05 -1.363882091314507772e+00 2.649421085999983827e+00 -9.436782093951555650e-01 -3.213847486713690138e-01 4.534774414251484774e-03 2.371659197951598408e+00 inf 0.000000000000000000e+00 -2.000000000000000000e+01
5.848879486494453772e-01 1.302137943118911450e-06 9.017837602922886830e-01 6.494407991692837667e-01 -2.640798430357027549e-01 -1.496452443868982185e-01 1.507345928424184133e-05 -1.174834371144076851e-04 inf 0.000000000000000000e+00 -9.000000000000000000e+01
6.601169581509473971e-01 2.877432894504129979e-01 3.331051727284780828e+00 3.012841501304324154e-01 -1.679913028114911056e-01 -2.717015349460686903e-05 2.877432894504130090e+00 -1.833727089464912057e-05 inf 0.000000000000000000e+00 -2.000000000000000000e+01
3.829287132399175619e-01 1.533030759190735226e-01 4.967546022270408201e-02 -8.995452751420958347e-06 -5.500488045851736896e-01 3.186386265576838437e-10 -1.549479587079047871e-01 -6.161784739045327951e-07 inf 0.000000000000000000e+00 -9.000000000000000000e+01
1.089703399288038804e-01 1.900173468819391597e-09 1.295278650501243245e+00 -7.979565672091488981e-02 -6.337282180256679220e-01 1.128587878450305282e-08 -1.541814384099033652e-01 4.080591452653081208e-01 inf 0.000000000000000000e+00 -1.000000000000000000e+01
5.717179012181108355e-01 6.290261395263702093e-01 5.713767807519903180e-02 2.885879143380201683e-01 -1.509458062583616221e-02 7.217989294100397112e-10 -2.265039895040725781e-01 0.000000000000000000e+00 inf 0.000000000000000000e+00 -9.000000000000000000e+01
5.081222622028184124e-08 8.796947488259320158e-01 3.478006792178610427e-05 1.689236244025327059e-09 -2.251017658598357938e-04 -1.076945890959581653e-01 -3.778757512138882779e-01 -2.388174747671774067e-01 inf 0.000000000000000000e+00 -9.000000000000000000e+01
1.191073232224059202e-07 4.717115580971649180e-01 1.253734385573931354e-01 6.248406824654559885e-04 -6.725012029898481680e-01 -9.655195842925677618e-02 -2.204630742337801891e-09 -1.010673236493314642e+00 inf 0.000000000000000000e+00 -9.000000000000000000e+01
5.535095345036373085e-08 1.808159304068714113e-01 1.121728457153739200e-01 8.315300503278962030e-02 -6.763855174479262988e-01 -1.925354814517612201e-01 -6.629917448251950729e-01 -2.506972414736473949e-05 inf 0.000000000000000000e+00 -9.000000000000000000e+01
1.580574717577305039e-05 3.896751919333596992e-01 4.439337629620553893e-01 2.441635696291304669e-01 -4.611978537439130887e-01 -1.242397961622974389e-01 -2.244331801641502311e-01 -3.156862314396838287e-01 inf 0.000000000000000000e+00 -9.000000000000000000e+01
2.566495806979439132e-01 3.663225119845653355e-01 9.736270430547001864e-02 4.852397709189642389e-04 -5.192677562958400994e-01 -9.363233249299988958e-02 -1.712075648070567105e-09 -1.602894138170752751e-05 inf 0.000000000000000000e+00 -9.000000000000000000e+01
4.767805219207950640e-01 9.195766879814076811e-02 1.107490185090652002e+00 2.788716260291442817e-01 -1.569277608837837124e-01 -1.121358800901241064e-02 4.485435203604964255e-02 -3.028605831069201559e-01 inf 0.000000000000000000e+00 -9.000000000000000000e+01
5.425586808728639632e-01 0.000000000000000000e+00 1.359377793835307546e+00 1.271932438676311172e-01 -2.918985577040362697e-02 -2.316556638800117487e-02 2.042047782406108958e-01 -4.342456841418343427e-01 inf 0.000000000000000000e+00 -9.000000000000000000e+01
1.580465972755400590e-05 1.334293916789572386e-06 3.138504223141396765e-01 1.381808743768270890e-08 -8.405497271480197874e-01 -3.023267567000135769e-01 -3.262214162822456298e-02 -3.177481327424470144e-03 inf 0.000000000000000000e+00 -9.000000000000000000e+01
1.147850583676294210e-04 1.640661100934649730e-01 7.097146941027298411e-09 2.430179878007290824e-08 -5.815776290626556433e-01 -1.769220366306394621e-01 -8.742030045278655903e-01 -3.367028378783796239e-01 inf 0.000000000000000000e+00 -9.000000000000000000e+01
1.533183958318917184e-01 1.237221232187733916e-01 9.975399425011689525e-01 -1.353665583452461907e-01 2.455035072498013005e-01 -2.911108781618197416e-01 -2.590886815640195406e-01 6.452957799253671023e-02 inf 0.000000000000000000e+00 -1.000000000000000000e+01
2.455715549987210200e-01 -2.275967109967859563e-06 1.229559194543249800e+00 3.493581475270488568e-01 -4.331087525462792268e-04 -1.996332271583136364e-01 -7.713101958389390056e-02 3.969978949171009686e-01 inf 0.000000000000000000e+00 -9.000000000000000000e+01
0.000000000000000000e+00 2.701192754908021696e-06 2.105096205599615545e-06 9.721096772584946422e+00 7.333315661446066224e+04 -2.659507681529811407e-06 -2.727501972164121380e+00 -3.233427771801009910e-04 inf 0.000000000000000000e+00 -2.000000000000000000e+01
1.874058739142467692e-02 1.122793950003747728e-03 1.535534498110108670e+00 1.085550109988569401e-06 -8.830112304068093946e-06 -2.513522066752056361e-06 -1.238547105356085881e-05 -1.532884182158355792e-05 inf 0.000000000000000000e+00 -9.000000000000000000e+01
7.152203414227982226e-01 3.167659525949619014e-07 3.481547153502163816e+00 1.666827066875165575e-01 -2.388108597632055130e-01 -1.026969091274294057e-04 2.657225404065718166e+00 -2.685106875002539195e-01 inf 0.000000000000000000e+00 -2.000000000000000000e+01
2.606504916480774457e-03 7.047520709010489659e-01 3.211370252155488769e-01 1.504470732916423747e+00 -9.840288224017305560e-03 -2.046155170390900196e-02 3.328907028164584687e-03 -9.020264205349197775e-03 inf 0.000000000000000000e+00 -9.000000000000000000e+01
5.450771775751034847e-10 2.408993156565449323e-01 3.112289816368113970e-01 1.086472081350323471e+00 -4.106605783675329469e-01 -1.503599755440179764e-01 -3.661992952765599219e-01 4.085970798529836561e-07 inf 0.000000000000000000e+00 -9.000000000000000000e+01
9.309804081580086432e-02 6.426767978897220956e-01 7.808222778099427330e-01 -3.001512920470677831e-06 -3.683879464539216997e-01 9.159645951232020522e-02 6.168996521799707811e-02 -1.335781701221336326e-02 inf 0.000000000000000000e+00 -9.000000000000000000e+01
1.076425709442510925e+00 2.346275573213450064e-09 1.595553001939608473e+00 -4.845943533477616022e-05 1.347440693025554470e+00 -8.986946438005457577e-09 -1.903784831859759996e-01 5.038588427177710383e-01 inf 0.000000000000000000e+00 -1.000000000000000000e+01
4.649564927605172038e-01 1.092710206006064652e-09 1.118801560704994591e+00 5.085461639568156916e-02 -3.723284414683828980e-01 6.630687318179215863e-09 1.225959502395894962e-01 -8.027764445318305020e-01 inf 0.000000000000000000e+00 -9.000000000000000000e+01
4.443625576377418507e-01 5.196370892594358581e-01 9.543308190386999968e-10 -1.839369603336554471e-01 -3.156673906716199185e-01 -1.211070085365157090e-01 6.750425738977717804e-01 -5.144771415273036164e-02 inf 0.000000000000000000e+00 -1.000000000000000000e+01
5.914433905123286372e-01 9.561392800531010039e-02 9.396185149549912685e-02 9.829855233375293933e-02 -3.741953294721855339e-01 -1.802925292689221744e-04 2.884680468302754791e-03 1.623165170889281639e-01 inf 0.000000000000000000e+00 -9.000000000000000000e+01
3.558142372111093299e-01 0.000000000000000000e+00 5.280492274058651643e-10 2.244811772974153463e+00 -1.234260768645582540e-01 0.000000000000000000e+00 0.000000000000000000e+00 0.000000000000000000e+00 inf 0.000000000000000000e+00 -2.000000000000000000e+01
0.000000000000000000e+00 1.029600740006137549e+00 1.617447108455587756e-01 8.261154586197894112e-01 -1.757101890112905857e-08 -8.591600769645810765e-01 1.961806815417100003e+00 -1.048949233642232706e-02 inf 0.000000000000000000e+00 -1.000000000000000000e+01
0.000000000000000000e+00 2.657038364876657788e+00 2.022907178442811815e-01 3.939587914230736351e+04 -9.939504207270781322e+00 -5.623968893259448931e-01 -2.172738338610591660e-06 4.436589025151751518e+09 inf 0.000000000000000000e+00 -2.000000000000000000e+01
2.327991102879033158e-01 4.171983723057609133e-05 0.000000000000000000e+00 7.444066292213258354e-09 -6.424972405514169926e-01 -2.886992006001962152e-01 -8.071017786387225945e-03 -1.528407532589274087e+00 inf 0.000000000000000000e+00 -9.000000000000000000e+01
6.297579265403593363e-01 -1.782634779324117204e-08 2.112849549080573486e-01 5.513308241645152874e-01 -7.978970012001386156e-04 -1.662186348861171281e-01 -7.912943463592618798e-01 -2.794697118243694850e-02 inf 0.000000000000000000e+00 -9.000000000000000000e+01
0.000000000000000000e+00 6.997656748511128511e-01 -1.210317321071155527e+00 -2.528768777375941645e-05 -7.160772290434465059e-01 -1.117341462174853833e-01 5.415945727923276477e-03 -4.860843149315422496e-01 inf 0.000000000000000000e+00 -1.000000000000000000e+01
4.455596902837696133e-02 5.989633780084984443e-11 3.924195437361640421e-02 2.241151616448759043e+00 -2.357242398137374129e-02 0.000000000000000000e+00 0.000000000000000000e+00 0.000000000000000000e+00 inf 0.000000000000000000e+00 -2.000000000000000000e+01
1.606819513545884592e-01 6.695440259667397201e-10 2.306787211665630011e+01 9.920523212431848689e-03 -6.657800488953647289e+00 0.000000000000000000e+00 -1.844448238489244791e-07 3.775752908892877102e+08 inf 0.000000000000000000e+00 -2.000000000000000000e+01
4.153718251959422902e-01 4.601875481507395489e-10 4.539751546751190636e-01 1.797371020550471377e+00 0.000000000000000000e+00 0.000000000000000000e+00 0.000000000000000000e+00 0.000000000000000000e+00 inf 0.000000000000000000e+00 -9.000000000000000000e+01
0.000000000000000000e+00 0.000000000000000000e+00 1.251800823471503418e-09 7.522189265875089959e-02 -1.003690655329902537e+00 -5.138110569543164287e-09 -4.310159542855434428e-02 -6.657412032754413123e-02 inf 0.000000000000000000e+00 -9.000000000000000000e+01
5.307066951407003463e-01 1.181514042143706281e-06 8.164718386780004389e-01 1.000621737075484269e-01 -3.532128171672219707e-01 -1.357828166497109523e-01 1.367712530160622833e-05 -1.072503290977438935e-04 inf 0.000000000000000000e+00 -9.000000000000000000e+01
3.697119247182747981e-01 3.763139233739583034e-01 3.400029307676991630e-01 7.306211845623049594e-01 -4.159259153080591687e-01 0.000000000000000000e+00 0.000000000000000000e+00 -2.980180769306990236e-07 inf 0.000000000000000000e+00 -9.000000000000000000e+01
5.224073250178652428e-01 -5.867074603289721552e-02 6.224853566304830998e-01 7.255657291914795193e-02 -4.083183689794808724e-01 -1.736353848478919826e-01 1.581232899479362020e-01 -3.440182336683738490e-02 inf 0.000000000000000000e+00 -9.000000000000000000e+01
1.861590418136935821e-01 3.987548706305152901e-01 5.452587319395167942e-01 1.453896888587048363e-06 -5.485633303149077822e-01 1.128470591247737304e-09 -1.070552182027712830e-02 -3.173791356365116695e-02 inf 0.000000000000000000e+00 -9.000000000000000000e+01
5.583044129812982925e-01 -9.343785820799686827e-09 -7.978753364620791988e-01 5.030989393096400031e-01 -4.416437893732657605e-01 -4.736337094333331988e-06 -9.374514397074037442e-01 -8.690956055620722986e-03 inf 0.000000000000000000e+00 -9.000000000000000000e+01
9.834954396573331037e-02 4.668019171318187888e-01 1.063780781670176645e-01 -1.778082874517146960e-05 -5.470872591446622746e-01 -1.571298836537080301e-01 3.808177495028850206e-03 -3.417861702832481474e-01 inf 0.000000000000000000e+00 -8.000000000000000000e+01
9.868938799042081475e-03 4.112278298729601142e-11 1.412968064407532420e+00 3.011394936542808286e-05 -4.089160295092451602e-01 2.871890007536705290e-11 -2.579722604004920997e-02 -1.916981368164993936e-04 inf 0.000000000000000000e+00 -9.000000000000000000e+01
2.628159863809028662e-01 5.760616085249310458e-01 3.772524675356871415e-01 1.469248041944899719e-01 -3.433094434643528259e-01 -3.201099926370256439e-04 1.878988832520292473e-02 -3.617356565316485750e-01 inf 0.000000000000000000e+00 -9.000000000000000000e+01
0.000000000000000000e+00 2.438766418987593498e-01 9.917301210260706656e-02 1.537312522698724461e-02 -8.750252044092824422e-01 0.000000000000000000e+00 -2.464933440650550478e-01 -9.802251919946207710e-07 inf 0.000000000000000000e+00 -9.000000000000000000e+01
7.330772984705880013e-02 1.325081302390135052e-01 7.633072901600967963e-02 -5.202077736569637317e-02 -2.488935982436223382e-01 -1.415771277458661437e-01 -4.877105325907417632e-01 -1.539714243385647441e+00 inf 0.000000000000000000e+00 -9.000000000000000000e+01
2.215582273339227783e-03 2.438143026588688589e-01 4.055016823168555717e-01 4.010103662152448428e-02 -1.809358772363184875e-01 -1.655370791736530678e-01 -6.287842542255038802e-01 -1.527047474547652273e-01 inf 0.000000000000000000e+00 -9.000000000000000000e+01
2.464675418458191214e-01 4.897953697827743258e-01 2.229196875293396052e-01 1.038198732531008917e+00 -1.135529863705790898e-01 1.875314104263427713e-09 -2.940865361302555381e-01 -2.658291109504800631e-01 inf 0.000000000000000000e+00 -9.000000000000000000e+01
6.165924190564326291e-05 0.000000000000000000e+00 1.326990491561179653e-01 1.822220896946389530e+02 -3.834457433504885209e-08 -1.451156976568650269e-04 8.256879389312182367e+07 -2.125019335564561768e-02 inf 0.000000000000000000e+00 -2.000000000000000000e+01
1.063889844928294680e-05 0.000000000000000000e+00 3.916258418923776369e-10 9.761339594144353353e-05 -1.008424278450197997e+00 6.792065111689112883e-06 -4.343653365813350303e-08 0.000000000000000000e+00 inf 0.000000000000000000e+00 -9.000000000000000000e+01
4.643137366736877283e-03 8.517696419127264162e-01 1.759684871154105212e-01 2.348528835820459237e-01 -2.835095396740259285e-03 -2.471775247029696365e-01 3.487702261650281379e-03 -3.269453408467257877e-02 inf 0.000000000000000000e+00 -9.000000000000000000e+01
2.394483792288107371e-01 8.909707134095282144e-02 9.199272615953379972e-01 9.110175544612426624e-01 -4.187562353024782968e-01 -1.503513078878578914e-02 -4.976906719436036478e-03 -3.133678427748050994e-05 inf 0.000000000000000000e+00 -9.000000000000000000e+01
3.563577240980506100e-01 1.889080071410361594e-07 8.564237402029444279e-01 8.039896336599070548e-01 -4.311248760205298458e-01 -5.061347784362639490e-02 -1.242882525464590604e-01 -1.159133605291683654e-02 inf 0.000000000000000000e+00 -9.000000000000000000e+01
3.423367636788300916e-01 5.211126291555524537e-01 8.647173067739337693e-01 -2.259709902032208033e-05 -1.760561653124408565e-05 0.000000000000000000e+00 8.124157697067047593e-10 -2.187151545725858626e-02 inf 0.000000000000000000e+00 -9.000000000000000000e+01
4.109154353891265599e-01 2.318737099695785675e-01 2.778571039297903500e-01 6.647955751754049057e-09 -5.165794044891877101e-01 -4.622798648127673937e-02 2.698736040422301485e+01 -9.173197910020119750e+00 inf 0.000000000000000000e+00 -3.000000000000000000e+01
5.820418635870924229e-01 4.207677638848355411e-02 5.195533602881607330e-06 8.003075624322519843e-02 -1.240415145075437986e-05 -6.790488408516077712e-01 -4.292558743954806577e-02 -2.068976936969742393e-03 inf 0.000000000000000000e+00 -9.000000000000000000e+01
3.156328760226889868e-08 0.000000000000000000e+00 3.558401394464482115e-01 1.618988312173413657e+00 -2.866958469473753629e-02 -7.925802868992669483e-06 5.544191746114685015e-02 -3.600562548427331810e-01 inf 0.000000000000000000e+00 -9.000000000000000000e+01
3.328070588008717647e-05 4.622024432626506973e-01 4.110832790308368012e-01 1.188520568389673349e+00 5.248861327767655638e-06 -3.322745675067903526e-01 3.700814493865694360e-02 -2.522677505710608017e-02 inf 0.000000000000000000e+00 -9.000000000000000000e+01
1.118573739853779940e-02 1.059981782051915289e-01 9.246876249457914865e-01 4.314498710864579645e-02 -5.209357702747603458e-01 -2.791107808016098368e-01 2.611253801183954369e-04 -1.666169787234532642e-06 inf 0.000000000000000000e+00 -9.000000000000000000e+01
5.611052588693780097e-01 -2.425955089817604937e-01 8.952929498136399933e-02 2.000175216910841769e+00 -4.142277058123937650e-01 -2.467809132708338412e-05 -6.250547552846380528e-02 -1.456398208683017947e-01 inf 0.000000000000000000e+00 -2.000000000000000000e+01
4.726321884601866197e-01 2.098323940146518407e-01 8.827900071813831184e-01 1.932713748991995632e-09 -1.084919209546832087e-03 -4.142322341389567120e-01 8.861853533628499813e-02 1.597170843762010017e+00 inf 0.000000000000000000e+00 -1.000000000000000000e+01
6.688166213737241350e-02 3.096024359974140494e-01 1.560026298983467882e-05 1.331353274471638537e+00 -4.358297983411873466e-01 -2.072389531017173325e-01 -4.295498300653777246e-01 -4.034879617207678265e-02 inf 0.000000000000000000e+00 -8.000000000000000000e+01
1.576846709890618748e-03 7.517498661955179795e-01 4.400063274305559234e-03 1.837073628001909098e+00 -3.226964859713879474e-01 -5.952360274940395740e-02 -4.985479418097286258e-02 6.526445783690992819e-02 inf 0.000000000000000000e+00 -9.000000000000000000e+01
2.226118466969420780e-04 0.000000000000000000e+00 3.600311906201806300e-01 1.026871569768862891e+01 -1.953560547365153965e+01 -2.429427860184870980e+01 1.720178386482879519e+07 1.120205742554638007e-01 inf 0.000000000000000000e+00 -2.000000000000000000e+01
2.146528467684205577e-01 4.315800316547904924e-08 8.923687578475193050e+01 4.272059097123432553e-08 -1.671234471933731314e+01 -2.872801176579294591e+01 -1.942110142446557150e-07 9.346395678927827454e+10 inf 0.000000000000000000e+00 -2.000000000000000000e+01
2.382736214375618944e-01 3.559516140659088057e-01 7.294090452170262084e-01 5.670016784293681102e-10 -4.551512442154243554e-01 -1.878228291433842526e-02 -9.877414153980563702e-03 -9.312122143937368035e-02 inf 0.000000000000000000e+00 -9.000000000000000000e+01
3.000430548211610038e-01 1.613384743572420688e-09 1.060702664750037050e+00 1.863799556897502430e-02 -6.349534982759738044e-01 0.000000000000000000e+00 0.000000000000000000e+00 8.960574792776454409e-07 inf 0.000000000000000000e+00 -9.000000000000000000e+01
8.218867320270271115e-01 2.050703711258841933e-01 7.243679449749922117e-02 2.038664354832664949e-01 -6.240399747568491778e-02 -2.849314354195259941e-02 -2.712868314698585470e-01 5.923363361679160333e-01 inf 0.000000000000000000e+00 -1.000000000000000000e+01
1.044169039185898108e-05 5.764019845944255982e-01 3.833004903478925973e-02 7.886872791224884192e-10 -7.020630807619306912e-01 0.000000000000000000e+00 -1.617715877971617755e-02 -4.884772825532831440e-10 inf 0.000000000000000000e+00 -9.000000000000000000e+01
9.898391590265653832e-07 0.000000000000000000e+00 1.249605090096006341e-09 9.609441010015246087e-02 -1.001217089849864239e+00 -3.609315283208851184e-06 -1.024667184622315291e-01 -2.987019544724566497e-05 inf 0.000000000000000000e+00 -9.000000000000000000e+01
5.104605810521785081e-01 -5.662393862664893973e-02 3.701684346040632345e-01 -3.323199798659162525e+02 -6.777969966951111758e-01 -1.042739250385612812e-08 -1.525465809270169226e-01 -8.535847464614243485e-02 inf 0.000000000000000000e+00 -2.000000000000000000e+01
7.589474023815066063e-08 3.869399672105430232e-01 9.988450316365180548e-01 2.472277867740111020e-09 -9.721392140412954137e-05 5.950228088459250386e-10 -1.867210306888085480e-01 0.000000000000000000e+00 inf 0.000000000000000000e+00 -9.000000000000000000e+01
5.786673237844998097e-01 1.285253277701534313e-06 8.870360950117660570e-01 7.195271328636214658e-01 -2.512634432222169978e-01 -3.665745664907463057e-03 -1.613225516142643423e-01 8.677274953973635579e-07 inf 0.000000000000000000e+00 -8.000000000000000000e+01
5.214994458350012962e-01 -5.767499952847734460e-10 7.516925605981072955e-01 3.730452578849008383e-02 -4.410337110284288098e-01 -2.261467086774506510e-09 -2.208988131161443436e-02 1.050383405307314666e-02 inf 0.000000000000000000e+00 -9.000000000000000000e+01
3.218217427989023549e-01 5.767354828042995643e-05 5.101614537373857152e-10 7.507710865697791724e-06 -5.908216797888663496e-01 -1.755835952352673979e-01 -3.179090164426847109e-01 -1.139581551248392832e-01 inf 0.000000000000000000e+00 -9.000000000000000000e+01
6.360130550017616125e-02 8.161118012695870449e-01 2.095694502025606254e-01 1.056957222969792040e-08 -3.798446284921411786e-01 6.215629123714401373e-09 4.307256728922820993e-02 -4.848812399518380271e-03 inf 0.000000000000000000e+00 -9.000000000000000000e+01
1.331418051200191910e-01 -3.332245154590741920e-10 6.784383454694518090e-01 -4.403656603452830998e-02 -2.939757940690023214e-06 0.000000000000000000e+00 -1.853097416184960907e-06 -1.585316377243019215e+00 inf 0.000000000000000000e+00 -9.000000000000000000e+01
1.340069794641840116e-04 1.072255287961977055e-01 3.653965192608522872e-02 6.934082076925801099e-06 -1.013536546002154370e+00 -1.024530104624430184e-05 1.085020231866286267e+00 -6.914604318282751070e-06 inf 0.000000000000000000e+00 -1.000000000000000000e+01
7.982047798127026028e-02 5.565464519794990350e-01 1.327900306477401426e-01 6.583627627625887345e-10 -2.196893889392759480e-01 -3.778657489755546384e-01 4.161893423794061492e-02 -4.784346692455342942e-01 inf 0.000000000000000000e+00 -9.000000000000000000e+01
6.184264580509415410e-01 6.906087260253416238e-01 7.680130061544565158e-06 1.248558148746380381e-01 -7.163358519418930271e-04 -5.116365714449504270e-07 -6.231936932017684037e-10 4.705748295605190114e-10 inf 0.000000000000000000e+00 -9.000000000000000000e+01
3.273415921193316390e-08 1.176565864912900147e-07 4.661258086582302229e-01 2.620125418165366454e-02 -9.615677059113177938e-01 -4.617283953690016346e-02 -3.969886997220252282e-03 -3.820863546863061400e-01 inf 0.000000000000000000e+00 -8.000000000000000000e+01
1.544037873839128605e-01 2.316056810758692908e-01 7.946648257358714940e-01 4.863719302593254995e-02 -5.830351346527959432e-04 -1.266111056548085423e-01 -3.489525594876430881e-01 -1.010058109136429891e-02 inf 0.000000000000000000e+00 -9.000000000000000000e+01
1.901583654699082475e-05 1.258204766481509640e-01 1.162341546178156659e-01 1.777463876458005854e-01 -7.796875251339386859e-01 -1.840635460638214224e-06 -9.458504403264175187e-01 -1.238233262251644540e-01 inf 0.000000000000000000e+00 -9.000000000000000000e+01
0.000000000000000000e+00 1.736325589658092897e-09 1.166675867229867380e+00 -4.502268756118832727e+01 -1.027716955003977306e+00 -1.537249929256746990e-05 -1.124297780881094353e-09 7.576203271644784589e-10 inf 0.000000000000000000e+00 -2.000000000000000000e+01
4.024746685434766880e-01 3.859346136718269649e-01 1.207683516607935128e-08 7.994359854630700424e-02 -4.125824798539292626e-01 -3.078287990001476668e-02 1.045239578694531248e-02 -4.684195227322676572e-04 inf 0.000000000000000000e+00 -9.000000000000000000e+01
1.646031316368610775e-01 5.610142238037395535e-01 5.174284833259316929e-02 3.652436352888929760e-02 -3.068046536426700666e-01 -1.597332164996758397e-01 -2.921949082311143808e-01 -1.064104992133981648e-05 inf 0.000000000000000000e+00 -9.000000000000000000e+01
3.934498662260412782e-01 1.703737873380663792e-01 1.064836170862914957e-03 8.777657523657179661e-01 1.501106648973256963e+00 -5.883574789407892275e-02 -1.090392238963624916e+00 -7.520405456719336801e-05 inf 0.000000000000000000e+00 -1.000000000000000000e+01
4.377360941318160850e-03 2.318266680343790409e-02 -8.202092818343100777e-01 3.469237109669404649e-03 -7.395597226730542262e-02 -3.330467625282628602e-02 -1.489731229446273827e-02 -2.821101988474697286e+00 inf 0.000000000000000000e+00 -3.000000000000000000e+01
1.008673075637285671e-01 5.757494800882798636e-01 1.733917353161615049e-01 1.783934199887430849e-01 -3.690131802882411494e-01 -1.567194530742229142e-01 -1.303216728578201200e-01 5.020484879203279736e-10 inf 0.000000000000000000e+00 -9.000000000000000000e+01
6.224547293884383770e-01 -5.861712654064275460e-10 7.751759641082782704e-01 3.962653249359482377e-02 -3.308960085596531209e-01 9.413220909173807464e-09 -1.295816537016823422e-01 3.794891286977840061e-01 inf 0.000000000000000000e+00 -1.000000000000000000e+01
4.027759750157486329e-01 4.316143503152055638e-01 1.432305973206361438e-01 1.912945561530643712e-01 -7.329753721945306277e-02 -1.369822826724204634e-01 -4.921749384440651243e-01 -1.946590332713343460e-02 inf 0.000000000000000000e+00 -8.000000000000000000e+01
2.001665999226474868e-02 1.125345247479712417e-05 1.221733988372493834e-01 9.493160181192014102e-01 -2.800737445929633584e-01 -2.041539823912261187e-01 -6.316013830228558446e-01 -2.953852932723052827e-01 inf 0.000000000000000000e+00 -8.000000000000000000e+01
3.717236831328158964e-01 5.909124756007866353e-01 5.367561803857470726e-02 2.743064420359400124e-01 -2.779916337221705058e-02 -2.525157433695335296e-01 -4.005643137207067633e-02 -4.050506340343786871e-01 inf 0.000000000000000000e+00 -9.000000000000000000e+01
4.321069964862155416e-10 0.000000000000000000e+00 0.000000000000000000e+00 0.000000000000000000e+00 0.000000000000000000e+00 0.000000000000000000e+00 -6.449779728790461953e-06 -2.258764459260250046e+00 inf 0.000000000000000000e+00 -3.000000000000000000e+01
1.237939054594407699e-09 1.631898567626002715e-10 1.574902110300829766e-14 1.761498192224856486e-07 -3.184851642192262968e-08 -1.505829311753362904e-04 -1.540320050299363031e+00 -3.683771031332227078e-12 inf 0.000000000000000000e+00 -9.000000000000000000e+01
5.124660636280947457e-05 1.043860146895105208e-03 1.317712345926228597e-03 4.587829781415524166e-03 -9.897340652042480036e-01 -4.948670326021240018e-02 -1.671303861734061401e-04 -7.912717656711044587e-03 inf 0.000000000000000000e+00 -9.000000000000000000e+01
0.000000000000000000e+00 0.000000000000000000e+00 1.395304988212454855e+00 -4.502002237066817874e-10 0.000000000000000000e+00 0.000000000000000000e+00 1.588398738001010627e-08 -3.125270690602769963e-01 inf 0.000000000000000000e+00 -9.000000000000000000e+01
4.186471433223011296e-01 1.955723881213669579e-01 8.683617753826318453e-02 4.390192670849434875e-01 -3.891075638664696634e-01 -4.134357392015744000e-06 -8.148849505056956488e-01 -6.177614905979821454e-09 inf 0.000000000000000000e+00 -8.000000000000000000e+01
3.157637961396221019e-05 7.773068416456218166e-10 2.707990315693399319e-01 0.000000000000000000e+00 -4.546998664410558527e-02 4.836994147770576342e-10 -1.248908966491433237e+00 9.485778406522841702e-10 inf 0.000000000000000000e+00 -9.000000000000000000e+01
8.193086096581188027e-01 1.333560193633263778e-08 1.386522262498354863e+00 -5.852424164059122961e-06 9.611120228681778455e-02 5.188204245225175315e-02 1.255551054464064268e-03 -1.096848697789860059e-04 inf 0.000000000000000000e+00 -9.000000000000000000e+01
2.485721329473932884e-08 2.856402990437763023e-01 1.245391703830864616e+00 1.046358150962914047e-09 -1.695454902238213512e-09 -4.165587694388404177e-02 0.000000000000000000e+00 0.000000000000000000e+00 inf 0.000000000000000000e+00 -9.000000000000000000e+01
1.537178105145960670e-03 -2.950087056411235326e-06 4.539710225423525536e-01 1.058505298792218996e+00 3.718456114291631698e-01 -8.896919537262185651e-01 1.143482286680171933e-01 -2.748920010872034081e-01 inf 0.000000000000000000e+00 -1.000000000000000000e+01
9.868590894197153823e-03 7.977976638677277688e-01 2.571333156828583544e-01 2.708210207001968128e-01 -1.882059439884039009e-01 -9.685273416286369411e-03 -2.014048023979802815e-01 -1.407878230354813742e-01 inf 0.000000000000000000e+00 -9.000000000000000000e+01
2.918975045672868920e-06 1.669918563013730595e-01 1.086566997699919025e-09 8.709683071244120334e-02 -1.498875691330383564e-01 -8.966247378769142129e-01 -5.030010765951062335e-02 -3.231810049174820842e-01 inf 0.000000000000000000e+00 -9.000000000000000000e+01
3.079271568676420383e-08 5.581828503048569257e-01 6.294402354501578145e-01 2.949493839728372147e-08 -2.645766762088503236e-05 0.000000000000000000e+00 -2.386022536586664034e-06 -1.088654495275430234e+00 inf 0.000000000000000000e+00 -9.000000000000000000e+01
2.171596542064200552e-01 3.195789237434905061e-01 1.413077891733265090e-01 -9.337095061180294975e-02 -4.081369387567468920e-01 -3.157285752646532551e-01 -4.591540561013402605e-02 -2.675992192791878249e-02 inf 0.000000000000000000e+00 -9.000000000000000000e+01
7.348715295775207513e-08 3.651412292111765073e-05 1.498219550457412064e+00 6.573534357402295172e-08 -6.302655130297265000e-05 0.000000000000000000e+00 -1.666949089877110157e-05 -3.283857955646671267e-02 inf 0.000000000000000000e+00 -9.000000000000000000e+01
1.122267021726414821e-01 5.572033928882900167e-01 6.263412299978233979e-06 1.432309661969899173e+00 -1.663749942715035401e-01 -9.207455539882398235e-10 -3.222696739432273083e-01 -2.065495335706592495e-01 inf 0.000000000000000000e+00 -9.000000000000000000e+01
