4.640661847146433372e-01 1.241025478820220324e-01 5.160150111894757370e-10 8.679268132683906579e-04 -4.950039303622861819e-01 -1.982704646607973107e-05 8.879649177321435224e-10 1.042851145293804136e-05 8.528001967055413843e+03 1.000000000000000000e+00 0.000000000000000000e+00
4.727347043572304175e-01 3.076682476705115410e-01 1.377181680048956414e-01 4.337190531823958971e-09 -3.867829399286430991e-01 1.862954322394183578e-09 -1.587177468141527659e-02 2.194793061070647671e-08 9.425276968411535563e+03 1.000000000000000000e+00 0.000000000000000000e+00
2.855957193932405214e-01 4.107883635108253717e-01 4.517831471833621583e-04 8.674648331802632180e-08 -5.320687374997357111e-01 1.442859853576042484e-09 4.139113115309051334e-08 2.383084465586656788e-04 9.667458132168063457e+03 1.000000000000000000e+00 0.000000000000000000e+00
4.584874693629573672e-01 2.292437346814786836e-01 2.371314764235678773e-04 0.000000000000000000e+00 -4.536949174183967926e-01 4.075697251030073145e-05 2.223107591470949019e-05 3.012895814756680796e-05 1.054562342034797621e+04 1.000000000000000000e+00 0.000000000000000000e+00
2.304091243515969667e-01 3.314103843413380712e-01 3.159371688521870822e-04 1.837059050106375473e-03 -6.312578749358820351e-01 1.428608443675742871e-09 1.354532450299963682e-06 1.663770327408375474e-09 1.204818273886615680e+04 1.000000000000000000e+00 0.000000000000000000e+00
4.994860222851615350e-01 1.211841659715189741e-06 0.000000000000000000e+00 8.352385593113923140e-05 -5.082832320710058971e-01 8.662617058001011226e-05 1.354582624441257590e-09 1.118623070506328992e-06 1.469845432573003018e+04 1.000000000000000000e+00 0.000000000000000000e+00
5.552891414260306968e-01 2.970973750304877203e-01 1.569487621068796912e-01 -3.315818917750979269e-03 -3.094764323234246994e-01 1.818271520335019064e-08 -2.645747178122135473e-03 6.516685128880708494e-06 1.562060295788188887e+04 1.000000000000000000e+00 0.000000000000000000e+00
6.813559213531756864e-01 4.634928994784925371e-01 1.659012018351265201e-09 7.860156083321900855e-01 -9.718399505194197374e-02 4.562800248457312044e-06 6.142720758595572364e-09 3.017966450051050807e-05 1.611061663469293489e+04 1.000000000000000000e+00 0.000000000000000000e+00
4.546050203869706485e-01 3.480416930274441989e-01 8.944781958339035232e-09 1.928809660071804712e-08 -3.979015984892410041e-01 9.294415129349030223e-09 -9.882964300549187533e-07 1.095517269164650478e-08 1.658674662408033691e+04 1.000000000000000000e+00 0.000000000000000000e+00
3.344322437143213422e-01 4.850426075117639790e-01 1.985315157439376670e-09 4.935090663826114295e-08 -4.387009571125508600e-01 -1.738330442780541752e-07 3.268576838914683908e-08 1.881875288835233267e-04 1.689221009374512141e+04 1.000000000000000000e+00 0.000000000000000000e+00
1.811493170718707357e-01 3.753937654983345307e-01 1.248849044284159128e-08 3.911325826195526589e-08 -6.576665969195628625e-01 4.965042207310285931e-09 5.001612670157073830e-03 -2.060323401059021631e-04 1.713747062123886280e+04 1.000000000000000000e+00 0.000000000000000000e+00
3.175383154588879431e-01 6.289701248512588085e-03 8.527640307733807607e-06 1.206034948137122559e-03 -6.878368433324835163e-01 -1.743445638335752134e-09 -3.115868573979660439e-06 0.000000000000000000e+00 1.786051717140691107e+04 0.000000000000000000e+00 0.000000000000000000e+00
5.345388541217769296e-01 1.404877757627747137e-01 1.076038118466087074e-07 5.999466868481268353e-10 -4.170577872818259646e-01 9.336556342438933865e-10 9.981301577222396332e-04 2.644112756178706081e-06 1.861974876158068582e+04 1.000000000000000000e+00 0.000000000000000000e+00
5.345057343395165361e-01 1.404790712046165291e-01 6.886217264881542947e-06 5.999095144265469693e-10 -4.170319465725898511e-01 1.148762899965728217e-09 9.518321171144604046e-10 2.128602950641257883e-06 1.864112303126440383e+04 1.000000000000000000e+00 0.000000000000000000e+00
5.391422387299803498e-01 1.584018329601972197e-01 6.482008600860343444e-08 7.002081025172354929e-03 -4.043566790474852901e-01 6.651955330596883327e-10 4.286299599278064381e-04 1.867697393468234541e-08 1.899360370933008744e+04 0.000000000000000000e+00 0.000000000000000000e+00
5.279340887948560379e-01 3.617765276310784501e-05 8.170798489005449798e-04 -7.355628945222169047e-09 -4.802866078566920827e-01 1.332640482489271579e-03 2.035720010785810892e-06 0.000000000000000000e+00 1.952192028837111138e+04 1.000000000000000000e+00 0.000000000000000000e+00
2.799891955224170781e-01 8.624057450934380364e-01 3.370803340789772788e-10 4.360807330958900718e-01 -1.619449702324781970e-01 2.488947399357288172e-05 1.494559323537510327e-05 8.111733753792745970e-09 2.017973571099710898e+04 1.000000000000000000e+00 0.000000000000000000e+00
5.308238669414897526e-01 6.649252968247083476e-10 0.000000000000000000e+00 7.316650106323928328e-10 -4.764144205799870635e-01 0.000000000000000000e+00 4.147061460480388665e-05 0.000000000000000000e+00 2.039573041600007491e+04 0.000000000000000000e+00 0.000000000000000000e+00
5.345461014227635976e-01 2.518109733975001929e-01 4.297343352224955912e-06 5.888877101966621822e-04 -3.666721191577634875e-01 1.056977941378624454e-04 5.266352147334505167e-09 9.792123523950095403e-10 2.145151421510471846e+04 1.000000000000000000e+00 0.000000000000000000e+00
5.332020155443409903e-01 2.837719201371577959e-01 1.287818427374044089e-02 5.184987157910162538e-06 -3.515518373673706121e-01 0.000000000000000000e+00 9.425644739826473037e-04 6.222674082465321095e-07 2.146695033005035293e+04 1.000000000000000000e+00 0.000000000000000000e+00
4.544206165732984082e-01 4.131096514302712852e-01 5.534369476496834299e-08 5.978409762141947276e-03 -3.619627422055710642e-01 5.478087753007036358e-06 1.791781431413501069e-09 5.240713956016462317e-03 2.160175982294342248e+04 0.000000000000000000e+00 0.000000000000000000e+00
5.571427376614513927e-01 2.101503308723018382e-01 8.855545324666521566e-09 0.000000000000000000e+00 -3.636089445790524621e-01 5.461890619654516351e-09 7.561703544599455487e-06 6.215929118097881546e-03 2.316349977000583021e+04 1.000000000000000000e+00 0.000000000000000000e+00
3.936702750195386069e-01 4.787881723210604124e-01 3.565785492645208156e-05 1.192530909791940456e-04 -3.830305378568483743e-01 4.935424953396348139e-05 2.969520037749237928e-05 2.509037805255320140e-07 2.320971044952378361e+04 1.000000000000000000e+00 0.000000000000000000e+00
5.590867682526865501e-01 1.967157147555748942e-01 4.453507666481374287e-09 6.268695679916552060e-05 -3.672026675437398135e-01 7.379657622864632007e-10 4.098244057407810187e-04 1.819943907072547364e-04 2.326953650472222944e+04 1.000000000000000000e+00 0.000000000000000000e+00
4.549522908547506406e-01 4.228723216278130748e-01 0.000000000000000000e+00 2.990409063235477765e-05 -3.557960223351254725e-01 -5.138282239606991485e-05 6.170685368581144568e-06 4.939630856290776898e-09 2.372797007765487069e+04 1.000000000000000000e+00 0.000000000000000000e+00
4.403087978802225910e-01 4.780495519842417051e-01 3.066436270951550247e-01 2.010774735715738416e-05 -2.869869843326450787e-01 3.439897486610959913e-08 -2.377225234091045764e-03 1.751629543045929435e-05 2.387255254780035102e+04 1.000000000000000000e+00 0.000000000000000000e+00
2.435514659601095699e-01 5.047090619896246189e-01 1.679051405849982281e-08 5.258695722488486110e-08 -5.164464820358949382e-01 6.904953155567961148e-10 1.144145272215482756e-09 7.070672031301592215e-07 2.407623811360674154e+04 1.000000000000000000e+00 0.000000000000000000e+00
5.630482543989728805e-01 1.936019767048776097e-01 8.247777164047454305e-05 6.873405792792326839e-10 -3.655482513174870274e-01 2.091064297525553035e-09 3.733969629556740146e-07 4.207944203662532355e-09 2.410307228528228006e+04 0.000000000000000000e+00 0.000000000000000000e+00
5.400801748742484198e-01 3.451020778433757097e-01 -8.520324362371194024e-06 2.391456706540634122e-02 -3.139788135285884740e-01 -1.130514349310522070e-07 1.251504482978286720e-09 6.302944866426231797e-07 2.539846980386261930e+04 1.000000000000000000e+00 0.000000000000000000e+00
3.979100591154337563e-01 4.839446664917437246e-01 3.365500610368127651e-05 4.341370849131924957e-09 -3.754237412784436345e-01 6.653427625107203298e-06 5.743429676381778722e-07 2.156117066011828429e-08 2.545316350101426724e+04 1.000000000000000000e+00 0.000000000000000000e+00
5.785214231837104704e-01 2.292783547307534475e-01 3.849216438007646216e-06 2.536637054172761335e-02 -3.329861679952751952e-01 3.917646952461115041e-06 -5.195773924567612168e-09 2.559301240559750510e-05 2.546478111186610840e+04 0.000000000000000000e+00 0.000000000000000000e+00
9.261557037315710783e-01 6.370787359042115903e-08 5.824144411421224854e-01 3.333096982563704246e-05 -4.929119991848697480e-02 1.009932158707374320e-09 3.618112401500267862e-05 1.155895865687175283e-04 2.550046843567739052e+04 0.000000000000000000e+00 0.000000000000000000e+00
5.547736585547292654e-01 3.606641134617885381e-06 -3.008639169632172005e-07 2.881726758838864422e-09 -4.522186688571120383e-01 1.490347576288382422e-08 -1.587160554844075852e-02 1.455417554969123469e-08 2.557568647721594607e+04 1.000000000000000000e+00 0.000000000000000000e+00
5.551866618006126020e-01 3.661527109066880014e-06 -1.193165656722404915e-07 -3.023959040397262901e-03 -4.525553246719782874e-01 1.666237196399452204e-08 5.742109722976573668e-07 1.450675041620502107e-08 2.567275836825460647e+04 0.000000000000000000e+00 0.000000000000000000e+00
4.685403115394295992e-01 4.205149296066380549e-01 6.567250647273301518e-10 4.434835998562659013e-07 -3.432057782026322057e-01 2.225447063195603988e-09 2.109060545412166423e-06 1.125814396675423206e-09 2.571062488711101105e+04 1.000000000000000000e+00 0.000000000000000000e+00
5.383062446025426162e-01 3.357073489066765837e-01 0.000000000000000000e+00 0.000000000000000000e+00 -3.220050081349755122e-01 9.078752920440185905e-10 1.345765611506356471e-02 2.566844199192727034e-09 2.691379981581633547e+04 1.000000000000000000e+00 0.000000000000000000e+00
5.693946008050571050e-01 1.472420470240158236e-09 2.082796777268283684e-04 2.042287335361781322e-02 -4.382968748465044251e-01 3.246905813187010377e-07 1.058118087534231256e-04 1.603626254717003871e-08 2.698143211433507895e+04 1.000000000000000000e+00 0.000000000000000000e+00
5.760204045037784493e-01 1.449700104923193200e-09 2.050657925210070613e-04 4.021547138467015253e-02 -4.315336809660413886e-01 6.981526049847932320e-08 -2.445738809883570182e-03 -3.207680516039605550e-04 2.738269617110226682e+04 0.000000000000000000e+00 0.000000000000000000e+00
5.684343145219059590e-01 2.842171572609529795e-01 2.939964061388342423e-04 3.860818347474924714e-06 -3.168971788275434243e-01 6.739432418684213601e-06 3.494380598252745082e-07 5.914475269339950582e-08 2.867179997235305200e+04 1.000000000000000000e+00 0.000000000000000000e+00
5.719383762502322499e-01 3.919312735631448190e-05 8.831686061512922844e-04 8.191797313525807102e-10 -4.356642505010794864e-01 6.984180244771298131e-09 2.205401057027342235e-06 0.000000000000000000e+00 2.914442669084155932e+04 0.000000000000000000e+00 0.000000000000000000e+00
5.979701424915850883e-01 2.075253522466914136e-01 8.863605976524960327e-05 -1.113529463263281057e-07 -3.240552480272720359e-01 2.282956777316617274e-09 -4.002507494194855145e-07 4.510569147910407568e-09 2.947168124098936460e+04 0.000000000000000000e+00 0.000000000000000000e+00
5.752728314863527759e-01 8.073340883522801554e-05 2.513355446212734097e-08 0.000000000000000000e+00 -4.324329787703536376e-01 1.801918405753445140e-08 1.909800252052599720e-09 4.683384205892348206e-10 2.994164416809467366e+04 1.000000000000000000e+00 0.000000000000000000e+00
5.774356788668308926e-01 2.043781520332839224e-07 7.639612933461508160e-01 1.538134833080121884e-05 -3.859492767683800896e-01 3.217063504227616958e-07 1.892390296604480671e-09 3.691523599392292792e-04 3.030362217525577580e+04 1.000000000000000000e+00 0.000000000000000000e+00
5.825136198128951781e-01 1.501965612894451190e-09 9.198966073492203645e-06 0.000000000000000000e+00 -4.248025087718493853e-01 1.857320253169163463e-09 5.685674244395398368e-08 5.676189023575948806e-04 3.055084232560541204e+04 0.000000000000000000e+00 0.000000000000000000e+00
4.110204109482846202e-01 5.010534533464803264e-01 3.834680522065643705e-05 -3.942194929226362624e-06 -3.513245893581766199e-01 0.000000000000000000e+00 4.252792105468440029e-05 1.702311446711384015e-06 3.163376003252702503e+04 0.000000000000000000e+00 0.000000000000000000e+00
5.694697777678685569e-01 3.230501377838832511e-01 2.888293306087403671e-09 1.907545326667188626e-05 -2.967553591270555291e-01 4.352031095897202311e-10 8.125409420322735000e-05 1.001946708894661362e-09 3.183365087172387939e+04 1.000000000000000000e+00 0.000000000000000000e+00
5.985612069932388923e-01 4.503064635944505588e-03 1.063416033257663998e-02 3.594130240152521763e-07 -4.067999314194790106e-01 7.069337053241173437e-09 1.158578453884460040e-06 4.482091828896085726e-06 3.203940022617342402e+04 0.000000000000000000e+00 0.000000000000000000e+00
3.563071525659805006e-01 5.403339236714869154e-01 6.964928229032624921e-10 3.029083023087254169e-05 -3.797999318560451587e-01 0.000000000000000000e+00 1.174192088873562874e-09 6.891997043388303873e-10 3.316142995018733200e+04 1.000000000000000000e+00 0.000000000000000000e+00
6.743941845920993217e-01 1.133916852490112794e-03 3.996399957461462069e-08 3.117851375143184112e-01 -3.323101779149474910e-01 7.515096129920241755e-09 4.808170155234800313e-05 4.697808929587351105e-06 3.341403670787246665e+04 1.000000000000000000e+00 0.000000000000000000e+00
6.316141143958042825e-01 2.131213269433695490e-01 8.119828755587703354e-10 2.191759100951698111e-02 -2.877137913735489105e-01 9.554889036434803258e-05 3.089374703921525097e-06 0.000000000000000000e+00 3.497194191296454665e+04 0.000000000000000000e+00 0.000000000000000000e+00
6.151003881015105756e-01 2.693056103345991548e-01 3.987701244004312899e-06 -5.738399351128157459e-05 -2.780699941028849653e-01 3.015091184491066016e-06 6.193580858980357292e-04 9.711853377463819038e-09 3.757628701570806879e+04 1.000000000000000000e+00 0.000000000000000000e+00
6.281215678294900240e-01 5.523704935160872684e-06 1.392297881408000893e-09 3.027587461758445933e-05 -3.796124117100344586e-01 5.102662392594767285e-10 5.627507667261657356e-09 2.764838254031874785e-05 3.881706777063289337e+04 0.000000000000000000e+00 0.000000000000000000e+00
6.370966816550439615e-01 2.149712729510884490e-01 0.000000000000000000e+00 1.094394436549092446e-05 -2.814169391359703232e-01 4.818913922243415451e-05 1.234006839896111644e-09 1.449252578100433085e-05 3.986910626294314716e+04 0.000000000000000000e+00 0.000000000000000000e+00
6.342707322898692990e-01 4.281323583735358944e-06 -8.611641187355013388e-07 4.766138254344264025e-04 -3.734491227501099408e-01 0.000000000000000000e+00 5.050152818842764430e-07 1.707724250774722227e-08 4.019912735972114751e+04 0.000000000000000000e+00 0.000000000000000000e+00
6.407729211489893162e-01 2.015970190384127891e-01 1.925399402490953396e-06 1.104096219865906122e-05 -2.839116942937059962e-01 3.399533320023089669e-06 4.568475449941150363e-09 2.250310551661301623e-05 4.029405881741712801e+04 0.000000000000000000e+00 0.000000000000000000e+00
4.363821441853460992e-01 4.987224504975384387e-01 6.649603683202710142e-05 0.000000000000000000e+00 -3.280287546427261836e-01 1.411108581337853863e-08 -7.360767019894008767e-07 0.000000000000000000e+00 4.065667386929692293e+04 0.000000000000000000e+00 0.000000000000000000e+00
4.566453936298202620e-01 4.896843368381793571e-01 8.702221648630294876e-03 0.000000000000000000e+00 -3.115100359645285311e-01 -1.440383615040766606e-07 1.447297456392962218e-03 7.089388105278773569e-07 4.088894261551728414e+04 1.000000000000000000e+00 0.000000000000000000e+00
6.797233561106010846e-01 8.768928399271749837e-08 4.655639425415075694e-02 4.946616889503518185e-04 -3.258947597790552986e-01 3.378534913327011072e-09 -1.224458751955272102e-09 1.420788398869346830e-05 4.141801056545662141e+04 0.000000000000000000e+00 0.000000000000000000e+00
3.106594271008055186e-01 5.881818486441917626e-01 -9.026295864427446613e-07 4.995630110279880532e-04 -3.914308781470149379e-01 5.188546198737911877e-10 2.067703169162468940e-09 1.074464978172545117e-06 4.232851204927132494e+04 1.000000000000000000e+00 0.000000000000000000e+00
6.515046521144988168e-01 4.862834024209983671e-08 0.000000000000000000e+00 1.225239604764879614e-01 -3.560776176721885400e-01 6.213378305813865797e-10 1.826548562492553724e-03 5.373606518839233708e-07 4.860765355681291112e+04 1.000000000000000000e+00 0.000000000000000000e+00
6.087485876146849773e-01 1.957390956960401805e-03 6.174192178693455220e-04 6.174192178693455220e-04 -3.983290597414417822e-01 2.838599190513863934e-04 5.670142204062671919e-08 6.690301122423248736e-05 5.534645471112163068e+04 1.000000000000000000e+00 0.000000000000000000e+00
6.085567372841276246e-01 1.854461895847939381e-08 0.000000000000000000e+00 3.439641928479921618e-05 -3.991819112731898045e-01 7.076346675779005536e-06 3.713589104641408369e-07 4.927736798715436483e-09 5.638915903816267382e+04 1.000000000000000000e+00 0.000000000000000000e+00
2.598295278848035683e-01 6.271073567746010546e-01 3.137466064668305354e-06 0.000000000000000000e+00 -4.131875575010222068e-01 -1.927147541948502381e-08 1.830353500000182674e-09 3.165820168986399621e-09 5.887872988466281095e+04 1.000000000000000000e+00 0.000000000000000000e+00
3.658356030511746848e-01 6.076591372714427175e-01 2.703248570707194177e-06 3.341215233394091705e-05 -3.224313789603573399e-01 5.395277603889480235e-10 3.088461492032969297e-06 5.180786445325066718e-10 6.382473328681555722e+04 1.000000000000000000e+00 0.000000000000000000e+00
5.420742416616967096e-01 4.787022529782249958e-01 -1.190128994205824434e-07 -4.874768360267056882e-04 -2.339888812928187234e-01 1.334246177097936042e-07 -4.722431849008711449e-03 3.756344637962133254e-06 7.095251173655786260e+04 1.000000000000000000e+00 0.000000000000000000e+00
5.472274227898371590e-01 4.964134478164951014e-01 2.308186259892784845e-05 1.868879368009935052e-02 -2.179137772895244352e-01 0.000000000000000000e+00 1.332358302422668720e-09 5.260267068308077382e-10 7.105668478970514843e+04 1.000000000000000000e+00 0.000000000000000000e+00
5.126244537679284230e-01 6.087415388494149537e-01 1.957384388899023608e-01 -1.387498172710688788e-09 -1.306591625326458117e-01 9.637890533022633125e-09 -3.027124994021428064e-03 1.059272798521063379e-09 7.113350183895850205e+04 1.000000000000000000e+00 0.000000000000000000e+00
6.286114133801889992e-01 0.000000000000000000e+00 3.622263457826933289e-05 1.496566744417969985e-04 -3.797047201939340311e-01 9.025870293762836152e-06 1.226231503196991389e-02 1.108336099268912626e-08 7.199788751546340063e+04 1.000000000000000000e+00 0.000000000000000000e+00
6.105059897225671994e-01 2.621500352597427733e-05 -5.102623168161724639e-10 3.863414684465305990e-09 -3.972202433130805899e-01 3.695757066082849443e-09 0.000000000000000000e+00 0.000000000000000000e+00 7.313849137338438595e+04 1.000000000000000000e+00 0.000000000000000000e+00
4.252032904782526157e-01 6.105483145328756134e-01 8.140608703379507386e-05 3.576766085612930727e-06 -2.607550093317489437e-01 5.110787598863255468e-10 -5.923098210603111484e-10 2.146059651367758267e-05 7.859247405776032247e+04 1.000000000000000000e+00 0.000000000000000000e+00
6.891767584271690783e-01 3.382904192801770016e-01 1.073565819424155955e-05 -1.675837788573213484e-09 -1.745434610115806917e-01 -5.738497602548557778e-06 6.275467219359666393e-02 6.238213661717857531e-05 8.231508959820229211e+04 0.000000000000000000e+00 0.000000000000000000e+00
2.943361431119240756e-01 7.163180625734070217e-01 2.841916784888502354e-09 2.248470854689738125e-07 -3.063498632389413667e-01 5.430701580244259485e-06 2.849972611995273339e-07 1.306118101577733213e-06 8.455544483198771195e+04 1.000000000000000000e+00 0.000000000000000000e+00
5.880453658553560503e-01 3.782164908521192022e-07 1.230792626208884633e+00 2.945244476546945777e-05 -3.194199910875438753e-01 -1.937660839833517028e-07 3.428169178166991442e-07 8.011482318542425600e-07 9.707172907605647924e+04 1.000000000000000000e+00 0.000000000000000000e+00
2.216964152759033357e-01 8.929296726124142936e-01 3.852851455341419993e-09 2.021793337951438300e-09 -2.078723893811010304e-01 3.881843208866761669e-08 2.037503816598644103e-05 1.174928958658571659e-09 1.026236078696589539e+05 1.000000000000000000e+00 0.000000000000000000e+00
3.471508062512437820e-01 8.966409395746410826e-01 7.094331596604288278e-09 5.096094863560747411e-08 -7.612521251366560771e-02 7.519991492400545575e-08 3.947096918174716550e-05 2.276098053910542489e-09 1.049069863963069511e+05 0.000000000000000000e+00 0.000000000000000000e+00
3.491205077087373154e-01 8.937484997343676518e-01 3.701612525929692549e-05 1.865417891356674037e-04 -7.231781945395274191e-02 1.551772058214127049e-08 -1.253093250883146464e-02 1.132615237891920340e-08 1.051110203854619176e+05 0.000000000000000000e+00 0.000000000000000000e+00
6.533478348155696835e-01 3.973391585236903806e-03 9.383317051290225932e-03 3.171370612465602522e-07 -3.589500829001707749e-01 1.766631027897638817e-02 -2.895991174624589631e-03 7.068542036056146214e-10 1.108684717190612864e+05 1.000000000000000000e+00 0.000000000000000000e+00
6.566888397329122551e-01 1.533623234037943556e-03 2.860815749186004255e-08 1.204176001540217628e-07 -3.504348701327008597e-01 6.957527841901108743e-09 -1.152944656743079136e-06 0.000000000000000000e+00 1.118551889563755685e+05 0.000000000000000000e+00 0.000000000000000000e+00
6.748010466375001792e-01 1.134600944584112031e-03 7.461338282460753540e-09 1.608851067155599889e-08 -3.325106606619566141e-01 2.207798339439070437e-09 3.788960846562101692e-09 3.925260843636953125e-04 1.124724428850045661e+05 0.000000000000000000e+00 0.000000000000000000e+00
6.726156282644885076e-01 4.802506264397997100e-06 3.687905900853913922e-06 2.676630487118237660e-08 -3.372883033862740798e-01 -3.363250492949127049e-05 4.657323956641866436e-02 2.221720187735522233e-06 1.124874099374534562e+05 1.000000000000000000e+00 0.000000000000000000e+00
6.712873389620607201e-01 4.443882943081240677e-10 0.000000000000000000e+00 4.660839053306195572e-08 -3.365508145336817969e-01 3.426689965235268397e-09 0.000000000000000000e+00 0.000000000000000000e+00 1.126557022247435089e+05 0.000000000000000000e+00 0.000000000000000000e+00
7.191986998955449684e-01 9.691801380740128370e-08 0.000000000000000000e+00 1.216579322513523659e-01 -2.882657832461762992e-01 0.000000000000000000e+00 -7.557815821337778885e-04 9.852834388297041477e-05 1.130715173173166550e+05 1.000000000000000000e+00 0.000000000000000000e+00
6.996204834571629894e-01 3.465735198690118781e-03 4.726382063879954597e-06 1.193942629997277589e-09 -3.068168041976944149e-01 8.390359030925990425e-10 9.245775244491113224e-10 1.017588567381094243e-06 1.139363726727475732e+05 1.000000000000000000e+00 0.000000000000000000e+00
6.996204897648451437e-01 3.465735229936710900e-03 4.726382106492365288e-06 5.605706301137251055e-10 -3.068168069639125584e-01 8.153754619836001722e-10 2.366918483929536363e-07 1.688992028394600301e-08 1.139363800962728856e+05 1.000000000000000000e+00 0.000000000000000000e+00
7.076641959949391270e-01 4.777301088188317512e-08 3.997086256810050150e-06 1.845669493582998745e-07 -3.000730775834893893e-01 -5.971626360235397304e-10 2.184974390383105696e-06 -1.795705915372873034e-05 1.141729399940705189e+05 1.000000000000000000e+00 0.000000000000000000e+00
7.189441686105393359e-01 1.985417448115364399e-08 0.000000000000000000e+00 3.648789705937013022e-05 -2.881637632338439059e-01 5.822338557523062635e-10 -1.343136184564526665e-02 2.751054968429647175e-09 1.142541027878455061e+05 0.000000000000000000e+00 0.000000000000000000e+00
6.138975877399297509e-01 3.284547603194528653e-01 1.578733446178322564e-01 0.000000000000000000e+00 -2.336329991558013242e-01 2.010182474167063848e-08 6.892448409326316786e-04 3.326298466239111440e-06 1.143020977967694780e+05 0.000000000000000000e+00 0.000000000000000000e+00
8.095229670391398402e-01 2.143268272108833639e-01 1.256679054591221172e-05 1.142591468065192167e-04 -1.085688354232179770e-01 1.087692178308306048e-04 -9.738223929196182932e-09 2.303665875723828299e-08 1.146073550907756144e+05 0.000000000000000000e+00 0.000000000000000000e+00
3.566723648448539841e-01 8.339839119166438941e-01 3.243610951186418559e-09 3.706595164073972493e-01 -1.175794928226295555e-01 1.784637350652768479e-09 1.097148147601304774e-06 0.000000000000000000e+00 1.147888409460685798e+05 0.000000000000000000e+00 0.000000000000000000e+00
7.022230298617022637e-01 4.740568851293416937e-08 6.197426595837246823e-08 1.831478307426529832e-07 -3.055252132685583044e-01 -5.925711064116770964e-10 2.168174319498881616e-06 -1.047827589218572163e-05 1.178443777541455493e+05 0.000000000000000000e+00 0.000000000000000000e+00
7.064014712853131650e-01 1.084792611457572025e-05 2.572509349610615109e-09 3.703495794530309689e-05 -3.011262682081623510e-01 6.051722814247922520e-10 3.360784243394669018e-04 1.492453529139080022e-04 1.179364280768486933e+05 0.000000000000000000e+00 0.000000000000000000e+00
6.994671563894226951e-01 2.599305839043934371e-04 0.000000000000000000e+00 1.960053522143114987e-09 -3.074354168201297033e-01 2.570360383547676980e-08 -1.405640118850425349e-02 1.269807222972716107e-08 1.179381387317533809e+05 0.000000000000000000e+00 0.000000000000000000e+00
1.061673681538069861e-03 8.799037848648362248e-01 -5.600056815962005507e-07 0.000000000000000000e+00 -4.363159263792576459e-01 2.487950938360829208e-07 -2.645307333598200992e-04 2.015500324630288253e-08 inf 0.000000000000000000e+00 -9.000000000000000000e+01
4.235044790174926077e-01 3.627237436029450146e-01 2.398181423472807590e-04 6.127090263563260756e-05 -4.205634756909822358e-01 2.278866961278602224e-08 -6.601939758989413230e-03 -2.738043461529832264e-04 inf 0.000000000000000000e+00 -9.000000000000000000e+01
7.873673426799427943e-01 2.836989380935563965e-01 7.983894855716213547e-10 1.019671545611622987e+00 -9.353841799461461159e-02 4.015213684521575138e-06 1.233004385391185058e-09 7.237199653383042645e-10 inf 0.000000000000000000e+00 -9.000000000000000000e+01
2.455045715311782997e-04 4.452510365381302944e-07 1.529734245740279164e+00 0.000000000000000000e+00 -1.597201556100522914e-04 0.000000000000000000e+00 5.170778507093995793e-10 1.355973384727446579e-09 inf 0.000000000000000000e+00 -9.000000000000000000e+01
4.062439150202332497e-03 3.665358631761502783e-01 -1.398223355011559542e-07 -3.054465526467918979e-04 -8.386340549470319150e-01 1.071971238842195662e-08 1.823283254935073767e-06 -7.254355625361307643e-05 inf 0.000000000000000000e+00 -9.000000000000000000e+01
5.232030178824046418e-01 1.036344439267070788e-02 1.395260451834838181e-05 1.028169392112658100e-03 -4.797369210121741334e-01 -2.872648669729689443e-09 -9.702955606950017967e-07 2.888241334742836038e-08 inf 0.000000000000000000e+00 -9.000000000000000000e+01
4.273868733874147119e-01 1.241001273574732352e-03 6.868553244489307204e-06 9.712183880150078571e-04 -5.541403947722753909e-01 -1.404473460699105257e-09 -4.891385889338852877e-01 3.889543959048168597e-10 inf 0.000000000000000000e+00 -9.000000000000000000e+01
3.858466042091707182e-01 7.660867589543149565e-03 3.501007450841483500e-08 9.484946964099835207e-09 -6.193206640809619801e-01 1.771215626905652853e-03 -1.382824700248686273e-06 2.167987877508533714e-08 inf 0.000000000000000000e+00 -9.000000000000000000e+01
8.159847930112870129e-01 4.138627906999692851e-01 5.248541409664576016e-10 6.494195237558302277e-07 -3.212760494534589790e-05 -1.460260854422233327e-07 4.404706581354486347e-04 4.469424595963256774e-07 inf 0.000000000000000000e+00 -9.000000000000000000e+01
8.412143824302376061e-01 3.117266062551767303e-01 2.908453981806672917e-01 3.805256424013387821e-05 -1.463840270290317632e-04 8.534516501226197839e-07 1.692679106076529347e-07 7.719754659242470947e-05 inf 0.000000000000000000e+00 -9.000000000000000000e+01
5.167165731651921501e-01 1.690906238836566025e-03 1.438241543166874152e-08 7.336484639386579683e-09 -4.903932760416823133e-01 8.658039757556319443e-06 4.518693430167924626e-07 9.312599464313155026e-06 inf 0.000000000000000000e+00 -9.000000000000000000e+01
4.453465950755658431e-03 9.445441637395216310e-05 2.127256931804249324e-03 -2.060819384147863487e-08 -1.002963383328944413e+00 -4.935542161919930166e-04 5.918346342418521518e-05 0.000000000000000000e+00 inf 0.000000000000000000e+00 -9.000000000000000000e+01
3.938108777606979527e-01 9.600969073549235647e-07 0.000000000000000000e+00 0.000000000000000000e+00 -7.069927720606985046e-04 -9.238270215138177921e-01 -9.346825774543520001e-07 0.000000000000000000e+00 inf 0.000000000000000000e+00 -9.000000000000000000e+01
2.125877040901768926e-03 6.387079465109314347e-01 9.918914144832472108e-06 -1.360967289639804256e-04 -6.594942997997487177e-01 7.150845081158294102e-06 1.454158948116834925e-03 9.434502058689490597e-05 inf 0.000000000000000000e+00 -9.000000000000000000e+01
5.211259622238744241e-03 1.717187974640115393e-07 1.530511783041798468e+00 3.688051445533884279e-07 -9.191638904255453307e-04 1.561079976945559388e-08 2.717528023866829824e-03 -3.566755531325214307e-04 inf 0.000000000000000000e+00 -9.000000000000000000e+01
9.232334067140169909e-01 4.963615732527037772e-07 1.126993904680196522e-04 1.927159577003135984e-04 -8.424504836265404861e-02 8.039392859466429016e-10 0.000000000000000000e+00 5.606079298793702169e-09 inf 0.000000000000000000e+00 -8.000000000000000000e+01
5.319625391573116202e-01 6.624812290620794852e-02 5.042767564502396160e-01 2.897119404704318057e-01 -4.182530744675517220e-01 6.306126180837626622e-09 1.033497464552977885e-06 1.418230097342772471e-06 inf 0.000000000000000000e+00 -9.000000000000000000e+01
2.069534740329019851e+00 1.093733893096678587e-03 6.375160871446673228e-04 1.622768221822789431e-03 1.065201704581113074e+00 5.387662244874930577e-08 -2.630340153221767367e-08 4.807173383474264429e-08 inf 0.000000000000000000e+00 -2.000000000000000000e+01
3.577748765639161554e-01 2.599659175032771885e-01 1.169809091777192827e-08 9.278695589597983851e-07 -5.405231948087941829e-01 5.246881434594097948e-08 3.116856220065591498e-03 2.007929363039986916e-06 inf 0.000000000000000000e+00 -9.000000000000000000e+01
6.539780095228504564e-01 2.261345647386241720e-01 2.339153272013207380e-04 0.000000000000000000e+00 -2.615912038091401937e-01 1.692808288956926385e-03 1.615246890990172657e-02 1.373603316856028678e-06 inf 0.000000000000000000e+00 -8.000000000000000000e+01
4.605869884386967761e-01 3.043346398109348927e-01 1.455291482317390070e-02 5.859263609247989628e-06 -4.136091581323108612e-01 0.000000000000000000e+00 1.065139325051379362e-03 6.817627204909562360e-07 inf 0.000000000000000000e+00 -9.000000000000000000e+01
7.225195568778712829e-01 1.395832194206145585e-03 4.300700859411541594e-09 -1.835864458725802988e-04 -2.846884123567699487e-01 1.527187652117567946e-08 -1.173915795808762608e-09 5.887864271813420582e-10 inf 0.000000000000000000e+00 -8.000000000000000000e+01
7.450905019787185113e-01 1.661415995623119176e-03 4.013168380077545213e-09 1.526623130173590647e-08 -2.623339475716738312e-01 5.836178451778292319e-05 1.924470370158223418e-07 1.262933680416334225e-08 inf 0.000000000000000000e+00 -8.000000000000000000e+01
8.705642320083538666e-01 1.486193413978455780e-01 8.460726551487838254e-01 3.333679170567338311e-07 -1.169785897589550004e-03 6.121256040701372804e-09 2.747100271924518494e-08 1.486353770316647699e-08 inf 0.000000000000000000e+00 -9.000000000000000000e+01
8.585792717225209092e-01 1.159087597460000965e-07 3.219073371587995158e-05 1.354596963807345794e-03 -1.477425370171870367e-01 -5.366120448265756376e-03 7.273540519840739735e-07 6.914542379563220294e-05 inf 0.000000000000000000e+00 -8.000000000000000000e+01
8.619972815721691495e-01 3.301057771475238711e-01 8.465864836354453343e-09 2.314934105784633865e-04 -2.128400159244136654e-05 0.000000000000000000e+00 4.782921706166599043e-07 1.697937205689142750e-04 inf 0.000000000000000000e+00 -9.000000000000000000e+01
3.018898945763392409e-03 8.067870919034447752e-01 -1.386465419414510190e-06 7.528669108685420771e-09 -5.132284223247161048e-01 6.442517241226851443e-09 1.779551219644118633e-05 -4.083216839594382082e-05 inf 0.000000000000000000e+00 -9.000000000000000000e+01
9.133395470164976659e-01 6.521286023916700928e-06 5.007778831450052018e-06 7.201697657107192209e-09 -9.319791296086711585e-02 -4.891980294576765199e-05 -1.431253663327602087e-02 0.000000000000000000e+00 inf 0.000000000000000000e+00 -8.000000000000000000e+01
-4.842713397301433217e-05 3.430470287284062777e-09 1.127632565010616705e+00 5.746357847282247411e-01 -6.852351407847031561e-01 8.217937886329704483e-05 -1.691051671642900884e-07 1.222608862178262547e-09 inf 0.000000000000000000e+00 -9.000000000000000000e+01
9.503292176507657230e-01 1.508512643074901571e-01 -2.013437986923615322e-06 3.940019039798540318e-02 -1.101983962152566990e-06 -6.461966045588349820e-10 6.412022420228888353e-02 3.110272491309114457e-06 inf 0.000000000000000000e+00 -9.000000000000000000e+01
5.415446843722002690e-01 8.381048686712623541e-02 1.339289760934073854e-09 0.000000000000000000e+00 -4.338425202533593428e-01 1.107598283304128672e-09 2.936717734017803720e-07 2.860912803346605507e-05 inf 0.000000000000000000e+00 -9.000000000000000000e+01
5.217965328769503808e-01 1.345411373489363716e-09 3.224777050057433487e-06 2.233015730215770045e+00 -3.041914285549033869e-01 2.444659151829253936e-09 4.957225502320431607e-08 1.514330530160898711e-08 inf 0.000000000000000000e+00 -2.000000000000000000e+01
7.295286539439355122e-01 0.000000000000000000e+00 6.971531219641750043e-01 0.000000000000000000e+00 -2.384997522509019752e-01 2.310532547459990618e-07 3.715377503933436722e-07 1.434434181747154416e-08 inf 0.000000000000000000e+00 -9.000000000000000000e+01
8.555228673935018069e-01 9.288452343280956763e-08 2.085817658745566599e-09 -5.388982682139930241e-05 -1.522125925396905222e-01 2.231095587984069054e-07 -1.448811862992165312e-06 0.000000000000000000e+00 inf 0.000000000000000000e+00 -8.000000000000000000e+01
7.753876942366970670e-01 1.716620585761250936e-07 2.480611066237412262e-08 1.278765379824750494e-04 -2.326163082710091257e-01 2.329699366390269146e-08 9.997900114873221103e-08 1.697756623280358195e-09 inf 0.000000000000000000e+00 -8.000000000000000000e+01
8.865386237109129652e-01 3.211312259482730028e-04 1.281988496445286230e-06 3.418635990520763563e-06 -1.213570194821664144e-01 8.213456764860033027e-08 1.276055508823027707e-02 2.776079462409979104e-03 inf 0.000000000000000000e+00 -9.000000000000000000e+01
9.399098565639147917e-01 2.095827642403260554e-03 5.120851715001185806e-09 9.074557739973610461e-09 -6.706648455690433774e-02 7.362168269391015723e-05 2.427663035259821341e-07 1.587318138439113908e-08 inf 0.000000000000000000e+00 -9.000000000000000000e+01
6.373618084948421414e-01 3.232662409991824970e-01 0.000000000000000000e+00 1.451945393904013808e-09 -2.277383920041522181e-01 1.904041332241185468e-08 -1.041253554045830192e-02 7.299857601426875826e-06 inf 0.000000000000000000e+00 -8.000000000000000000e+01
1.004014199257009299e+00 8.295151560642243307e-03 0.000000000000000000e+00 9.863587965263354996e-07 -4.516264106648242244e-05 1.221405999102823828e-05 6.374606052018604082e-07 1.692844842775002203e-08 inf 0.000000000000000000e+00 -9.000000000000000000e+01
9.838262699028830216e-01 4.981429591621170630e-08 4.553999950375201000e-01 2.606206580905646899e-05 -2.203823142048480377e-05 0.000000000000000000e+00 1.416080179055027786e-06 1.758106102083619338e-04 inf 0.000000000000000000e+00 -9.000000000000000000e+01
8.336361103850322696e-01 3.192447377269952979e-01 8.187323538134698479e-09 2.238768851131678404e-04 -3.599792294844457452e-02 3.105536514464885835e-08 1.941993211692404769e-02 3.297515135359078797e-07 inf 0.000000000000000000e+00 -9.000000000000000000e+01
7.246942573834398438e-01 5.548196895236657822e-01 0.000000000000000000e+00 0.000000000000000000e+00 -1.431129427727014738e-09 1.189027613786988314e-08 0.000000000000000000e+00 7.460451580645898631e-10 inf 0.000000000000000000e+00 -9.000000000000000000e+01
3.481893480729351492e-05 9.860814930714761894e-01 7.229141183506582814e-09 1.558857154228455198e-08 -3.215826664103291765e-01 7.276236565809557521e-09 1.560034538786029732e-09 8.853931872959201941e-09 inf 0.000000000000000000e+00 -9.000000000000000000e+01
6.932094922226926803e-01 2.807767129351603774e-01 2.021861018982853697e-01 3.778394761388223109e-04 -1.753175169284135471e-01 1.289201432511020089e-08 3.725917056368942097e-04 6.986094480691766432e-05 inf 0.000000000000000000e+00 -8.000000000000000000e+01
2.264411318878506718e-01 3.425431109080193203e-07 6.552998643457761204e-06 4.498931432308455702e-04 -7.808314892684505848e-01 -4.927159964872596883e-07 2.189297274064297432e-06 4.511640278162434414e-04 inf 0.000000000000000000e+00 -8.000000000000000000e+01
3.550221345214654494e-04 6.438738488810059467e-07 1.186548398436847592e-05 1.677788002526153267e-03 -9.572822318204122771e-01 -2.426239815170110719e-09 -8.281473852991836360e-01 2.484804224501803307e-08 inf 0.000000000000000000e+00 -9.000000000000000000e+01
2.906484863801337970e-01 5.770737762025944691e-03 1.458796224634047345e+00 0.000000000000000000e+00 -1.523134888629968265e-04 0.000000000000000000e+00 8.620620912217772217e-10 2.999976077451784640e-09 inf 0.000000000000000000e+00 -9.000000000000000000e+01
5.048728559715208730e-01 1.462761472243069016e-01 -1.194379598860679021e-07 1.609613131277086911e-08 -4.432314026261607309e-01 4.683770094409095627e-10 -1.479884098172335773e-02 3.927120121053912644e-04 inf 0.000000000000000000e+00 -9.000000000000000000e+01
7.439568596019761060e-01 0.000000000000000000e+00 8.604460616083698353e-05 3.413514971308768747e-04 -2.641481067652930448e-01 3.157517912489004895e-08 1.830435564324992004e-04 3.477798930251721106e-10 inf 0.000000000000000000e+00 -8.000000000000000000e+01
5.741034171976155953e-01 1.425721941379460567e-01 -1.201611803436869685e+00 2.875415770020566320e-05 -4.339153734633141024e-01 -1.891720901329320045e-07 7.506348536474741293e-04 4.583785260913351766e-06 inf 0.000000000000000000e+00 -1.000000000000000000e+01
7.422718910866430431e-01 2.265287187190253570e-08 5.522052710709378356e-10 5.642269442381576960e-02 -2.652563214393709456e-01 7.079022459969542406e-10 2.081022217174686734e-03 1.096903871990776128e-06 inf 0.000000000000000000e+00 -8.000000000000000000e+01
5.362342400964974498e-01 2.755178384019908920e-07 6.798749537545530759e-07 3.315091523077184354e-01 -4.707637805498320893e-01 4.974713668313825502e-10 -4.668342539599776503e-05 8.523213705960869344e-07 inf 0.000000000000000000e+00 -9.000000000000000000e+01
6.296899949859480206e-01 4.342689620592745103e-01 1.813229059113126161e-05 2.795143798765749332e-04 -1.914731332715892131e-01 -6.295097564030621233e-06 6.884150023553271824e-02 1.440983374105774484e+00 inf 0.000000000000000000e+00 -1.000000000000000000e+01
5.991886791473304275e-01 5.843152012961555508e-01 2.604177068938385207e-09 -3.319972734637247411e-05 -1.057079318708499527e-01 1.894637760550431024e-07 3.952842537177472565e-04 1.722397964136755657e-08 inf 0.000000000000000000e+00 -8.000000000000000000e+01
0.000000000000000000e+00 1.134966346151968545e-09 0.000000000000000000e+00 0.000000000000000000e+00 -1.007738767152321024e+00 0.000000000000000000e+00 0.000000000000000000e+00 0.000000000000000000e+00 inf 0.000000000000000000e+00 -9.000000000000000000e+01
1.039920066235697649e-04 1.215712347013348849e+00 0.000000000000000000e+00 0.000000000000000000e+00 -1.536284122117058911e-09 1.724005414846978940e-08 0.000000000000000000e+00 0.000000000000000000e+00 inf 0.000000000000000000e+00 -9.000000000000000000e+01
1.187507497605760687e+00 1.363539613251937580e-07 9.253820967964624389e-01 1.167649512695965397e+00 1.024672021345438999e+00 1.886407342552322486e-09 1.787751937374762835e-06 4.482991567006696209e-09 inf 0.000000000000000000e+00 -9.000000000000000000e+01
6.845614830975280118e-02 6.826599234222570090e-01 1.066121202440083344e-09 7.199470434976116916e-07 -5.571569848543769243e-01 4.080304402694273066e-09 0.000000000000000000e+00 0.000000000000000000e+00 inf 0.000000000000000000e+00 -9.000000000000000000e+01
9.492674652049400974e-01 3.134662215963478086e-04 7.298333451086842024e-07 2.254830385911229146e-06 -5.835059032252015720e-02 0.000000000000000000e+00 1.327022746261394352e-09 5.086434438417300606e-08 inf 0.000000000000000000e+00 -9.000000000000000000e+01
1.010522683999931282e+00 0.000000000000000000e+00 9.696262581530954881e-04 1.587506008517726685e-06 -3.880035014873767230e-02 2.539770553900021124e-03 1.030106456945666382e+00 -6.406800719552011004e-05 inf 0.000000000000000000e+00 -1.000000000000000000e+01
7.845304702819817511e-01 0.000000000000000000e+00 3.904953853336990115e-04 1.757368431501170382e-06 -2.234999595570762165e-01 2.238397290536247304e-08 9.606077441167700754e-08 1.631220697556779469e-09 inf 0.000000000000000000e+00 -8.000000000000000000e+01
5.843269638260596421e-01 8.071783884684308186e-02 4.474575849118475057e-01 2.570687693709241550e-01 -3.711265851327676391e-01 1.628614003907092114e-02 5.083093135196972629e-08 5.997631537957514675e-05 inf 0.000000000000000000e+00 -9.000000000000000000e+01
4.674397719296613518e-01 4.401218631805252635e-01 0.000000000000000000e+00 3.112391947329954143e-05 -3.328737769802133650e-01 5.347879814261388855e-05 1.809193607776433449e-09 5.141125168764697779e-09 inf 0.000000000000000000e+00 -9.000000000000000000e+01
5.198530886147827434e-01 3.232541023750103437e-01 0.000000000000000000e+00 0.000000000000000000e+00 -3.459386007872917723e-01 -8.767532968052469229e-10 7.310434058645381723e-04 9.530332279736561146e-05 inf 0.000000000000000000e+00 -9.000000000000000000e+01
-7.698492010198581972e-05 8.118572263077064905e-07 2.254728619705219492e-04 9.487974301609447200e-03 -1.003589719053840534e+00 2.519597039788108745e-08 1.716072522397207067e-05 -1.596900819452956664e-04 inf 0.000000000000000000e+00 -9.000000000000000000e+01
6.755245415261250663e-01 1.223133354076699189e-09 1.340761907292969068e+00 2.502141187283473886e-02 -6.998238921121449510e-07 0.000000000000000000e+00 -6.029440659260595595e-08 4.439047942993764141e-10 inf 0.000000000000000000e+00 -9.000000000000000000e+01
1.005754765026098729e+00 2.988232252269433697e-06 0.000000000000000000e+00 1.686624354647752746e-04 -5.612470786975997218e-04 0.000000000000000000e+00 0.000000000000000000e+00 9.561123137561197853e-09 inf 0.000000000000000000e+00 -9.000000000000000000e+01
4.793457024208194577e-03 1.579515770774124699e-07 1.407805979526961293e+00 3.392369098594426910e-07 -4.893443244345052623e-01 8.408767594230249305e-05 -1.392845725137182689e-06 0.000000000000000000e+00 inf 0.000000000000000000e+00 -9.000000000000000000e+01
4.018711465458275622e-01 6.317351875662036154e-01 -1.085638330828308387e-06 5.895142893620407646e-09 -2.681747145237720620e-01 -1.148271311453018567e-07 1.020022827316707401e-06 9.696778409859880220e-05 inf 0.000000000000000000e+00 -9.000000000000000000e+01
8.351955112003421611e-03 5.207131083783425041e-01 1.285603555576269699e-05 3.608389908855225148e-02 -7.320369958634523888e-01 -1.117910270805625925e-02 1.888353711323686037e-09 9.220517304337999335e-07 inf 0.000000000000000000e+00 -9.000000000000000000e+01
8.559168596926505224e-01 1.252302447709389152e-04 3.898610528981563118e-08 4.742447139254491080e-05 -1.509995169138629856e-01 2.648522419688634651e-07 -9.893515698546598839e-10 3.584623130647437636e-05 inf 0.000000000000000000e+00 -9.000000000000000000e+01
1.798827582673515058e-01 3.172931986104672863e-01 1.475326272105429696e-05 1.186726530235999652e-02 -5.965350259923969624e-04 -7.794919524918565434e-01 -7.886514794362035741e-07 0.000000000000000000e+00 inf 0.000000000000000000e+00 -9.000000000000000000e+01
3.784498549832052694e-01 4.058312398398712939e-01 7.212061189925423992e-03 0.000000000000000000e+00 -4.420137841147513957e-01 -1.708531279475761778e-06 6.723107888913530325e-03 -1.308332074973229660e-04 inf 0.000000000000000000e+00 -9.000000000000000000e+01
9.740881713646436929e-03 5.775494877650301035e-06 0.000000000000000000e+00 0.000000000000000000e+00 -9.930133129797281688e-01 0.000000000000000000e+00 0.000000000000000000e+00 2.397055979493532896e-09 inf 0.000000000000000000e+00 -9.000000000000000000e+01
1.008183328968288661e+00 2.971961541542354478e-07 8.279035722867987739e-08 3.887717603353867146e-06 -5.427889186191363347e-02 3.552955855314535779e-03 1.441044649557934099e+00 -8.962652195258806942e-05 inf 0.000000000000000000e+00 -1.000000000000000000e+01
9.579124315366428499e-01 2.605928071284114981e-04 1.040312974885914795e-06 1.689557760502887666e-04 -5.021709303081125370e-02 6.665087607916030375e-08 1.035498451182786765e-02 2.229834422900986348e-03 inf 0.000000000000000000e+00 -9.000000000000000000e+01
6.276073169651755768e-01 3.334884927578052652e-05 8.601912050169758794e-01 1.066932438840798358e+00 -3.230331778497226858e-01 1.633863003277227658e-08 -7.976772238222154359e-09 5.171148899261258990e-09 inf 0.000000000000000000e+00 -9.000000000000000000e+01
6.086648373409728752e-01 1.957121663475796906e-03 6.402692942035077524e-04 6.955467413946651597e-09 -3.982742585173246752e-01 2.761758597385279598e-04 -2.897457462723933806e-03 4.470163711571248829e-07 inf 0.000000000000000000e+00 -9.000000000000000000e+01
7.113440364368024404e-01 1.420274009401534254e-01 6.834746296605666071e-10 5.139314813587793568e-04 -2.397969715590125839e-01 -2.254343940593269479e-05 1.139124382767611046e-09 1.443690270370740788e-08 inf 0.000000000000000000e+00 -9.000000000000000000e+01
1.007631159361737305e+00 0.000000000000000000e+00 1.165406638081867145e-04 4.393606955889749503e-04 -9.619989086425267944e-05 5.608669010275926281e-07 1.053962384847684463e-07 4.728663000200080525e-10 inf 0.000000000000000000e+00 -8.000000000000000000e+01
1.091410424771608545e+00 6.989931933930526586e-01 5.964421868415579075e-06 8.143423991010070341e-04 4.782585007426150003e-01 8.223008090646479380e-09 1.185867406779097516e-05 9.748157542179702525e-03 inf 0.000000000000000000e+00 -9.000000000000000000e+01
5.569205310568329237e-01 0.000000000000000000e+00 8.485269893784364026e-01 -4.490993418695289792e-03 -3.991662175385883859e-01 2.558725774999524143e-07 -3.575988522578577630e-03 8.807943335944910308e-06 inf 0.000000000000000000e+00 -9.000000000000000000e+01
7.295073092356656907e+00 6.235816690041736549e-06 1.277690918222282876e-03 3.311870165648435251e-03 6.294745343906412494e+00 1.308823465727043516e-08 0.000000000000000000e+00 0.000000000000000000e+00 inf 0.000000000000000000e+00 -2.000000000000000000e+01
5.079735191436934860e-01 5.788535450707203989e-01 2.639480829700385403e-06 4.271787276852073018e-02 -2.008267401265764751e-01 5.139518812595429227e-10 2.942055461397746629e-06 3.809845138144134572e-09 inf 0.000000000000000000e+00 -9.000000000000000000e+01
7.826124021872299386e-01 4.310213682776692489e-07 8.862993503545146485e-09 0.000000000000000000e+00 -2.250010656288286004e-01 2.180762875214397844e-08 -2.598517741637287014e-03 -3.401001161848802115e-04 inf 0.000000000000000000e+00 -9.000000000000000000e+01
5.585166482388920217e-01 2.052793645720138171e-01 9.568884461329700889e-05 1.636279242887378970e-04 -3.645056020085400417e-01 9.736339939402971261e-05 4.789114537530734534e-09 8.687570578752399170e-10 inf 0.000000000000000000e+00 -9.000000000000000000e+01
7.284080491821792736e-01 1.829946692185622018e-02 3.028657417380384840e-04 7.627683668361372510e-06 -2.723878839378737760e-01 2.189067379312893824e-09 3.862487775943195209e-07 1.337763398468990748e-08 inf 0.000000000000000000e+00 -8.000000000000000000e+01
8.128802244385698872e-01 9.690287404520152655e-08 6.662072590607604164e-10 -6.884934292777099599e-05 -1.944659613849193946e-01 2.850435310375774130e-07 7.346728666073124263e-07 1.431180908975284052e-06 inf 0.000000000000000000e+00 -9.000000000000000000e+01
5.177251649415045565e-01 1.694206760274380962e-03 1.406114363820747788e-08 6.162486301448479899e-04 -4.893968068597995269e-01 -1.457933899381843817e-07 4.397687592829333425e-04 7.059683917733567985e-10 inf 0.000000000000000000e+00 -9.000000000000000000e+01
9.492661489001240627e-01 3.172885404265072986e-04 1.779082973068140338e-08 1.403667300456122340e-06 -5.835050941048443296e-02 0.000000000000000000e+00 1.086407225357184156e-09 8.195447793969630395e-09 inf 0.000000000000000000e+00 -9.000000000000000000e+01
4.960511460039043197e-01 3.229499648462919037e-01 -2.053260579721399154e-07 3.364062133815540551e-06 -3.694547597841579267e-01 2.001929065228364347e-08 -5.799643118697991699e-03 -2.556687221699810615e-04 inf 0.000000000000000000e+00 -9.000000000000000000e+01
5.748115370790929466e-04 3.937170661999941368e-01 7.340592045030484413e-07 1.603290436433768112e-06 -8.268058390199876095e-01 8.025839128517985205e-08 1.749426417197239426e-04 5.115885760283393664e-08 inf 0.000000000000000000e+00 -9.000000000000000000e+01
1.161540237940812681e-02 2.463533043313042344e-04 7.334467997306677676e-04 -3.916705699242001683e-04 -9.937355932568546768e-01 5.767053625363520828e-09 1.001145282818881794e-08 1.532171012679087297e-09 inf 0.000000000000000000e+00 -9.000000000000000000e+01
4.729951427258884400e-01 3.078377478484604635e-01 1.475666664289445318e-01 1.204877097776169842e-04 -3.869960258666360065e-01 2.082415892128426317e-09 3.457684121866947588e-07 9.338543100028790965e-07 inf 0.000000000000000000e+00 -9.000000000000000000e+01
6.677345756786997114e-03 5.944343891756244114e-01 2.384766341709641671e-04 8.534953222960823052e-04 -6.892225755576834034e-01 5.829365421157613594e-09 -2.112696092062256505e-09 2.451445663764023305e-05 inf 0.000000000000000000e+00 -9.000000000000000000e+01
4.951295490766768337e-01 1.904146928055181647e-04 3.614883876002286667e-02 -2.282123659092352469e-04 -5.111956996366869843e-01 8.009162011585099055e-09 2.179606385344063464e-05 -5.099120050784475023e-05 inf 0.000000000000000000e+00 -9.000000000000000000e+01
4.323043312652835903e-10 4.069551703459821090e-01 3.114524118448740126e-05 -2.483857240881238458e-05 -8.202690152286201686e-01 0.000000000000000000e+00 5.270559655152087763e-10 4.003256547059338413e-09 inf 0.000000000000000000e+00 -9.000000000000000000e+01
7.422950102144970641e-01 4.240286799774106163e-01 9.234553038917868372e-06 1.592287980302731307e-04 -6.781521036590226759e-02 7.435458886999241404e-05 1.867830307224487775e-09 3.643613936908952629e-04 inf 0.000000000000000000e+00 -9.000000000000000000e+01
5.252027955560004679e-01 2.203430592214427140e-07 8.236377852914875675e-01 3.316571083984974936e-05 -4.332120818740941015e-01 7.752811342976687937e-08 -2.715932226255412738e-03 -3.562049573665752780e-04 inf 0.000000000000000000e+00 -9.000000000000000000e+01
1.005124360386851823e+00 3.062926942924775553e-08 0.000000000000000000e+00 6.312326419230128599e-06 -1.698015806772904543e-03 3.298907163370237701e-09 2.028081437428430123e-06 0.000000000000000000e+00 inf 0.000000000000000000e+00 -9.000000000000000000e+01
6.863780601876622312e-01 1.089527673664364427e-01 -4.360774839845754803e-07 4.655476189483078592e-02 -2.778661181157439652e-01 3.582343987837467735e-05 -1.048091498155876225e-02 0.000000000000000000e+00 inf 0.000000000000000000e+00 -8.000000000000000000e+01
3.300619033610898700e-01 3.424702455927097766e-01 6.248097132010762953e-06 4.386542859225010804e-04 -5.248728763975226697e-01 -2.448058890501376234e-08 2.130033113185487601e-06 2.616316714546410409e-09 inf 0.000000000000000000e+00 -9.000000000000000000e+01
1.702388147084425152e-01 5.990243179651243910e-07 3.142545020103643190e-06 0.000000000000000000e+00 -8.374966976461309942e-01 -4.534670070577109411e-07 1.046047381571205000e-09 1.366786648394431636e-09 inf 0.000000000000000000e+00 -8.000000000000000000e+01
3.962551114299068256e-01 1.394230947623746053e-01 3.222049740582682706e-09 2.216704905761438405e-03 -5.557355636844124591e-01 -2.202074175645286774e-07 1.645957138067070342e-06 3.391940696315994420e-04 inf 0.000000000000000000e+00 -9.000000000000000000e+01
4.899584554594723640e-01 1.712586267925470529e-01 4.377189884445296468e-09 4.607537558574320352e-04 -4.479944210798416093e-01 6.696762516260420261e-10 -7.858661375548505383e-09 1.512581060455035084e-09 inf 0.000000000000000000e+00 -9.000000000000000000e+01
2.522191952779356261e-01 9.054022394592560197e-01 1.321047086721442310e-09 2.121641774681527647e-06 -1.638346909497701287e-01 3.001547471933168911e-06 3.494952535812594152e-06 2.871485897094552733e-03 inf 0.000000000000000000e+00 -9.000000000000000000e+01
3.344783543102389234e-01 7.431037656794859097e-04 1.731980266016841186e-08 -1.099620564575440604e-08 -5.351653668963822774e-01 -3.167091917375075005e-01 6.249614044417784395e-10 0.000000000000000000e+00 inf 0.000000000000000000e+00 -9.000000000000000000e+01
6.679976751842934268e-01 1.645344827252825937e-01 9.120263461925777193e-01 5.225664470076391011e-01 -1.657669507606779613e-01 6.776760593964062098e-09 3.011893597317361227e-08 6.740059568568458820e-05 inf 0.000000000000000000e+00 -8.000000000000000000e+01
