4.509340428228605369e-01 2.846577625034089620e-01 2.191412933557989606e-01 5.601778352138453248e-08 -4.147870253621102066e-01 3.576520024826858668e-08 8.564257288365520144e-09 2.352746907898150325e-07 4.516068025439312805e+03 1.000000000000000000e+00 0.000000000000000000e+00
3.775499874962017777e-01 3.244192856310646467e-01 8.272161087799832040e-08 1.907299322738070491e-09 -4.878364443980773291e-01 7.377289833232158960e-10 2.574618972069189554e-05 3.406748475834037916e-09 6.737292184885568531e+03 1.000000000000000000e+00 0.000000000000000000e+00
3.826304283854999877e-01 3.217020162222037905e-01 3.123771131418993539e-05 1.119506271056658030e-07 -4.841777819909935943e-01 4.690837803140733263e-10 1.747824323532055753e-06 0.000000000000000000e+00 7.059856738215264158e+03 1.000000000000000000e+00 0.000000000000000000e+00
3.139088792297037855e-01 4.148081618392514547e-01 6.512200649184114058e-07 4.586484599005602639e-09 -5.014388590292671033e-01 -5.467332634576214519e-10 7.950716613481500513e-07 3.994190230259846204e-09 7.589861039668692683e+03 1.000000000000000000e+00 0.000000000000000000e+00
2.879412271202773099e-01 4.012797952420885661e-01 3.476650706260305741e-09 2.723503179083565829e-09 -5.350397269894514585e-01 1.152543943103799421e-09 -1.989288107078877204e-04 0.000000000000000000e+00 8.867423730027107013e+03 1.000000000000000000e+00 0.000000000000000000e+00
3.018966277896515393e-01 4.630594892412700503e-01 1.804570068366714020e-01 9.698056762362880788e-06 -4.585196903271399060e-01 1.471349990104580494e-09 8.550742011458344157e-08 2.097096537620321753e-09 9.269182392229016841e+03 1.000000000000000000e+00 0.000000000000000000e+00
5.660486346614329589e-01 1.930533282751053237e-01 2.029998697787407103e-01 6.417036586331184022e-10 -3.481289526272390855e-01 1.837866226510390542e-08 9.819384012821881589e-04 1.859899062680403736e-05 1.009787670768512544e+04 1.000000000000000000e+00 0.000000000000000000e+00
2.265020152490724858e-01 2.599069887210579965e-01 7.800465479039087625e-10 3.836493527434010531e-09 -6.697289803407826536e-01 8.528913617159469908e-10 -5.184219709375132767e-06 1.175229662834215936e-08 1.026274809143625680e+04 1.000000000000000000e+00 0.000000000000000000e+00
3.819345537940055935e-01 4.239273581378491529e-01 1.594726736391201549e-01 4.707960207070112466e-09 -4.079300993401944742e-01 -8.867651630532060790e-08 -2.538627494745006254e-04 1.337150090457413370e-09 1.041092498726380109e+04 1.000000000000000000e+00 0.000000000000000000e+00
4.580695725140537800e-01 3.556066418201206947e-01 1.602238965262973158e-01 4.535543568032296777e-09 -3.736883354719912065e-01 4.490637196071580771e-09 -1.819745102225469680e-04 7.746349163223476954e-10 1.043213869596097356e+04 1.000000000000000000e+00 0.000000000000000000e+00
6.181604020554067880e-01 2.108678007011434430e-01 3.899610012966351347e-01 7.012502624066171135e-10 -2.705655342329740254e-01 6.772176447180016410e-08 1.357557377560804804e-05 3.508044790965071882e-09 1.111689562973881220e+04 1.000000000000000000e+00 0.000000000000000000e+00
2.429706683631262520e-01 3.422122089621496555e-01 5.942881664565902861e-03 4.032864717105585522e-08 -6.120709794580162511e-01 8.140762863738244091e-10 -9.193999100730883869e-07 8.559638805272874452e-10 1.138303435487372371e+04 1.000000000000000000e+00 0.000000000000000000e+00
4.179223548635276342e-01 4.119803308607286607e-01 1.549877927396731692e-01 2.641534548255343615e-09 -3.802895361791341355e-01 4.651461953128962811e-08 4.869868161588063867e-10 0.000000000000000000e+00 1.211224436410060116e+04 0.000000000000000000e+00 0.000000000000000000e+00
4.862741475302793659e-01 1.694591726241882756e-01 2.791767972513895623e-08 3.623024728374774500e-09 -4.525928212944158591e-01 5.395326868229101574e-09 3.789276079546950242e-08 5.411010957962326223e-10 1.212663958077068128e+04 1.000000000000000000e+00 0.000000000000000000e+00
4.646156205955686014e-01 3.697418202067788706e-01 1.445273781623619969e-01 2.883412632289262959e-04 -3.608751098900695453e-01 4.657380859017427103e-10 8.191705340683134717e-10 4.153987353404479966e-08 1.245297309794670764e+04 1.000000000000000000e+00 0.000000000000000000e+00
4.482798138104397423e-01 3.040657651814998030e-01 8.932410732986027419e-10 3.883656840428708059e-09 -4.274295899122797504e-01 0.000000000000000000e+00 -1.633165730955321235e-04 5.035808369755890918e-09 1.277252007693042287e+04 1.000000000000000000e+00 0.000000000000000000e+00
3.975243644047385394e-01 4.272189554807551692e-01 2.844933403089333623e-01 3.140208238903387505e-09 -3.716613334675628044e-01 7.924743701087094509e-08 3.788529922437855869e-05 1.020567677643601001e-09 1.300719409017191174e+04 1.000000000000000000e+00 0.000000000000000000e+00
4.979051340671156733e-01 3.653692350708330761e-01 2.659673108236211281e-01 6.298453454053621095e-09 -3.152205165316991353e-01 -7.921105869335232418e-08 3.541823208766261779e-05 -9.541089448407498249e-10 1.305341988239588318e+04 0.000000000000000000e+00 0.000000000000000000e+00
3.566948960377725464e-01 4.573512639607604235e-01 2.491978040811835826e-01 -1.270543617716213508e-09 -3.967619939488647995e-01 -1.130019309281125085e-07 5.591848128401443927e-07 1.446424715879840109e-05 1.327049587526204596e+04 1.000000000000000000e+00 0.000000000000000000e+00
4.048586742648648817e-01 4.360766925214327738e-01 1.507244943949918592e-01 8.187251110607310180e-07 -3.785184713608857332e-01 8.001177221729871457e-08 1.295669703031382511e-04 9.703462564507067007e-10 1.334920337650978763e+04 0.000000000000000000e+00 0.000000000000000000e+00
6.101661451865030283e-01 1.895661810288165050e-01 2.201732206740941444e-01 0.000000000000000000e+00 -3.040957487337264675e-01 3.273480515842610912e-09 9.001556489047833599e-07 1.875814677617675707e-09 1.337999970057912651e+04 1.000000000000000000e+00 0.000000000000000000e+00
2.815087501689443883e-01 5.004600003003455422e-01 5.046142092872136359e-02 1.693216473647485443e-09 -4.828657034147865179e-01 5.989980858387341017e-10 6.243531742028236853e-02 1.219844126176145438e-09 1.345919871384350881e+04 1.000000000000000000e+00 0.000000000000000000e+00
6.046885213885477839e-01 2.064551424158310444e-01 2.181966671029872962e-01 0.000000000000000000e+00 -3.013658003036775446e-01 3.244093610460894145e-09 8.920747121907386510e-07 -7.217197021025359664e-09 1.353024016633903011e+04 1.000000000000000000e+00 0.000000000000000000e+00
5.718869004313258397e-01 2.526192135363939384e-01 1.709210849033473700e-01 8.660690291203665235e-06 -3.149677853879294109e-01 3.726721276820970855e-05 8.098893619851911607e-08 1.986279289678870527e-09 1.414731105462260348e+04 1.000000000000000000e+00 0.000000000000000000e+00
4.362223395677720106e-01 3.491734870531269519e-01 3.805688989400884619e-06 -1.271623637887665350e-09 -4.156827226822939481e-01 5.884447493377018688e-10 5.186184014967871969e-07 2.390215204740138817e-09 1.453528607586775797e+04 1.000000000000000000e+00 0.000000000000000000e+00
4.699471856038472395e-01 2.917632194436302062e-01 3.377161932257114569e-09 -6.459307419857285066e-08 -4.115945417151212204e-01 3.850740961837997324e-08 4.019477946436730668e-04 1.917917433896086283e-07 1.469889378263384970e+04 1.000000000000000000e+00 0.000000000000000000e+00
4.008541143597249556e-01 3.999939123975795874e-01 1.415108093929956905e-08 3.845402429157491985e-09 -4.232193653755035867e-01 5.015045668026228473e-10 2.467466558709390560e-09 4.986205149807547326e-09 1.471382810187499126e+04 1.000000000000000000e+00 0.000000000000000000e+00
4.227668976599373019e-01 3.734756898610208653e-01 6.960764299019606912e-08 6.158468413905333791e-09 -4.161315427639293296e-01 -1.468992465702189725e-09 6.147168471861470696e-08 7.090713632524031263e-09 1.483475549141024203e+04 1.000000000000000000e+00 0.000000000000000000e+00
4.565243593394481825e-01 3.186872401384585052e-01 4.161705531892831333e-06 5.025581066948878074e-10 -4.115562211604019138e-01 1.450863403675676169e-08 3.197726248743819471e-07 3.813032174158082384e-07 1.485739453494827285e+04 1.000000000000000000e+00 0.000000000000000000e+00
4.332695876668636870e-01 3.595430610941805494e-01 5.701940841025312114e-07 3.318406765852199396e-09 -4.130705392907861317e-01 0.000000000000000000e+00 1.399600132536301779e-09 1.926331365211254159e-09 1.492113975027766537e+04 1.000000000000000000e+00 0.000000000000000000e+00
2.941270454188945616e-01 5.017461363028200561e-01 6.953606356979328889e-07 4.972123189577380535e-09 -4.671429544888325291e-01 1.502686119516719554e-07 1.781677476265227977e-09 0.000000000000000000e+00 1.500253479585526838e+04 1.000000000000000000e+00 0.000000000000000000e+00
4.673871186072680040e-01 3.029360953935996692e-01 1.192295510463652687e-08 2.586650716811169375e-09 -4.087233033088248924e-01 5.785929234972353038e-10 5.117699191067063057e-07 9.565591985991444105e-10 1.516950914229721093e+04 1.000000000000000000e+00 0.000000000000000000e+00
5.062041741264192707e-01 3.844186510625318132e-01 2.419825393052025264e-01 -7.511469200695396749e-09 -2.975802780952381266e-01 6.043892235013312677e-09 6.160667176368660597e-07 2.564314590573533312e-09 1.524041579549563721e+04 0.000000000000000000e+00 0.000000000000000000e+00
3.865261772436023313e-01 4.682000132213659516e-01 2.132066997326504121e-01 6.651237764599175727e-10 -3.656328703655697399e-01 1.930274108704952407e-08 1.031310247175612786e-03 1.976600687313871264e-05 1.539349752915978752e+04 1.000000000000000000e+00 0.000000000000000000e+00
2.701679494876232379e-01 4.512587851949069195e-01 1.278925946823216223e-07 6.946720827720766224e-10 -5.188007725668127845e-01 -7.739186053030874292e-03 8.733541408079388659e-10 7.785432528705425291e-10 1.545879167135004172e+04 1.000000000000000000e+00 0.000000000000000000e+00
2.701679789060067449e-01 4.512588343321344286e-01 1.101556774875695982e-07 4.445901813852120762e-08 -5.188008290586361149e-01 -7.739186895744984591e-03 9.447249628594951894e-07 6.217406982134076274e-10 1.545881114436285316e+04 1.000000000000000000e+00 0.000000000000000000e+00
4.696095075831371868e-01 3.067967773597382042e-01 5.927227901946657308e-04 1.716423596576919896e-09 -4.042629015751063037e-01 7.261792139363892344e-09 2.937725001833574461e-09 5.330815593214857306e-09 1.561833945955312083e+04 1.000000000000000000e+00 0.000000000000000000e+00
4.491875043508933296e-01 3.464321928980745868e-01 1.384997433217212050e-06 3.082085932248329455e-05 -4.041708917144203328e-01 6.489258947330477296e-09 8.137093241821136998e-09 1.724713784761056567e-06 1.577316868775740659e+04 1.000000000000000000e+00 0.000000000000000000e+00
6.144928119704110570e-01 2.507743251343421687e-01 2.206239768834575288e-01 6.970896942095090919e-10 -2.689602494761456075e-01 6.731996637685694148e-08 9.055105985876893326e-06 4.004967491233353613e-08 1.578423930469510196e+04 1.000000000000000000e+00 0.000000000000000000e+00
4.437406504269969520e-01 3.551915071803540824e-01 5.256591256671022504e-07 -1.641943483969753509e-09 -4.049382168694792838e-01 1.512218829480043712e-09 5.161706937958549204e-07 5.529976699961336490e-09 1.579969473219542851e+04 1.000000000000000000e+00 0.000000000000000000e+00
3.182419979253859332e-01 4.943759338840900686e-01 5.722672248780110989e-10 1.908800124674538657e-09 -4.483409278948833343e-01 1.707481361525270840e-09 1.860334496508974298e-09 4.485832996995139693e-04 1.637986738810192765e+04 1.000000000000000000e+00 0.000000000000000000e+00
4.527745842952649036e-01 3.488113213776826149e-01 0.000000000000000000e+00 5.318731942104823965e-07 -3.993355239170683912e-01 5.085487245928570222e-10 -3.091165463216322809e-06 7.007475664140719304e-09 1.641075277770861430e+04 1.000000000000000000e+00 0.000000000000000000e+00
4.810770857584152349e-01 2.999766384169268441e-01 6.731294484237824973e-06 1.270421121819556667e-08 -3.965635436657206636e-01 8.960759001940772588e-10 -3.840380642586211579e-06 1.930818681005060235e-07 1.666023681487080830e+04 0.000000000000000000e+00 0.000000000000000000e+00
4.816607889549090471e-01 2.990355230762185013e-01 3.461338913285174547e-09 0.000000000000000000e+00 -3.962220680759894753e-01 1.388514115789110270e-09 4.119664886129544511e-04 5.351150388929379051e-10 1.666418285927454417e+04 0.000000000000000000e+00 0.000000000000000000e+00
4.905586075396991541e-01 2.784251556306400754e-01 4.811998059798423099e-06 7.965807598990632203e-07 -3.977502223294858141e-01 7.767113985410366971e-08 1.224900970082884902e-08 0.000000000000000000e+00 1.666442097108927919e+04 1.000000000000000000e+00 0.000000000000000000e+00
4.822251278069200064e-01 3.002902925694208025e-01 2.253719872986363725e-06 5.101419931868450712e-10 -3.951702872900521024e-01 1.431312678027090982e-08 2.507449924911980555e-05 2.310214454860426632e-09 1.673566904128284659e+04 1.000000000000000000e+00 0.000000000000000000e+00
4.822241973663791148e-01 3.002897131672989661e-01 1.955210157011257739e-06 4.547542707743264418e-09 -3.951695248195074561e-01 7.888966315916800801e-10 7.182785405050899235e-07 9.164318838120439734e-10 1.673600887018102367e+04 1.000000000000000000e+00 0.000000000000000000e+00
4.795656362434363440e-01 3.057959016532033614e-01 1.148581248960057205e-08 -1.602082787434840473e-09 -3.951077205487421029e-01 1.475507397908385937e-09 1.453519444527790256e-07 7.961953645184074443e-08 1.690516531133952958e+04 0.000000000000000000e+00 0.000000000000000000e+00
4.805919763259567379e-01 3.074877573649486551e-01 1.184512369283559937e-08 3.283712656968035108e-09 -3.929010232996565932e-01 -1.042642406429540536e-07 -3.236362029557293468e-04 5.447399291404337580e-09 1.696200412083499032e+04 1.000000000000000000e+00 0.000000000000000000e+00
3.677484265233106342e-01 4.715240098983818351e-01 3.224095794176969759e-02 2.709912559245447946e-09 -4.090571538862030621e-01 -3.795378919541546980e-08 2.667334653328438812e-06 5.599985510241285142e-09 1.710455502803246054e+04 1.000000000000000000e+00 0.000000000000000000e+00
5.365063892478579843e-01 1.574651876199163747e-01 4.314475843826950062e-03 3.343640153979969479e-09 -4.116589904920671117e-01 1.244437500917357077e-09 7.184349185158685203e-02 1.403658460630689085e-09 1.718488091898581479e+04 0.000000000000000000e+00 0.000000000000000000e+00
5.166771623765924470e-01 2.162607062220207044e-01 8.566987064060151379e-07 2.588235641119752083e-09 -4.012076450272782369e-01 2.082253800292397978e-08 -7.644962748233197615e-05 4.957747143553327952e-08 1.730457519184149714e+04 1.000000000000000000e+00 0.000000000000000000e+00
4.433697968848813176e-01 3.732101806745264927e-01 5.835988651395221258e-07 0.000000000000000000e+00 -3.956222802972787500e-01 0.000000000000000000e+00 1.426471748390392485e-07 1.858595111909306050e-09 1.740277845818272908e+04 1.000000000000000000e+00 0.000000000000000000e+00
4.837028032483776663e-01 3.120357299386593009e-01 2.460239681235645094e-05 -6.727217878378716823e-09 -3.879106794678165993e-01 3.095085536480964289e-09 -1.230119840617822547e-05 2.112855194994996261e-09 1.770503022401604539e+04 1.000000000000000000e+00 0.000000000000000000e+00
4.497825817624802047e-01 3.704660834731826058e-01 6.955384011400081038e-07 3.093577695043940422e-05 -3.907788452301978466e-01 1.213041110741525906e-07 7.232123428299288542e-06 5.927556520822867650e-10 1.791074742389734456e+04 1.000000000000000000e+00 0.000000000000000000e+00
4.299813680909660429e-01 3.985672042121740088e-01 5.448771529631902660e-07 6.291365065141990918e-07 -3.946404337273249907e-01 1.909000978890043297e-09 4.540642941359919104e-08 0.000000000000000000e+00 1.795333733980132456e+04 1.000000000000000000e+00 0.000000000000000000e+00
3.222885623477039774e-01 5.033142808092390119e-01 6.686041471956973803e-07 4.818066265939143539e-09 -4.384380117652206810e-01 6.159016747721559224e-10 6.266916484162656115e-07 1.734659780212717494e-09 1.809375158329259648e+04 1.000000000000000000e+00 0.000000000000000000e+00
4.294208625395799506e-01 4.020318325826135464e-01 1.771995346336935806e-04 6.268851461097649797e-07 -3.932282158107315295e-01 2.106233807962728897e-09 4.524394283679107424e-08 0.000000000000000000e+00 1.819272802447406139e+04 1.000000000000000000e+00 0.000000000000000000e+00
5.223818546624074965e-01 3.902378281865415688e-01 1.641476578879897119e-01 2.322921994823933752e-09 -2.880326827091140296e-01 6.350345691810066196e-08 6.403419075135513396e-10 0.000000000000000000e+00 1.820842538159243122e+04 1.000000000000000000e+00 0.000000000000000000e+00
4.729054266257258776e-01 3.458562075322472729e-01 5.971187256501536353e-03 8.526826642282083089e-10 -3.801393301447732465e-01 1.438667226429091511e-09 1.139514594802948356e-07 6.930394341414292100e-10 1.827832004292049896e+04 1.000000000000000000e+00 0.000000000000000000e+00
4.331122428059669960e-01 4.028041626096126593e-01 3.102988301353063236e-05 7.211440848340624333e-09 -3.891166425209364732e-01 -6.920069500932922332e-09 3.304384176681266754e-06 1.156744249208576988e-08 1.871396138054061521e+04 1.000000000000000000e+00 0.000000000000000000e+00
4.503365929134243162e-01 3.806070559461843805e-01 3.340837816379971458e-09 5.830231005691181229e-09 -3.844809191110310498e-01 1.078304110755557115e-07 2.879037340681660266e-09 1.518169063858198731e-08 1.874322861158580054e+04 1.000000000000000000e+00 0.000000000000000000e+00
5.224269272286468091e-01 2.965125803189616605e-01 3.567732152647370286e-02 4.463467283452227094e-09 -3.539997132379440470e-01 2.954725170589143132e-04 -3.939633560785524085e-06 1.591819712670908788e-07 1.876430478669310833e+04 1.000000000000000000e+00 0.000000000000000000e+00
4.899564786286278451e-01 3.354392658076234546e-01 5.791339365027755801e-03 1.012802340095915044e-09 -3.686898052754345456e-01 7.978550808669259963e-10 -2.829294668353351876e-05 0.000000000000000000e+00 1.974653400032527134e+04 0.000000000000000000e+00 0.000000000000000000e+00
4.952882439752154808e-01 3.244991943285894243e-01 7.281565819428151095e-06 1.374275785821349232e-08 -3.737266262855581389e-01 7.676088720330894073e-03 -4.154324920136902500e-06 1.681466843828474261e-07 1.995687332783884267e+04 1.000000000000000000e+00 0.000000000000000000e+00
4.565331377168559968e-01 3.853851162544888465e-01 5.061662109711251270e-10 4.756121778725044995e-09 -3.755034466069378518e-01 -6.055417679529540714e-05 3.309671764583501419e-06 5.462913869681088974e-09 1.999516676993051078e+04 1.000000000000000000e+00 0.000000000000000000e+00
4.249028111087529425e-01 4.268563872517817104e-01 4.624481026075867758e-03 3.122106810507675217e-09 -3.829009240336348485e-01 1.146228024836734060e-09 1.576161782266923698e-06 6.617643795049778974e-06 2.003333540955144781e+04 1.000000000000000000e+00 0.000000000000000000e+00
4.904591082248601075e-01 3.348044211834374506e-01 8.775927334847678876e-08 8.278488634518048218e-10 -3.690680315384675669e-01 7.986735731098909518e-10 -4.245004744748461888e-09 4.682634099877169112e-09 2.011995054760230050e+04 1.000000000000000000e+00 0.000000000000000000e+00
5.469740808273173549e-01 1.569107300215056011e-01 1.414794568342432953e-06 3.146322986998131941e-05 -3.974415982989860097e-01 1.233723380219031170e-07 7.430486061851504002e-06 4.765118172675033388e-04 2.048016105900020557e+04 1.000000000000000000e+00 0.000000000000000000e+00
4.744335231956903765e-01 3.658282588496889476e-01 5.784871967868268075e-10 1.075347365806187349e-09 -3.686862921219521416e-01 8.162702776746635915e-10 8.176898781575761391e-09 1.809990615713384571e-09 2.071374765913017836e+04 0.000000000000000000e+00 0.000000000000000000e+00
4.803737993754908508e-01 3.588563165295168833e-01 4.925244351343053774e-06 1.303741151826102332e-06 -3.664511592073902424e-01 4.569318490015528031e-09 3.847847149486760761e-08 4.357121036918831736e-08 2.076532343567940552e+04 1.000000000000000000e+00 0.000000000000000000e+00
4.504459878117014759e-01 4.044429933117830167e-01 5.819592705218981090e-10 1.081801588761565222e-09 -3.708991431555924700e-01 8.193843716857399543e-10 -1.169916648862672193e-06 4.855611091471051262e-08 2.122089419145699867e+04 1.000000000000000000e+00 0.000000000000000000e+00
3.638839823889249425e-01 4.939240262520517288e-01 2.558642798692085613e-06 7.234257912968694756e-08 -4.026678551200329470e-01 1.992990461220816575e-09 1.888173951034812685e-04 1.138851692126180841e-09 2.164673720794030669e+04 1.000000000000000000e+00 0.000000000000000000e+00
4.081698566318164301e-01 4.552334669352753327e-01 3.092871285353735236e-07 0.000000000000000000e+00 -3.833544984718108006e-01 1.459984177824054629e-09 1.590681451384723277e-09 3.835617388012720953e-04 2.165317080737761353e+04 1.000000000000000000e+00 0.000000000000000000e+00
4.173121605950706470e-01 4.448794787209409130e-01 5.201388646723670966e-08 2.514287812618332256e-09 -3.802388707016589042e-01 1.735212715750680101e-09 3.378352920053364939e-09 7.011675871808870223e-09 2.165760458565915906e+04 0.000000000000000000e+00 0.000000000000000000e+00
4.886627815318375645e-01 3.551213331375094873e-01 1.086763089146550206e-06 1.661953915761631100e-09 -3.600673127076697844e-01 0.000000000000000000e+00 1.352410392648600027e-09 4.791417708592790093e-04 2.175873316247816547e+04 0.000000000000000000e+00 0.000000000000000000e+00
5.460596181743589961e-01 2.250783372403271920e-01 6.136231079744883301e-08 1.444697446607616715e-06 -3.689327527808841656e-01 -8.026096925597870344e-08 1.663622492645896664e-02 9.472660906374230928e-08 2.186261520032385306e+04 0.000000000000000000e+00 0.000000000000000000e+00
5.389944569490121573e-01 1.044593679368746440e-06 8.892044612273549233e-08 0.000000000000000000e+00 -4.683675970729347382e-01 1.486315596528282164e-09 8.631708588533812945e-10 8.751721649123052227e-09 2.191335123763511001e+04 0.000000000000000000e+00 0.000000000000000000e+00
4.949125637693838065e-01 3.468209665024832300e-01 5.623619491095092695e-10 4.698213752054128111e-09 -3.582861224199206940e-01 1.373871597191585983e-09 3.986363183561078272e-09 -3.758571001643302489e-08 2.205987232334688815e+04 0.000000000000000000e+00 0.000000000000000000e+00
4.837114398134388371e-01 3.698969833867473134e-01 4.790815952766849415e-07 1.677692048889147780e-09 -3.571419149941008619e-01 0.000000000000000000e+00 1.323147106095580614e-09 6.012643617478536593e-10 2.219346487492959932e+04 1.000000000000000000e+00 0.000000000000000000e+00
4.172955524727808840e-01 4.520701818455126197e-01 4.271503219203039042e-09 1.609782511567456179e-06 -3.759419391646674491e-01 1.420659955921168248e-07 2.198773788245499024e-09 1.558048305365042879e-09 2.238982917336250466e+04 1.000000000000000000e+00 0.000000000000000000e+00
4.789527858040384944e-01 3.835401006635890120e-01 5.279374216316090328e-07 1.019162471366480768e-08 -3.542550190858272940e-01 1.099118864147718595e-07 3.828897682481806419e-09 -3.716283044761753094e-08 2.273987546972080963e+04 1.000000000000000000e+00 0.000000000000000000e+00
5.038157318508211802e-01 3.460168422522620912e-01 2.464706530605928153e-08 7.719914133219717262e-10 -3.498192251341550874e-01 7.525145657381605591e-10 2.230984359600193487e-09 9.012468563781733894e-10 2.287623595610008488e+04 1.000000000000000000e+00 0.000000000000000000e+00
5.443401874041785549e-01 1.050180380186929689e-06 4.811735560129205152e-05 3.436953971520860551e-07 -4.630019984817150824e-01 3.375047031495636895e-09 8.694009273120666973e-10 1.924336208012981833e-08 2.289868766217562006e+04 0.000000000000000000e+00 0.000000000000000000e+00
3.748624033342751738e-01 5.075656313880108073e-01 3.160177237411040951e-02 1.393036027233328327e-06 -3.787369501387637949e-01 6.018899446248113261e-09 1.141772234522807466e-06 6.928229578415094609e-10 2.299761238754794613e+04 1.000000000000000000e+00 0.000000000000000000e+00
5.089202846534057745e-01 3.422355921188408034e-01 1.918702619351499768e-03 1.275085471245197192e-06 -3.466686956436962341e-01 6.632262377373684041e-09 2.956033691958361958e-06 6.358120057990210453e-10 2.307424665621726308e+04 1.000000000000000000e+00 0.000000000000000000e+00
5.452579579299289270e-01 9.886967191238142094e-06 1.375780811988326386e-07 4.911420907204088939e-08 -4.621244576177425123e-01 -8.871891623918364319e-09 3.171291363227328646e-07 1.220568252161253488e-09 2.308863708374206544e+04 0.000000000000000000e+00 0.000000000000000000e+00
4.560523062403754602e-01 4.180479473870108431e-01 7.162554765026043680e-06 1.359141785622762025e-08 -3.574464021884024012e-01 -1.503014902569315703e-08 2.633061707930799448e-05 2.425945642130718305e-09 2.328807913991126406e+04 1.000000000000000000e+00 0.000000000000000000e+00
4.625195010361953796e-01 4.111284453655070226e-01 4.615881978367298671e-07 4.580795037653358056e-09 -3.550654755429378806e-01 -4.756318850913763299e-05 1.108524552333768222e-06 1.322387810018739619e-06 2.338219527080504122e+04 1.000000000000000000e+00 0.000000000000000000e+00
4.022091689328470832e-01 4.727387388405027147e-01 3.259434952487609321e-09 5.737741702854005761e-09 -3.783816115316120388e-01 1.061198168409037846e-07 4.686769212727281207e-10 1.539532674726173834e-08 2.347431168769965007e+04 1.000000000000000000e+00 0.000000000000000000e+00
4.366609115699928156e-01 4.422952459128314251e-01 6.376339677335572305e-07 5.839007682054485435e-07 -3.624755093892843560e-01 4.410600127932260899e-08 2.616694872853213080e-09 7.381318424759731969e-10 2.368110766401972796e+04 1.000000000000000000e+00 0.000000000000000000e+00
3.373550221874597188e-01 5.485602910356993656e-01 1.285389532130689350e-01 8.020385318706516327e-07 -3.708038204213437994e-01 -7.952029762012995199e-08 9.888770534996102625e-08 0.000000000000000000e+00 2.375523187114491884e+04 1.000000000000000000e+00 0.000000000000000000e+00
5.045626237808957804e-01 3.588652769914510987e-01 4.162839313917231618e-06 8.859089041714538329e-09 -3.422420897738634449e-01 7.734824015536533981e-05 2.275387080187734256e-06 6.586033300748308187e-09 2.402035017616337791e+04 1.000000000000000000e+00 0.000000000000000000e+00
4.999895099292661627e-01 3.681464342886888730e-01 5.969406879639170297e-10 5.244010600594410080e-09 -3.417778191605734261e-01 1.099428735427214227e-09 1.234140869414818174e-06 -6.649465891243632433e-09 2.422813032459349779e+04 1.000000000000000000e+00 0.000000000000000000e+00
5.343284257217261191e-01 3.053305289838434966e-01 6.824202500642457541e-06 1.035949777860110442e-07 -3.405609746358254086e-01 -1.148381827230907851e-09 1.579123445170546773e-06 6.630078578304706826e-06 2.431998367289181260e+04 1.000000000000000000e+00 0.000000000000000000e+00
5.519677672337196528e-01 2.915194002442989540e-01 5.261796033419650744e-08 2.430720993699295343e-09 -3.299012648532662073e-01 2.580513323843229314e-09 2.203200061695218006e-06 2.083475137456538924e-09 2.618113600008607318e+04 1.000000000000000000e+00 0.000000000000000000e+00
5.790141434084736805e-01 2.386617436988332508e-01 8.856825646543742286e-08 1.972993981318054336e-08 -3.330887814231542343e-01 -8.510469336343706673e-08 6.563197951717913980e-02 6.590820411730569334e-10 2.632757770742036519e+04 1.000000000000000000e+00 0.000000000000000000e+00
3.782434866236467630e-01 5.036394251238774933e-01 1.507088828822469906e-08 4.839838108820127116e-09 -3.823548288695559627e-01 5.470413877003213736e-05 1.811110304961962077e-09 2.687948063601051852e-09 2.657249199407474589e+04 1.000000000000000000e+00 0.000000000000000000e+00
4.031358176490975609e-01 4.930304712398158595e-01 8.746193744973236942e-03 7.583147499324002502e-07 -3.632856103872327269e-01 7.474465661438513449e-10 6.805388781444617711e-07 5.592902712023274955e-10 2.673261438876411557e+04 0.000000000000000000e+00 0.000000000000000000e+00
4.590660218007431848e-01 4.372057350483268823e-01 3.097771188696906331e-05 2.528054030891551533e-09 -3.431114572879260805e-01 2.683844475372263420e-09 2.291422508493030038e-06 4.886154849622326519e-10 2.674866979761453331e+04 1.000000000000000000e+00 0.000000000000000000e+00
5.349272837641062539e-01 3.384798502438396417e-01 4.320412369184313142e-06 8.355846398055981154e-09 -3.228009470990296781e-01 7.205378283460483460e-05 2.146133180132272833e-06 1.590249503966864537e-06 2.702480471096978727e+04 1.000000000000000000e+00 0.000000000000000000e+00
4.716827689633752985e-01 4.287228141693132377e-01 1.055599581027582719e-08 -4.311235912612652728e-09 -3.357890344107299918e-01 0.000000000000000000e+00 3.852833955940674363e-05 1.237847280969844972e-09 2.722189616559564456e+04 1.000000000000000000e+00 0.000000000000000000e+00
3.306714343637622844e-01 5.380748192309741107e-01 2.150557185654025122e-07 3.301933314470151085e-09 -4.069802269092458458e-01 1.067843776092444065e-09 4.944882032089515624e-07 1.819343389165010524e-08 2.737870480770797440e+04 0.000000000000000000e+00 0.000000000000000000e+00
4.234568368865174182e-01 4.804417476508283102e-01 2.648140384386755172e-04 6.441761896604300832e-10 -3.536994461233091691e-01 8.271807889957796115e-10 1.178998153744363966e-02 1.293037297063845299e-07 2.753721674398636242e+04 0.000000000000000000e+00 0.000000000000000000e+00
4.555202457178484376e-01 4.525877119471326537e-01 6.663113841014330031e-04 2.818531218337516111e-09 -3.372413836323127079e-01 -1.027780686128657035e-07 2.780274937242727281e-05 4.952457954701578844e-10 2.782410969151507379e+04 1.000000000000000000e+00 0.000000000000000000e+00
5.875694841353858999e-01 1.566203426254919318e-01 2.580253695417780138e-08 6.888407618328814359e-08 -3.570165574133884467e-01 -8.104663832150913079e-06 5.110985074516853589e-04 1.021954413072772460e-09 2.786134633935927923e+04 0.000000000000000000e+00 0.000000000000000000e+00
4.950441696637516986e-01 4.069928351385784793e-01 3.343963442253757848e-05 6.064665841141022433e-09 -3.248115895817501597e-01 7.544385992284805784e-10 1.332360434022981473e-06 3.265589299075935315e-09 2.795721996546800074e+04 0.000000000000000000e+00 0.000000000000000000e+00
4.623565382446593319e-01 4.464776268301963169e-01 1.739810430659863135e-09 7.014915656420567505e-09 -3.343911933163394856e-01 1.471879624338244108e-09 1.014323844949615618e-03 4.662691954168433136e-10 2.810462045036649215e+04 0.000000000000000000e+00 0.000000000000000000e+00
4.675921725305243193e-01 4.520747331766352128e-01 4.251131822992529168e-03 3.237190111792789838e-09 -3.248317304747447842e-01 -8.271421530596800864e-06 -6.081704746771632438e-04 9.692301346617698321e-10 2.939413833608029017e+04 1.000000000000000000e+00 0.000000000000000000e+00
5.643831154899879854e-01 3.094028865275469387e-01 5.643806549748708522e-06 2.625110122445701800e-08 -3.083950595356005353e-01 0.000000000000000000e+00 -4.192717759464544740e-04 3.799501493013515938e-09 2.955531687631472960e+04 1.000000000000000000e+00 0.000000000000000000e+00
4.948647833611871660e-01 4.219777222459735744e-01 6.054731978651274087e-07 4.472453077885911225e-07 -3.164832916844801947e-01 0.000000000000000000e+00 -2.077998648866419432e-06 0.000000000000000000e+00 2.983242560438273722e+04 1.000000000000000000e+00 0.000000000000000000e+00
4.643612602104124631e-01 4.589364791331880244e-01 1.386491135307456136e-06 8.939763738101807333e-06 -3.244019084180218004e-01 -7.993017925559775301e-08 1.694312861243253408e-08 1.143822852413742149e-09 3.228924116671020965e+04 1.000000000000000000e+00 0.000000000000000000e+00
6.065887117694951369e-01 2.359796484689307694e-01 3.437477846129576978e-09 1.295467060804977412e-06 -3.025380108576035676e-01 -4.057350900349664581e-10 5.900289842641823405e-07 2.964120241088782820e-09 3.368625811982210871e+04 1.000000000000000000e+00 0.000000000000000000e+00
6.195825218828192593e-01 2.015454840919989610e-01 3.107130060012053426e-05 8.845921879037875438e-07 -3.052621489393422261e-01 6.870383051193662310e-09 3.061518275323264774e-06 6.850136342791323165e-10 3.385895497220868856e+04 0.000000000000000000e+00 0.000000000000000000e+00
5.673649583445686817e-01 3.795475928236080598e-01 5.672025592960123439e-06 5.783973466505389312e-07 -2.680310320455376316e-01 5.655699861401438943e-08 5.597393677263279877e-07 1.432932781379399784e-05 3.464298114693589741e+04 0.000000000000000000e+00 0.000000000000000000e+00
6.218142782186906192e-01 2.120724415330518253e-01 9.226678765772321093e-07 5.865104371370126839e-10 -2.979940630441009208e-01 5.358152132330563929e-09 5.778515448789647050e-07 2.375644799002915826e-09 3.481190380229405855e+04 0.000000000000000000e+00 0.000000000000000000e+00
3.955502450230063971e-01 5.355770759484633770e-01 4.228912503314441462e-02 4.708015785565045777e-07 -3.372909066087651508e-01 1.610612931300153912e-09 1.109929829986229868e-03 5.102178080241622540e-10 3.533149704616233066e+04 1.000000000000000000e+00 0.000000000000000000e+00
6.312443496979733837e-01 1.779400526572093300e-01 8.722879220720429219e-07 8.338469765625960181e-10 -3.043499543186657386e-01 1.713285586376096658e-08 -6.290301635223746637e-05 0.000000000000000000e+00 3.598760256329017284e+04 0.000000000000000000e+00 0.000000000000000000e+00
4.531617239672089958e-01 4.791391476341190780e-01 1.592582939648892271e-04 1.835111241298963102e-09 -3.232746056326586404e-01 -2.855891869271511305e-08 0.000000000000000000e+00 0.000000000000000000e+00 3.802725808514904929e+04 1.000000000000000000e+00 0.000000000000000000e+00
6.406272740551198774e-01 2.083911819843043411e-01 1.632629300570502377e-04 6.646674698659873742e-10 -2.809768745855789063e-01 1.304911463148972662e-09 4.553233848688260282e-10 1.903635546240854382e-08 4.065063902549076738e+04 0.000000000000000000e+00 0.000000000000000000e+00
3.508553026511795903e-01 5.547041935770046228e-01 3.400748324579869197e-01 1.215034073149114909e-07 -3.028332081542304266e-01 1.569905803648195425e-09 4.441416858157379893e-06 1.336537480464026347e-07 4.333577103660050489e+04 1.000000000000000000e+00 0.000000000000000000e+00
5.026963937374122615e-01 4.504681969854733015e-01 9.991733434418331440e-10 3.250860127547059215e-09 -2.948716941619885512e-01 6.137493172998032508e-03 8.550491754928764500e-07 6.339582592872320467e-09 4.427686033362040325e+04 1.000000000000000000e+00 0.000000000000000000e+00
4.971030679479783720e-01 4.606280000691958532e-01 1.896297714034951676e-06 6.559520394460524524e-07 -2.907583982337231809e-01 1.820794901161213294e-09 1.725034599735945982e-04 1.024925061634456998e-09 4.592419437773499521e+04 0.000000000000000000e+00 0.000000000000000000e+00
4.434032481012432636e-01 5.079765366596767917e-01 5.632978579935868691e-10 1.543652629723293864e-06 -3.142566709843763184e-01 -8.162807394127707374e-09 3.637436781741591760e-06 8.138751969587056684e-10 4.621619589546466159e+04 1.000000000000000000e+00 0.000000000000000000e+00
5.673649854822568894e-01 3.795476109777856100e-01 5.672025864259328329e-06 9.254357989054693589e-06 -2.680310448657558520e-01 3.684951013786899029e-08 2.582264406623325707e-06 2.390553664007323575e-09 4.712742537053562410e+04 1.000000000000000000e+00 0.000000000000000000e+00
4.308748612385588372e-01 5.219196722127997790e-01 9.833673642281673467e-07 6.152356135282746142e-10 -3.175981778171195202e-01 1.372448676332304805e-09 4.876452124457954500e-07 2.027122470214956083e-09 4.795173250677613396e+04 1.000000000000000000e+00 0.000000000000000000e+00
4.417085796225474481e-01 5.198870892902549556e-01 9.222621062362370767e-03 1.211548597431418615e-07 -3.068506504457519934e-01 -8.767884003565220045e-06 -4.886156854231719655e-04 0.000000000000000000e+00 4.804300853738347359e+04 1.000000000000000000e+00 0.000000000000000000e+00
4.361979273616186092e-01 5.183517970889189863e-01 6.566311551050850565e-07 6.248459866639409799e-10 -3.149231672879846955e-01 -7.097375988462722752e-09 8.725983312304014559e-10 7.778694936020488906e-10 4.809603683522901702e+04 1.000000000000000000e+00 0.000000000000000000e+00
3.901356015688765000e-01 5.666255165643205860e-01 2.083548897538860618e-06 5.890986466255707167e-08 -3.278996841757462199e-01 4.138639458201260772e-09 1.187055919516187684e-07 4.498521150218761506e-10 5.488698079885110928e+04 0.000000000000000000e+00 0.000000000000000000e+00
3.938199193642726303e-01 5.686465190820572113e-01 1.940128353086468419e-09 4.936015597958505349e-09 -3.229691394786441405e-01 2.695722651898405054e-04 -3.594296869197873688e-06 1.452285478154902683e-07 5.609627302126989525e+04 1.000000000000000000e+00 0.000000000000000000e+00
4.946079103573515212e-01 4.988353283945938244e-01 2.811082153200187708e-09 7.519841614303022388e-10 -2.689694726195426266e-01 1.976419104911056298e-09 5.137902254798661991e-10 1.342547638993366807e-09 5.996249686108728201e+04 1.000000000000000000e+00 0.000000000000000000e+00
4.206383038554522558e-01 5.590534722181438321e-01 1.755468348755726950e-06 6.128710299611058474e-08 -3.028955307677081432e-01 4.767965180641470356e-09 7.200163149193411664e-07 6.730063211439153904e-10 6.008410221013866249e+04 1.000000000000000000e+00 0.000000000000000000e+00
4.360900198740874645e-01 5.644716612388889221e-01 1.463624010432199382e-08 2.292606074432179383e-09 -2.832547325350381340e-01 5.222890659633574278e-09 3.668169719091487013e-08 2.322971717802141928e-09 6.629615363333748246e+04 1.000000000000000000e+00 0.000000000000000000e+00
4.477193599559124992e-01 3.350611262142946245e-01 7.555871194049890160e-01 2.286557613155917287e-09 -2.806743926838584091e-01 -7.162538567624414029e-03 1.648636982852671469e-07 4.167902484739899939e-09 7.565782437323496561e+04 1.000000000000000000e+00 0.000000000000000000e+00
4.105271695390973474e-01 6.138358630251264936e-01 1.726369217433040021e-06 6.152287707914721609e-07 -2.727073340509718058e-01 4.354957444759710356e-09 1.998561340268054760e-06 0.000000000000000000e+00 7.626972615544442669e+04 1.000000000000000000e+00 0.000000000000000000e+00
5.314921240572595407e-01 5.128068540708715650e-01 5.394624262843550280e-10 8.934580571235655376e-08 -2.231851692818570265e-01 4.130993662897744143e-05 6.979367648444473020e-08 -2.583232263497843771e-09 7.787310073249998095e+04 1.000000000000000000e+00 0.000000000000000000e+00
5.523010417034122099e-01 5.083462875194036945e-01 3.453721551426442761e-07 8.224231398845289318e-08 -2.054406989035184039e-01 3.802556540842284952e-05 6.424468848959478144e-08 -3.804561339632031139e-08 8.303495606718366616e+04 1.000000000000000000e+00 0.000000000000000000e+00
3.058380236961214527e-01 1.819110921612618337e-01 1.007332672842987442e+00 3.651836862558900305e-06 -1.190949181493261011e-01 -6.537429874545347408e-02 6.994872318212583089e-04 0.000000000000000000e+00 9.919219601210296969e+04 1.000000000000000000e+00 0.000000000000000000e+00
3.057978688860757410e-01 2.970049589181055216e-01 1.008253676327252935e+00 3.028123367723172958e-09 -3.048208788896346055e-01 0.000000000000000000e+00 5.477554889931941687e-10 5.896105595807139415e-10 1.027568464955178060e+05 1.000000000000000000e+00 0.000000000000000000e+00
5.440309321360249362e-01 1.506848265268846132e-01 6.569337093980389944e-07 1.043955379814000289e-08 -4.031308346043925850e-01 9.865949890232367421e-05 2.679990928112454513e-06 7.217289287820252883e-10 inf 0.000000000000000000e+00 -9.000000000000000000e+01
6.266279173794024882e-01 1.966971018611063660e-01 2.547718977245887285e-05 7.103796433048993564e-10 -3.003009188719181211e-01 5.399631094517030244e-09 5.071476718607155540e-08 2.229958145387558031e-09 inf 0.000000000000000000e+00 -9.000000000000000000e+01
5.271174507707399037e-01 1.561078604205652920e-01 1.324416871356805881e-07 1.081526550971114323e-08 -4.176392109952785647e-01 1.014677334435112025e-04 9.365174044721939474e-10 7.477034116350580392e-10 inf 0.000000000000000000e+00 -9.000000000000000000e+01
5.887057958071150177e-01 3.783219063964218809e-01 3.553976750256021295e-03 2.756843560806228854e-09 -2.500615527644642344e-01 5.190392008487495698e-03 0.000000000000000000e+00 0.000000000000000000e+00 inf 0.000000000000000000e+00 -9.000000000000000000e+01
2.779490958427242031e-01 3.006993777088546316e-01 1.020795255906374877e+00 0.000000000000000000e+00 -3.086125192275087081e-01 4.735024111098832887e-10 7.772956623281185333e-07 5.763095493975545056e-09 inf 0.000000000000000000e+00 -9.000000000000000000e+01
3.729383586413315133e-01 4.842340991782733695e-01 3.181962154280114900e-05 4.597067572787355741e-09 -4.002741545626856690e-01 -8.133667304480068339e-06 5.129275322854537139e-04 1.025611594561736043e-09 inf 0.000000000000000000e+00 -9.000000000000000000e+01
4.292702572369599401e-01 3.440042472378377347e-01 2.517169610920565528e-04 1.207589389744746132e-06 -4.253499809151611855e-01 1.781708416564181285e-08 -1.005701380313735805e-06 1.618141742256649807e-08 inf 0.000000000000000000e+00 -9.000000000000000000e+01
3.795444743830730938e-01 7.649886038083700823e-01 2.400575782154921021e-06 9.728895992131760638e-08 -1.833809442291272906e-01 6.534770500739103993e-09 2.415171282910423198e-02 9.517907886278300862e-08 inf 0.000000000000000000e+00 -8.000000000000000000e+01
4.011462039840649196e-01 2.932072655626498658e-01 2.281549418944762601e-07 3.855996163909958966e-10 -4.800866216355476057e-01 4.636197722366448396e-10 5.371387652450448608e-10 5.689469826282709954e-09 inf 0.000000000000000000e+00 -9.000000000000000000e+01
7.168497012692390813e-01 2.833358456134003611e-01 1.737058982824203623e-01 6.206239479547177866e-08 -1.546833503437115009e-01 8.139530817729813622e-05 2.268619231292937621e-06 5.091055823066044808e-10 inf 0.000000000000000000e+00 -8.000000000000000000e+01
1.658595357474357545e-10 1.227591139645310525e+00 1.273366374829836703e-13 1.647666451806185319e-18 -4.214292606412833229e-10 6.606209830354987855e-19 1.002589491900933496e-18 2.943001712660104492e-18 inf 0.000000000000000000e+00 -9.000000000000000000e+01
4.064095473686099580e-01 4.377471510211292660e-01 1.351434157514895817e-01 1.105777106421675689e-06 -3.780098440585143438e-01 4.713444961124910191e-09 3.969216809368345493e-08 4.494554328255332416e-08 inf 0.000000000000000000e+00 -9.000000000000000000e+01
8.004539741836871336e-01 1.497595559074685612e-01 3.368504793744800385e-01 2.376224271550025517e-07 -1.250166727575389714e-01 3.686976902176378640e-10 6.706416933642928586e-08 1.992261203281271091e-09 inf 0.000000000000000000e+00 -8.000000000000000000e+01
4.403086566751257536e-01 3.650177824817600891e-01 2.230134754588299351e-01 6.674949791776408314e-06 -3.783604690476730092e-01 1.530215652369085366e-09 1.466308734172696681e-09 5.148057299153535814e-10 inf 0.000000000000000000e+00 -9.000000000000000000e+01
4.891967638233528648e-01 3.477422778985279073e-01 2.782343647193445027e-07 0.000000000000000000e+00 -3.634594430012862420e-01 2.671389497121231620e-09 6.532096236111505640e-10 1.510615869057047093e-08 inf 0.000000000000000000e+00 -9.000000000000000000e+01
4.307019332544184120e-01 3.782511123428732858e-01 1.970057876785798472e-06 6.733596258545209620e-08 -4.226325761911037815e-01 5.350804169736817945e-09 8.080315510254251015e-07 3.243881539452481366e+00 inf 0.000000000000000000e+00 -3.000000000000000000e+01
3.933247822190276688e-01 5.823497989165214994e-01 1.732729319727027151e-01 9.002489827400839961e-06 -2.787641660387283338e-01 -5.619158768556791890e-10 6.136405889632045713e-07 1.672944484005769019e-08 inf 0.000000000000000000e+00 -9.000000000000000000e+01
3.021898931612486683e-01 5.047214173012345428e-01 7.276305203093165188e-07 6.663133416315651149e-07 -4.575712212051531447e-01 8.702568327962112629e-10 1.888217806938568451e-09 3.481027331184845052e-09 inf 0.000000000000000000e+00 -9.000000000000000000e+01
2.599936513040540862e-10 1.227591139735613623e+00 1.434843550243124056e-13 2.112426500976393508e-18 -1.928429731526758860e-10 -1.696783067990754841e-17 2.643697489804950397e-16 1.098974920548447550e-18 inf 0.000000000000000000e+00 -9.000000000000000000e+01
3.445633016702059348e-01 5.153808024982117209e-01 3.744258611899590767e-03 2.858097120072427393e-09 -4.080098019777509410e-01 1.821764194855325798e-09 1.005352025136927111e-07 1.029060413461192028e-09 inf 0.000000000000000000e+00 -9.000000000000000000e+01
1.232102326102488568e-05 6.906666599943123153e-01 2.595938863171910043e-06 2.516177915125524873e-09 -6.195686214654860802e-01 1.841413411570559603e-09 1.469094754655745030e-06 1.892872087729517696e-07 inf 0.000000000000000000e+00 -9.000000000000000000e+01
4.476357555912826025e-01 3.348811572055691022e-01 1.357580952281601936e-08 -1.747381423728794478e-09 -4.115542841078542735e-01 1.673453748109499268e-08 1.693615841460216289e-07 5.964619282920404707e-09 inf 0.000000000000000000e+00 -9.000000000000000000e+01
5.477457822167252077e-01 2.633703908593693632e-01 3.439328201844574817e-06 1.790272350136081325e+00 -3.401194311404739379e-01 5.296904432724339888e-09 2.142838611420300779e-09 0.000000000000000000e+00 inf 0.000000000000000000e+00 -9.000000000000000000e+01
4.388196613788384881e-01 4.081121907180167985e-01 3.155970357577200482e-05 3.955826709876235255e-08 -3.803764107663069050e-01 8.173653136544646474e-10 2.324786219423533599e-09 9.391398299099830967e-10 inf 0.000000000000000000e+00 -9.000000000000000000e+01
5.111226551052187039e-01 2.960653870137776034e-01 6.401158601890999755e-06 7.831877330348856335e-10 -3.683940646230066673e-01 -6.567280623797114660e-09 9.068308019345583127e-07 8.442620057944868949e-10 inf 0.000000000000000000e+00 -9.000000000000000000e+01
4.727905230983618368e-01 3.161974836008152323e-01 2.434218722958657044e-01 0.000000000000000000e+00 -3.724103695742935205e-01 1.297589885922212568e-09 -1.340219640099484004e-06 1.287568154238432795e-07 inf 0.000000000000000000e+00 -9.000000000000000000e+01
4.298670664898233684e-01 4.248452549654095356e-01 1.283498276274590471e-06 3.275947361629330838e-04 -3.796489512456850957e-01 1.178136477475930017e-07 3.212193895010795851e-05 0.000000000000000000e+00 inf 0.000000000000000000e+00 -9.000000000000000000e+01
4.461380398386126100e-01 3.833552879636692445e-01 9.774932737820287680e-08 3.813017555791266599e-09 -3.871603032288173374e-01 -7.189451688837659974e-08 1.485517620248790742e-08 9.957787483060834767e-10 inf 0.000000000000000000e+00 -9.000000000000000000e+01
4.469542675681792976e-01 3.544473930170310427e-01 1.378111606737477652e-06 3.066762648308521969e-05 -4.021614651539390795e-01 7.508978652361066745e-10 1.326107395162478635e-06 3.351833949169867606e-09 inf 0.000000000000000000e+00 -9.000000000000000000e+01
4.212933857440390173e-01 4.779871592316358719e-01 2.634610971608422419e-04 6.408850780474377340e-10 -3.528698660176289303e-01 -7.147814114276763997e-03 1.185193109546745470e-02 1.216516402693681776e-07 inf 0.000000000000000000e+00 -9.000000000000000000e+01
5.475234666613857382e-01 2.280048604761607776e-03 8.444941642986807355e-08 1.054688464435522325e-09 -4.589718353790204208e-01 2.276640297680202372e-09 4.432479273442680044e-09 8.572247651469333248e-10 inf 0.000000000000000000e+00 -9.000000000000000000e+01
4.958679229260123389e-01 3.970855556370039285e-01 5.465825452083068774e-07 1.104707682561584392e-08 -3.296005720435229991e-01 1.060257043619462633e-09 1.160321990169170342e-06 1.552070572059082994e-06 inf 0.000000000000000000e+00 -9.000000000000000000e+01
5.261250140584897705e-01 4.325454661034224269e-01 3.553910783883851244e-05 6.445429714075065059e-09 -2.786590983550894518e-01 6.894750535488952254e-09 8.893453499709344875e-09 -7.328577535474773773e-09 inf 0.000000000000000000e+00 -9.000000000000000000e+01
4.261675192116076150e-01 4.706669388883216731e-01 3.305263697013339560e-07 2.888280198200314246e-09 -3.559953574137124099e-01 9.340685409190861392e-10 2.496657457260051464e-05 3.117812399381796178e-09 inf 0.000000000000000000e+00 -9.000000000000000000e+01
7.557888622408346357e-01 4.912627604565425465e-01 2.952287372120643615e-08 3.507349575598366325e-08 -8.835812870505293029e-03 -4.850207542282142410e-03 1.130177436822537104e-04 5.264242115301768746e-07 inf 0.000000000000000000e+00 -9.000000000000000000e+01
5.125777509946754379e-02 3.048789596994352230e-02 1.688267239335622394e-01 6.120397664712057700e-07 -9.329296166802717449e-01 0.000000000000000000e+00 -8.872454100628094937e-04 4.597567129370993697e-08 inf 0.000000000000000000e+00 -9.000000000000000000e+01
5.033335327391631475e-01 2.202084205733838840e-01 1.255837137737098597e-01 7.771691873246849663e-07 -4.034657683067894851e-01 1.298407084751814598e-09 3.154868790457130934e-08 1.857205778533254690e-08 inf 0.000000000000000000e+00 -9.000000000000000000e+01
4.283489270796420056e-01 3.432659210158774954e-01 5.217070581383351375e-09 1.824517421198870402e-08 -4.244370647318827516e-01 1.777884388069186887e-08 -2.402127972920937646e-02 9.763791311527501593e-10 inf 0.000000000000000000e+00 -9.000000000000000000e+01
4.722460708690241482e-01 3.871831140044172948e-01 3.343674746126153709e-09 6.923373591978859212e-08 -3.588287950495483991e-01 -8.671700256619986398e-08 -3.788041106722440197e-09 1.336741429006861147e-09 inf 0.000000000000000000e+00 -9.000000000000000000e+01
3.303301011066467896e-01 4.398417107126547099e-01 1.316180774573319537e-08 4.226759398020009828e-09 -4.703613396192470875e-01 1.013218431645619351e-09 -1.639237880725175989e-04 7.055745514099857857e-10 inf 0.000000000000000000e+00 -9.000000000000000000e+01
5.261871973797652702e-01 3.946403980348239804e-01 1.542599157786002650e-01 7.797929683797089040e-06 -2.829675755693342176e-01 5.023894042702389253e-10 2.592089589336254673e-06 4.433718700422824152e-08 inf 0.000000000000000000e+00 -9.000000000000000000e+01
4.028120320572375901e-01 7.391220776899312117e-01 2.319405218489953350e-06 7.950304996972397527e-08 -1.771802924025349113e-01 5.889114812572146929e-09 9.748750058965583724e-07 1.568543079887004433e-08 inf 0.000000000000000000e+00 -9.000000000000000000e+01
3.922139483647059111e-01 3.945143234284285150e-01 6.757351749685181971e-03 9.726456170250357000e-10 -4.336206995117129481e-01 9.383673573941973983e-10 -9.872138773681420045e-07 5.827304137242505090e-10 inf 0.000000000000000000e+00 -9.000000000000000000e+01
4.345366376497185046e-01 3.605945058351976429e-01 7.438064143713998364e-08 6.580754802474236103e-09 -4.112398015985680999e-01 1.569721329030551729e-09 3.706957292402918478e-08 0.000000000000000000e+00 inf 0.000000000000000000e+00 -9.000000000000000000e+01
4.298090983726677861e-01 3.561275386516389863e-01 5.080932187136652992e-07 0.000000000000000000e+00 -4.184734738002017784e-01 0.000000000000000000e+00 2.450378643441789836e-07 7.066234369300198726e-09 inf 0.000000000000000000e+00 -9.000000000000000000e+01
3.610495262098444291e-01 3.189540657548849967e-01 4.907764019388300217e-03 6.103831698748204964e-09 -5.067645816308579132e-01 6.740150121888457528e-10 -1.121850490086132579e-09 3.875209354195377349e-10 inf 0.000000000000000000e+00 -9.000000000000000000e+01
3.061661524371698251e-01 4.312199330100983108e-01 6.955887940051983104e-07 4.048176971023707890e-09 -4.989830653402566041e-01 0.000000000000000000e+00 4.164132915463552060e-06 1.454039075306474502e-08 inf 0.000000000000000000e+00 -9.000000000000000000e+01
3.909691389739964329e-01 4.750376325875759753e-01 5.420455395830383032e-04 4.980686718527317376e-09 -3.879305187229031837e-01 5.395743945071260491e-10 4.451103883437357756e-05 1.430060807819585832e-09 inf 0.000000000000000000e+00 -9.000000000000000000e+01
4.163006142959841394e-01 3.303042432677057438e-01 3.949182924707691894e-08 2.737634180844565255e-09 -4.456175589647153878e-01 1.507154987858577263e-09 0.000000000000000000e+00 0.000000000000000000e+00 inf 0.000000000000000000e+00 -9.000000000000000000e+01
6.393662745357397981e-01 2.180586255804799478e-01 2.292934962192868797e-01 0.000000000000000000e+00 -2.599340525069421259e-01 1.811100144302336439e-09 1.881839585232733577e-06 1.955683769267649084e-09 inf 0.000000000000000000e+00 -8.000000000000000000e+01
7.165829361642139794e-01 1.883873790511078339e-01 8.939514307802570725e-02 5.315230213959479709e-07 -2.082924606112248889e-01 3.773817689180215158e-10 2.627106770292472622e-08 2.974562827008573720e-08 inf 0.000000000000000000e+00 -8.000000000000000000e+01
4.344961492278179849e-01 3.206543634039355495e-01 5.790292654616416629e-08 3.491704799048474008e-09 -4.325987861307533100e-01 5.824220150639559941e-09 4.369861487780827188e-07 1.816534682905785088e-09 inf 0.000000000000000000e+00 -9.000000000000000000e+01
4.267322208635693226e-01 3.854680202611959206e-01 2.571464208269857998e-01 4.544146461646424652e-09 -3.743971371727542463e-01 1.124788728130303115e-09 -1.823196744412222583e-04 7.836028139307778521e-10 inf 0.000000000000000000e+00 -9.000000000000000000e+01
2.815770199246045395e-10 2.473899645253699787e-10 4.460726510468222273e-17 4.353283762292492670e-19 -1.009138248854608788e+00 7.548779289932726969e-19 1.337328771776253847e-15 0.000000000000000000e+00 inf 0.000000000000000000e+00 -9.000000000000000000e+01
4.517642184616863510e-01 3.461569985615519096e-01 1.349425587612829436e-01 6.848612740716118082e-06 -3.882043175958647119e-01 1.484910544566597204e-04 1.504457859900384680e-09 7.030517359825041852e-10 inf 0.000000000000000000e+00 -9.000000000000000000e+01
4.730137632827925986e-01 3.060017947303373953e-01 3.340499684163692294e-08 8.418059204092504553e-09 -4.012770788038856895e-01 0.000000000000000000e+00 -2.428676890374370730e-06 0.000000000000000000e+00 inf 0.000000000000000000e+00 -9.000000000000000000e+01
4.510614020426385040e-01 3.114471585532503917e-01 3.712739450374250313e-08 3.360669330080140412e-09 -4.207953772302536755e-01 6.005559737909446514e-08 6.055751552579474002e-10 0.000000000000000000e+00 inf 0.000000000000000000e+00 -9.000000000000000000e+01
3.909399890964107005e-01 3.378380702027530824e-01 1.661723841241183608e-01 8.465934713838918103e-06 -4.504507602703374247e-01 1.383921877210672923e-07 2.298805562992886195e-09 1.604388927050228016e-08 inf 0.000000000000000000e+00 -9.000000000000000000e+01
5.508965985099547602e-01 2.333383973904574749e-01 1.332654541359513112e-01 1.784010375981356102e-06 -3.487690695602591595e-01 -8.693270899909150903e-08 3.797825478360310463e-05 8.126318449915075557e-08 inf 0.000000000000000000e+00 -9.000000000000000000e+01
1.631440731959111212e-01 8.701017237115259428e-01 2.825281475918773114e-02 9.812776055717151121e-10 -2.798374033290975116e-01 3.418644561346620404e-10 4.916095290193263586e-07 6.334199700825935347e-08 inf 0.000000000000000000e+00 -9.000000000000000000e+01
4.061936684532916897e-01 4.150026877691461724e-01 1.500967138067252425e-06 1.432972066572484677e-09 -4.091300082252431469e-01 1.808534720152550607e-09 1.260140321138551508e-08 1.031885737506394857e-09 inf 0.000000000000000000e+00 -9.000000000000000000e+01
