6.101387013439643070e-01 1.007216068711243306e-03 1.244380317448483748e-05 3.612860614837725137e-01 -3.957656441150039228e-01 1.208066829324412801e-07 -3.728566024707773284e-06 -4.083122916627837377e-06 1.916492686886624142e+04 1.000000000000000000e+00 0.000000000000000000e+00
6.880415931283404563e-01 0.000000000000000000e+00 5.557385356626361559e-08 5.551244671830928290e-01 -3.186101695452258631e-01 2.973259419310371977e-07 1.696342364622218658e-06 -2.934520831656739877e-09 2.714267585074664748e+04 0.000000000000000000e+00 0.000000000000000000e+00
1.355045197746946595e-01 2.721097080313137663e-03 -3.191938597580804005e-02 7.650995510338850778e-08 -8.727078096680696007e-01 7.464385863745220150e-09 4.777206952796940896e-07 -3.296272797429888987e-04 3.101015779536719128e+04 1.000000000000000000e+00 0.000000000000000000e+00
4.053992452588129347e-01 7.756598309757934273e-09 8.707859683363523562e-01 3.621668207084001619e-08 -5.495627000167201404e-01 0.000000000000000000e+00 8.905336101964106453e-05 -1.185803374850392971e-04 6.893202479488748941e+04 1.000000000000000000e+00 0.000000000000000000e+00
6.547631977539760673e-01 5.970537464101149068e-10 1.316430699401814402e-08 9.430544564665475915e-02 -3.527903199838587356e-01 4.725170722808636498e-07 3.224672722074533033e-07 7.563255512768569206e-05 6.977945057796561741e+04 0.000000000000000000e+00 0.000000000000000000e+00
6.613306570657078165e-01 1.376144588588848550e-08 2.001502008818905080e-04 9.259820367284285993e-08 -3.463181251497937096e-01 2.985534022701230842e-08 -1.662345343840045380e-03 0.000000000000000000e+00 1.117628347619326232e+05 0.000000000000000000e+00 0.000000000000000000e+00
6.767223867397019754e-01 5.373258277175682687e-10 1.923277015598862409e-03 8.133682532929110282e-04 -3.307697563391171491e-01 2.068502434521766596e-09 1.030211173443457912e-09 0.000000000000000000e+00 1.130398471170957055e+05 0.000000000000000000e+00 0.000000000000000000e+00
6.922906090192115780e-01 4.736202923068251764e-10 5.210514631860196289e-08 1.200299018167369958e-08 -3.155211890972277611e-01 9.289097507601633196e-06 1.009468068274401065e-09 2.900010929202461203e-05 1.137427922686098027e+05 0.000000000000000000e+00 0.000000000000000000e+00
7.131088030114287601e-01 9.178528893572946647e-09 2.944521349750247060e-08 1.719793648566964733e-03 -2.945449403742858019e-01 8.205235225663869327e-08 1.096495398024150643e-07 6.217837316745095533e-10 1.145009857098997454e+05 0.000000000000000000e+00 0.000000000000000000e+00
7.318800091102171113e-01 7.430583883076063280e-06 3.012903507049527581e-08 9.415323459529773690e-10 -2.762348672517161985e-01 2.172685345928673394e-08 -5.323079097525249998e-06 1.871394995223720703e-08 1.147969271650208975e+05 0.000000000000000000e+00 0.000000000000000000e+00
6.448159665478973013e-01 3.508465850292452983e-05 2.034770134652644918e-03 1.895832085810724267e-03 -3.625655612618070012e-01 0.000000000000000000e+00 1.089932917154674426e-09 0.000000000000000000e+00 inf 0.000000000000000000e+00 -9.000000000000000000e+01
6.642138335796613502e-01 1.647039350844518247e-09 -4.305565678196334595e-02 1.794822446309689450e-05 -3.454734490445297568e-01 8.311803235657219831e-10 4.756907043016589528e-05 3.730735645866420220e-09 inf 0.000000000000000000e+00 -9.000000000000000000e+01
5.929209315132488722e-01 0.000000000000000000e+00 2.098963258530788380e-04 6.166240574696982210e-10 -4.150446520592742106e-01 5.733069843777970312e-08 3.707364222922196755e-04 -7.162410544555491352e-06 inf 0.000000000000000000e+00 -9.000000000000000000e+01
9.288432249253719686e-01 1.508616264836178861e-08 1.115806746822230405e-07 2.089300313135476761e-01 -3.008592450915086869e-01 7.545358845152122518e-01 4.509837536980794085e-09 -9.108626504671268874e-07 inf 0.000000000000000000e+00 -1.000000000000000000e+01
7.616590617789605888e-01 2.159516178273921002e-08 7.756438037936277431e-03 3.974569653264885651e-10 -2.452423632770777684e-01 -2.170644973303062931e-03 1.139588610984107925e-04 -9.695547547420346789e-04 inf 0.000000000000000000e+00 -9.000000000000000000e+01
6.600437839614992086e-01 1.836323860576768260e-08 3.064148346786584390e-02 2.220494117142153723e+00 -5.081159289134633834e-10 2.384551242635474244e-02 4.946135475856930006e-09 1.517241270252089802e-09 inf 0.000000000000000000e+00 -2.000000000000000000e+01
2.373282566069321795e-02 4.842125150190624736e-08 1.166904844012062422e-05 2.275705094711767629e+00 -1.376834659409554261e-02 1.585125659915823440e-08 2.087069796705865693e-11 0.000000000000000000e+00 inf 0.000000000000000000e+00 -2.000000000000000000e+01
7.520347445348424253e-01 0.000000000000000000e+00 2.751313088828159957e-07 3.772287249281695636e-05 -2.555405417851871475e-01 -3.534870569256973633e-05 7.426516632853398808e-10 -5.391996599672577899e-04 inf 0.000000000000000000e+00 -9.000000000000000000e+01
7.439169847328246306e+02 1.280362369449994375e-02 2.285542378898795801e-02 3.053102898233720370e-05 -5.089694656488551118e+03 1.146593166671636653e-02 3.442531038778626709e+11 8.241138385452389040e-04 inf 0.000000000000000000e+00 -2.000000000000000000e+01
7.766391290360081558e-03 6.643785610332792389e-06 4.320326878629330172e-07 3.153185440229855878e-05 -9.999687431493546885e-01 1.116006683982868005e-06 1.353018136935751373e-08 6.745905820612963823e-04 inf 0.000000000000000000e+00 -9.000000000000000000e+01
7.892326114407665072e-01 1.604916877114040282e-06 4.310651511865379574e-08 3.500688329699591618e-09 -2.188047609539090221e-01 6.095316150535759601e-08 8.145392453418658071e-08 0.000000000000000000e+00 inf 0.000000000000000000e+00 -9.000000000000000000e+01
1.005567587208479496e+00 3.443931888601672329e-09 3.480291044437949788e-02 1.728007930070313034e-08 0.000000000000000000e+00 0.000000000000000000e+00 -1.010542259897529308e-05 3.552687632452251342e-08 inf 0.000000000000000000e+00 -9.000000000000000000e+01
6.430862910417625145e-01 9.320704642997522909e-10 2.359747874275356933e-08 1.908573663446393089e-04 -3.647505057002496942e-01 2.437847144022947497e-06 7.231968421795668686e-09 7.058876866513097426e-02 inf 0.000000000000000000e+00 -1.000000000000000000e+01
6.093369628569487162e-01 1.904474911683427084e-07 7.284014267345242846e-04 1.054786104932359697e-05 -3.985439238854272537e-01 0.000000000000000000e+00 0.000000000000000000e+00 -3.988003020191791764e-08 inf 0.000000000000000000e+00 -9.000000000000000000e+01
1.141286822934633322e-01 2.006262099264039533e-01 1.041799649224870849e-03 2.581035166998553993e-05 -8.105138700419991515e-01 -1.592420484851229034e-03 8.039001874011534626e-08 8.592757347518267077e-09 inf 0.000000000000000000e+00 -9.000000000000000000e+01
2.266054158361176588e-02 0.000000000000000000e+00 3.646818535074696865e-08 1.978586648824065915e-06 -9.970638296789176014e-01 3.351871775909240347e-02 -3.770630275463035359e-09 -9.504838275348267973e-02 inf 0.000000000000000000e+00 -8.000000000000000000e+01
1.451769754726871383e-03 4.182665264785068236e-06 1.240244930734992271e-02 5.091047782413236488e-05 -1.002286072838041386e+00 9.494393545831137401e-06 2.205201203634765786e-09 -1.327932070261517080e-06 inf 0.000000000000000000e+00 -9.000000000000000000e+01
4.185974154309701767e-01 2.915117118860015852e-04 -1.408191441938202310e-02 4.991160775825937035e-06 -5.901537332305480943e-01 -2.915117118860015852e-04 6.148966100025943478e-08 -4.896503237196286884e-03 inf 0.000000000000000000e+00 -9.000000000000000000e+01
6.688156212971914094e-01 0.000000000000000000e+00 8.059135602888594097e-01 5.925302868952080098e-05 -2.862382645163880079e-01 0.000000000000000000e+00 2.891833941150602965e-09 -1.170890505982894680e+00 inf 0.000000000000000000e+00 -9.000000000000000000e+01
9.963244898136572880e-01 0.000000000000000000e+00 4.287381618219319535e-04 3.992077272066458545e-05 -9.967724774439691918e-03 0.000000000000000000e+00 8.611441300844344396e-10 -1.317083633116974961e-01 inf 0.000000000000000000e+00 -9.000000000000000000e+01
8.052548895002097362e-01 1.956410852495721713e-05 1.316420697956462813e-08 9.430472917083766726e-02 -2.022909734545429716e-01 -2.497413160393068345e-09 3.150089882543606536e-07 -1.194098420712720772e-09 inf 0.000000000000000000e+00 -9.000000000000000000e+01
1.003296207103512749e+00 2.073333752864497128e-08 6.264003912125359647e-05 1.931848284164929819e+00 -4.840634588299342756e-09 5.483196701790406328e-07 1.595695915169473675e-09 -1.754622944572929919e-07 inf 0.000000000000000000e+00 -9.000000000000000000e+01
2.652167438759497802e-05 6.570454936650076381e-10 9.478040552120110232e-05 2.254438065588713958e+00 -2.777402664938018878e-02 7.517481402379528971e-09 1.134229371745739461e-09 0.000000000000000000e+00 inf 0.000000000000000000e+00 -2.000000000000000000e+01
7.140514059445605133e-01 2.199430016819487203e-05 1.271643995668168436e+00 0.000000000000000000e+00 -1.344047809557651907e-01 -3.720347937298407238e-08 2.123078556218291157e-08 -4.681281070440737472e-04 inf 0.000000000000000000e+00 -9.000000000000000000e+01
2.633284399374832829e-01 3.250576006514096746e-05 1.296944320452062769e-09 9.367979463217709137e-07 -2.342340991953269225e-02 0.000000000000000000e+00 5.285948251333687025e-07 -2.248647352275138456e+00 inf 0.000000000000000000e+00 -3.000000000000000000e+01
1.608158861379546667e-01 1.833498910312264377e-07 3.366800284752650150e-04 1.043677031834636226e+00 -8.441930562208137534e-01 2.175556742734242286e-08 1.583202184068978428e-09 0.000000000000000000e+00 inf 0.000000000000000000e+00 -9.000000000000000000e+01
6.702793865455646261e-01 0.000000000000000000e+00 8.444350273600696388e-10 1.888969180264772965e-02 -4.960067460437178055e-01 5.033188848060330400e-01 -1.333662546437064729e-07 0.000000000000000000e+00 inf 0.000000000000000000e+00 -1.000000000000000000e+01
4.978568055976054785e-01 2.574434504314332154e-05 7.018398023355132409e-01 6.985890248483596033e-08 -4.701980941755162791e-01 9.453619915905160590e-09 -2.885028421202664580e-07 -4.314663040637913898e-10 inf 0.000000000000000000e+00 -9.000000000000000000e+01
1.839786519854453087e-02 2.944369887674677685e-05 3.064259822366280014e-02 2.638290620014618592e-07 -9.864701500436987569e-01 8.919487861259386120e-08 1.334989137129283181e-09 3.220780122027810510e-04 inf 0.000000000000000000e+00 -9.000000000000000000e+01
3.448046295327050204e-01 5.011485839018290993e-10 3.174751951416927016e-10 2.914186854715333785e-02 -7.496888536051996565e-01 2.520730814386821228e-01 -6.327511751384957355e-07 1.650384462713596325e-07 inf 0.000000000000000000e+00 -1.000000000000000000e+01
6.193147925150213062e-01 4.759334873000717950e-10 4.019780234742613758e-08 2.717597905178105095e-08 -3.903962879197450109e-01 5.150072685072669930e-03 3.919138525654184232e-05 1.525110282723650082e-09 inf 0.000000000000000000e+00 -9.000000000000000000e+01
6.159045072389438547e-01 4.833333877034625139e-10 0.000000000000000000e+00 2.240226435141650166e-02 -3.917556537847708409e-01 3.634967983475689693e-08 2.721401831422074879e-04 -2.702153351954610306e-08 inf 0.000000000000000000e+00 -9.000000000000000000e+01
2.887688939874381855e-02 9.285927508241857178e-08 1.403012607990361863e-04 1.006402223051641254e-09 -9.775185039442535473e-01 2.396873138999315094e-09 1.315790892329000734e-09 1.757043146167331828e-07 inf 0.000000000000000000e+00 -9.000000000000000000e+01
8.134475093472612224e-10 0.000000000000000000e+00 8.904602873486357610e-16 2.277499016242854335e+00 -2.895173393483262985e-09 2.658191205780280819e-11 -3.363312298444683454e-14 -9.635088946401532189e-12 inf 0.000000000000000000e+00 -2.000000000000000000e+01
6.507291604419659370e-01 1.987950141218763105e-09 5.524070086660051812e-10 6.167651067630155779e-10 -3.570372384725830628e-01 9.607148055128466346e-06 1.044031369129278528e-09 3.784279050983529964e-05 inf 0.000000000000000000e+00 -9.000000000000000000e+01
6.883685934717121979e-01 8.860093996774036752e-09 2.842365725139590472e-08 1.660128061701479727e-03 -3.192434056680404364e-01 -5.304163654444591418e-08 7.786030588608056848e-10 -4.763710193952790800e-02 inf 0.000000000000000000e+00 -9.000000000000000000e+01
8.408406381748462222e-01 9.292909063685134404e-06 4.016934885592929338e-05 9.836244472650596254e-09 -1.900732050079821656e-01 6.286658977008195703e-02 2.876223272136669673e-09 -3.672197936456222425e-07 inf 0.000000000000000000e+00 -9.000000000000000000e+01
6.495139515674243080e-01 1.798469783880468807e-09 2.600197277899472915e-09 1.256373255569226632e+00 -3.557785376496189755e-01 5.019825300389260417e-10 -4.189206725504706362e-09 7.327480738590053631e-04 inf 0.000000000000000000e+00 -9.000000000000000000e+01
1.001867612840360744e+00 1.429830746671774747e-02 3.010913344958074302e-04 5.524902104803069790e-09 -7.422960671871585967e-06 1.694695149168317514e-09 0.000000000000000000e+00 2.131593436179340368e-08 inf 0.000000000000000000e+00 -9.000000000000000000e+01
7.983089955777420421e-01 5.459954669954295448e-10 6.447486215876581870e-06 6.806261463608754983e-04 -2.097120310648560582e-01 1.944952022686016892e-06 2.093648660506048642e-05 3.731937101537909337e-10 inf 0.000000000000000000e+00 -9.000000000000000000e+01
9.980483809731678368e-01 1.431142600199965830e-09 2.011468465573147625e-09 2.293795055477353476e-02 -9.158678099208138190e-03 0.000000000000000000e+00 1.218320777555136520e-04 2.468843935740146922e-09 inf 0.000000000000000000e+00 -9.000000000000000000e+01
9.033597633232962609e-01 1.583828858940129419e-05 1.186766747895310781e+00 9.027283940034184270e-06 -1.749152482905402123e-02 -3.874687974822868538e-08 9.666924187867000849e-10 -7.443201695504420429e-09 inf 0.000000000000000000e+00 -9.000000000000000000e+01
1.327162390713305896e-03 1.265680685723596515e-08 8.337138224780432424e-10 3.308586016174323001e-05 -1.007808348471551430e+00 1.333231059399855984e-10 1.117969794600920871e-12 1.288775802955227161e-06 inf 0.000000000000000000e+00 -9.000000000000000000e+01
5.416567270992367611e+01 5.901132831136689932e-02 6.377924489610978806e-04 5.350768111134304337e-04 -2.520425811068702870e+01 1.857242056431661641e-04 3.442531038778626709e+11 2.735149104660022058e-07 inf 0.000000000000000000e+00 -2.000000000000000000e+01
6.793052731582339687e-01 9.596694317546057562e-02 1.424901847705014376e-03 1.662116196217356488e-09 -2.894081637123837036e-01 -3.258040037452236432e-03 1.897957007842792421e-09 0.000000000000000000e+00 inf 0.000000000000000000e+00 -9.000000000000000000e+01
6.506959884857225207e-01 0.000000000000000000e+00 9.198827218176136578e-01 2.050776781395918731e-05 -3.001722565931160269e-01 -4.767261857869430265e-08 0.000000000000000000e+00 0.000000000000000000e+00 inf 0.000000000000000000e+00 -9.000000000000000000e+01
6.887828037374852386e-01 5.394255009709889400e-10 3.673925033640249261e-08 -4.140455196642185735e-09 -3.189534005943468475e-01 4.394714135478240587e-07 2.682548437261134356e-09 -6.374668147258458446e-06 inf 0.000000000000000000e+00 -9.000000000000000000e+01
6.358205040691511378e-01 4.532322319296809537e-10 3.684427268152100073e-06 2.237491509920766397e+00 -4.698732170833609390e-01 2.973999131936351792e-01 1.618160624526260213e-06 -2.799273401803240335e-09 inf 0.000000000000000000e+00 -2.000000000000000000e+01
9.381090727126142337e-01 6.849668109851791612e-09 1.045991616074564812e+00 9.617493182812312508e-07 -4.207653267480386193e-08 0.000000000000000000e+00 1.782143853038337385e-05 2.865677474529831196e-08 inf 0.000000000000000000e+00 -9.000000000000000000e+01
8.140549217881632993e-01 4.087133829571942542e-10 1.247260958927056157e-05 5.507883947720914534e-06 -1.938824222160080157e-01 2.176476762984265028e-08 1.254219694265588544e-09 -1.364830639481655707e-05 inf 0.000000000000000000e+00 -9.000000000000000000e+01
6.857092560752218180e-01 1.417580327933985419e-06 1.447957049246856628e-05 0.000000000000000000e+00 -3.218409572869186386e-01 6.499880037866953437e-08 1.582120901712037416e-09 -9.115716546866923543e-04 inf 0.000000000000000000e+00 -9.000000000000000000e+01
6.485502556355267068e-01 -7.652963532838037054e-09 0.000000000000000000e+00 2.219934049771230309e-05 -3.593318983926567234e-01 1.679995271099462533e-07 2.188799809050605925e-08 -2.931382793432853309e-05 inf 0.000000000000000000e+00 -9.000000000000000000e+01
8.008107415949563546e-01 3.064508390871183914e-08 -6.675502205336269676e-05 6.979301780345831547e-10 -2.072136743815742865e-01 0.000000000000000000e+00 0.000000000000000000e+00 -2.624556422610840856e-04 inf 0.000000000000000000e+00 -8.000000000000000000e+01
1.214584227683145751e-01 7.899494218496943047e-05 1.193277072280505093e-07 1.438927954245143415e+00 -8.895546456270927438e-01 1.631257488890341598e-02 -5.638234166525386719e-06 7.565376638258402414e-05 inf 0.000000000000000000e+00 -9.000000000000000000e+01
9.247110967451001029e-01 6.211693592479016271e-03 2.524577366636727160e-01 1.066416301424134710e-01 -6.770897151899268884e-02 4.752521804616796397e-06 0.000000000000000000e+00 8.666710570406778826e-05 inf 0.000000000000000000e+00 -9.000000000000000000e+01
6.218375342771619296e-01 3.088597024555440052e-01 4.749643995376250816e-08 1.772022218678047901e-05 -2.512058913305091346e-01 2.372121941670081824e-06 1.277157178989253341e-09 -3.318614305813276661e-07 inf 0.000000000000000000e+00 -9.000000000000000000e+01
3.740997880124325992e-01 2.970397938380395999e-10 6.810534602277619198e-01 9.737545121307164487e-10 -5.959217776992916660e-01 2.447786571778131127e-09 0.000000000000000000e+00 -6.792339730855287157e-07 inf 0.000000000000000000e+00 -9.000000000000000000e+01
6.669336572445071698e-04 5.301143162030745870e-01 9.456093207946735246e-01 4.144651634154430402e-07 -2.371982976404147514e-01 1.422791802121615296e-02 -4.269902095626129955e-10 -2.990829201203013960e-07 inf 0.000000000000000000e+00 -9.000000000000000000e+01
7.646958093518406718e-01 4.487820019952866012e-08 7.423090975385905146e-10 1.288004345726472566e-05 -2.522025601996936151e-01 2.348314654920616654e-02 6.229094187694578265e-05 4.335234139274468868e-05 inf 0.000000000000000000e+00 -9.000000000000000000e+01
1.003060078653561504e+00 0.000000000000000000e+00 4.738483540045977604e-09 5.143035926072216102e-02 -2.158688486127124852e-03 -5.042192084384525437e-03 2.138829251162402085e-09 7.688765575021750247e-10 inf 0.000000000000000000e+00 -9.000000000000000000e+01
4.928167288730973782e-06 3.057373156523597731e-07 3.850130694321073267e-08 2.259614820071519592e+00 -2.192688926221497865e-03 3.806247274052434321e-02 1.009637815019718350e-04 1.740372730827791300e-09 inf 0.000000000000000000e+00 -2.000000000000000000e+01
6.273578612229191442e-02 5.068388285951326589e-09 9.580434808434336313e-02 0.000000000000000000e+00 -9.342341162307565838e-01 -9.817229332484026872e-05 7.159934174819176890e-04 -1.466354519002967427e+00 inf 0.000000000000000000e+00 -9.000000000000000000e+01
2.865841143393152990e-01 1.667011556181660914e-01 4.989898859549960345e-06 6.026845303682035161e-05 -6.540360233189324024e-01 4.465988230748073066e-10 -1.764324325610940543e-06 -4.960024410846364251e-04 inf 0.000000000000000000e+00 -9.000000000000000000e+01
1.031785622582964863e-02 8.636880423902498407e-10 1.461448325103093415e+00 1.630156594927317515e-01 -4.657590271220907185e-02 1.656032096434100279e-02 8.266728405735248461e-09 -4.457247218763967701e-09 inf 0.000000000000000000e+00 -9.000000000000000000e+01
6.997530526053880040e-01 1.091729740609471011e-09 7.575267587902451593e-10 6.379515009507810142e-01 -3.279469434575109088e-01 1.616057085419189783e-08 6.026942306798625221e-07 1.263143971882546523e+01 inf 0.000000000000000000e+00 -3.000000000000000000e+01
5.713855536260801227e-01 5.053584797551014457e-10 5.061499104202161227e-06 1.556929763571735181e+00 -4.333326681862218477e-01 3.348580287055710622e-08 1.125002976133264591e-09 2.864293291615486440e-09 inf 0.000000000000000000e+00 -9.000000000000000000e+01
6.261562619946807740e-01 4.275587879068293003e-05 3.704190790830377617e-07 3.475594633713641729e-08 -3.815639721530085793e-01 5.803543254147342219e-07 1.078833904760106879e-09 8.364607471028531084e-10 inf 0.000000000000000000e+00 -9.000000000000000000e+01
4.381851444564595077e-01 1.063953404757910706e-09 6.924890229356547300e-01 0.000000000000000000e+00 -5.262134100838732342e-01 -8.925088042779447811e-03 4.357953145888402590e-05 -5.539973314225256828e-04 inf 0.000000000000000000e+00 -9.000000000000000000e+01
5.600254051513917641e-01 1.071509669004337227e-08 1.202918531351438336e+00 4.525037115200472836e-08 -3.568658309675933338e-01 0.000000000000000000e+00 1.230198259330219897e-04 -3.780004412753651573e-03 inf 0.000000000000000000e+00 -9.000000000000000000e+01
6.594119009798971032e-01 4.474610610422023399e-08 2.567902114392868751e-01 1.091321247255360496e-05 -3.360464495378321925e-01 1.009054926505642116e-08 1.752618809614200445e-09 3.708371335706596536e-10 inf 0.000000000000000000e+00 -9.000000000000000000e+01
9.998131072457153712e-01 1.416848464173121732e-09 2.947429501305517279e-04 1.064732528204303218e-02 -7.225774662866413581e-03 0.000000000000000000e+00 -1.459783266117761785e-09 2.747827324456963359e-09 inf 0.000000000000000000e+00 -9.000000000000000000e+01
7.582766452156572967e-01 2.146848478778822517e-07 4.946338895106406740e-04 1.462496459278245231e-01 -2.495500287477309675e-01 1.341780299236764040e-07 1.258279192614787786e-03 7.448204786059339915e-10 inf 0.000000000000000000e+00 -9.000000000000000000e+01
7.342473689444862783e-01 6.440240874798652424e-04 7.956692941248334920e-06 1.236526247961341196e-01 -2.731860315263427985e-01 4.942080792006411736e-09 9.962720671747030258e-10 7.812161954174365319e-02 inf 0.000000000000000000e+00 -9.000000000000000000e+01
7.050136431317851615e-01 9.961063867194838717e-02 8.142523520765173672e-08 7.216966205356558372e-10 -2.636311640039536441e-01 7.356841426656253278e-08 3.563842074603908916e-09 2.719888558515243996e-06 inf 0.000000000000000000e+00 -9.000000000000000000e+01
7.460928188522205629e-01 6.866121814421669239e-07 3.623540415610919504e-05 -7.462235464892502536e-09 -2.620034120677545153e-01 1.335848296555828844e-07 1.010538089622543909e-06 -7.046080652299656629e-07 inf 0.000000000000000000e+00 -9.000000000000000000e+01
1.000380089211694523e+00 6.541203790374616288e-09 2.926187491530848972e-07 1.131026742653520462e-01 -3.348473368882244111e-09 2.887741232518034728e-06 4.593046410064187944e-04 2.484767480642983450e-07 inf 0.000000000000000000e+00 -9.000000000000000000e+01
4.988838873190634793e+00 6.426778801068387149e-03 4.804967349589100176e-05 1.652331740269522342e+01 -5.519443682080724826e-09 5.235379506299800596e+03 5.124020851125687881e-09 4.547362555982925289e-09 inf 0.000000000000000000e+00 -2.000000000000000000e+01
4.051005310506591823e-10 8.083295414688352374e-17 2.400415406345853146e-12 1.384858699722342776e-16 -1.009138248823791884e+00 4.903469644939625476e-18 4.983113879172584229e-15 3.194684768672786374e-17 inf 0.000000000000000000e+00 -9.000000000000000000e+01
9.403925968965111126e-01 1.200587971364738349e-09 8.183557936363852925e-07 1.500709852547349010e+00 -6.440709713119333046e-02 4.743964628492887441e-10 2.630696249863083370e-05 -7.144731860423601519e-06 inf 0.000000000000000000e+00 -9.000000000000000000e+01
9.287052850272323745e-01 6.279954207514147751e-06 1.126177356159338672e+00 2.753190286381416035e-09 -5.441632529456439911e-04 6.409543523850915086e-09 4.679695129629787148e-10 1.566259362919205567e-07 inf 0.000000000000000000e+00 -9.000000000000000000e+01
1.762758380724842033e-01 4.370853223690594841e-07 2.070404158590281808e-07 2.026244370264765671e+00 -8.275686713718731768e-01 0.000000000000000000e+00 4.848638798749890093e-07 1.769576203923317679e-09 inf 0.000000000000000000e+00 -2.000000000000000000e+01
3.438728331711565778e-01 6.905388572254724661e-03 -8.100253561161721572e-02 1.941610144882673367e-07 -6.629173029364535674e-01 7.972884646002593555e-09 8.240004029502076441e-07 1.355020418375150666e-09 inf 0.000000000000000000e+00 -1.000000000000000000e+01
5.881935044284433145e-01 1.365336520493941524e-08 1.257918781747958015e+00 2.567237631225366652e-09 -2.814787397429844296e-01 3.124075089265798786e-08 4.790971635737480107e-10 1.196682748267503533e-04 inf 0.000000000000000000e+00 -9.000000000000000000e+01
6.784576639734057890e-01 6.171648343357842670e-06 6.899994733457344128e-04 9.499629312628193505e-08 -3.291924760107649561e-01 2.494550014714078650e-08 -3.204969144659874469e-04 1.738557789031844361e-09 inf 0.000000000000000000e+00 -9.000000000000000000e+01
6.041854066116817412e-01 0.000000000000000000e+00 1.091053258541483384e+00 5.181525331783031207e-01 -3.196903365081228410e-01 1.167776085846063470e-07 8.850099452987569477e-10 7.182056016992381596e-09 inf 0.000000000000000000e+00 -9.000000000000000000e+01
5.825608119556406894e-01 1.011248819648049656e-09 3.164731586954291432e-05 1.141688555036359816e-07 -4.254828966901145204e-01 1.454380324887082605e-09 1.233314515504246105e-05 -4.184892122043086743e-04 inf 0.000000000000000000e+00 -9.000000000000000000e+01
6.411164037444011532e-01 9.356777329219952885e-10 2.756324096700276359e-03 0.000000000000000000e+00 -3.664918466526683183e-01 8.009692655363383354e-10 2.982518283306220006e-08 0.000000000000000000e+00 inf 0.000000000000000000e+00 -9.000000000000000000e+01
3.541601145196275158e-05 6.176283475643821186e-01 2.012109667575917929e-04 6.194800647190773718e-05 -6.805713638766758278e-01 -1.125508838515765566e-08 1.778724154821288575e-03 0.000000000000000000e+00 inf 0.000000000000000000e+00 -9.000000000000000000e+01
1.250501706514550422e-03 9.408469553013886211e-01 6.857211235722980407e-03 1.324621819400682832e-04 -1.484163527731823251e-01 1.336575751591863544e-07 3.628104419535554791e-09 -1.701339861663214048e+00 inf 0.000000000000000000e+00 -9.000000000000000000e+01
5.943938976025764376e-01 1.504903531256523075e-03 2.784370124795055380e-05 8.752327838926826295e-03 -8.909984399344177217e-04 3.834457433505254463e-08 1.249786551672084009e-02 0.000000000000000000e+00 inf 0.000000000000000000e+00 -9.000000000000000000e+01
1.004590012940618671e+00 1.859679670172355728e-08 4.044923729989269995e-02 1.662588170267278073e-05 -1.267811915369771282e-03 7.808639481954357499e-10 4.480734075897629297e-05 1.752445819222014790e-09 inf 0.000000000000000000e+00 -9.000000000000000000e+01
6.059490319458871177e-01 5.615938936128906753e-08 2.828846564481289129e-08 1.528537491255070510e-05 -4.124306272348450819e-01 2.796603642741584891e-02 7.418216915601531488e-05 1.278722155531210106e-09 inf 0.000000000000000000e+00 -9.000000000000000000e+01
7.411262360266598348e-01 1.070035370982372114e-09 1.313636450100164277e+00 1.561302122192435833e-07 -1.936143275334197347e-02 -5.761391813180171069e-08 1.406019173475130401e-09 -8.238907156778946495e-09 inf 0.000000000000000000e+00 -9.000000000000000000e+01
4.696044967783298829e-01 8.248542059180244967e-01 3.191264667432251599e-07 9.314759853761782338e-03 -4.599711897125880237e-05 2.002362144271216548e-06 1.122976537384248105e-08 4.458384461853880910e-08 inf 0.000000000000000000e+00 -9.000000000000000000e+01
6.000788384590426128e-02 2.012817836992309810e-08 7.262213960465614364e-06 2.233875148785066322e+00 -4.553033708422764558e-01 -4.029899076327740116e-03 2.108980516611517011e-04 -4.058431076624005709e-09 inf 0.000000000000000000e+00 -2.000000000000000000e+01
7.060375558032858656e-01 6.200375459835836998e-10 1.240156151395243114e-02 6.354833211504345915e-10 -5.366359274813565783e-01 1.920571815032424359e-08 7.162603121944453628e-07 6.210856007667670156e+02 inf 0.000000000000000000e+00 -3.000000000000000000e+01
7.813723434871405749e-01 8.298265854904935887e-03 1.747434754826874474e-04 3.104136700450753647e-09 -2.212870894641316144e-01 -6.032934658882035950e-03 3.894383955693711492e-10 4.508307149979782417e-05 inf 0.000000000000000000e+00 -9.000000000000000000e+01
9.533880894959527730e-01 1.345397232311623947e-01 1.315198357252598659e-03 2.330450586553771484e-09 -7.711450814266315070e-06 1.786000340350161166e-09 7.327180883487841292e-10 3.264666149198471655e-08 inf 0.000000000000000000e+00 -9.000000000000000000e+01
2.229729426241683560e-05 5.523910934860144368e-10 1.265776036577388686e+00 4.412956780363132451e-10 -8.548958571648331839e-01 -4.222834505208739931e-04 8.907383532056045708e-08 -7.093067613346787197e-03 inf 0.000000000000000000e+00 -9.000000000000000000e+01
2.685204296725112426e-03 7.712558297119462443e-06 -1.524126818919448456e-01 4.860098274615587871e-05 -1.004679515328534389e+00 -2.780970539826729246e-07 6.952426349566823943e-09 -3.499270757723223213e-03 inf 0.000000000000000000e+00 -1.000000000000000000e+01
1.007241586299420621e+00 2.132959375554320045e-09 8.664168043067998324e-08 -9.715847604565802234e-09 -2.744362691064234239e-04 0.000000000000000000e+00 -5.049454848251043709e-09 2.680232469343730994e-02 inf 0.000000000000000000e+00 -9.000000000000000000e+01
6.065980564058159885e-01 1.272693370907588172e-06 0.000000000000000000e+00 2.478206446576652376e-05 -4.011374243973944154e-01 4.280411172315660514e-08 1.064271170228348716e-09 -3.272426825840977599e-05 inf 0.000000000000000000e+00 -9.000000000000000000e+01
9.199032708668508044e-05 2.362956784662235145e-07 1.572974190973381280e-08 3.848560298972910233e-03 -1.134775493868583895e+00 4.075808621388453679e-01 9.896629284874192029e-09 -4.432716772924155842e-03 inf 0.000000000000000000e+00 -1.000000000000000000e+01
6.407633533287792060e-01 1.588889607769688424e-09 -3.186458626267342498e-02 2.269452867517410155e+00 -5.283981718861987244e-10 7.935149886424510898e-03 2.583608404075735352e-08 0.000000000000000000e+00 inf 0.000000000000000000e+00 -2.000000000000000000e+01
5.853430568883127849e-01 8.546337242344028012e-10 5.567980942347625214e-04 1.130127418869963267e-07 -4.225603335749923417e-01 1.528286189219167368e-07 8.546337242344028012e-10 2.105163953077389207e-09 inf 0.000000000000000000e+00 -9.000000000000000000e+01
8.241620799134294906e-01 2.538594283541983608e-05 9.239779655570822393e-05 2.236188021023850503e+00 -2.707583756125849991e-02 1.431348718257198805e-09 4.966780052352480260e-09 3.055929513479119487e-09 inf 0.000000000000000000e+00 -2.000000000000000000e+01
5.449803194968365627e-01 2.052357641405958438e-09 5.703044165417636490e-10 6.330563588149674076e-10 -4.627378349182230122e-01 0.000000000000000000e+00 0.000000000000000000e+00 -4.630355081618047135e-08 inf 0.000000000000000000e+00 -9.000000000000000000e+01
6.672360564774785230e-01 2.157974757536321189e-07 8.253571011114643405e-04 2.508415102777262345e-05 -3.403870896812644098e-01 -5.141328749258542681e-08 7.547003734372650596e-10 -4.617466912579652055e-02 inf 0.000000000000000000e+00 -9.000000000000000000e+01
9.291412188595818966e-01 8.909663184423936638e-05 2.318667888308897611e-09 4.211968646028752892e-09 -7.836130761466353345e-02 5.500213852347598750e-06 1.225057336096442176e-07 0.000000000000000000e+00 inf 0.000000000000000000e+00 -9.000000000000000000e+01
1.007186293036056668e+00 3.082556043727841603e-08 3.087410462694341724e-07 2.199658594195555975e-09 -6.565763466157527083e-06 4.579335225065507324e-08 4.561131153941130050e-09 7.155211289164855193e-10 inf 0.000000000000000000e+00 -9.000000000000000000e+01
7.743103038107582714e-01 8.597906068224955405e-09 2.445119749342083805e-05 4.092915129627811929e-10 -2.242211304471307676e-01 -2.541172811734148870e-02 5.668826669334846709e-09 2.536355560884698683e-05 inf 0.000000000000000000e+00 -9.000000000000000000e+01
7.688534818142134242e-01 4.410375280954820232e-01 2.198604990804343129e-01 2.668024169019156342e-09 -1.194235083007655391e-09 5.963818730748702634e-08 9.686300981273590718e-10 1.027974018063263134e-08 inf 0.000000000000000000e+00 -9.000000000000000000e+01
6.409247190957964024e-01 9.044568027354719930e-02 8.716013763670673459e-04 9.899669953798789779e-03 -3.314811226269090416e-01 4.439761544115137065e-07 2.093816063597841808e-04 5.425090871420532095e-05 inf 0.000000000000000000e+00 -9.000000000000000000e+01
7.010600801548746430e-01 1.995770127466898326e-09 3.843416690785862827e-09 1.750196850063744858e-09 -3.034439152909159110e-01 -8.354517279830712961e-03 6.041882221823617671e-10 5.924942565917354016e-10 inf 0.000000000000000000e+00 -9.000000000000000000e+01
7.694431125385373660e-01 1.731650269201102176e-05 6.225287321723785842e-10 1.671087840937943115e-03 -2.361804148525626368e-01 6.432796899114578014e-10 -2.715517741524157373e-03 -1.182387485676980265e+00 inf 0.000000000000000000e+00 -9.000000000000000000e+01
8.814503053309281633e-01 6.964573373414471922e-07 1.240705106835515714e+00 8.249368663066536216e-09 -9.390238797320419606e-09 5.571658698731577538e-06 5.133915604142472773e-09 -2.041865009510795297e-08 inf 0.000000000000000000e+00 -9.000000000000000000e+01
7.708738962287733365e-01 7.886083926966809955e-05 2.052289653096367035e-09 3.528757029424688778e-09 -2.368108755767054374e-01 -6.779938192099652877e-08 0.000000000000000000e+00 -1.950717202057066207e-03 inf 0.000000000000000000e+00 -9.000000000000000000e+01
5.062043114631042950e-01 8.148654769893873828e-01 9.154665229670910408e-08 -1.026588263295089988e-08 -2.899726965198089462e-04 0.000000000000000000e+00 2.083532631149981303e-09 -2.831966193703647564e-02 inf 0.000000000000000000e+00 -9.000000000000000000e+01
6.436912746957011988e-01 0.000000000000000000e+00 2.304358836991269710e-08 1.863774785160922506e-04 -3.640388154147944366e-01 1.880918279127899369e-07 2.450574499236908611e-08 -8.087536856945082807e-04 inf 0.000000000000000000e+00 -9.000000000000000000e+01
7.212071859524717965e-01 8.365095851965525802e-09 1.275955953953141541e-05 0.000000000000000000e+00 -2.865336657703063672e-01 -4.798311926196891574e-08 0.000000000000000000e+00 0.000000000000000000e+00 inf 0.000000000000000000e+00 -9.000000000000000000e+01
3.800118928677790886e-01 7.989935724342625605e-06 3.089346615768618090e-10 2.835791090171344703e-02 -7.295211588832949401e-01 3.018489115588546268e-01 -6.157292700191222659e-07 1.605986777116805107e-07 inf 0.000000000000000000e+00 -1.000000000000000000e+01
2.319125492426567584e-02 0.000000000000000000e+00 1.145976688695776621e-09 1.149089276247486247e+00 -9.839076927869101485e-01 9.687959718362596298e-03 9.877323795869201461e-05 3.843703913057429238e-09 inf 0.000000000000000000e+00 -9.000000000000000000e+01
5.621583113613278782e-01 0.000000000000000000e+00 1.269859227605847352e+00 1.474074859269624124e-09 -2.883562859248234855e-01 1.086545661784396034e-07 5.472714707403316593e-10 4.794979139923030032e-10 inf 0.000000000000000000e+00 -9.000000000000000000e+01
6.539727588040192829e-01 9.238816341092284667e-02 7.690196029991328485e-04 5.127301215475299490e-01 -3.163448108415892190e-01 3.263694484232753203e-08 2.767797442458872195e-09 0.000000000000000000e+00 inf 0.000000000000000000e+00 -9.000000000000000000e+01
8.054117530447443274e-01 1.527252262296617660e-05 3.539298055058270418e-09 1.607977387977090648e-07 -2.023303797090559020e-01 -2.497899656141948107e-09 2.228833770289126480e-04 5.534704777457377408e-10 inf 0.000000000000000000e+00 -9.000000000000000000e+01
5.632382526709875936e-01 2.912524194753879602e-05 7.940094811959061971e-01 1.352190087856405458e-08 -3.979825847866179656e-01 2.407131492606445820e-08 -3.055763089577840828e-05 -1.925130746434039735e-03 inf 0.000000000000000000e+00 -9.000000000000000000e+01
6.141684353488485737e-01 1.061646117211205887e-09 1.824766539684670799e-02 2.297315643587075629e-01 -3.919976566525794626e-01 4.409514648465809010e-08 7.886514013568957990e-10 3.067025433981954239e-04 inf 0.000000000000000000e+00 -9.000000000000000000e+01
7.305057684066033064e-01 4.509986551887722970e-07 8.362368664654536987e-01 6.312514510349515387e-05 -5.451759743659477346e-03 2.749991799931538487e-09 3.000642094196131836e-09 -1.214946435876245401e+00 inf 0.000000000000000000e+00 -9.000000000000000000e+01
1.003751531081660264e+00 2.767056722195552985e-07 6.739054468932045502e-04 7.244483554101948698e-03 -3.936220451171671894e-03 4.929696176842267778e-10 4.692340434994306438e-10 1.208530719748111782e-04 inf 0.000000000000000000e+00 -9.000000000000000000e+01
5.690724034401357656e-01 4.918612006688390788e-10 2.284066152315204367e-07 2.235349153081396700e+00 -2.661129944144519643e-01 5.776509449715435777e-10 3.396816329084150152e-07 0.000000000000000000e+00 inf 0.000000000000000000e+00 -2.000000000000000000e+01
6.908045377327911574e-01 9.022919789535864543e-02 8.352930995067536129e-05 2.571666105879981485e-05 -2.825276241791320753e-01 -4.757531678661128198e-09 6.518874547463208416e-05 1.977235032691645482e-10 inf 0.000000000000000000e+00 -8.000000000000000000e+01
4.773586328548466988e-04 6.397476650392084352e-01 1.115511752566062872e-03 3.450381697126260450e-04 -6.791959124813043980e-01 2.283281713360445914e-02 -2.568538336605251130e-09 -7.846770958590827683e-02 inf 0.000000000000000000e+00 -9.000000000000000000e+01
1.265820218424073282e-03 5.287354360403157006e-10 3.438265546161041192e-11 3.037258333433835709e-11 -1.007871972338915567e+00 1.860227903484537711e-11 3.759442619317553418e-13 -1.762928749084708248e-04 inf 0.000000000000000000e+00 -9.000000000000000000e+01
6.574360468597769680e-01 9.074938864274464276e-10 9.294110781499823615e-01 2.072019197921231735e-05 -2.925199077545734272e-01 3.254324100481473522e-06 1.465110611822624390e-09 -4.096478427086143526e-09 inf 0.000000000000000000e+00 -9.000000000000000000e+01
1.007732107406421829e+00 3.477723162046099475e-07 8.216646835731397252e-10 1.079844260277127051e-03 -4.688966460924050638e-09 2.782178529636879580e-06 5.331690835630150655e-09 -1.044064846068033312e-05 inf 0.000000000000000000e+00 -9.000000000000000000e+01
3.844779175314616992e+00 3.538262465503058130e-06 1.200909108291515516e-02 2.833093604378231767e-01 -2.096886423647816416e-09 6.883917901633974401e-07 1.075413159772981271e+04 -3.890037803870235048e-08 inf 0.000000000000000000e+00 -2.000000000000000000e+01
4.004730516537831075e-01 0.000000000000000000e+00 2.274071809843354632e-07 1.305305309489817323e-01 -6.093219011721539013e-01 6.543347492159006830e-03 -3.038940206382090401e-06 9.907355740401070645e-08 inf 0.000000000000000000e+00 -9.000000000000000000e+01
4.926487156782199950e-01 0.000000000000000000e+00 6.206513881422505830e-10 1.897817211533142992e-02 -5.732639600619287013e-01 1.643655260490061443e-01 2.989804536427185914e-07 -4.471359462960300460e-10 inf 0.000000000000000000e+00 -9.000000000000000000e+01
9.526835174482936210e-08 0.000000000000000000e+00 4.500503272307971007e-16 5.012443439657577555e-09 -1.009138155299017736e+00 4.078596493097168771e-09 2.031411096485733193e-16 7.302613660668853008e-17 inf 0.000000000000000000e+00 -9.000000000000000000e+01
7.915787925848177808e-01 4.645589931692374331e-08 7.684050729300741108e-10 1.296119590942172497e-05 -2.154007675975994351e-01 -2.854250454031794816e-03 6.448078825189015797e-05 4.487639874014833706e-05 inf 0.000000000000000000e+00 -9.000000000000000000e+01
6.261662160142820177e-01 4.701749530262451998e-10 3.704249676431267284e-07 0.000000000000000000e+00 -3.815700378837030837e-01 5.803635513199618325e-07 1.082495822083680708e-09 8.630808440047662950e-09 inf 0.000000000000000000e+00 -9.000000000000000000e+01
1.759791507357748308e-02 4.248628584929459883e-05 2.832077187219810660e-08 1.230729839384411670e-07 -9.893938919144673605e-01 -1.943866921104804449e-03 9.789896449648728715e-08 8.777399718621069962e-10 inf 0.000000000000000000e+00 -9.000000000000000000e+01
5.356819763707613147e-01 1.503278289343645580e-08 5.813426117593683065e-03 7.003468640489332042e-01 -4.710666406995800415e-01 1.987806002437878777e-07 6.833083133380207841e-10 -2.057379212523204381e-07 inf 0.000000000000000000e+00 -9.000000000000000000e+01
1.006885734810209820e+00 7.038829366255629910e-04 3.183592671378977865e-04 2.082096472842791189e-05 -1.527022697466331720e-09 3.882942010845931221e-06 7.660734673530757779e-10 -1.800005982973768058e-03 inf 0.000000000000000000e+00 -9.000000000000000000e+01
4.774702329280619134e-06 1.160344255100763389e-01 1.123230973140480271e-07 2.205526523980999798e+00 -6.165237646149419604e-01 1.851251048324125085e-08 3.215421998727763817e-09 6.803520940704297911e-10 inf 0.000000000000000000e+00 -2.000000000000000000e+01
7.068328807808655911e-01 2.810283885353198975e-07 3.404744298972620098e-01 4.821274613280139948e-10 -2.837286915810516841e-01 5.132803126753625443e-09 1.034719705465506797e-09 8.113645039949372861e-02 inf 0.000000000000000000e+00 -9.000000000000000000e+01
4.901915106154580926e+00 8.629718809637406451e+00 7.142511032919849345e-01 1.379733777228202805e-02 -7.766257715589219845e-02 1.146593166671636653e-02 3.442531038778626709e+11 5.396631837801169757e-02 inf 0.000000000000000000e+00 -2.000000000000000000e+01
6.495505307172796394e-01 2.781842364906777877e-05 1.033458547471750366e+00 4.693800479358527775e-10 -2.874761452474234869e-01 8.743686091512637455e-10 0.000000000000000000e+00 -4.412212988765835120e-01 inf 0.000000000000000000e+00 -9.000000000000000000e+01
1.005022877735651798e+00 7.843742457844871743e-10 4.031049704313556525e-02 7.021461649996450130e-09 0.000000000000000000e+00 8.805985956390896528e-10 4.219393652876750269e-04 -4.189549874881602821e-08 inf 0.000000000000000000e+00 -9.000000000000000000e+01
9.609290894546780315e-01 0.000000000000000000e+00 8.818402755077909827e-01 8.108184336939202911e-07 -3.547330647410901141e-08 9.369195563759689264e-09 7.115285310213726242e-09 1.621320685911185278e+00 inf 0.000000000000000000e+00 -1.000000000000000000e+01
1.733560973661427140e-02 3.675426517179899034e-04 1.090771740582421705e-03 1.217542034847435544e-04 -9.862035761273897361e-01 9.284933661988320961e-08 -1.192917589198835707e-03 6.471064377734666482e-09 inf 0.000000000000000000e+00 -9.000000000000000000e+01
3.587761464287145263e-01 6.052653450723245011e-06 7.672836398871518693e-01 1.552686286332921978e-09 -6.050647221949608801e-01 1.688193453140158975e-07 8.186891327937225352e-09 6.233329673132894027e-06 inf 0.000000000000000000e+00 -9.000000000000000000e+01
7.296743241701856286e-01 4.934096333965874260e-06 8.848261278358461324e-01 1.130611163345803361e+00 -2.730278104419691255e-03 0.000000000000000000e+00 0.000000000000000000e+00 -5.344294366480852043e-06 inf 0.000000000000000000e+00 -9.000000000000000000e+01
1.042944795993253182e+00 6.783174191118720563e-04 1.024648669353281080e-06 2.351488645488486895e-08 -4.672397932250961332e-03 1.400735716952709320e-01 -3.919281160276300279e-05 -1.094442853618311623e-08 inf 0.000000000000000000e+00 -9.000000000000000000e+01
6.490158336639187953e-01 9.246959844190059968e-06 6.099049323895205515e-10 1.932912896462954429e-05 -3.587180887871357915e-01 3.414011131990533784e-08 1.146985395239993682e-09 2.920261228515793864e-09 inf 0.000000000000000000e+00 -9.000000000000000000e+01
5.718958248118312104e-01 3.231603119655895306e-01 2.811586521007437313e-04 5.362675706877588869e-10 -2.937821017868996187e-01 -4.436063713988536314e-08 7.204955456519210484e-10 7.646372980690766507e-09 inf 0.000000000000000000e+00 -9.000000000000000000e+01
6.356190893428711464e-01 4.756131327186940763e-08 7.162174233881510397e-05 1.764087441806983847e+00 -3.686590718188652582e-01 1.347570542702966616e-07 1.836006578509664572e-09 -2.154382009551558588e-03 inf 0.000000000000000000e+00 -9.000000000000000000e+01
5.611853308249907801e-01 1.144966740646576136e-06 3.162644286867415203e-05 2.236919924960938832e+00 -2.312200883974047383e-01 -3.198447807096103045e-05 4.680127308539197238e-10 -4.878826356495847010e-04 inf 0.000000000000000000e+00 -2.000000000000000000e+01
3.751356878353700498e-03 1.765311466753941352e-09 2.084599971362067111e-05 5.633533731020612390e-01 -1.000676908821110933e+00 6.288415042761955203e-06 6.769180718814092580e-05 0.000000000000000000e+00 inf 0.000000000000000000e+00 -9.000000000000000000e+01
7.467583033654853208e-01 1.296274032415055411e-09 3.383712170906355951e-07 1.616701321326642087e-09 -2.609744332442206494e-01 9.321521131973432242e-10 1.580929983982694168e-05 -2.764300820295174151e-03 inf 0.000000000000000000e+00 -9.000000000000000000e+01
3.922758484589514150e-02 3.827034798199738706e-07 2.520897921847861693e-08 -9.540711751129965494e-10 -3.047307004856295620e+01 4.031286655407028419e-09 2.478803774001799822e+08 3.885859333075438051e-05 inf 0.000000000000000000e+00 -3.000000000000000000e+01
7.251047446318795719e-01 2.219227990248984939e-08 4.055886703858722149e-05 1.323382150615667644e-07 -2.814422728490313941e-01 -3.168363260426107757e-03 1.845716192677551483e-09 0.000000000000000000e+00 inf 0.000000000000000000e+00 -9.000000000000000000e+01
6.548717279376984335e-01 1.070505469668730854e-09 7.446203011811409694e-10 1.053781465198255426e-02 -3.528487966947898014e-01 4.725953942831425779e-07 7.516783549308208808e-05 3.713998568238453782e-09 inf 0.000000000000000000e+00 -9.000000000000000000e+01
6.859916691401867217e-01 1.070259721229128328e-09 4.866894687910312237e-05 6.254055103272357918e-01 -3.205203240427083045e-01 0.000000000000000000e+00 2.861306601653383569e-09 -3.653153181795424517e-07 inf 0.000000000000000000e+00 -9.000000000000000000e+01
5.371201474965257017e-01 7.867675399949108916e-01 2.682935081404974961e-08 7.831032080027471335e-04 -2.635739472690063825e-06 1.683410247156062757e-07 9.441000549061623709e-10 3.748218128433421096e-09 inf 0.000000000000000000e+00 -9.000000000000000000e+01
1.497089697380137550e-02 1.283782447270787335e-07 2.760645774611100896e-03 2.240932942061905297e+00 -5.067834215263672393e-01 1.242631792079088061e-09 5.733805450097868774e-10 5.088521878543446633e-10 inf 0.000000000000000000e+00 -2.000000000000000000e+01
9.988847121107915505e-01 1.739355057206937502e-05 1.462917006324127302e-09 1.088980195948235474e+00 -6.717377276602902979e-03 0.000000000000000000e+00 9.037473699302025381e-05 8.201090848420543411e-09 inf 0.000000000000000000e+00 -9.000000000000000000e+01
5.395755631728622603e-01 1.310138567737268554e-09 8.527220953713984253e-01 4.278589514363901974e-08 -4.010684431619713219e-01 -3.026079469803161920e-02 8.592175880879689881e-10 0.000000000000000000e+00 inf 0.000000000000000000e+00 -9.000000000000000000e+01
5.685130800473785495e-01 0.000000000000000000e+00 2.079900549371353183e-07 6.860088463664375420e-04 -4.394540762435196202e-01 1.137323895910927147e-07 3.639436466914966532e-05 -4.259636325112531319e-04 inf 0.000000000000000000e+00 -9.000000000000000000e+01
1.006092748712704044e+00 1.303048426482682730e-03 2.656616110141833104e-05 1.173157319130256302e-05 -2.461444309913848002e-08 0.000000000000000000e+00 2.711054964857854339e-05 2.838901212730010269e-08 inf 0.000000000000000000e+00 -9.000000000000000000e+01
7.401194570547209306e-01 8.324706523010971031e-09 2.014834127629963959e-03 0.000000000000000000e+00 -2.679003826211586170e-01 5.854972618485976981e-10 4.138933371031541513e-08 5.248184547115612280e-09 inf 0.000000000000000000e+00 -9.000000000000000000e+01
1.014531336202840306e+00 1.480658387607020044e-09 2.582724590638328377e-01 3.134156275712914206e-09 -1.402880612382526919e-09 5.258241681539111562e-02 1.173004076719024455e-08 5.248273737174980369e-05 inf 0.000000000000000000e+00 -9.000000000000000000e+01
7.021522017415202654e-01 5.810739266184053627e-03 2.361620163073927803e-01 1.008891372347674176e-01 -2.877376290641797119e-01 7.837050032950911694e-10 -3.308304107754424499e-03 -1.440497815943943660e+00 inf 0.000000000000000000e+00 -9.000000000000000000e+01
1.829020565519611091e-08 1.349099248546671160e-16 1.719869878389679370e-13 5.080244443012111422e-15 -1.027976748721516342e+00 5.063169060867170335e-02 1.828015854515602640e-13 1.171944801767815390e-15 inf 0.000000000000000000e+00 -9.000000000000000000e+01
6.235060791321012097e-01 3.223350808810048385e-05 8.737380088946518075e-01 2.966516410267755616e-09 -3.304167470345281687e-01 -9.459891219409398408e-08 6.618009699989697556e-10 1.238711776788782907e-04 inf 0.000000000000000000e+00 -9.000000000000000000e+01
4.358005739591746530e-01 1.242165647711812128e-07 1.506289290698955424e-04 -5.268113238063489409e-09 -5.719270453756358785e-01 1.479741502325866614e-08 5.491679705673275620e-07 0.000000000000000000e+00 inf 0.000000000000000000e+00 -9.000000000000000000e+01
7.036835708076150109e-01 0.000000000000000000e+00 2.491067328298441946e-04 7.318146409483969721e-10 -4.925784995653305076e-01 6.176778010422399046e-01 3.589896696393628562e-09 -8.470583348141252908e-06 inf 0.000000000000000000e+00 -1.000000000000000000e+01
7.056034471157610621e-01 0.000000000000000000e+00 2.338242898190809143e-04 2.135436116204871582e-05 -3.019826387240583943e-01 0.000000000000000000e+00 4.696489199682965179e-10 -7.183082183242166241e-02 inf 0.000000000000000000e+00 -9.000000000000000000e+01
2.572735251092326007e-04 3.252052985931310971e-05 1.297533619106437070e-09 5.307169803429570035e-07 -2.407540595119566085e-01 1.223283819939439705e-07 1.032880869600308192e-09 -2.249669080685496425e+00 inf 0.000000000000000000e+00 -3.000000000000000000e+01
2.101396091285758494e-01 6.524614437278858370e-01 7.582660021702456454e-01 2.977762298826724238e-05 -2.326720613894487852e-02 8.817341771830199040e-09 5.255369267978263747e-10 -3.157893000136272242e-07 inf 0.000000000000000000e+00 -8.000000000000000000e+01
4.893664079870042039e-01 2.560261339799558278e-01 7.572222700612657368e-08 4.423742694716958912e-01 -4.083454795123346304e-01 5.640533236170652843e-08 3.758295022018363733e-04 -6.196859801929950157e-07 inf 0.000000000000000000e+00 -9.000000000000000000e+01
8.517815388833509527e-01 1.383453578777901565e-08 7.752560620698806718e-08 1.827202839895341756e-07 -1.631303975496391778e-01 1.957017353154228562e-02 -1.358166396618635753e-09 -4.113816679535797729e-07 inf 0.000000000000000000e+00 -9.000000000000000000e+01
6.349649594547118747e-01 4.474198176367554499e-10 7.358939184765874289e-06 2.234480795735056535e+00 -2.997928400944533944e-01 2.209102400060026233e-06 5.584076793761055813e-10 3.253331697234702226e-09 inf 0.000000000000000000e+00 -2.000000000000000000e+01
5.541805820610688471e+01 6.558512913361762287e-02 3.188962244805489403e-04 5.350768111134304337e-04 -2.943105916030534885e+01 1.583429803969465942e+11 2.146129787878226348e-07 -5.099950855924884584e-04 inf 0.000000000000000000e+00 -2.000000000000000000e+01
4.775442303528233169e-05 2.100927829066191938e-05 4.804205005949972586e-07 9.284100120825838855e-05 -1.007514813663799691e+00 0.000000000000000000e+00 8.727812781959007555e-09 -7.640707685645173070e-04 inf 0.000000000000000000e+00 -9.000000000000000000e+01
4.929265542343073958e-02 1.173040407544933883e+00 2.841018170388471715e-05 5.581496287562123229e-04 -5.682036340776943430e-05 0.000000000000000000e+00 9.027887445034981154e-03 0.000000000000000000e+00 inf 0.000000000000000000e+00 -9.000000000000000000e+01
4.002051082193425202e-01 6.442326132311367859e-01 -8.364614673744118635e-05 8.745285116931276224e-10 -2.596452653325490578e-01 0.000000000000000000e+00 4.981721667441100886e-10 2.130867808117142610e-09 inf 0.000000000000000000e+00 -9.000000000000000000e+01
3.099652339683338018e-02 1.830842157005937430e-09 1.247955436965117043e-06 2.240712534710846526e+00 -9.821789943815878443e-02 9.883208725965181473e-09 2.210989541289796307e-05 -2.393339194179676550e-07 inf 0.000000000000000000e+00 -2.000000000000000000e+01
4.922578588884353179e-01 8.595953559650260193e-10 1.624835510784093315e-02 8.328523893350029017e-10 -5.137941402148044068e-01 -4.262389012510540455e-03 2.208310096942138565e-04 5.809489253754031383e-07 inf 0.000000000000000000e+00 -9.000000000000000000e+01
-8.690154559353197028e-01 9.466879970951488444e-10 1.601892720340302168e+00 1.786813763835676805e-01 -5.105182182387648510e-02 2.190974019941365619e-02 4.048781701862288247e-09 4.885586270723178378e-09 inf 0.000000000000000000e+00 -1.000000000000000000e+01
