4.175271138296195450e-01 4.170993196556138129e-03 7.809832343615332772e-08 7.758835304058143133e-10 -5.886447834319226136e-01 0.000000000000000000e+00 -5.318262696678351228e-10 2.294866780073535202e-09 2.161810837058804736e+03 1.000000000000000000e+00 0.000000000000000000e+00
3.706966569345250262e-01 2.846246099418120457e-01 0.000000000000000000e+00 0.000000000000000000e+00 -5.144760990700795178e-01 0.000000000000000000e+00 7.178038891051153802e-10 5.720569065457010772e-10 3.569479398127767581e+03 1.000000000000000000e+00 0.000000000000000000e+00
2.521138475085352715e-01 3.467851698382709569e-01 7.705251074143755334e-10 1.111702891294372686e-09 -6.009570895713656213e-01 1.889128223551265124e-07 -2.783090686481774336e-09 3.103567795834220898e-08 1.080560174914874915e+04 1.000000000000000000e+00 0.000000000000000000e+00
4.432092161350094095e-01 3.943976284549423061e-01 0.000000000000000000e+00 -6.121372013024163703e-08 -3.846353109189288855e-01 5.600589888341974694e-10 7.962390240310947970e-03 9.775575077833264770e-09 1.894162871710502441e+04 1.000000000000000000e+00 0.000000000000000000e+00
6.714532145053444534e-01 4.786861385508632133e-06 5.503714872994626417e-02 7.545080308847212872e-10 -3.335251213034743367e-01 3.821091105976188806e-07 4.165409205635581551e-05 0.000000000000000000e+00 3.862660826820849616e+04 0.000000000000000000e+00 0.000000000000000000e+00
6.275410843713646880e-01 1.278618545340075774e-09 0.000000000000000000e+00 3.077272245314734505e-10 -3.803667388944802497e-01 3.590150952867190342e-10 -6.663621846162769841e-03 0.000000000000000000e+00 3.889265204317945609e+04 0.000000000000000000e+00 0.000000000000000000e+00
6.304441492071942710e-01 2.374891652458588842e-06 8.308128184901363274e-09 1.412088217999136293e-08 -3.772814205411803012e-01 7.119155776814771759e-10 -2.780727567752144989e-07 5.213864189535272516e-08 3.934134798100274929e+04 0.000000000000000000e+00 0.000000000000000000e+00
3.210944754606215312e-01 5.800416330901549955e-01 3.549924269604248130e-09 1.062423195302885981e+00 -3.706643599211322249e-01 0.000000000000000000e+00 -1.237512420071667162e-09 1.981254628382355903e-06 4.067215521853643440e+04 0.000000000000000000e+00 0.000000000000000000e+00
6.035507998854462430e-01 2.307263373348489993e-02 4.656884275867300391e-09 0.000000000000000000e+00 -3.955308640025982370e-01 0.000000000000000000e+00 0.000000000000000000e+00 4.711457138475120108e-10 4.118441270622938464e+04 1.000000000000000000e+00 0.000000000000000000e+00
4.606081955241869696e-01 5.909118297843187761e-01 5.030326345856253045e-01 1.295460549911775783e-01 -8.447008848839941686e-02 1.950706506897438402e-08 5.779871131547965208e-09 0.000000000000000000e+00 9.864444343627474154e+04 0.000000000000000000e+00 0.000000000000000000e+00
8.593409200158004246e-01 1.921768268394709878e-01 3.110632734808755867e-10 8.159549183769701604e-10 -7.070260987434685840e-02 1.969546354703031493e-09 3.931277049268352322e-10 2.805821989438048759e-10 1.155886458937006828e+05 0.000000000000000000e+00 0.000000000000000000e+00
6.938798051156976898e-01 -1.053035901425583426e-01 0.000000000000000000e+00 3.161417328407994691e-06 -3.518263800586636236e-01 8.974348783126781052e-10 6.489852930769619854e-05 5.964938355486782487e-08 1.183875006609518605e+05 0.000000000000000000e+00 0.000000000000000000e+00
5.356608052506965471e-03 8.313212905057835167e-01 3.793631765231561520e-05 1.926800748088171256e+00 -2.384221691812732080e-01 1.269879102321890071e-09 0.000000000000000000e+00 0.000000000000000000e+00 inf 0.000000000000000000e+00 -9.000000000000000000e+01
1.074045801526717878e+04 -9.488024427480918169e+07 0.000000000000000000e+00 4.792401126322856723e-05 -3.446564885496184161e+03 2.127467789722763372e-05 1.003511450381679606e+05 -6.573800822250717470e-03 inf 0.000000000000000000e+00 -2.000000000000000000e+01
2.390102176797762601e-01 9.032533379800133932e-01 2.940277792903689250e-04 2.115472593855381722e-03 -1.769359893662147409e-01 1.063360629797449163e-09 -2.768816280984919369e-07 0.000000000000000000e+00 inf 0.000000000000000000e+00 -9.000000000000000000e+01
7.400366771121633658e-01 -3.741642022934047462e-01 2.522526802455999780e-06 8.461772666997228933e-04 -4.892119210041191990e-01 9.247421893187510965e-10 5.124287579331282316e+00 5.339216605073012509e-05 inf 0.000000000000000000e+00 -3.000000000000000000e+01
2.974415553435130732e+02 -8.929905343511497974e+08 3.134021322235822776e-02 5.878529418970823753e-06 -2.459685114503829936e+03 4.268129770992389240e+03 -7.858718988549659912e+01 9.627713501908448990e+00 inf 0.000000000000000000e+00 -2.000000000000000000e+01
-1.213626665038168030e+11 2.103616263120229035e-01 6.502539982294080872e-08 1.644978996451574582e-01 -9.050442062261450371e-02 4.128958432729008088e+00 2.979947865464305191e-04 7.852968823818759784e-05 inf 0.000000000000000000e+00 -2.000000000000000000e+01
-2.608793052826562500e+11 3.790718375331490454e-08 8.683532248933634179e-02 4.341766124466817089e-02 -3.356001759306181942e+00 7.386870229013679549e+06 1.232205456450793796e-01 1.547948473283709745e+03 inf 0.000000000000000000e+00 -2.000000000000000000e+01
4.468084707932449828e-01 1.882235439156592716e-03 0.000000000000000000e+00 5.587468705326577793e-08 -5.585105884915562147e-01 1.533942927280076913e-09 -9.023500862433950264e-06 1.351787269939734755e-02 inf 0.000000000000000000e+00 -9.000000000000000000e+01
2.711898855486488902e+00 6.462538299125449026e-02 1.246494623858331215e-03 0.000000000000000000e+00 -1.166571016047260656e+00 1.408975383018120020e+01 -6.010545293085425481e-05 5.417198494486562908e+06 inf 0.000000000000000000e+00 -2.000000000000000000e+01
5.530534351145030996e+03 -8.352087938931286335e+08 6.158459391302726358e-06 3.179885048902667322e+00 -9.493082061068689654e+02 3.412261264014785356e-01 2.464410912899567263e-01 4.977743134243791112e-01 inf 0.000000000000000000e+00 -2.000000000000000000e+01
4.166763231054111949e-01 7.446911258452793937e-06 0.000000000000000000e+00 0.000000000000000000e+00 -5.916343372270203016e-01 4.596689400762245270e-09 1.586543916307864728e-09 1.197828650534152179e-05 inf 0.000000000000000000e+00 -9.000000000000000000e+01
3.981363983036070403e-05 3.475832843446464895e-03 1.389479680327655200e-09 2.087381359938015546e+00 -1.455145659572174288e-01 1.534593267422379170e-01 7.324688866226617307e-06 -1.848202245778451103e-01 inf 0.000000000000000000e+00 -2.000000000000000000e+01
4.879079827142110415e-01 2.338244138613087275e-01 0.000000000000000000e+00 2.251558467432386749e-09 -4.220657289915319965e-01 7.043981797553835254e-08 1.267916723559690299e-08 1.928038446301878280e-07 inf 0.000000000000000000e+00 -9.000000000000000000e+01
9.823245358758517787e-01 -1.200344018150169842e-03 1.922601322669945505e-09 2.563468430226594006e-09 -2.547748439335370541e-02 0.000000000000000000e+00 1.202786817805593894e-09 4.235295667330893956e-08 inf 0.000000000000000000e+00 -9.000000000000000000e+01
1.273787813365289908e-04 5.086999011455621833e-01 4.343514540550569292e-01 -3.080974273577294603e-05 -6.704403825354332547e-01 0.000000000000000000e+00 2.038060501384463799e-05 3.121981315945429982e-10 inf 0.000000000000000000e+00 -9.000000000000000000e+01
5.016481968629182059e-08 6.794811555391907352e-07 7.365469557114274457e-09 1.522942313722041030e+00 -9.930296373099858354e-01 0.000000000000000000e+00 8.029025373070516547e-09 1.875367989288166391e-05 inf 0.000000000000000000e+00 -9.000000000000000000e+01
1.714136241754952864e-04 7.142234340645637780e-06 0.000000000000000000e+00 1.250196233302757723e-04 -1.008158242535343918e+00 0.000000000000000000e+00 1.337709969633950682e-02 0.000000000000000000e+00 inf 0.000000000000000000e+00 -9.000000000000000000e+01
3.887480511270311501e-09 5.626215789362348785e-02 0.000000000000000000e+00 4.739023861358093995e-07 -9.862003727595658464e-01 5.798469099594398623e-08 0.000000000000000000e+00 0.000000000000000000e+00 inf 0.000000000000000000e+00 -9.000000000000000000e+01
1.770117194441127653e-02 1.568690065418516799e-02 0.000000000000000000e+00 4.422908668761169190e-05 -2.906410356224439440e+00 2.500137940838227379e+01 3.131744945819876967e-08 -1.629904432768709181e-09 inf 0.000000000000000000e+00 -3.000000000000000000e+01
5.965190811022470507e-01 -3.881041152663185483e-03 3.686677420697947720e-09 6.528187685662768851e-08 -4.126738561068004074e-01 0.000000000000000000e+00 2.434081408511403786e-07 0.000000000000000000e+00 inf 0.000000000000000000e+00 -9.000000000000000000e+01
2.324834739842862041e-01 3.216812150231551648e-01 7.805220791230760857e-08 4.736864067141856739e-10 -6.376689572140421536e-01 6.790652492653257918e-03 4.241967821321065539e-08 9.411512606237669719e-08 inf 0.000000000000000000e+00 -9.000000000000000000e+01
9.701585472350156003e-01 6.713731233379045815e-02 4.976442826376523813e-08 1.409700678921523226e-04 -1.113536536286839282e-02 0.000000000000000000e+00 1.733550834889981411e-04 6.840671019123492653e-09 inf 0.000000000000000000e+00 -9.000000000000000000e+01
1.386098899484816682e+00 4.880123287978549995e-01 1.427088993690460233e-05 -2.145255194733726967e+04 -3.705056746892805841e-01 0.000000000000000000e+00 -6.385308446127829151e-06 0.000000000000000000e+00 inf 0.000000000000000000e+00 -2.000000000000000000e+01
7.730036487103668641e-01 2.769144168398417899e-02 3.941289385291132631e-05 2.487513764465378639e-09 -1.924653393638616761e-01 0.000000000000000000e+00 -5.608989890032540782e-01 5.993444928970700467e-09 inf 0.000000000000000000e+00 -9.000000000000000000e+01
7.955628599891737540e-01 1.081158709988186280e-06 4.846888633844608615e-10 5.244188774342697923e-04 -2.129788073096016976e-01 9.681428506838657887e-09 -2.792044949302825132e-05 0.000000000000000000e+00 inf 0.000000000000000000e+00 -9.000000000000000000e+01
1.126153426190695139e-05 -7.728034592242583045e-02 1.058920385821101310e-04 2.247154112167464746e+00 -7.518052360560267822e-01 -2.027748497546947009e-03 -9.614324772851904483e-05 0.000000000000000000e+00 inf 0.000000000000000000e+00 -2.000000000000000000e+01
6.691885098968219925e-01 -4.134125687414555612e-03 0.000000000000000000e+00 1.934827648179942017e+00 -3.364127019861741230e-01 9.111356980321460012e-10 -4.945197468873356787e-10 2.133886579034394047e-09 inf 0.000000000000000000e+00 -9.000000000000000000e+01
3.125808288474630214e-01 3.051130274756805871e-01 6.409665331463006406e-08 -1.427549471144290655e-08 -5.632855891858719044e-01 5.230108864214606128e-09 1.470153397454610266e-07 8.367938144274019927e-03 inf 0.000000000000000000e+00 -9.000000000000000000e+01
1.138797814634298806e-02 8.410799998409675959e-01 0.000000000000000000e+00 0.000000000000000000e+00 -4.679693232197865149e-01 1.206190066001960369e-08 -3.505489879318197313e-07 1.955347177307865552e-09 inf 0.000000000000000000e+00 -9.000000000000000000e+01
1.004631544667300425e+00 2.206207930941642616e-09 2.295243784317297123e-04 0.000000000000000000e+00 -3.099772062978204019e-03 1.310618572836619257e-09 9.448196866836274486e-05 5.082287576888668287e-09 inf 0.000000000000000000e+00 -9.000000000000000000e+01
9.043346258065876331e-01 -1.735999504896574619e+00 4.100289528280427016e-04 7.904885100194476797e-04 -5.207998514689723413e-01 0.000000000000000000e+00 0.000000000000000000e+00 1.463487954709321616e-02 inf 0.000000000000000000e+00 -1.000000000000000000e+01
4.455863997725949195e-07 8.965521122185008071e-08 0.000000000000000000e+00 9.593107600737958755e-08 -1.007790445610383889e+00 1.899569787762948745e-08 -1.253772094430559798e-09 9.841060294273388526e-10 inf 0.000000000000000000e+00 -9.000000000000000000e+01
8.296773716726164594e-01 -5.843253084542552322e-01 6.097393210963060954e-09 1.049858062611896194e-06 -3.583431449636592658e-01 1.080645689081453134e-06 2.592318148736705549e-06 1.250747325325755950e-09 inf 0.000000000000000000e+00 -1.000000000000000000e+01
9.985611420736492105e-01 2.653081770414341539e-03 2.806709913998909484e-02 2.723903255045525408e-06 -3.343591245568382610e-04 7.211261211401346928e-09 1.381018950308081274e-03 7.554575433915324540e-07 inf 0.000000000000000000e+00 -9.000000000000000000e+01
1.009138200266226137e+00 1.282943284381832685e-07 1.753598115337774118e-08 0.000000000000000000e+00 -3.360666724944249506e-12 2.247506527904328334e-16 2.686176476724209297e-14 0.000000000000000000e+00 inf 0.000000000000000000e+00 -8.000000000000000000e+01
-6.846844063093834309e-01 1.084002596400095251e-03 1.307529241907822866e-09 1.867898917011175464e-09 -1.009736599203737262e+00 3.240096107632074589e-07 -1.445444857764254021e+00 4.186669986404358927e-09 inf 0.000000000000000000e+00 -9.000000000000000000e+01
4.121478429647599251e-01 3.949357190880851617e-03 -3.766994148951185659e-04 1.377854094579700163e-03 -5.941719475235669456e-01 -6.970651707282358980e-08 -1.273605524840234975e-06 6.424152613431422713e-05 inf 0.000000000000000000e+00 -9.000000000000000000e+01
5.187119508051880601e-01 1.319964493203556631e-04 0.000000000000000000e+00 3.431479059172782287e-01 -4.877887383533403010e-01 5.592674346223817338e-10 -1.038047353474324565e-02 0.000000000000000000e+00 inf 0.000000000000000000e+00 -9.000000000000000000e+01
2.687358312636837793e-09 2.553798490749701888e-01 4.201040671214521157e-10 1.693493437890367387e-09 -8.986562386693108806e-01 2.879069616107670059e-07 -1.491909771228348142e-02 6.569969908850351402e-08 inf 0.000000000000000000e+00 -9.000000000000000000e+01
4.210712045644059986e-01 1.427242012825781026e-03 1.460718493678729429e-09 0.000000000000000000e+00 -5.859350624361839843e-01 0.000000000000000000e+00 5.660284163005076175e-09 2.049985613287762476e-09 inf 0.000000000000000000e+00 -9.000000000000000000e+01
-1.218669435114504051e+10 7.874373807251910762e+01 5.188035487218668975e-06 8.097814239618434740e-04 -3.553643845419848191e+01 1.277180498764487852e-07 -6.606333492366414362e+01 -1.877546310424805121e-03 inf 0.000000000000000000e+00 -2.000000000000000000e+01
1.511316785453789534e-15 8.786862960263241500e-12 5.142675172724700332e-17 1.663497989544622380e-16 -1.009138249632713036e+00 9.182357770607770297e-12 4.402029193399979608e-11 2.563741802236148264e-07 inf 0.000000000000000000e+00 -9.000000000000000000e+01
1.001660036787852981e+00 8.785496729581257620e-09 9.187496876193963812e-04 3.536319552346355727e-03 -3.793866634590067899e-03 1.861013823362911699e-09 -5.346872203164508103e-09 4.562790236976072890e-09 inf 0.000000000000000000e+00 -9.000000000000000000e+01
5.080697137075702585e-01 3.490029960646041842e-03 6.633264775765310994e-09 1.132108440528143211e-08 -4.986318862083584658e-01 1.898566949954028869e-09 -2.017637568543738320e-07 0.000000000000000000e+00 inf 0.000000000000000000e+00 -9.000000000000000000e+01
9.499676786835472564e-01 1.525449467924712009e-04 0.000000000000000000e+00 2.232913718967513450e+00 -2.142324017649752295e-04 2.375809465635706295e-08 -1.144124460109578359e-07 2.378728150482924528e-09 inf 0.000000000000000000e+00 -2.000000000000000000e+01
3.715640429460628780e-01 1.023075537456289742e-02 3.806505792221699160e-09 3.802792128034165398e-05 -6.321119998899484838e-01 4.743361984985797824e-09 -2.000314573739562348e-09 0.000000000000000000e+00 inf 0.000000000000000000e+00 -9.000000000000000000e+01
9.977829923718305460e-01 1.417897057795206495e-04 0.000000000000000000e+00 1.048314054205964267e-04 -9.937366395878798053e-03 0.000000000000000000e+00 2.914606528895116231e-07 7.808603161525856272e-07 inf 0.000000000000000000e+00 -8.000000000000000000e+01
1.007708328868832659e+00 0.000000000000000000e+00 0.000000000000000000e+00 0.000000000000000000e+00 4.776136424416251516e-10 0.000000000000000000e+00 4.980562497056636180e-09 5.861304354745099328e-07 inf 0.000000000000000000e+00 -9.000000000000000000e+01
3.157638947320369760e-01 3.654036336418768904e-01 1.222953721845178660e-07 6.244691004621918701e-05 -5.281116667352409033e-01 2.373171284830613905e-09 7.217111807764096794e-10 1.026081842700140656e-03 inf 0.000000000000000000e+00 -9.000000000000000000e+01
3.351851493819975047e-01 -7.000794078774724483e+01 7.128868933809469058e-08 -1.094344805440588225e-05 -3.694485202077128161e+00 0.000000000000000000e+00 3.865602541235834354e-04 7.255717135478676848e-08 inf 0.000000000000000000e+00 -2.000000000000000000e+01
5.949366456300361206e-01 1.594749935352734545e-09 2.599904126232074933e-09 6.535278131512318950e-10 -4.128326403169962355e-01 0.000000000000000000e+00 -5.423530712882738709e-05 2.647753727855843197e-06 inf 0.000000000000000000e+00 -9.000000000000000000e+01
9.054246610774140391e-01 -8.727206047316795820e-03 2.635588882748589622e-09 2.365459274267432300e-09 -1.055838822847309094e-01 1.833961017580181943e-08 -1.196163109555481812e-07 9.330072254532758333e-05 inf 0.000000000000000000e+00 -9.000000000000000000e+01
1.508331226565990502e+00 7.700678035092553032e-08 0.000000000000000000e+00 1.025082672298803830e-09 -4.938922415470758942e-01 1.013050362868971840e-07 -1.881494253512669967e+00 5.250763781706953159e+04 inf 0.000000000000000000e+00 -3.000000000000000000e+01
1.007060335236836801e+00 1.345108650961959875e-09 0.000000000000000000e+00 0.000000000000000000e+00 -5.475130252875561211e-05 2.733260778754702513e-06 -2.159749493461353420e-02 0.000000000000000000e+00 inf 0.000000000000000000e+00 -9.000000000000000000e+01
6.654434613419324407e-01 -4.914368884220582739e-06 0.000000000000000000e+00 2.540028446837928698e-09 -3.433753821456523303e-01 1.699865191345383004e-08 1.818291477650754717e-02 2.745184590620992156e-08 inf 0.000000000000000000e+00 -9.000000000000000000e+01
5.683999842771582101e-01 4.938068104875049102e-01 2.913795851158332227e-05 0.000000000000000000e+00 -1.991637740183743177e-01 6.384599063512214348e-08 -1.219898584993846706e-09 3.823645678705087042e-08 inf 0.000000000000000000e+00 -9.000000000000000000e+01
5.202983728638546079e-01 5.300054320590757984e-02 6.202439938352758979e-08 6.161938931292619750e-10 -4.674919708418514563e-01 2.574706877394569101e-09 6.798614762278009962e-07 0.000000000000000000e+00 inf 0.000000000000000000e+00 -9.000000000000000000e+01
1.980030609034983608e-10 6.301865592606431453e-11 0.000000000000000000e+00 3.057712850103308883e-19 -1.808868827507401590e-10 2.912797549150545486e-19 -1.540440414034429883e+00 -2.995331176732686619e-11 inf 0.000000000000000000e+00 -9.000000000000000000e+01
5.653411839754125534e-01 6.019989920112890289e-03 1.144276174455320388e-08 1.937377936750214942e-08 -4.395627004211639099e-01 -9.025971548505328147e-10 -1.665323672058720544e-03 0.000000000000000000e+00 inf 0.000000000000000000e+00 -9.000000000000000000e+01
-4.558683206106870784e+03 1.379238301177174926e-07 3.107222692884561825e-06 1.143535584893845408e-01 -1.878578244274809322e+03 -6.855671642390826111e-04 -1.203922825005218286e-02 3.716872848627221851e-03 inf 0.000000000000000000e+00 -2.000000000000000000e+01
1.718473282442748605e+05 -4.740729160305344462e+08 9.554943055596973192e-05 5.522757086135050147e-03 -2.770902910305344236e+01 7.085727424652295561e-08 2.446065422232824964e-03 4.126051154684361807e-08 inf 0.000000000000000000e+00 -2.000000000000000000e+01
8.182977264902527997e-03 4.783926318489740283e-08 1.222966202618259743e-10 1.154422374152929636e-10 -1.000937905444172049e+00 0.000000000000000000e+00 1.749671410825533765e-11 0.000000000000000000e+00 inf 0.000000000000000000e+00 -9.000000000000000000e+01
7.121066469236435603e-01 5.807875296853204881e-03 1.042172993421564994e-09 4.358177972490181111e-09 -2.934505413146882846e-01 -1.009814615164280081e-07 -1.194053309385938559e-07 0.000000000000000000e+00 inf 0.000000000000000000e+00 -9.000000000000000000e+01
6.023848537121104796e-01 2.302806176205276709e-02 4.183099249349823970e-09 0.000000000000000000e+00 -3.967162386097555782e-01 0.000000000000000000e+00 7.320423686362191948e-09 3.300000518931527696e-07 inf 0.000000000000000000e+00 -9.000000000000000000e+01
3.769242051376391345e-01 1.891603844612570137e-09 7.652649232486526153e-05 1.229251483022076225e-07 -6.308109754376033385e-01 0.000000000000000000e+00 6.184089492002632900e-10 0.000000000000000000e+00 inf 0.000000000000000000e+00 -9.000000000000000000e+01
7.503764674456967279e-03 -1.016721698211404783e-02 1.996882701599074404e-07 3.443743406622669982e-09 -1.003097115253005045e+00 0.000000000000000000e+00 -6.582600730312346813e-05 8.243002835001071700e-10 inf 0.000000000000000000e+00 -9.000000000000000000e+01
1.752875804767035578e-08 3.891384286582818766e-08 1.454653201182670686e-06 9.640816926218695185e-09 -1.007727017522913160e+00 2.870334130306020788e-09 -1.325865910054826926e-04 3.797897576995244029e-08 inf 0.000000000000000000e+00 -9.000000000000000000e+01
1.735357975946461575e-08 5.959815270927241946e-08 0.000000000000000000e+00 1.922098854435515183e-06 -1.007733364194287384e+00 2.075418023758192440e-07 2.833833731764424011e-09 4.835046212443424154e-09 inf 0.000000000000000000e+00 -9.000000000000000000e+01
6.437662697706749704e-01 5.330096068498709622e-03 8.289486566116086659e-09 0.000000000000000000e+00 -3.621185267460046431e-01 4.496655448600707834e-10 -2.711027053069412392e-07 1.511918933442556837e-09 inf 0.000000000000000000e+00 -9.000000000000000000e+01
6.359858705242508181e-01 4.266945254680977973e-07 6.816737665286786843e-10 1.808759157535389742e-03 -3.715496401483781019e-01 1.191765258165260563e-07 4.755090176273221649e-09 5.746011066153935091e-08 inf 0.000000000000000000e+00 -9.000000000000000000e+01
5.965190746274612321e-01 -3.881041110537273350e-03 4.917998482134698417e-10 6.528187614803984126e-08 -4.126738516275223478e-01 8.469886274787535817e-10 0.000000000000000000e+00 4.717635581010691473e-10 inf 0.000000000000000000e+00 -9.000000000000000000e+01
1.223603662648377721e+00 1.090578865914369606e-05 1.874432425790322744e-09 -5.495495066521627828e-09 -3.716553180941334578e+00 1.291759530212717380e+02 4.732239814975632290e-04 5.703479689213817316e-01 inf 0.000000000000000000e+00 -3.000000000000000000e+01
6.938793082470632312e-01 -1.053035147374944552e-01 5.825130941557743194e-10 3.161415064602218333e-06 -3.518261281252714756e-01 8.974342356837398609e-10 4.700368058314241825e-05 0.000000000000000000e+00 inf 0.000000000000000000e+00 -9.000000000000000000e+01
3.743582491283558578e-01 1.668559704224700892e-07 1.002067978794164032e-08 1.710514193145228979e-03 -6.333789698046333738e-01 3.288647282963544385e-06 4.223786442336851979e-05 5.170554251045468000e-10 inf 0.000000000000000000e+00 -9.000000000000000000e+01
1.006699446165574718e+00 6.471975940760312291e-10 2.297274108563109052e-04 7.066698054235584125e-10 -1.082149081079628169e-03 7.154157188570183289e-10 -2.507628299641617372e-08 4.687809600334496789e-10 inf 0.000000000000000000e+00 -9.000000000000000000e+01
3.799913991589283224e-01 2.309047156647883001e-09 0.000000000000000000e+00 -1.963425448487212710e-09 -1.326515429791168099e+00 3.797940010294951207e+00 5.074020821933245947e-10 0.000000000000000000e+00 inf 0.000000000000000000e+00 -3.000000000000000000e+01
8.341231007587391888e-01 1.855648307855344847e-01 4.448850113957435196e-10 3.156972484712102800e-10 -9.875356093784633249e-02 3.554787293025218843e-05 4.448850113957435403e-09 7.867209653826514217e-07 inf 0.000000000000000000e+00 -9.000000000000000000e+01
3.447639174373005599e-01 -1.495270896514027661e-03 1.202500119047940810e-09 1.817223216554961570e-07 -6.624875276246168232e-01 1.756531587509819277e-09 -5.495863228909174739e-04 2.403408656786482241e-05 inf 0.000000000000000000e+00 -9.000000000000000000e+01
1.247015230236648398e+00 -2.267300418612087753e+00 5.077299226754574714e-04 9.887372178416804075e-04 -2.628895743994187906e-01 0.000000000000000000e+00 3.718725019595635777e-07 6.058073340193391785e-08 inf 0.000000000000000000e+00 -2.000000000000000000e+01
-1.213626665038165894e+11 -8.352087938931282759e+08 2.637164283344759289e-02 3.629961086593505026e+00 -9.218814045801510811e+08 1.582537443583245619e-05 4.796581413909670709e-03 0.000000000000000000e+00 inf 0.000000000000000000e+00 -2.000000000000000000e+01
3.449642036965549496e-01 6.309726607161562917e-02 0.000000000000000000e+00 -1.800580603017848054e-08 -6.412046498088507240e-01 6.821326061796284188e-03 5.364847331665255326e-05 4.918924832841096174e-10 inf 0.000000000000000000e+00 -9.000000000000000000e+01
5.590923159810397003e-01 1.660398983190488004e-08 5.734930698519777645e-10 7.736876665533222002e-07 -4.486422605512189188e-01 1.190680849787915781e-09 -2.443585297119928775e-04 4.413725942922871147e-03 inf 0.000000000000000000e+00 -9.000000000000000000e+01
2.494758472364246304e-01 3.451283307907097586e-01 2.459256669338869550e-01 3.017716607055184186e-01 -2.478877449028887570e-01 -2.461315577811007682e-01 -2.591630083549770758e-01 -2.879004973789840993e-01 inf 0.000000000000000000e+00 -9.000000000000000000e+01
3.568944816122976427e-02 3.246521268985814879e-06 0.000000000000000000e+00 1.355103541269595739e-09 -9.718511268519489654e-01 5.118507323280054910e-07 1.060355737047786311e-06 1.894286094711425950e-01 inf 0.000000000000000000e+00 -1.000000000000000000e+01
4.888343131375239570e-01 9.111616843222876243e-05 3.802940666736053237e-10 -2.998734575920902093e-09 -5.195694046820987788e-01 9.518959713861075301e-04 -1.858055199402312103e-04 0.000000000000000000e+00 inf 0.000000000000000000e+00 -9.000000000000000000e+01
4.380434600290725733e-01 8.959979864231031044e-02 3.516420852689009493e-09 -9.248186842572094784e-08 -5.339115573418325988e-01 8.461387676782928627e-10 -1.835571685103662899e-07 1.476896758129383921e-08 inf 0.000000000000000000e+00 -9.000000000000000000e+01
6.335638800051091035e-01 -3.391473315999571445e-03 2.367493972477313046e-09 1.804584619155177297e-04 -3.754452622252498761e-01 2.819138976457600528e-09 -6.319387757304827996e-10 1.505871858432338786e-07 inf 0.000000000000000000e+00 -9.000000000000000000e+01
6.205680677406093942e-02 1.162941934979442316e+00 0.000000000000000000e+00 5.034847752666296294e-07 -1.976174740030217473e-03 1.991917898172153263e-07 -2.510229449251182504e-09 1.273225912801496794e-06 inf 0.000000000000000000e+00 -9.000000000000000000e+01
1.902380844106122959e-01 -1.016897655155411020e-04 6.539860341631402891e-10 2.804928694053316427e-09 -8.170225098897875293e-01 0.000000000000000000e+00 -5.361527701059779692e-05 0.000000000000000000e+00 inf 0.000000000000000000e+00 -9.000000000000000000e+01
2.530160567175197828e-02 -5.964808462996160771e-03 1.155464485745010676e-07 7.600388617344959043e-06 -9.846591622944997901e-01 3.625155194611702519e-09 -7.963094421632154743e-04 2.450318338024340226e-06 inf 0.000000000000000000e+00 -8.000000000000000000e+01
1.005740757507160854e+00 -6.643316198097802073e-04 6.608858702020141387e-10 1.469253639859635497e-07 -1.735077877620837565e-03 0.000000000000000000e+00 1.021640112131835263e-08 0.000000000000000000e+00 inf 0.000000000000000000e+00 -9.000000000000000000e+01
1.303760523750463918e+00 -1.092378995497086643e-03 4.431672638079010788e-09 1.412322684093887837e+01 -1.953896942512703058e-02 3.146582064990001560e-09 6.947978261979126557e+01 0.000000000000000000e+00 inf 0.000000000000000000e+00 -2.000000000000000000e+01
7.674737055061928004e+01 -1.536596906737652607e+05 3.312958500189824034e-10 5.666917612037907951e-05 -1.164080464074716999e-02 3.733850083232808187e-09 0.000000000000000000e+00 0.000000000000000000e+00 inf 0.000000000000000000e+00 -2.000000000000000000e+01
5.110684501959127102e-02 9.577401147011777027e-01 1.195297487648564226e-08 1.102641323778427337e-05 -1.631961495086483360e+00 2.144580082903943268e-09 1.456041577989025200e+02 -2.903798012476776959e-04 inf 0.000000000000000000e+00 -3.000000000000000000e+01
8.382837418388482398e-01 -5.337188728581055384e-04 8.534259985970916366e-10 1.282081016930003203e+00 -8.937584012252426657e-02 9.425555553151265809e-02 2.196710866344083278e-09 -9.738884647833678798e-01 inf 0.000000000000000000e+00 -9.000000000000000000e+01
2.059506057775961352e-01 -2.084023987035198838e-02 1.402282438002312657e-10 3.212137179186709268e+00 -4.443874678236821307e-03 1.029415000464532851e-09 1.407617585706819607e+00 8.747663502903621914e-08 inf 0.000000000000000000e+00 -2.000000000000000000e+01
5.117171420042876395e-01 6.403532191379621707e-01 6.845810431118230741e-10 4.857892402081974934e-10 -1.519602010095605638e-01 5.470042664429357852e-05 7.014322687884218010e-09 1.170149110983015279e-06 inf 0.000000000000000000e+00 -9.000000000000000000e+01
1.007920404207020892e+00 -6.205352352667205251e-03 4.907763385169137033e-09 0.000000000000000000e+00 -1.583434738266804127e-03 2.195739460474840655e-08 -3.036487283630634550e-07 9.157417127212683443e-10 inf 0.000000000000000000e+00 -9.000000000000000000e+01
8.447058143591007484e-03 1.410909037950729624e-09 1.477270812741868208e-08 4.727266600773978267e-07 -1.000673844953084757e+00 0.000000000000000000e+00 5.157464019093925033e-11 6.232236241254756660e-10 inf 0.000000000000000000e+00 -9.000000000000000000e+01
6.545952209201054764e-03 1.051988520831602880e+00 5.498606029602322716e-07 7.771981178765617771e-10 -2.326513074916044810e-01 2.135332202650755803e-08 -1.846434316409771045e-09 0.000000000000000000e+00 inf 0.000000000000000000e+00 -9.000000000000000000e+01
6.547914208281501169e-01 1.220497084282448012e-04 6.974611262839749091e-10 1.054006175343489669e-07 -3.528816040391228315e-01 1.018804472425282695e-09 -3.111070999151338123e-04 1.678931344493931082e-06 inf 0.000000000000000000e+00 -9.000000000000000000e+01
8.659855771507956046e-01 1.889183557236396627e-09 2.632495066727856228e-05 0.000000000000000000e+00 -1.419441339979660155e-01 3.954105119797109432e-09 6.213593759681171137e-10 1.041875317279873178e-09 inf 0.000000000000000000e+00 -9.000000000000000000e+01
9.557773837608076750e-01 -8.044469331492388716e-04 0.000000000000000000e+00 7.308129118774680898e-10 -4.367257052424197510e-04 6.961772288500999741e-10 -8.572244628671835676e-01 -7.182276546257042316e-02 inf 0.000000000000000000e+00 -9.000000000000000000e+01
4.673485297578168496e-03 7.663294061806608104e-01 4.223938039074283721e-09 1.403633963361516468e+00 -4.897079496128967646e-01 0.000000000000000000e+00 -1.634955327193408016e-09 5.170682771970244036e-10 inf 0.000000000000000000e+00 -9.000000000000000000e+01
5.260486755302947737e-01 6.237108299615382582e-10 0.000000000000000000e+00 1.239413520871718309e-07 -4.816084141397198315e-01 4.903445142216142179e-08 -8.239143062454886903e-10 0.000000000000000000e+00 inf 0.000000000000000000e+00 -9.000000000000000000e+01
1.080902933164407467e-04 -5.721022154538687272e-04 0.000000000000000000e+00 0.000000000000000000e+00 -5.295731639134065860e-01 0.000000000000000000e+00 -4.452603463908189063e-03 2.173749545148311306e-04 inf 0.000000000000000000e+00 -9.000000000000000000e+01
7.653648985781162928e-01 4.639889186847503955e-01 2.117355973846152229e-05 1.084086258609229914e+00 -1.121351723748922197e-02 5.670104574737544177e-09 2.604855734120880369e-10 0.000000000000000000e+00 inf 0.000000000000000000e+00 -9.000000000000000000e+01
5.666931057311155005e-03 -9.438691728242841819e-03 1.621321980660768905e-09 1.587655185433933200e-07 -1.003622780300719164e+00 3.127468082913942111e-09 3.936659074648527390e-04 7.239707645578736110e-06 inf 0.000000000000000000e+00 -9.000000000000000000e+01
9.861046030475915103e-01 8.788996572116526215e-06 1.377572216625686051e-09 2.497481265932632107e-04 -1.972785201774533356e-02 1.102916073747044651e-09 0.000000000000000000e+00 0.000000000000000000e+00 inf 0.000000000000000000e+00 -9.000000000000000000e+01
9.576001221830958698e-01 6.352046516817071670e-10 0.000000000000000000e+00 0.000000000000000000e+00 0.000000000000000000e+00 0.000000000000000000e+00 -8.383886784011186366e-01 0.000000000000000000e+00 inf 0.000000000000000000e+00 -9.000000000000000000e+01
8.099536557071391751e-01 -1.717428593359521995e-06 6.540185330012758035e-10 2.078414724507121866e-09 -1.976416167849202876e-01 5.537089420501599279e-09 -1.773473568015729636e-09 1.033590025160298455e-08 inf 0.000000000000000000e+00 -9.000000000000000000e+01
2.118963163297306329e-01 7.903576251990549500e-06 2.046528533526198812e-09 -9.568185351551058762e-10 -7.962164613601999674e-01 0.000000000000000000e+00 6.564838282869754281e-10 2.313374591663900334e-08 inf 0.000000000000000000e+00 -9.000000000000000000e+01
2.097509152827190804e-01 1.038753385918992869e-04 1.194311261396265200e+00 0.000000000000000000e+00 -9.554490091170121657e-02 9.005092058576795521e-08 -1.978078026687564092e-02 0.000000000000000000e+00 inf 0.000000000000000000e+00 -9.000000000000000000e+01
1.183352437818888072e-06 -6.334901200634733857e-05 0.000000000000000000e+00 6.573475204184278884e-06 -1.007970495037610270e+00 2.886999245080933222e-07 3.147146429802512047e-05 0.000000000000000000e+00 inf 0.000000000000000000e+00 -9.000000000000000000e+01
3.572600216527542782e-01 1.753500812490566690e-02 6.504102588576121347e-10 2.507007470645727693e-05 -6.458938244569568665e-01 5.440267808536379708e-03 1.364733664539382812e-09 3.043769627578744255e-08 inf 0.000000000000000000e+00 -9.000000000000000000e+01
5.993893591118658604e-01 -7.350524877115128402e-06 3.142771387960706245e-05 0.000000000000000000e+00 -4.083088587238549727e-01 2.601552548169987843e-08 -5.994360710069096079e-10 2.585068056217297775e-09 inf 0.000000000000000000e+00 -9.000000000000000000e+01
9.515221887887297392e-01 -1.730040343252235990e+00 2.701731577260319049e-04 1.045737613192942962e-03 -4.727782662163437788e-01 1.833463644137534963e-09 -1.544554221424953630e-09 0.000000000000000000e+00 inf 0.000000000000000000e+00 -1.000000000000000000e+01
5.989977999865705449e-01 5.253771758414433036e-09 8.322704796095050771e-04 1.534221026468767391e-03 -4.079250840414872514e-01 0.000000000000000000e+00 6.406663952454451916e-07 0.000000000000000000e+00 inf 0.000000000000000000e+00 -9.000000000000000000e+01
1.078835847219381971e+00 3.419674375531842059e-01 2.011241182375287637e-07 -1.729019628518535683e+04 -6.452849927293500265e-01 4.845308376364767764e-09 4.631463758617196455e-07 1.029755485376147270e-04 inf 0.000000000000000000e+00 -2.000000000000000000e+01
3.593702747948700482e-01 -2.490285241113852476e-03 1.490056659009929877e-09 1.012579785539778350e-04 -6.498202229167513444e-01 6.033583271560208686e-09 -3.977305082126504951e-10 9.477677309247160530e-08 inf 0.000000000000000000e+00 -9.000000000000000000e+01
1.009138248288648176e+00 9.503341615004689122e-10 9.916669671227954871e-18 1.707466658026657863e-15 -5.828016128538787132e-10 1.757538994039169726e-15 5.077334871668712894e-15 1.602314752400382675e-16 inf 0.000000000000000000e+00 -8.000000000000000000e+01
1.672278321487125031e-04 6.967826339529687348e-06 5.234244545920738454e-10 1.238724682583055528e-04 -1.006957388741484882e+00 5.920512164163679670e-08 -1.305044096358271358e-02 4.943453182258475034e-10 inf 0.000000000000000000e+00 -9.000000000000000000e+01
6.679770122277836064e-01 3.441548229167597922e-02 2.034435195246054692e-08 -1.281455762630571630e-09 -8.666368422116953463e-01 2.474581506376779316e+00 8.886412932834766788e-05 3.216056613578662867e-10 inf 0.000000000000000000e+00 -3.000000000000000000e+01
1.785241439846319694e-02 1.582093276001738519e-02 0.000000000000000000e+00 4.196183071837052370e-05 -2.931243324128357308e+00 2.565625877247830999e+01 -1.150681470048439687e-07 0.000000000000000000e+00 inf 0.000000000000000000e+00 -3.000000000000000000e+01
-1.213626665038168488e+11 -8.929905343511453867e+08 1.310938187227904915e-02 -3.207530932970175625e-07 -5.557460639312979112e+01 1.018174732004413635e-01 -2.927600960638233104e-07 6.261927480916033018e-01 inf 0.000000000000000000e+00 -2.000000000000000000e+01
9.746349573792852984e-05 5.298015665754063607e-05 2.054230602476339910e-04 1.345321314741914591e-08 -1.003144279414626139e+00 3.270259522456536011e-08 2.305386533801001943e-05 3.445974959484051829e-07 inf 0.000000000000000000e+00 -9.000000000000000000e+01
4.061118654815878415e-01 1.966407040965106184e-02 0.000000000000000000e+00 0.000000000000000000e+00 -5.734656562020223891e-01 0.000000000000000000e+00 -3.994177138527704729e-01 1.161044161695723196e-05 inf 0.000000000000000000e+00 -9.000000000000000000e+01
7.057874045690958401e-03 5.232318945456273518e-01 0.000000000000000000e+00 2.085088898114409783e+00 -3.625389531495919471e-01 3.248651167661121161e-09 4.948812680322386876e-06 0.000000000000000000e+00 inf 0.000000000000000000e+00 -2.000000000000000000e+01
1.752885187939484667e-08 4.031635932260814867e-08 3.891405117225656411e-08 4.920568417489688600e-04 -1.007732411901888225e+00 2.075416062520349909e-07 2.833831053835500686e-09 2.833831053835500686e-09 inf 0.000000000000000000e+00 -9.000000000000000000e+01
-4.558683206106870784e+03 3.608435710877863301e+01 1.161522765196006964e-04 1.744896827535775277e-06 -1.798425572519084426e+03 -6.473473920166948701e-04 -1.203922825005218460e-02 6.325372302805195961e-03 inf 0.000000000000000000e+00 -2.000000000000000000e+01
8.832734662603465292e-01 1.267180139961535492e-04 0.000000000000000000e+00 2.236411992923104108e+00 -1.991918255097431209e-04 2.171018606019626276e-08 0.000000000000000000e+00 1.322964463043209638e-09 inf 0.000000000000000000e+00 -2.000000000000000000e+01
7.616590801241572839e-01 1.337017289569797721e-02 5.997075090679476907e-08 0.000000000000000000e+00 -2.413487620146506640e-01 6.786993567868858622e-10 -1.257853805935413688e-05 4.983205465704282529e-03 inf 0.000000000000000000e+00 -9.000000000000000000e+01
5.530534351205962594e+03 -8.352087939023305178e+08 2.553080784483635277e-02 3.179885048937701519e+00 -9.493082061173278134e+02 3.412261264052379728e-01 2.446065422259770528e-01 2.083969465671812213e+04 inf 0.000000000000000000e+00 -2.000000000000000000e+01
-1.213626665038165894e+11 -8.352087938931282759e+08 2.522504966677595675e-02 3.316864712547704208e+00 -9.218814045801510811e+08 1.582537443583245619e-05 4.576817723630941144e-03 2.606588465566848922e-02 inf 0.000000000000000000e+00 -2.000000000000000000e+01
4.000488194623855742e-01 2.338762548339614940e-06 5.978828606774323105e-09 1.019399095786300495e-08 -6.059911111382881854e-01 1.941443814258753548e-07 -4.793484375214975002e-02 3.108461775645942222e-10 inf 0.000000000000000000e+00 -9.000000000000000000e+01
8.661288720608338055e-09 3.632807792600243300e-03 3.728579168749686917e-09 5.471399460091608206e-09 -1.003718211575013619e+00 2.566698974521738978e-09 1.401759866618805669e-04 -5.228460874025764693e-09 inf 0.000000000000000000e+00 -9.000000000000000000e+01
6.553844480507609038e-01 7.116301282939233031e-02 8.395835581049062288e-09 1.431373357741350691e-08 -3.247576667953024354e-01 -6.668567323489490483e-10 -2.149333908748559980e-04 0.000000000000000000e+00 inf 0.000000000000000000e+00 -9.000000000000000000e+01
1.007733331037081737e+00 0.000000000000000000e+00 4.710883239298056734e-10 0.000000000000000000e+00 0.000000000000000000e+00 0.000000000000000000e+00 4.893475612914260310e-09 5.758817389956173465e-07 inf 0.000000000000000000e+00 -8.000000000000000000e+01
5.326918759186385314e-07 1.583175155702247402e-08 0.000000000000000000e+00 9.964690685890616079e-08 -1.007765891277494275e+00 0.000000000000000000e+00 0.000000000000000000e+00 1.415950137938339765e-02 inf 0.000000000000000000e+00 -9.000000000000000000e+01
4.081112272932730378e-01 4.230866691062422358e-03 0.000000000000000000e+00 9.615469949121455682e-10 -5.980436600431257022e-01 2.314969746241316776e-09 3.904243647265919588e-09 1.752555466198363599e-09 inf 0.000000000000000000e+00 -9.000000000000000000e+01
5.238313675358536869e-01 1.037827702798150410e-07 5.045432044853296757e-10 1.326811203577296553e-07 -4.837798746457883659e-01 1.283934847211694951e-09 -3.499565065435390559e-04 0.000000000000000000e+00 inf 0.000000000000000000e+00 -9.000000000000000000e+01
6.937382661548440188e-01 2.423579137605883504e-01 1.389521874139571228e-09 1.825845167951513732e-09 -2.121757943889165665e-01 3.772518324958642624e-09 -8.457959233893041494e-10 2.057834906938294507e-07 inf 0.000000000000000000e+00 -8.000000000000000000e+01
7.121067135162818529e-01 5.807875839976543719e-03 1.122340251717301140e-09 6.973085408072166147e-08 -2.934505687567095511e-01 -1.009814709597073018e-07 1.880634138150299434e-06 3.311632534937283086e-07 inf 0.000000000000000000e+00 -9.000000000000000000e+01
3.832977031353133057e-01 -1.036085059515236230e-03 2.019564502859975924e-09 3.554433525033557338e-05 -6.247117261045160852e-01 0.000000000000000000e+00 1.021615637188933032e-09 3.597349270719331859e-08 inf 0.000000000000000000e+00 -9.000000000000000000e+01
5.965115062077138708e-01 -3.880991869281744545e-03 2.731209829268156923e-04 4.080065492190295188e-09 -4.126686157699266388e-01 0.000000000000000000e+00 2.769781602698326471e-07 0.000000000000000000e+00 inf 0.000000000000000000e+00 -9.000000000000000000e+01
3.988779638145279471e-01 6.334768798743193501e-04 6.491590003390178561e-10 2.502184492515993432e-05 -6.446512546497420448e-01 5.429801827494165796e-03 8.420757013862256724e-01 2.439036706476078564e-09 inf 0.000000000000000000e+00 -1.000000000000000000e+01
1.007858120304581773e+00 -4.653102262319380516e-04 6.731918782290770768e-06 4.787142245184547847e-07 -5.876217105964032700e-05 1.267347991240721198e-09 2.015386885222694659e-04 0.000000000000000000e+00 inf 0.000000000000000000e+00 -8.000000000000000000e+01
6.758497389966209301e-01 0.000000000000000000e+00 6.584849244667105619e-10 3.315665266726495312e-08 -3.314263143156506164e-01 9.102585720569234117e-10 -5.354644468134004316e-06 3.921979592659928103e-04 inf 0.000000000000000000e+00 -9.000000000000000000e+01
3.725786953426403869e+00 2.651761768361615527e-03 8.196926038551334483e-10 2.089033253563947305e-03 -1.152437163866458026e-03 5.380288956473383166e+01 -3.733857867878365222e-06 3.591595474171639601e+00 inf 0.000000000000000000e+00 -2.000000000000000000e+01
-1.112771263511450653e+11 1.922454542786111026e-02 5.188035487218668975e-06 8.097814239618434740e-04 -1.116238167938931465e+09 1.020467918337756609e-02 4.937994571132515303e-02 7.852968823818761140e-05 inf 0.000000000000000000e+00 -2.000000000000000000e+01
2.468306060424888260e-01 1.215849913238954520e-02 3.698842663175895813e-08 -3.293948227650897529e-05 -7.586206197012085317e-01 4.989778317772770172e-03 4.119563158095695466e-05 1.473552420961399495e-06 inf 0.000000000000000000e+00 -9.000000000000000000e+01
3.875601534298458439e-01 4.806746834850567088e-08 0.000000000000000000e+00 6.033954802546790168e-10 -1.315355672246749652e+00 3.765988561611229635e+00 8.932440644253556867e-10 0.000000000000000000e+00 inf 0.000000000000000000e+00 -3.000000000000000000e+01
-8.774419932824479675e+10 3.293842674439209583e-06 1.953721374045813036e+03 0.000000000000000000e+00 -3.705789114682750962e-01 2.687327734386663788e-05 3.962625984017198899e+00 1.080182490458021682e+01 inf 0.000000000000000000e+00 -2.000000000000000000e+01
1.631251258356695083e-10 1.227667392023110038e+00 3.737585964766517757e-09 -5.096994868407335960e-08 -3.638022982827103643e-04 9.560807979492411256e-11 6.407881390206830860e-04 0.000000000000000000e+00 inf 0.000000000000000000e+00 -9.000000000000000000e+01
3.513893984596522246e-01 -2.967288253659285391e-01 2.067432348379031166e-10 2.329209726932551572e+00 -2.264509456739980942e-01 3.802413263852891745e-10 2.919339145198531504e-10 2.971284681589964246e-10 inf 0.000000000000000000e+00 -2.000000000000000000e+01
6.987353792709396494e-01 6.744447394596295006e-10 0.000000000000000000e+00 -2.092601515945012717e-09 -3.082656085018851688e-01 8.866214088463886263e-08 -1.565793566993702382e-02 4.885167302031911234e-10 inf 0.000000000000000000e+00 -9.000000000000000000e+01
0.000000000000000000e+00 1.121559371444145192e+00 2.614823436549590913e-09 -4.013986610640681901e-07 -1.355113494450888023e-01 8.486544391933192904e-09 3.116282922596863331e-04 1.299036838940650882e-08 inf 0.000000000000000000e+00 -9.000000000000000000e+01
4.177564374961028615e-01 1.558200687817766497e-05 1.173747935468789318e-09 4.359635188884074964e-09 -5.893600919557815399e-01 2.917602011022419138e-08 2.300336355673207492e-09 6.539452783326112032e-08 inf 0.000000000000000000e+00 -9.000000000000000000e+01
4.087245654252960603e-01 6.407969881667777146e-02 0.000000000000000000e+00 -2.133385193580991440e-08 -7.597196724571886328e-01 8.226447821059983470e-03 1.817575916604809941e-03 3.156739152084726925e+02 inf 0.000000000000000000e+00 -3.000000000000000000e+01
6.122376435634220293e-01 -4.991395566982578247e-01 3.543519160407568623e-05 -1.011175693856157247e-09 -5.534266383935366740e-01 3.876173493115270032e-09 -1.241499046345615327e-09 8.134346692798421576e-09 inf 0.000000000000000000e+00 -1.000000000000000000e+01
-6.858167303816795349e+10 6.787831546696089513e-02 8.683532248926528752e-02 4.341766124463264376e-02 -3.356001759303435694e+00 7.222717557251909748e+06 4.615037495853337342e-03 3.951094921976897400e-08 inf 0.000000000000000000e+00 -2.000000000000000000e+01
2.489199473145819498e-03 7.374117565860803802e-01 2.176096359830841474e-07 0.000000000000000000e+00 -5.774073188362705000e-01 0.000000000000000000e+00 -4.312386078933070105e-07 2.404984544020365847e-09 inf 0.000000000000000000e+00 -9.000000000000000000e+01
4.436646583592885884e-01 1.847082510644653189e-02 5.056200895484663453e-10 6.609448412897052242e-05 -5.574996693856849594e-01 3.533903851682829840e-10 4.142039773581036300e-06 1.086016105795699002e-03 inf 0.000000000000000000e+00 -9.000000000000000000e+01
8.834034871944749521e-09 1.196567686358653864e-07 2.015702401336599708e-09 7.829104979104473629e-10 -1.006890457028697616e+00 0.000000000000000000e+00 3.505569393628869115e-08 1.555537992266250182e-07 inf 0.000000000000000000e+00 -9.000000000000000000e+01
6.801669652042281466e-01 7.293531720172829536e-05 6.230923182351305253e-04 2.266898214019252237e-03 0.000000000000000000e+00 0.000000000000000000e+00 -1.338493706755109480e+00 3.789106070458382578e-09 inf 0.000000000000000000e+00 -9.000000000000000000e+01
5.155567003086644062e-01 8.818411836482244540e-03 2.793597634860951209e-09 3.358930017162510828e-01 -4.882165722619928316e-01 8.147993101677775090e-08 1.318578083654368924e-06 6.650997249076952278e-05 inf 0.000000000000000000e+00 -9.000000000000000000e+01
4.745978432733131136e-01 -2.579887110383877556e-06 1.160259673923670294e-09 1.613632667129264453e+00 -5.299675916551995769e-01 1.997856657575233912e-08 -1.318644327824361715e-09 1.035025296420797806e-09 inf 0.000000000000000000e+00 -9.000000000000000000e+01
5.104253495394921458e-01 4.140483408920089987e-03 5.882939470127451235e-10 2.608163876539476811e-09 -4.957579544377825331e-01 -7.227090965159667786e-08 -2.762613804423937576e-08 0.000000000000000000e+00 inf 0.000000000000000000e+00 -9.000000000000000000e+01
3.769243190573811075e-01 1.891604416321733169e-09 9.035373631468299280e-05 7.729386661154651124e-07 -6.308111660908501950e-01 0.000000000000000000e+00 0.000000000000000000e+00 4.882439366028252657e-04 inf 0.000000000000000000e+00 -9.000000000000000000e+01
3.977774556572922120e-09 5.756895231199844060e-02 0.000000000000000000e+00 4.774495116109212460e-07 -9.856391325774001011e-01 0.000000000000000000e+00 0.000000000000000000e+00 4.210904200914192260e-09 inf 0.000000000000000000e+00 -9.000000000000000000e+01
2.468456906864481049e+00 4.255324966311158086e+00 1.736206565321141505e-08 9.966222061588463771e-03 -8.658020494226165154e-01 1.251715721401487030e-06 5.828800452555459742e+03 2.372374610779744717e-04 inf 0.000000000000000000e+00 -2.000000000000000000e+01
4.364398446233905271e-01 8.231102332809558941e-01 1.944119373665048297e-04 3.748037830960021023e-04 -6.532241095514562668e-02 -7.047432729535800652e-04 -3.341455173486802057e-05 0.000000000000000000e+00 inf 0.000000000000000000e+00 -9.000000000000000000e+01
4.899332061068703297e+03 -4.740729160305344462e+08 1.905016771709646317e-04 1.226854688338651321e-02 -3.306297709923665025e+03 8.514536658429919893e-08 -1.948312607430320158e-05 0.000000000000000000e+00 inf 0.000000000000000000e+00 -2.000000000000000000e+01
3.493217794413321087e-02 4.924232532262640682e-01 7.933595391854582487e-10 2.275972614676835130e-09 -4.374954148037649704e-01 1.572359629697876565e-09 -8.133174671682326107e-01 -2.311480659355528246e-05 inf 0.000000000000000000e+00 -9.000000000000000000e+01
9.049448072304508983e-01 -9.786691590203771413e-03 2.657198126807620119e-09 2.384853720458916616e-09 -1.064495665710492173e-01 1.748892728336538824e-08 0.000000000000000000e+00 0.000000000000000000e+00 inf 0.000000000000000000e+00 -9.000000000000000000e+01
4.068962642306215688e-09 -1.143707964571270413e-01 1.313417414770737929e-04 2.579074196277085507e-03 -1.047422527910259360e+00 4.761293599355332856e-08 -1.373118206351226140e-04 0.000000000000000000e+00 inf 0.000000000000000000e+00 -9.000000000000000000e+01
7.399236406596774174e-01 -4.836176600645344850e-04 4.738745107348125266e-10 8.952972626478329497e-10 -2.680038383491745169e-01 2.558198885432514971e-08 -7.971394029249987239e-06 -1.062062312298585630e-04 inf 0.000000000000000000e+00 -8.000000000000000000e+01
1.008347345112871052e+00 9.996205457906177359e-10 1.272954288780239796e-09 0.000000000000000000e+00 -3.979289468683290803e-05 0.000000000000000000e+00 4.822388179888331745e-10 1.699354927844050027e-08 inf 0.000000000000000000e+00 -8.000000000000000000e+01
9.504643849320109153e-03 1.944131696451840410e-03 1.955164792472086165e-10 2.403422086355930220e-09 -9.994917060672243725e-01 1.688114353709211117e-03 5.078469018027007444e-07 2.346197750966503605e-10 inf 0.000000000000000000e+00 -9.000000000000000000e+01
5.714877313087316502e-01 5.597849108723753631e-01 4.022844524997471090e-03 -2.609971352380498924e-08 -1.506738131180870854e-01 0.000000000000000000e+00 -2.596718045735893943e-06 1.554938389224462002e-09 inf 0.000000000000000000e+00 -8.000000000000000000e+01
4.931775002283954063e-04 4.131532558783759050e-09 4.424092281460606361e-04 0.000000000000000000e+00 -1.005076405171343223e+00 1.189660044828359091e-09 -1.475547342422770941e-09 6.363297914198199827e-09 inf 0.000000000000000000e+00 -9.000000000000000000e+01
1.486621085165872325e+00 -1.231342422517005920e-08 0.000000000000000000e+00 3.814804873587374867e-09 -5.653904659008504030e-01 6.017906239501294309e-06 -2.372267689094476939e+00 6.620385493687106646e+04 inf 0.000000000000000000e+00 -3.000000000000000000e+01
9.692298357356053939e-01 1.661038417170968928e-04 6.088568144077038185e-10 1.662894326016970195e-03 -3.848412583067845061e-02 3.197092972994052645e-06 4.106198321777395396e-05 5.026608584063601436e-10 inf 0.000000000000000000e+00 -9.000000000000000000e+01
9.787233997963851184e-01 1.451747754272109707e-09 1.949625836556905466e-08 2.813700007318925989e-04 -2.675198587889923360e-02 0.000000000000000000e+00 7.822873669184582857e-07 2.095847774298673335e-06 inf 0.000000000000000000e+00 -9.000000000000000000e+01
8.001839550915806898e-01 1.821027437382666578e-09 1.885161008013056525e-04 0.000000000000000000e+00 -2.078298793866265037e-01 5.929938072368714591e-10 -2.171314243809141211e-08 3.842135914859925163e-10 inf 0.000000000000000000e+00 -9.000000000000000000e+01
1.004355171667556945e+00 7.903964274756360449e-06 6.407711972803511427e-10 9.918450716523443546e-10 -1.518848300329772062e-03 1.128150117142785404e-07 -2.924426557923086312e-02 1.068443007878960980e-08 inf 0.000000000000000000e+00 -9.000000000000000000e+01
1.385653363043115717e-06 4.758809529643023599e-06 0.000000000000000000e+00 8.621843147823831131e-06 -1.018174732004413358e-01 3.863616805623165528e-08 -1.123661303338203965e-02 0.000000000000000000e+00 inf 0.000000000000000000e+00 -9.000000000000000000e+01
4.602441909299911926e-03 7.017195938010263312e-01 3.911272568560212187e-07 1.492161789161699510e-06 -6.092632959691344219e-01 1.695638396774658654e-09 1.957049316277418337e-08 2.296176995632350067e-08 inf 0.000000000000000000e+00 -9.000000000000000000e+01
