4.472141631880429125e-01 9.356852518342895098e-06 2.316863959557834746e-06 4.819767299308761725e-10 -5.604823791920013898e-01 3.992586103940601254e-08 5.785175783260871015e-08 -1.977311529379447222e-02 7.041072106409270418e+03 1.000000000000000000e+00 0.000000000000000000e+00
6.029933835663283670e-01 4.913128024521327214e-06 3.902869796545814507e-02 1.228282006130331645e-07 -4.029713064933553301e-01 1.548379741061266615e-04 1.770162573939013902e-09 6.312625098172856250e-06 2.952821992733704610e+04 0.000000000000000000e+00 0.000000000000000000e+00
5.943872786347116355e-01 0.000000000000000000e+00 7.993608506689884667e-08 2.435469139677452594e-07 -4.136815984467716589e-01 2.068012392287521094e-06 4.472148010869707928e-07 5.924883988922925147e-06 3.334860727027036774e+04 0.000000000000000000e+00 0.000000000000000000e+00
6.216024230700465392e-01 9.928638277960733511e-06 8.412849339569747500e-10 1.642350692801640354e-07 -3.862295757379675121e-01 -2.435359074814041855e-07 0.000000000000000000e+00 2.789612819237614508e-09 3.835717052878401591e+04 0.000000000000000000e+00 0.000000000000000000e+00
6.152472515435031264e-01 5.420999044380021272e-05 0.000000000000000000e+00 0.000000000000000000e+00 -3.916611576241849635e-01 9.882029507984412366e-07 -5.146890368741881441e-07 3.519884796177305460e-05 4.894233453598490451e+04 1.000000000000000000e+00 0.000000000000000000e+00
6.171477700830162449e-01 3.372279593023959961e-03 2.472547155781315001e-04 1.488162977943194592e-07 -3.894536497817324694e-01 2.902965809086372504e-08 -1.052194105531667138e-07 0.000000000000000000e+00 7.005775324823929986e+04 1.000000000000000000e+00 0.000000000000000000e+00
6.421177425530069094e-01 -1.150289972930717754e-06 1.384505390953007058e-02 4.885940419001834944e-09 -3.649726986547486285e-01 8.282832329355492408e-08 1.319640157810763415e-09 0.000000000000000000e+00 8.392407901741085516e+04 1.000000000000000000e+00 0.000000000000000000e+00
6.399448329127374047e-01 3.941421589428369820e-05 1.416633322776900823e-06 1.049606487315209447e-01 -3.577873384012122404e-01 -2.575535549127967727e-02 1.235335234756701126e-09 -6.787293682407820328e-02 9.009201183105286327e+04 0.000000000000000000e+00 0.000000000000000000e+00
6.467333938729864506e-01 2.690123971954614876e-03 4.903871823875600305e-04 4.276607340030413526e-03 -3.597868368644941417e-01 1.175447298442709107e-05 1.887946446616770812e-08 -7.078154622159043545e-08 1.109029051295294630e+05 1.000000000000000000e+00 0.000000000000000000e+00
6.552203145937320894e-01 3.170928090304031121e-03 3.876306721962572343e-04 1.240418151028023150e-02 -3.510907487754810208e-01 2.482405933299094503e-06 1.394924461213291811e-04 3.248960729390326180e-09 1.115260695688598207e+05 1.000000000000000000e+00 0.000000000000000000e+00
6.541983726820628231e-01 -1.338939876723439895e-05 2.550906485979976950e-08 2.580093059046109373e-08 -3.535413361350668859e-01 4.742818123246524948e-10 0.000000000000000000e+00 0.000000000000000000e+00 1.117229795963806828e+05 0.000000000000000000e+00 0.000000000000000000e+00
6.207082368539282857e-01 6.914507197306627440e-01 3.565649338545084083e-05 5.462002038991967459e-10 -7.120852438793649044e-06 -3.242686471211044232e-07 1.951018627157442264e-09 -4.519460536605893718e-03 inf 0.000000000000000000e+00 -9.000000000000000000e+01
6.415941684299403258e-01 -1.044127889916935704e-02 6.242577649384882069e-10 3.702020360148980060e-08 -3.699928032000135425e-01 -5.746225909678439014e-10 0.000000000000000000e+00 0.000000000000000000e+00 inf 0.000000000000000000e+00 -9.000000000000000000e+01
6.494951186658723952e-01 -6.387325914833687224e-02 1.374476213957382001e-06 1.850723296923394211e-05 -3.818357469966512374e-01 5.497904855829528005e-06 6.397534122899238768e-10 -1.626808626431427984e-03 inf 0.000000000000000000e+00 -9.000000000000000000e+01
6.073245275269163468e-01 3.751745831002716361e-05 8.604303313018205859e-05 9.961042440119498298e-02 -4.002820749609221074e-01 3.325953569306768046e-07 0.000000000000000000e+00 4.668620841348813963e-07 inf 0.000000000000000000e+00 -9.000000000000000000e+01
9.984493871439527046e-01 1.221605027617573085e-09 1.902057260911421163e-08 2.195242467539638951e-09 -9.605180991519642053e-03 8.507773768364333038e-04 0.000000000000000000e+00 -2.727643464650581053e-09 inf 0.000000000000000000e+00 -9.000000000000000000e+01
4.695375758279037304e-01 3.553257330589541796e-02 5.158614898285838978e-08 3.167404675450432913e-10 -5.253744767371679725e-01 3.601651128985022246e-05 3.369286540018246573e-05 6.051161171009782035e-10 inf 0.000000000000000000e+00 -9.000000000000000000e+01
6.344826919080612804e-01 1.124568729634142822e-05 0.000000000000000000e+00 5.736146061532349655e-03 -3.726546814918526018e-01 7.844368928809590590e-10 -2.391293938719218123e-07 7.354095870758990403e-10 inf 0.000000000000000000e+00 -9.000000000000000000e+01
2.263034875431313153e-01 4.185303881589185204e-01 3.694702058178083240e-04 4.270566011151008048e-09 -5.871658055173136770e-01 1.949877944603582172e-07 1.974876379790807595e-07 -6.293792697718601087e-03 inf 0.000000000000000000e+00 -9.000000000000000000e+01
3.371875631693962427e-01 -1.283566230529201815e-07 1.400382016860258534e-09 9.684844989929809202e-05 -6.705971144265302497e-01 4.314584031042018384e-07 9.259691824449258897e-07 8.034674228996828208e-07 inf 0.000000000000000000e+00 -9.000000000000000000e+01
-7.245801526717559318e+04 4.182967557251909057e+02 3.143576265291403785e-03 1.478380166378071621e-07 -5.714008826335879121e+01 1.971173555170762074e-07 1.014432251908397120e+03 5.661303760441206223e-04 inf 0.000000000000000000e+00 -2.000000000000000000e+01
3.992830744934736781e-04 -3.459506996170441844e-08 2.458676849877793925e-03 2.140281661630779866e-06 -1.008621794940031346e+00 6.321408183106579361e-11 8.652521295760491267e-12 1.974225325814598784e-07 inf 0.000000000000000000e+00 -9.000000000000000000e+01
7.330317465588529480e-01 8.069596641805554943e-04 8.085244591162774719e-08 2.087104278396734180e-02 -2.747017959326610859e-01 1.984239065604139455e-07 3.599632980167651877e-10 4.537468392625124376e-10 inf 0.000000000000000000e+00 -9.000000000000000000e+01
4.187486462948308286e-01 -2.995123717509490085e-07 1.410524823155389398e-09 4.986041235339981262e-09 -5.889875819380564481e-01 6.961504941154505373e-10 1.321213452957457495e-06 0.000000000000000000e+00 inf 0.000000000000000000e+00 -9.000000000000000000e+01
4.803490719409054810e-01 3.102477302068208931e-01 7.492531640632698706e-10 2.891856536949354278e-03 -3.926238516755284902e-01 1.901030634352019832e-09 1.418798544715553611e-09 -6.392173062019844421e-02 inf 0.000000000000000000e+00 -9.000000000000000000e+01
1.907256211488301802e-05 2.635635492455868922e-01 0.000000000000000000e+00 4.338914571145109341e-07 -3.889244021350191649e-01 5.411979465084222780e-07 3.076691663902225184e-03 1.825376694581208732e-07 inf 0.000000000000000000e+00 -9.000000000000000000e+01
4.024999259063346546e-01 4.243873130534709238e-05 5.818952226840047698e-10 2.575661612632648413e-09 -6.052188666912768911e-01 5.563575013122929449e-10 5.968530309160074396e-09 0.000000000000000000e+00 inf 0.000000000000000000e+00 -9.000000000000000000e+01
5.212793018894776439e-04 1.054179479935727043e-04 1.540171161312584580e+00 6.692379572426613741e-06 -2.930120916671745488e-04 -5.021771915948123195e-12 9.756585436699211056e-11 2.725669369220504741e-08 inf 0.000000000000000000e+00 -9.000000000000000000e+01
6.794266948909147841e-01 -2.252822889127760811e-02 3.007701791723974068e-05 2.104312904209435944e-09 -3.367507310433167644e-01 8.649402948144094532e-06 8.130299857172820881e-10 2.825371172085396290e-07 inf 0.000000000000000000e+00 -9.000000000000000000e+01
8.444219645316086709e-01 2.660872504587236488e-08 7.157227561145711564e-08 1.918590616087442399e-02 -2.643660508223958372e-01 2.770539701088662472e-09 3.222748048120634756e+00 -2.562786164036360615e-04 inf 0.000000000000000000e+00 -3.000000000000000000e+01
4.851934855305448102e-02 1.157620326182700499e+00 4.690000001822331940e-03 3.754444301133082473e-01 -2.558876222492640490e-03 3.154674268326747646e-03 1.765782360054744968e-08 0.000000000000000000e+00 inf 0.000000000000000000e+00 -9.000000000000000000e+01
3.277546786605570750e-01 -5.069252821256241052e-10 6.232092178103551057e-10 2.834420932315317853e-09 -3.687240134931267233e-01 2.911749749545663971e-07 0.000000000000000000e+00 -2.239656970847140105e+00 inf 0.000000000000000000e+00 -3.000000000000000000e+01
6.525859908133360143e-01 -1.782061744144109589e-02 7.733771477667659294e-03 1.342699910023966667e-09 -3.614322410658475926e-01 2.028636298598884458e-08 8.928393384983881250e-08 -2.345230904485426024e-03 inf 0.000000000000000000e+00 -9.000000000000000000e+01
5.240516899160750919e-01 -1.921507965633685394e-06 3.294747179790537884e-08 4.077795906925795258e-04 -4.833718783700784449e-01 3.423113953029130414e-07 2.476052426024404613e-07 8.580070780704525740e-10 inf 0.000000000000000000e+00 -9.000000000000000000e+01
5.540267516715391416e-01 1.608352219902893787e-01 5.549787705059479686e-07 9.812344074787177507e-05 -3.809806126104035018e-01 -1.853442769682022567e-02 8.889891501472300695e-10 -4.884366828338506522e-02 inf 0.000000000000000000e+00 -9.000000000000000000e+01
5.180425905971783873e-01 -2.868927211180834224e-05 4.192270396619880658e-05 5.333780167265776305e-04 -4.899060920663411700e-01 7.861246875721168273e-10 1.108047371395766634e-06 -5.805738897217778763e-03 inf 0.000000000000000000e+00 -9.000000000000000000e+01
6.213162837907224567e-01 5.778611270375022784e-05 0.000000000000000000e+00 8.511299203047520441e-10 -3.854462130923926311e-01 4.213570717981787588e-06 -5.486420205705451839e-07 3.752084401250448516e-05 inf 0.000000000000000000e+00 -9.000000000000000000e+01
3.435467308249084972e-01 6.316180167889855201e-02 0.000000000000000000e+00 4.552678227413167289e-05 -6.403069418876699004e-01 2.153955290389025231e-05 -2.928128585234547997e-09 -4.522000682368232209e-03 inf 0.000000000000000000e+00 -9.000000000000000000e+01
0.000000000000000000e+00 1.435539824356093219e-08 3.271540818077470885e-06 1.449688688247279672e-03 -9.729889840455939742e-01 -8.532882641704195303e-02 2.800878599417327688e-09 9.755940107719812793e-07 inf 0.000000000000000000e+00 -9.000000000000000000e+01
6.392758463674039771e-01 3.365164933848215911e-01 0.000000000000000000e+00 3.282209353515662133e-08 -2.194214126145545285e-01 1.219740424690282047e-03 3.551325369474417867e-07 -7.542611058625312004e-02 inf 0.000000000000000000e+00 -9.000000000000000000e+01
6.872854361588152106e-01 3.365446847287645663e-03 4.321539701630726610e-04 5.788843454030374320e-08 -3.191667410082247303e-01 5.181948575785254218e-08 -9.943739158939271697e-08 2.623279769103828673e-05 inf 0.000000000000000000e+00 -9.000000000000000000e+01
1.005331144476356631e+00 1.450652624713536464e-04 4.950094264425338223e-05 3.440922458927389464e-09 -1.738033097287118621e-03 1.499637932538578917e-05 2.408645721249172583e-08 -9.030323331233831332e-08 inf 0.000000000000000000e+00 -9.000000000000000000e+01
4.132515078297135935e-01 1.170002053253440052e-04 3.156584598638997645e-09 1.178480329001653401e-04 -5.949895658948817223e-01 3.753403326031944605e-07 3.797561012220555618e-07 -1.211828213611292407e-02 inf 0.000000000000000000e+00 -9.000000000000000000e+01
0.000000000000000000e+00 2.510669219311673126e-08 1.804498498818786923e-04 8.537412252475980092e-04 -1.004570911383704690e+00 0.000000000000000000e+00 -1.349129421999933011e-06 -5.293195596535108091e-04 inf 0.000000000000000000e+00 -9.000000000000000000e+01
6.988478464005064561e-01 -5.394024683856048987e-07 0.000000000000000000e+00 6.930906793779341652e-04 -3.093149514710412662e-01 4.393889360393932623e-10 -1.617559084882312928e-07 2.471721046538604312e-08 inf 0.000000000000000000e+00 -9.000000000000000000e+01
1.038888243340663875e+00 -1.058367397903301338e-01 8.514352647026854474e-10 9.965662757315521792e-10 -4.179901916565952232e-03 -5.194441216703319514e-03 7.450522985383789692e-06 0.000000000000000000e+00 inf 0.000000000000000000e+00 -9.000000000000000000e+01
3.958125790002651190e-01 3.321343978879539639e-04 0.000000000000000000e+00 6.146395179305815014e-04 -6.117991961831258374e-01 7.791273747150612677e-10 1.789517229999751988e-07 6.990301679686531203e-10 inf 0.000000000000000000e+00 -9.000000000000000000e+01
1.368765544887651469e-04 3.821236852259559905e-06 8.325071114343617482e-09 2.465389480879302569e-08 -1.007595219348233373e+00 2.079807239793914098e-08 5.586560879362163906e-10 7.028842936452396230e-10 inf 0.000000000000000000e+00 -9.000000000000000000e+01
1.006869885848566959e+00 -3.371626059794692219e-05 1.101876091030775913e-03 4.358532093410624753e-02 -7.403229986613025972e-04 0.000000000000000000e+00 -2.714646563685262663e-08 -8.089062964822150817e-07 inf 0.000000000000000000e+00 -9.000000000000000000e+01
9.467108155762605781e-01 1.516292476692984170e-01 0.000000000000000000e+00 0.000000000000000000e+00 -9.462352656145573223e-06 -5.209484906694565046e-07 1.325255418601403330e-09 5.054799356195516777e-09 inf 0.000000000000000000e+00 -9.000000000000000000e+01
2.425324869107514311e-07 9.581898867489380828e-06 2.757641017038111399e-08 8.162151001804134904e-08 -1.009429941672176145e+00 4.523850271544394008e-03 0.000000000000000000e+00 3.199271687314299376e-09 inf 0.000000000000000000e+00 -9.000000000000000000e+01
5.524985924713182728e-01 -1.105790303505150559e-04 1.091509909465743659e-07 2.035264249651410895e-01 -4.548840001618980611e-01 0.000000000000000000e+00 8.913609708430273356e-08 -7.447402367356886791e-09 inf 0.000000000000000000e+00 -9.000000000000000000e+01
1.002498935479907427e+00 1.868962184687460515e-05 2.313882322602708011e-06 0.000000000000000000e+00 -5.195952957785877728e-03 3.906071444908108238e-08 -2.114335547746018225e-09 -1.974766871932697246e-02 inf 0.000000000000000000e+00 -9.000000000000000000e+01
5.383390997192704086e-01 1.954366368617813446e-02 4.008671926539947306e-02 1.581260061881685441e+00 -2.215318696245760152e-02 5.950697713839584256e-06 1.684223669577604364e-06 -3.090567377575000600e-05 inf 0.000000000000000000e+00 -9.000000000000000000e+01
7.224189982895405926e-01 0.000000000000000000e+00 4.845545857054304296e-08 1.476326666469997527e-07 -2.860706810269358358e-01 3.133956607769643901e-07 2.710915633167129572e-07 9.835270985044567251e-06 inf 0.000000000000000000e+00 -9.000000000000000000e+01
9.486977103766962571e-01 5.860577859882082509e-05 8.224987640178821125e-08 4.505977228795565162e-04 -5.947328449520576654e-02 2.975910194718566371e-03 1.223574007669831202e-09 -4.477902604317088526e-04 inf 0.000000000000000000e+00 -9.000000000000000000e+01
4.898040739922938924e-02 1.167613752143246142e+00 4.731062078334656758e-03 2.374807631477788561e-01 -1.751439954448849281e-05 1.050863972669309568e-05 0.000000000000000000e+00 2.882597918025575911e-09 inf 0.000000000000000000e+00 -9.000000000000000000e+01
7.233164569098444741e-01 1.104042889173091463e-08 1.598138387902156288e-01 5.986301153695785748e-09 -2.756422173629407002e-01 1.132445047931502144e-09 8.797386610297457406e-09 -5.082764291798906875e-01 inf 0.000000000000000000e+00 -9.000000000000000000e+01
-2.494848511612715036e-01 8.131107553349427918e-06 2.743093812387058394e-08 7.190855843543930573e-04 -1.256305593549962740e+00 3.203163581622501894e-06 0.000000000000000000e+00 1.197490385129642934e-05 inf 0.000000000000000000e+00 -9.000000000000000000e+01
7.155624340215331891e-01 3.610710717579939554e-06 0.000000000000000000e+00 6.835748004868224959e-10 -2.926012725256368352e-01 1.124293157569801504e-04 1.285331767710743505e-09 1.979463707973424344e-09 inf 0.000000000000000000e+00 -9.000000000000000000e+01
1.953721374045802008e+02 -7.643358778625956038e+05 0.000000000000000000e+00 1.884234770563722808e-02 -2.950933325381680206e+01 8.631174146901561507e-08 0.000000000000000000e+00 1.232587654172009363e-03 inf 0.000000000000000000e+00 -2.000000000000000000e+01
3.072465962395961592e-01 -3.598260188393281648e-09 6.824429471079404374e-06 1.545711769644429019e-07 -7.197275006713474976e-01 4.956347997443026621e-02 3.885280942720372143e-10 1.867255660322230174e-04 inf 0.000000000000000000e+00 -9.000000000000000000e+01
5.850400912490740790e-01 1.333967634769875898e-01 2.289907209955002261e-07 1.391436672715713110e-09 -3.696996016362227300e-01 2.116891998536179879e-04 0.000000000000000000e+00 0.000000000000000000e+00 inf 0.000000000000000000e+00 -9.000000000000000000e+01
2.322674532223050544e-08 9.379138067444404633e-03 1.432763281437277714e+00 6.217260111506145729e-09 -3.739354718036850822e-01 9.292897631290140184e-10 4.560301638392479041e-09 1.189960123983364931e-06 inf 0.000000000000000000e+00 -9.000000000000000000e+01
5.535327633979680861e-01 4.713830246604604479e-01 1.180407695425784014e-09 4.681555211796704611e-10 -2.278677276885628378e-01 2.499258268710147345e-09 7.956822243240468761e-09 0.000000000000000000e+00 inf 0.000000000000000000e+00 -8.000000000000000000e+01
6.747856888449105250e-01 -2.402071477819492544e-06 8.794971269366291811e-03 1.170324904630992929e-04 -3.315469288012740656e-01 4.492435155694818764e-09 3.848411598416375359e-06 2.638216767333245288e-09 inf 0.000000000000000000e+00 -9.000000000000000000e+01
3.923105924176906734e-01 2.350103389083610383e-01 2.368236460175528420e-08 5.581495549073574487e-04 -5.163960513613052861e-01 -2.205373511179230145e-07 8.731471176120343350e-10 -3.903481231677329701e-09 inf 0.000000000000000000e+00 -9.000000000000000000e+01
4.702719854527505072e-01 4.714280468218747799e-01 3.015581644510972881e-01 7.504350787066470518e-01 -7.370184456784806271e-01 -2.619882384276059906e-01 3.885863314238269250e-02 -2.126670637048317936e-01 inf 0.000000000000000000e+00 -9.000000000000000000e+01
4.944308245002192459e-01 4.028571467355088708e-06 1.273234590179697762e-08 1.959922908478860604e-08 -5.136320215681889900e-01 8.535688393862661386e-05 1.451463589460470140e-09 2.080129682363382124e-02 inf 0.000000000000000000e+00 -9.000000000000000000e+01
7.995276969433152692e-01 6.404626748627868099e-03 3.885953308156234187e-04 8.235408588316672899e-09 -2.058691708143214061e-01 3.041610905284957935e-08 -1.102446696355991862e-07 0.000000000000000000e+00 inf 0.000000000000000000e+00 -9.000000000000000000e+01
9.829616874761960554e-01 -2.720021391227489323e-06 2.714069484463315667e-05 6.100704433278285662e-07 -2.394018792414743385e-02 -2.622558917964141170e-08 2.045967950184790956e-07 0.000000000000000000e+00 inf 0.000000000000000000e+00 -8.000000000000000000e+01
7.265420028581329737e-01 5.062896471446188974e-09 9.713968240393191335e-08 3.838036402672834348e-08 -2.834938403309185673e-01 5.119628083865520631e-03 5.434387826793393760e-09 -1.254865361860516134e-03 inf 0.000000000000000000e+00 -9.000000000000000000e+01
1.910648227879939709e-01 1.811964573748988186e-02 7.244256539220713742e-08 7.878106842386904543e-04 -8.093718187546967702e-01 1.923365928317115367e-07 0.000000000000000000e+00 2.076001464569254876e-09 inf 0.000000000000000000e+00 -9.000000000000000000e+01
3.215798912960796119e-01 3.633007875559605941e-06 0.000000000000000000e+00 2.783733307246970853e-05 -6.864493833435545422e-01 8.728655285435417147e-07 0.000000000000000000e+00 0.000000000000000000e+00 inf 0.000000000000000000e+00 -9.000000000000000000e+01
-1.774318974023535514e-02 4.584010608886998502e-09 3.538253137998438082e-03 1.598178513518133853e-07 -1.990085655948270471e+00 2.400255981983410170e+00 -3.430696176780456382e-05 2.569865969247007524e+04 inf 0.000000000000000000e+00 -3.000000000000000000e+01
-8.430668202796857136e-01 -6.072649098784034478e-05 1.560591899850491753e-11 2.287438652082382617e+00 -4.029363479277909832e-01 0.000000000000000000e+00 1.741007148388121003e-11 0.000000000000000000e+00 inf 0.000000000000000000e+00 -2.000000000000000000e+01
8.331361365210251391e-01 8.049232858125452122e-04 1.179617009400015445e-08 1.167428305178482839e-01 -1.712228180928441479e-01 8.341261849240558699e-07 2.026776415963509655e-09 8.173376282359657736e-09 inf 0.000000000000000000e+00 -9.000000000000000000e+01
5.702672474455602325e-01 -8.896703319763978263e-04 2.226487468340726574e-08 5.131613900699338339e-05 -4.391174903328236012e-01 2.003473549643507764e-03 2.940149987581602010e-09 9.348399696538627632e-05 inf 0.000000000000000000e+00 -9.000000000000000000e+01
3.512751964619286205e-07 1.037432746884229236e-07 1.773939742132739478e-08 1.203703006542875444e-07 -6.369790229176305257e-06 -3.790844828484979335e-09 -1.835998360174346813e-07 -2.255215327921291646e+00 inf 0.000000000000000000e+00 -3.000000000000000000e+01
3.684507586986224825e-01 5.149854964720736742e-05 0.000000000000000000e+00 7.686481806309096647e-10 -8.960722451550498846e+00 8.998451809241238379e+02 0.000000000000000000e+00 0.000000000000000000e+00 inf 0.000000000000000000e+00 -3.000000000000000000e+01
5.554170290992320735e-01 8.353919984620669572e-05 4.738806513015121091e-07 1.375370014859286978e-04 -4.522681522665175091e-01 4.956356512614618223e-07 1.335567823628213875e-06 -1.205870189084374812e-04 inf 0.000000000000000000e+00 -9.000000000000000000e+01
2.874304637542582919e-01 5.324215301756730634e-01 6.094000715127603185e-09 2.536771524103825275e-09 -4.542944578129384237e-01 2.580875991920969243e-04 8.416619855610198928e-08 2.136993579076897608e-05 inf 0.000000000000000000e+00 -9.000000000000000000e+01
1.530258528148855213e+01 -2.170883062231632188e-01 3.167654721791508532e-01 1.068959254344911366e-04 -2.785305343511451156e+03 3.442531038778626709e+11 3.941414010433751374e-04 2.400679442718739399e-04 inf 0.000000000000000000e+00 -2.000000000000000000e+01
1.004425540750309542e+00 -4.914878774576949150e-04 4.643562863557677331e-12 1.579683989449742146e-09 -4.885598645707128936e-03 -1.344327031425664246e-09 5.313607169373046933e-12 2.415610631760160137e-04 inf 0.000000000000000000e+00 -9.000000000000000000e+01
6.546629488451658485e-01 -1.740683923469044849e-06 6.381742365141774599e-03 8.158477455436928863e-05 -3.527363052732908066e-01 -1.056785237648701526e-04 5.707542307948554933e-09 -1.476040329108654848e-06 inf 0.000000000000000000e+00 -9.000000000000000000e+01
6.760588346979340413e-01 6.168786102955926831e-02 0.000000000000000000e+00 1.229364350966624573e-09 -3.079377778223527651e-01 1.978682026164089720e-04 -9.061424167459163052e-10 -8.996146400144060251e-03 inf 0.000000000000000000e+00 -9.000000000000000000e+01
6.541950971618956112e-01 8.125501257657279853e-08 0.000000000000000000e+00 2.291134514102357743e-09 -3.535395659812040625e-01 0.000000000000000000e+00 1.126596079545872766e-08 -3.408974665568858295e-08 inf 0.000000000000000000e+00 -9.000000000000000000e+01
6.105085684856794703e-01 1.337627697879030320e-05 2.560069751712883255e-08 2.828127132658521045e-04 -3.972219211621568213e-01 2.565901345680338368e-09 6.706333062573611925e-09 0.000000000000000000e+00 inf 0.000000000000000000e+00 -9.000000000000000000e+01
4.268869900230474190e-01 2.098718575806958659e-04 6.684262154392280267e-08 2.392360308359494939e-06 -5.802537118391078996e-01 7.780760629057048851e-06 6.614391818283650219e-08 -2.666822615018122344e-01 inf 0.000000000000000000e+00 -9.000000000000000000e+01
1.007533271833036537e+00 6.145569380435698151e-08 2.925571431294864888e-07 1.002142772810583615e-01 -4.890284258317805776e-06 1.966582201739423408e-06 2.438949825410555055e-09 -5.048807234275508597e-05 inf 0.000000000000000000e+00 -9.000000000000000000e+01
5.205042136134190311e-01 8.869025049036238784e-02 2.591459582116585245e-05 1.341704522515111894e-03 -4.527963484279335926e-01 1.459310296241731665e-05 0.000000000000000000e+00 -8.234263812922312797e-02 inf 0.000000000000000000e+00 -9.000000000000000000e+01
5.393392390880135112e-01 7.805702483113764571e-03 7.704878482126046931e-10 1.357297310757998691e-02 -4.645635923707963078e-01 -9.316976133770879988e-09 -9.601463954649381290e-09 1.019414691481292401e-09 inf 0.000000000000000000e+00 -9.000000000000000000e+01
3.947912348316215958e-01 1.078142545343546178e-03 0.000000000000000000e+00 5.083646811904695643e-04 -5.048436587006134291e-01 5.388272125778055494e-09 6.039029628891346395e-08 -2.235985754798564873e+00 inf 0.000000000000000000e+00 -3.000000000000000000e+01
-1.342557251908397348e+03 -7.663064330588772316e-03 1.414579460184083050e-05 4.404231564689229365e-05 -1.538085937500000355e+01 3.803631731572043040e-01 -6.560858726529903003e-08 -3.187529003347149698e-02 inf 0.000000000000000000e+00 -2.000000000000000000e+01
1.001135075391593743e+00 -2.873723463672642623e-06 3.923010649421535104e-07 1.281329720773035265e-08 -4.452758882659084080e-03 3.382415055412392533e-08 -9.120704352476648537e-09 9.009926566819037116e-08 inf 0.000000000000000000e+00 -8.000000000000000000e+01
6.266604173092031882e-01 1.177237975505665923e-07 2.929469499232849087e-10 1.376641741233292384e-05 -3.816044953653318639e-01 6.976225040033575924e-09 3.054369361603242200e-10 1.958551925905959649e-04 inf 0.000000000000000000e+00 -9.000000000000000000e+01
9.978107633742265836e-01 0.000000000000000000e+00 2.690575315185283507e-05 0.000000000000000000e+00 -9.191587022687021727e-03 1.442470204014491917e-08 7.758270512668713379e-08 -1.341651745004553457e-04 inf 0.000000000000000000e+00 -8.000000000000000000e+01
7.480875568583957858e-01 -7.186152357953948071e-03 4.941279233969396779e-07 2.228390279539833222e-09 -2.627038988578607737e-01 0.000000000000000000e+00 -2.093103675512879520e-06 0.000000000000000000e+00 inf 0.000000000000000000e+00 -9.000000000000000000e+01
5.785056334330732379e-04 1.908329286005265427e-04 1.045422520481092748e-05 6.127354236285380978e-02 -9.690209633909235842e-01 -8.611416764509184640e-02 2.827272738211907351e-09 1.007157745905472714e-06 inf 0.000000000000000000e+00 -9.000000000000000000e+01
3.480128295921047776e-01 2.075358900723681399e-01 1.013039076249849064e-08 1.190837771265128726e-06 -5.746258349078939842e-01 0.000000000000000000e+00 3.438819721419555746e-08 2.106018651033699773e-07 inf 0.000000000000000000e+00 -9.000000000000000000e+01
4.064649231634001048e-01 1.331270331274357274e-02 1.066928499070711151e-07 5.801407406929538421e-04 -5.979724350384636455e-01 4.518991032766166496e-03 0.000000000000000000e+00 -5.113336365633648105e-08 inf 0.000000000000000000e+00 -9.000000000000000000e+01
7.136990879828709611e-01 -1.431501197031125039e-04 7.049878837025344058e-08 2.629085862975770183e-01 -2.931714451519744080e-01 1.827857711262861236e-07 0.000000000000000000e+00 0.000000000000000000e+00 inf 0.000000000000000000e+00 -9.000000000000000000e+01
5.315204303509906136e-01 5.462564739917389478e-05 0.000000000000000000e+00 0.000000000000000000e+00 -6.336217288386709958e-06 2.562440815156390184e-09 6.639051202905192844e-09 -2.243328875157857283e+00 inf 0.000000000000000000e+00 -3.000000000000000000e+01
5.239596702557288710e-01 1.078869400767721672e-07 0.000000000000000000e+00 2.626195251868796244e-09 -4.834718775541497759e-01 -4.595841690770393427e-09 -2.248590961600093606e-07 0.000000000000000000e+00 inf 0.000000000000000000e+00 -9.000000000000000000e+01
-2.195541984732824378e+06 -2.500707752832019587e-05 9.107055099865863634e-06 1.330048073339098469e-01 -4.825190839694656461e+04 5.569440074520939356e-08 0.000000000000000000e+00 -2.181121034419718567e-07 inf 0.000000000000000000e+00 -2.000000000000000000e+01
5.996476493187929448e-03 2.268684628643985235e+00 1.371229668884744179e-01 2.163485046688721164e-09 -3.319819198352538803e-01 2.135650736146527077e-08 5.501899847909066388e+00 6.653999427244625705e-05 inf 0.000000000000000000e+00 -2.000000000000000000e+01
-3.488244275028202683e+05 -2.512598401875334631e+01 4.231693180728513526e-01 3.697041984964978383e+03 -1.680000000105494692e+05 9.518129771590052712e+01 3.956343609206557281e-06 1.224732824504387390e+05 inf 0.000000000000000000e+00 -2.000000000000000000e+01
1.524591778381422956e-04 5.029204508558527493e-05 4.475139605073265947e-06 2.054911043145887390e-06 -1.007535974998851724e+00 4.979710644197571775e-10 -2.258879991132219930e-05 3.143252817849079683e-06 inf 0.000000000000000000e+00 -9.000000000000000000e+01
5.235020103223336774e-01 1.445705854724273562e-06 3.886057337498847858e-06 5.078373748783255454e-02 -4.840877663019262922e-01 -6.972518861847278064e-09 -8.222452048744306852e-09 0.000000000000000000e+00 inf 0.000000000000000000e+00 -9.000000000000000000e+01
6.472171451204350445e-01 8.968038154528022721e-02 0.000000000000000000e+00 7.089687901180077292e-05 -3.255065700532393524e-01 3.058296741685523524e-05 -4.157507888588386049e-09 -6.450225855191286245e-03 inf 0.000000000000000000e+00 -9.000000000000000000e+01
5.868059683016551009e-01 3.670129201038620503e-01 1.251362749429612187e-09 4.962966459929171858e-10 -2.576347758356206663e-01 9.300251545143537106e-09 1.474142643425646430e-02 1.327052366477241285e-01 inf 0.000000000000000000e+00 -1.000000000000000000e+01
5.953993184296157981e-01 -1.053877539241271144e+00 8.887597910645248227e-10 1.039462538245031268e-09 -7.012019847707671172e-01 2.650822681175061034e-09 3.759067498902477031e-08 8.192046769812142671e-10 inf 0.000000000000000000e+00 -1.000000000000000000e+01
1.754516356403918820e-04 -1.676072693308997962e-13 0.000000000000000000e+00 1.646035548267618263e-13 -7.369613739674549106e-05 -9.135136847144784316e-11 0.000000000000000000e+00 -2.277486078825679883e+00 inf 0.000000000000000000e+00 -3.000000000000000000e+01
1.014825313668491269e+00 1.006142058563152908e-06 9.382993369000374318e-05 1.962456129464130696e-05 -7.876654972751540189e-06 6.199489525651867453e-10 1.598224271835587962e-01 6.714164127781457237e-10 inf 0.000000000000000000e+00 -1.000000000000000000e+01
6.665042140982613272e-01 -4.009589472421096895e-02 5.495342513792889526e-08 3.010568442756296720e-04 -3.563012441361022575e-01 2.573652077293003557e-07 0.000000000000000000e+00 0.000000000000000000e+00 inf 0.000000000000000000e+00 -9.000000000000000000e+01
6.514016381692826485e-01 6.554112126466504545e-05 6.011499139433879934e-10 3.553218818562019354e-08 -3.562969566350167594e-01 -5.533520614585926294e-10 8.401391763673649164e-10 -2.862604855236105606e-04 inf 0.000000000000000000e+00 -9.000000000000000000e+01
6.110497554486707950e-01 1.181118631337501884e-09 1.632091199666366240e-08 4.278429154453399223e-04 -3.967980330193412453e-01 1.025040318254460259e-04 0.000000000000000000e+00 2.498002144915949588e-02 inf 0.000000000000000000e+00 -9.000000000000000000e+01
6.145818762658691314e-01 2.895274288622607959e-05 1.356211423195207391e-07 5.358457721016029647e-08 -3.957986840676632756e-01 7.147746336020928924e-03 1.804182045170634931e-09 -1.751974781274695005e-03 inf 0.000000000000000000e+00 -9.000000000000000000e+01
6.005145248901636590e-01 1.369251359684412195e-01 7.533938842906419582e-03 1.326223289660912581e-09 -3.520932067759917072e-01 1.999536652104145058e-08 0.000000000000000000e+00 5.191945570787912859e-10 inf 0.000000000000000000e+00 -9.000000000000000000e+01
9.692078962031944744e-01 3.777060183733037257e-02 2.166464709160081936e-01 0.000000000000000000e+00 -8.343977292680687663e-03 6.578902942465981094e-07 0.000000000000000000e+00 1.264128044730033533e-07 inf 0.000000000000000000e+00 -9.000000000000000000e+01
3.033775291396755632e-04 8.732870515455960954e-06 6.045671676675486577e-09 -1.611633309372913691e-03 -1.007435426985869187e+00 2.949820479923788254e-09 2.212365359942840881e-09 2.649050475263791879e-03 inf 0.000000000000000000e+00 -9.000000000000000000e+01
4.169328652524442255e-07 -6.087593763506540410e-06 1.274432192169134071e-09 4.615708569919155520e-09 -1.007683852928622281e+00 6.487699741820544493e-07 1.040725429135252664e-09 -2.640513987185287917e-02 inf 0.000000000000000000e+00 -9.000000000000000000e+01
4.352588654592634554e-01 9.132094421485706876e-07 6.659590975489906048e-10 5.104484985723958275e-05 -5.736090048373865269e-01 6.972302203904214615e-09 1.105149463080161085e-02 1.663310664433614028e-01 inf 0.000000000000000000e+00 -1.000000000000000000e+01
8.654599558571893780e-01 -1.314982440391968321e+00 1.832643749809533332e-02 6.467427450507782069e-09 -4.831074977471475074e-01 1.982574486316373709e-09 1.582209929856368149e-08 -7.694883586067011671e-05 inf 0.000000000000000000e+00 -1.000000000000000000e+01
1.623071318132427105e-05 1.099615845052079739e-04 2.119612854918096724e-07 5.128246554062327205e-07 -1.008744933196220384e+00 -1.988599256821613866e-07 2.281451332374720073e-02 -2.558859337821929583e-09 inf 0.000000000000000000e+00 -9.000000000000000000e+01
7.901267374713286662e-01 7.833660941028549181e-07 7.305448374719195753e-05 2.059133733070361608e-05 -2.234454944457903713e-01 4.826823263980109726e-10 1.244351823554784436e-01 1.607765650277764126e-06 inf 0.000000000000000000e+00 -1.000000000000000000e+01
6.717534713938159152e-01 1.400803278334597949e-06 3.765359212163399262e-06 5.312336125818441918e-02 -3.358767356969079576e-01 -6.755957477801238383e-09 -3.548701638447648408e-08 0.000000000000000000e+00 inf 0.000000000000000000e+00 -9.000000000000000000e+01
1.007748994646860741e+00 -1.383633476358771464e-06 0.000000000000000000e+00 1.761477601902799311e-03 3.783372786918516219e-09 4.160249303916576377e-08 3.393641567015094881e-07 9.496661853736831221e-03 inf 0.000000000000000000e+00 -9.000000000000000000e+01
1.602669722734987925e-05 1.085793952376914301e-04 2.092969858161178294e-07 3.941644393474073333e-09 -1.007692485859101206e+00 0.000000000000000000e+00 -4.112015836122403388e-07 -1.613314761483781220e-04 inf 0.000000000000000000e+00 -9.000000000000000000e+01
7.012373520788999226e-01 1.961372966180506062e-04 5.730661844952823243e-05 4.259967807622169061e-02 -3.074051697488734969e-01 -1.990333489233255204e-07 2.283440957399779370e-02 -2.561090886881026918e-09 inf 0.000000000000000000e+00 -9.000000000000000000e+01
0.000000000000000000e+00 1.706752581444137119e-07 4.682420977596148320e-08 5.811877674010249321e-04 -1.006630497430401672e+00 2.356413154309749859e-09 1.115672946350181926e-06 -3.560190209450850296e-02 inf 0.000000000000000000e+00 -9.000000000000000000e+01
3.012051355433730815e-01 -8.853645259028780261e-08 3.617287935691156582e-09 1.400213835099022681e-04 -7.069380806817067153e-01 4.590779023200108126e-07 9.207791069389931471e-07 -4.824525751247663551e-03 inf 0.000000000000000000e+00 -9.000000000000000000e+01
9.973142300641315572e-01 2.566241056569024473e-02 2.812325814993914383e-07 4.556517786227295280e-02 -6.379604870990639078e-04 0.000000000000000000e+00 -8.582537277203106824e-10 -4.169741741697643544e-04 inf 0.000000000000000000e+00 -9.000000000000000000e+01
4.421263294194913152e-01 5.387497618928743532e-04 7.240643963028345819e-04 5.503767029532285746e-07 -5.653739345231547642e-01 6.034320842760504696e-09 1.694419801862098088e-09 -8.078410589110101789e-07 inf 0.000000000000000000e+00 -9.000000000000000000e+01
4.401367251483733756e-01 3.006560555074358798e-06 0.000000000000000000e+00 2.303728217524508718e-05 -5.680834475752261081e-01 7.394381884639048051e-07 4.957042311278240369e-10 -1.693045008675638993e-04 inf 0.000000000000000000e+00 -9.000000000000000000e+01
2.987158180405908858e-01 5.700024967256205121e-08 1.533195435878024932e-07 4.109935517311949504e-02 -7.073756524433437720e-01 1.772571755544142340e-05 0.000000000000000000e+00 3.307498218527190790e-09 inf 0.000000000000000000e+00 -9.000000000000000000e+01
7.236963214010729839e-01 5.476620810602714218e-02 7.950951782360782443e-08 4.790827343202175413e-10 -2.630733925093089454e-01 5.537686358682363375e-10 -2.023878635510017397e-07 0.000000000000000000e+00 inf 0.000000000000000000e+00 -9.000000000000000000e+01
3.315951587012052060e-01 1.217805228858408612e-01 1.508582083418250611e-09 -1.616251292065470739e-03 -6.279766722306010518e-01 2.023896232307160681e-05 1.038516651628505849e-09 -2.634909907821155264e-02 inf 0.000000000000000000e+00 -9.000000000000000000e+01
7.130972744470165381e-01 4.574620472506903124e-03 0.000000000000000000e+00 8.243375504913427743e-03 -2.927757102404417999e-01 3.434004902266499944e-09 2.562905126219861748e-09 -7.560956873371144082e-02 inf 0.000000000000000000e+00 -9.000000000000000000e+01
4.697603846708377495e-01 0.000000000000000000e+00 1.369404106433178998e-05 5.101030296463591844e-04 -1.722162604250365991e-01 4.258846771007187074e-03 -6.059680036401701385e-08 -2.243631687980120581e+00 inf 0.000000000000000000e+00 -3.000000000000000000e+01
3.033067260538665371e-04 8.760732525018029063e-06 4.763140242186053058e-10 1.856198891307574280e-03 -1.007200308922951981e+00 6.335086019584282820e-07 0.000000000000000000e+00 -1.143877782750531563e-01 inf 0.000000000000000000e+00 -9.000000000000000000e+01
6.423364021371910093e-01 -5.582530865592924508e-07 3.566825089962727639e-06 8.078746428815265091e-08 -3.761694832087830731e-01 2.590462172227585985e-02 0.000000000000000000e+00 4.166291491637135617e-06 inf 0.000000000000000000e+00 -9.000000000000000000e+01
-1.678196564885496628e+03 9.661958417819659084e-02 4.315587073450780754e-08 2.396900388092258201e-07 -2.825694775763359345e+01 0.000000000000000000e+00 4.077646596968630219e-06 -7.051547975030565858e-03 inf 0.000000000000000000e+00 -2.000000000000000000e+01
6.281739833830242148e-01 -1.542085960597537522e-08 0.000000000000000000e+00 2.423328683767707694e-04 -3.795217816272438149e-01 1.110061878251145684e-09 8.325464086883592631e-10 3.804576878775265390e-04 inf 0.000000000000000000e+00 -9.000000000000000000e+01
1.000075013230837584e+00 -9.125541731700746793e-05 1.297854824064106265e-04 3.387401090807316915e-03 -8.072657005678740907e-03 9.993482145293617128e-03 2.282375617574893864e-08 2.392919831868195595e-05 inf 0.000000000000000000e+00 -9.000000000000000000e+01
5.896185415736767688e-01 -4.725979644683146792e-07 2.831092226022302363e-10 1.049106628661849440e-09 -4.186979915844202815e-01 1.435844510103386727e-09 2.468011592223421073e-06 2.756308657787751251e-10 inf 0.000000000000000000e+00 -9.000000000000000000e+01
4.851278522912138569e-01 8.576367388719673412e-01 2.511550138618758908e-05 5.645480026500499441e-07 2.215381096307533423e-02 -2.977646477392031945e-08 3.029281965439292528e-06 0.000000000000000000e+00 inf 0.000000000000000000e+00 -9.000000000000000000e+01
7.343442368615060722e-01 -1.279095010802129047e-06 3.032256336622930653e-05 2.104342662547374303e-09 -2.737496267590229793e-01 2.168660007515488863e-07 1.238324720652877998e-09 -2.868532175240258095e-03 inf 0.000000000000000000e+00 -9.000000000000000000e+01
4.931267891221366284e+01 -5.108431145038160086e+08 2.976588705796317288e-06 3.072258170324422721e+00 -2.763075500954194297e+01 -4.446804247981370952e-08 5.350744783636600741e-08 2.157793536725386803e-07 inf 0.000000000000000000e+00 -2.000000000000000000e+01
9.083958939303578006e-01 1.184559460449309265e-01 5.553025993065980020e-10 7.564124759772463021e-03 -5.397105233999811152e-02 3.088440900949567577e-03 5.695768354016266235e-09 0.000000000000000000e+00 inf 0.000000000000000000e+00 -9.000000000000000000e+01
3.893522689683083793e-01 -1.063231196028842189e-02 1.442416967457960040e-07 2.499237319852901106e-08 -6.229636303492933624e-01 1.319094601147138401e-04 5.326945830315040431e-08 -1.347757854121067484e-03 inf 0.000000000000000000e+00 -9.000000000000000000e+01
1.509304741058213148e-16 5.962914730826909670e-15 1.712480379277588019e-17 8.888934172097648662e-19 -1.009138249229023288e+00 0.000000000000000000e+00 5.558304959858612025e-17 3.027226306058765744e-19 inf 0.000000000000000000e+00 -9.000000000000000000e+01
2.543570897944268938e-01 4.711580992165222415e-01 3.687447723186267998e-07 2.244876252560624699e-09 -5.274922197750194774e-01 5.163851323170615751e-09 1.149376641311039846e-06 -2.802785872069527085e-05 inf 0.000000000000000000e+00 -9.000000000000000000e+01
4.775822151594242282e-01 5.049709306235358730e-05 7.341626613809965368e-09 2.224997688383444565e-09 -5.298722387170254899e-01 5.806811087753089285e-07 1.365819592682382169e-07 1.412783839609667790e-04 inf 0.000000000000000000e+00 -9.000000000000000000e+01
4.515554282638356010e-01 2.685329623230118812e-01 8.092323858056178768e-09 1.256404223159343289e-02 -4.380537709403322100e-01 -7.899407149341392334e-03 3.814234138897335990e-10 1.995808491843247724e-07 inf 0.000000000000000000e+00 -9.000000000000000000e+01
1.001973770090999416e+00 3.423757607866596397e-03 3.590349840464132077e-05 5.434611574921293970e-09 -4.473097187906246650e-03 -5.741404163828140970e-09 -6.851701152252922125e-09 6.281943487140205795e-10 inf 0.000000000000000000e+00 -9.000000000000000000e+01
9.486318711974638384e-06 -2.723014839512560654e-11 3.739666761501625420e-12 2.277497938118305587e+00 -1.469909780617852351e-05 2.771160249915126262e-13 5.531123892759888626e-12 7.193820042708964282e-13 inf 0.000000000000000000e+00 -2.000000000000000000e+01
6.124720793240594485e-01 -3.391879058507030588e-05 4.956442990424006376e-05 2.514767797743804392e-03 -3.952695208417252859e-01 1.950106522964264656e-07 -3.163674607380722412e-09 7.890962586381640450e-10 inf 0.000000000000000000e+00 -9.000000000000000000e+01
1.006846966175133140e+00 1.180397953407940227e-09 1.415742093651267990e-09 5.490770832695272829e-02 -7.692477395524627021e-04 2.033373371702350881e-07 -2.140160775337761025e-09 -1.073169279509574173e-06 inf 0.000000000000000000e+00 -9.000000000000000000e+01
9.984663116660084103e-01 2.608393076933292837e-06 1.388613623501942047e-03 2.178195790119299139e-09 -9.530594049827537800e-03 8.441708503529565507e-04 1.311606746071570663e-06 0.000000000000000000e+00 inf 0.000000000000000000e+00 -9.000000000000000000e+01
5.627925905811009687e-08 2.585404277773270106e-05 2.190694842722487207e-09 4.276659485318040602e-07 -1.005736707653119399e+00 -7.108959038919170187e-07 0.000000000000000000e+00 1.191596943666451430e-06 inf 0.000000000000000000e+00 -9.000000000000000000e+01
5.669587831232842934e-01 9.006376502739672774e-03 1.375819980379169971e+00 5.970163247095360026e-09 -1.638865232465743687e-03 8.589149954547570219e-10 3.181083209395716423e-07 2.914678755067781708e-09 inf 0.000000000000000000e+00 -9.000000000000000000e+01
9.468924693930860226e-01 3.684896186657574974e-06 0.000000000000000000e+00 5.402239779822062533e-07 -3.428609382248264809e-02 2.593075094314589698e-07 9.560542768237728810e-09 6.130502645433038959e-03 inf 0.000000000000000000e+00 -9.000000000000000000e+01
6.108740045160250265e-01 7.035747289367447754e-01 2.850472996510513158e-03 3.803106642901322998e-02 -1.555225494838797899e-03 1.917337699607234418e-03 2.747395784375908250e-06 5.756655562985400765e-03 inf 0.000000000000000000e+00 -9.000000000000000000e+01
6.637963594043349014e-01 -8.315146293177969050e-02 7.856125512551230457e-10 1.743912231897546759e-06 -3.623280767750740594e-01 -3.219907713528490090e-02 1.236417068921653370e-09 -4.086805944093852699e-02 inf 0.000000000000000000e+00 -9.000000000000000000e+01
1.003572879856083233e+00 1.204565043680391296e-07 1.098016666318512094e-02 8.818580912236519964e-01 -4.050842735984094172e-05 1.829186771785205060e-05 1.401675687191728039e-07 1.822178393349246561e-05 inf 0.000000000000000000e+00 -9.000000000000000000e+01
3.589673367808468574e-02 8.557201159624228115e-01 4.962170998549367349e-08 1.776007682825752662e-06 -4.322111772149186404e-01 7.701566026459338648e-06 3.863188440726042742e-10 -3.735702141569932080e-05 inf 0.000000000000000000e+00 -9.000000000000000000e+01
3.711804002877325814e-01 2.274341444733852247e-01 5.011754591397458341e-05 1.490305921662553497e-04 -5.415098677937743021e-01 3.558631201550578515e-07 4.562723877317900007e-09 1.190592180360457295e-06 inf 0.000000000000000000e+00 -9.000000000000000000e+01
8.510793444822049025e-01 8.296892345466916026e-05 4.706457274772333512e-07 1.827721212334740969e-04 -1.566222404776279886e-01 2.186952601930138199e-06 1.228902025661911268e-04 2.862272856102186198e-09 inf 0.000000000000000000e+00 -8.000000000000000000e+01
5.478110797980479951e-01 6.753544174150358410e-03 4.097656015776622281e-04 1.736813022094990301e-08 -4.574805294058166272e-01 2.598976269265728116e-04 2.169765772242829497e-05 2.151980806896576688e-05 inf 0.000000000000000000e+00 -9.000000000000000000e+01
2.186980304123308516e-01 3.807819215572792303e-04 1.324138730465214472e-06 5.943542168818210505e-04 -7.891807930181619080e-01 2.300913713252334553e-07 1.133640702975885488e-09 3.948664824033038704e-07 inf 0.000000000000000000e+00 -9.000000000000000000e+01
0.000000000000000000e+00 5.453824885036872649e-09 5.238026058650522019e-09 1.153906928885015842e-04 -9.847769582098446772e-01 -5.842176139112548183e-02 6.611291317472755931e-09 2.102103430336491291e-04 inf 0.000000000000000000e+00 -9.000000000000000000e+01
6.517295815472045062e-01 -8.608761853969713030e-06 1.282791325559535863e-09 8.121921528434873432e-05 -3.560194430541445132e-01 6.725595198413838305e-09 3.823477678590686503e-05 3.464261319872645076e-09 inf 0.000000000000000000e+00 -9.000000000000000000e+01
2.893761851218040717e-07 7.889931787102513749e-02 9.292210884167841772e-03 6.969158163125881329e-03 -9.758510921264265114e-01 -1.461807323042029134e-04 7.895007277822048230e-09 -1.212211147161895708e-02 inf 0.000000000000000000e+00 -9.000000000000000000e+01
7.802278098665795802e-01 4.673888637379670086e-01 4.279072849163516282e-08 3.807334783326913100e-09 -2.944002120224499308e-05 -1.336021634016608959e-06 3.398742757799147099e-09 1.296351062810822155e-08 inf 0.000000000000000000e+00 -9.000000000000000000e+01
6.214102937542774763e-01 -2.302236732469071181e-05 3.726863168800855341e-10 4.611852428824261009e-09 -3.868702217925462650e-01 -1.063608466397595175e-07 4.211017598584652160e-10 -1.882572573484903355e-09 inf 0.000000000000000000e+00 -9.000000000000000000e+01
1.001708264560741801e+00 6.514709344942652171e-03 4.451413955783645311e-07 0.000000000000000000e+00 -4.046085206371615589e-03 7.092096497320326966e-09 0.000000000000000000e+00 5.861236774644898604e-08 inf 0.000000000000000000e+00 -8.000000000000000000e+01
1.005744577138555140e+00 -1.289834766135484860e-02 7.445122194402292726e-02 0.000000000000000000e+00 -2.867433301298032058e-03 2.024186044978045457e-07 -3.756889299479252318e-06 0.000000000000000000e+00 inf 0.000000000000000000e+00 -9.000000000000000000e+01
9.498340217242392525e-01 1.535861531325706866e-03 1.538839757441418620e-07 3.972321437292580804e-02 -5.830768938997091949e-02 4.469962592962272233e-03 -1.273091707080867999e-09 -2.128840328198434430e-06 inf 0.000000000000000000e+00 -9.000000000000000000e+01
7.419742971009812837e-01 9.218468539739464729e-02 0.000000000000000000e+00 9.185645606866345884e-10 -2.300869790000012738e-01 9.697718825548455525e-05 -3.643546357738778250e-10 4.899941653510770875e-10 inf 0.000000000000000000e+00 -9.000000000000000000e+01
1.368764798707711259e-04 3.821234769119539391e-06 8.383488095778098053e-09 2.814103851888581360e-04 -1.007594670059611008e+00 2.056437498058460374e-08 1.127535332742280930e-08 -3.411816758142445696e-08 inf 0.000000000000000000e+00 -9.000000000000000000e+01
6.685570468776239617e-01 3.117978040262602835e-01 0.000000000000000000e+00 4.777231920877844935e-09 -2.033038972961195567e-01 1.072874007290594914e-03 0.000000000000000000e+00 -7.770509536077646606e-02 inf 0.000000000000000000e+00 -8.000000000000000000e+01
-3.675340237241293134e-02 3.394156118950948978e-04 1.158195452912172196e-04 8.050878494160811033e-09 -1.041037548430923110e+00 1.089814040063231618e-08 -3.031843023166900355e-07 8.827218816466033736e-05 inf 0.000000000000000000e+00 -9.000000000000000000e+01
3.680934871000141051e-01 1.485908532576275067e-09 1.750070049478723797e-08 5.180500859253581243e-08 -6.401625862608940620e-01 0.000000000000000000e+00 6.251822566691289977e-08 0.000000000000000000e+00 inf 0.000000000000000000e+00 -9.000000000000000000e+01
1.007723763925212124e+00 1.389003517673643301e-06 0.000000000000000000e+00 1.768314099905386261e-03 3.798056493638867905e-09 1.510424010983797044e-09 1.205406346629787458e-08 -5.910397670879415782e-05 inf 0.000000000000000000e+00 -8.000000000000000000e+01
3.489383878358051638e-01 -4.464945212755568230e-07 4.133029202033647277e-04 3.041103080712952598e-08 -6.587800375387469209e-01 4.464945212755568230e-07 9.582387638231158031e-07 7.718109887602527388e-07 inf 0.000000000000000000e+00 -9.000000000000000000e+01
4.706328485018191898e-01 -4.794572144112282941e-02 3.944798965487975873e-10 1.227270789262925873e-09 -5.553467612321466573e-01 1.750438794285864688e-07 1.772880317289529535e-07 -5.650045394774443411e-03 inf 0.000000000000000000e+00 -9.000000000000000000e+01
6.914050537456062351e-01 1.517440134458178658e-01 0.000000000000000000e+00 1.460393512862006582e-01 -1.939585134269852518e-01 2.072396800173440749e-03 1.617806534328944000e-03 3.481849462656990485e-08 inf 0.000000000000000000e+00 -9.000000000000000000e+01
2.039983889945321260e-01 3.624951321626352363e-01 2.873098029115032093e-01 1.110671357725933062e-01 -4.203951703354364411e-01 -1.811003182737440653e-01 -1.364769353472536084e-01 -2.521894207711003477e-01 inf 0.000000000000000000e+00 -9.000000000000000000e+01
1.003877687607519942e+00 -2.041128848177490645e-10 2.954601129101193987e-03 6.826202678271687441e-11 -5.096009286890132613e-03 2.046514412420702999e-11 1.626440401450137821e-10 -3.450070006326950533e-06 inf 0.000000000000000000e+00 -9.000000000000000000e+01
1.000544446534563869e+00 2.019489221206781737e-05 1.896872989312425728e-09 4.051709689432045347e-01 -1.235727873006395180e-06 7.860287387930587700e-06 1.978062105586498621e-09 -1.081776767936379891e+00 inf 0.000000000000000000e+00 -9.000000000000000000e+01
5.739294714648043305e-01 1.433907722398273632e-04 1.661193000639634910e-07 3.530248099820844831e-05 -4.343551836572157598e-01 1.120240408123651275e-06 1.331084135127912556e-09 1.559864220853022572e-09 inf 0.000000000000000000e+00 -9.000000000000000000e+01
2.317202465464808514e-02 5.768432759070090121e-01 -6.650419921287938074e-02 5.228654002957042746e-01 -2.501390305801891589e-01 -6.886408155271301901e-01 -2.185623890000421010e-02 -2.811305616808162933e-01 inf 0.000000000000000000e+00 -9.000000000000000000e+01
3.235738686630099315e-05 1.779416593299396618e-03 3.403720587486450254e-09 2.481107499875510017e-08 -3.277726270986070389e+00 4.174190290671062148e-09 4.653910538167876439e+03 3.754820705393362642e-09 inf 0.000000000000000000e+00 -3.000000000000000000e+01
3.050477762031552076e-01 -4.237201404605096060e-06 2.609114165397226754e-09 4.274772648586816449e-04 -7.031146052395595980e-01 2.058754146133749368e-09 1.544065609600312026e-09 1.848839170513798084e-03 inf 0.000000000000000000e+00 -9.000000000000000000e+01
3.355380047513566999e-01 2.053388947995754277e-01 1.891856284769400258e-09 4.886641617972200809e-05 -5.868676299319095513e-01 -8.373394525701300439e-10 -3.082567464816100535e-07 1.177584013989116490e-08 inf 0.000000000000000000e+00 -9.000000000000000000e+01
7.726983023920552807e-01 -3.147710718449778927e-02 4.202449830122109616e-05 2.940208178600666294e-09 -3.766904224161269354e-01 3.947692099939356380e-09 4.879037852246977280e+00 3.947692099939356414e-07 inf 0.000000000000000000e+00 -3.000000000000000000e+01
7.652250914205637189e-01 -8.946960987361423853e-03 1.285874478918101768e-06 1.736765529967306373e-05 -3.572217818073111784e-01 3.370842794015068700e-01 5.985135117732134888e-10 -1.521940993645196560e-03 inf 0.000000000000000000e+00 -1.000000000000000000e+01
8.796861267955563164e-12 2.598006361136209870e-12 4.940903745501708448e-13 1.723527976211283087e-09 -1.009138213963827857e+00 6.615972745274913213e-14 2.213876752435483464e-13 0.000000000000000000e+00 inf 0.000000000000000000e+00 -9.000000000000000000e+01
3.162273377862596035e+01 -1.125691728737518389e-04 3.705789114682729868e-01 1.675847434360562806e-05 -1.161881075560591836e-02 7.646564885496185161e+04 0.000000000000000000e+00 0.000000000000000000e+00 inf 0.000000000000000000e+00 -2.000000000000000000e+01
