3.008841836825868477e-01 4.513262755238802715e-01 1.504420918412934238e-01 3.673131593008203133e-01 -4.679335194284386379e-01 5.846049112494061853e-08 -3.495458505646935245e-03 1.559981918240684745e-02 9.125616515251798774e+03 0.000000000000000000e+00 0.000000000000000000e+00
2.954799335959463202e-01 4.608312871645388054e-01 1.550780446190645478e-01 3.659254806784235647e-01 -4.667017494214119044e-01 5.601494951321383940e-05 -1.270786914329627296e-04 1.571571666683737808e-02 9.127112942162622858e+03 0.000000000000000000e+00 0.000000000000000000e+00
2.957965112649545980e-01 4.555266273480300665e-01 1.474052614470356959e-01 3.736895925647259475e-01 -4.713024412821609777e-01 7.678962165813843185e-05 -1.002754365098136275e-09 3.093538513645983229e-02 9.128325174864296059e+03 0.000000000000000000e+00 0.000000000000000000e+00
2.994586760141031423e-01 4.496757317345327354e-01 1.585082568478559106e-01 3.521321890589291237e-01 -4.701598756964094905e-01 3.781717425997523693e-04 1.862281503230518644e-04 8.321683484512435239e-03 9.129024232566061983e+03 0.000000000000000000e+00 0.000000000000000000e+00
3.088686790639046942e-01 4.271380150345770454e-01 1.705619762552258445e-01 3.518757103259673724e-01 -4.740547764113726692e-01 9.091840659870983280e-05 3.281176091160787829e-07 9.591056687704319419e-03 9.129708766999583531e+03 0.000000000000000000e+00 0.000000000000000000e+00
2.986542377029147155e-01 4.518853335178089070e-01 1.610390497417677480e-01 3.689258230447770015e-01 -4.684772356124152770e-01 2.904035598259639020e-07 -1.917408119363735874e-07 3.071576113543848953e-07 9.130232446037531190e+03 0.000000000000000000e+00 0.000000000000000000e+00
3.081027287355379563e-01 4.274314046267621570e-01 1.706791306804805453e-01 3.599422354751681263e-01 -4.743803918626536831e-01 7.331003357655176416e-05 -1.124015045548463946e-07 3.056574689836686091e-05 9.131470595996863267e+03 0.000000000000000000e+00 0.000000000000000000e+00
3.080466025045604517e-01 4.273535406174378548e-01 1.706480385303041358e-01 3.559649628941587429e-01 -4.742939752847994406e-01 7.353543028537684785e-05 -1.596769343339611569e-03 4.046836179666031156e-05 9.131511234838639211e+03 0.000000000000000000e+00 0.000000000000000000e+00
2.910010314196558312e-01 4.638439259205923704e-01 1.577069348130014093e-01 3.622865189821889986e-01 -4.687264935618618011e-01 5.650236967679913680e-05 -4.637008819467270705e-05 1.156558210025687532e-02 9.131713379918368446e+03 0.000000000000000000e+00 0.000000000000000000e+00
2.934274888046090046e-01 4.582964457249244505e-01 1.575087356292299290e-01 3.621228875214070886e-01 -4.700727997906612443e-01 5.318909917386013212e-05 -1.005361902241168028e-09 8.126911008906917422e-03 9.132135085201316542e+03 0.000000000000000000e+00 0.000000000000000000e+00
2.916895858741422320e-01 4.614353649447133221e-01 1.512103204364282638e-01 3.697336222284278162e-01 -4.711908694889990201e-01 9.317268988585360135e-04 -8.097830920549647612e-05 1.082251285381694191e-02 9.132767697777773719e+03 0.000000000000000000e+00 0.000000000000000000e+00
2.943927620360333175e-01 4.563087811558516060e-01 1.594627461028513826e-01 3.601404788907474064e-01 -4.700471100508665234e-01 5.439624561737198736e-09 -3.929070066236121787e-05 6.133182542417360474e-05 9.132955219916275382e+03 0.000000000000000000e+00 0.000000000000000000e+00
2.955648019028780937e-01 4.501980426335229213e-01 1.575693149217330391e-01 3.513502115335537801e-01 -4.736866361622285027e-01 9.079656515409451902e-05 -1.127023565209386628e-07 1.409927293845476132e-02 9.133378058678317757e+03 0.000000000000000000e+00 0.000000000000000000e+00
2.927010419597252944e-01 4.594049466520191416e-01 1.574964215842892812e-01 3.518227756005969376e-01 -4.700662428823402794e-01 1.474273637196123587e-07 -1.529732206620429170e-07 6.743762041995558874e-05 9.133683754854040671e+03 0.000000000000000000e+00 0.000000000000000000e+00
2.909273887446419682e-01 4.594105903071955543e-01 1.488921316134194373e-01 3.722303290335486348e-01 -4.731243392715894225e-01 5.692628979803855441e-10 -2.400829781020867065e-07 1.861151645167742966e-02 9.133894115418464935e+03 0.000000000000000000e+00 0.000000000000000000e+00
2.914061437503293051e-01 4.601666041040554100e-01 1.491371510102695586e-01 3.728428775256739103e-01 -4.719405897101293101e-01 5.453448284498812232e-09 -1.882802874018167075e-04 9.290410517292697207e-03 9.133950799698279297e+03 0.000000000000000000e+00 0.000000000000000000e+00
2.943050871810636293e-01 4.615016649483787980e-01 1.417748758845655266e-01 3.803477704765240719e-01 -4.693237270661479443e-01 3.313300237873399506e-04 -9.763255023704757864e-05 -1.580262793567860705e-04 9.134061978654279301e+03 0.000000000000000000e+00 0.000000000000000000e+00
2.935034459141151464e-01 4.549303411668784713e-01 1.594702056133358858e-01 3.707926866714987835e-01 -4.725405479217253957e-01 9.496823738236668784e-04 -7.837387548060631104e-07 1.085351284369904905e-02 9.134303278841724023e+03 0.000000000000000000e+00 0.000000000000000000e+00
2.938500338484625329e-01 4.525290521266323029e-01 1.665150191807954483e-01 3.428250394898729736e-01 -4.721190543831965125e-01 -3.931392054417907271e-04 -5.428381972949299956e-05 9.060376043660929232e-03 9.134534145476754929e+03 0.000000000000000000e+00 0.000000000000000000e+00
2.933361106330659718e-01 4.546709714812522396e-01 1.593792867772991784e-01 3.705812864331066714e-01 -4.722711381192362112e-01 7.973165767532880129e-05 -8.164139797892948813e-05 8.708415784419144823e-03 9.134706105217843287e+03 0.000000000000000000e+00 0.000000000000000000e+00
2.920915984993918135e-01 4.562099548468762089e-01 1.646068038366138020e-01 3.536359821296984896e-01 -4.718402744990175535e-01 5.652444088069922705e-05 -1.178188767724279239e-04 9.341558229600114768e-03 9.134827936479399796e+03 0.000000000000000000e+00 0.000000000000000000e+00
2.913104409708143772e-01 4.574942495783259622e-01 1.520093072851061711e-01 3.695145861978786361e-01 -4.741126304390770874e-01 5.966502779164448734e-08 3.505439712814696976e-03 1.564082904541285249e-02 9.134845300319053422e+03 0.000000000000000000e+00 0.000000000000000000e+00
2.964871059151296673e-01 4.531032183420585779e-01 1.418410074809922650e-01 3.743026586303962455e-01 -4.728033582699741610e-01 -1.190658920222902883e-07 1.908107243946959759e-09 7.941618908440972735e-03 9.135032272907759761e+03 0.000000000000000000e+00 0.000000000000000000e+00
2.942456576594250084e-01 4.520860435562026325e-01 1.593018709513774334e-01 3.663455870196814512e-01 -4.725468343205997401e-01 5.970027590308933975e-08 -3.866845873628618931e-03 8.007720194994698629e-03 9.135052126847531326e+03 0.000000000000000000e+00 0.000000000000000000e+00
2.911280911913184388e-01 4.566524239756800663e-01 1.606559700554098247e-01 3.544168066676919859e-01 -4.732048572541162623e-01 1.345695981711985621e-09 2.120400172961434224e-04 1.588303340320528986e-02 9.135144844032070978e+03 0.000000000000000000e+00 0.000000000000000000e+00
2.952603372214754329e-01 4.512284223318229204e-01 1.520443596987664236e-01 3.649064632770394057e-01 -4.737898434484140719e-01 5.580005010366144165e-05 -5.051640802034800601e-07 -3.628200682705883190e-05 9.135218287009794949e+03 0.000000000000000000e+00 0.000000000000000000e+00
2.913679743075250905e-01 4.575846039460461645e-01 1.608390327972747669e-01 3.451439427199877730e-01 -4.722507771494450779e-01 1.482595786628994823e-07 -2.114946200880767839e-04 8.921922032067673702e-03 9.135236857366415279e+03 0.000000000000000000e+00 0.000000000000000000e+00
2.933883401015109915e-01 4.518180437563269480e-01 1.662533927241895693e-01 3.481541635871263640e-01 -4.733331886971043900e-01 1.302804430577908096e-08 4.772577751837415034e-10 9.749050051289792282e-03 9.135622232412662925e+03 0.000000000000000000e+00 0.000000000000000000e+00
2.970797561516451690e-01 4.465904831037803557e-01 1.572775179626356989e-01 3.689225729987750668e-01 -4.737742516405322180e-01 5.809857081281043876e-08 -3.178013118554415348e-03 2.185358066309047375e-04 9.135655076676752287e+03 0.000000000000000000e+00 0.000000000000000000e+00
2.925966260035129385e-01 4.535247703054450241e-01 1.662924157786631885e-01 3.472146628575020211e-01 -4.730312120390125497e-01 9.072209839464390332e-05 3.329899854954326061e-07 9.570347975531568602e-03 9.135729163592881378e+03 0.000000000000000000e+00 0.000000000000000000e+00
3.011046818420975990e-01 4.516570227631463985e-01 1.495747283176653841e-01 3.519405372180361979e-01 -4.682764370206647930e-01 5.943565699166670142e-08 -1.999835047013726618e-07 9.806676427690071141e-03 9.135816584168271220e+03 0.000000000000000000e+00 0.000000000000000000e+00
2.925471632081698137e-01 4.534481029726631918e-01 1.662643044233098333e-01 3.569075391139671649e-01 -4.729512471865411904e-01 1.528891043072481561e-06 -5.404313643249881365e-05 9.324940827260411527e-03 9.135864637707003567e+03 0.000000000000000000e+00 0.000000000000000000e+00
2.999822660563698506e-01 4.524162514140040448e-01 1.495025625622950771e-01 3.517707354406943154e-01 -4.690276472542590502e-01 5.164819622321934508e-05 -3.217878131915853904e-09 1.807710723792456745e-02 9.136103409376264608e+03 0.000000000000000000e+00 0.000000000000000000e+00
2.941800521631630638e-01 4.519852457076412588e-01 1.597534058104594090e-01 3.409371465467121443e-01 -4.734155806334345851e-01 5.504206502885190261e-08 -1.263412800662254723e-05 -3.816993026000788027e-05 9.136404710787417571e+03 0.000000000000000000e+00 0.000000000000000000e+00
2.902638091370655649e-01 4.642266307747682230e-01 1.514844795159769886e-01 3.596534739476098808e-01 -4.700905461108705330e-01 5.432070345595903835e-09 -3.178196300328902258e-04 9.253991389786497823e-03 9.136468108059714723e+03 0.000000000000000000e+00 0.000000000000000000e+00
2.951744670764940293e-01 4.535130884883882274e-01 1.607821186559048598e-01 3.362252207758740230e-01 -4.701288697476610490e-01 3.798874621547904335e-04 -9.682357829392447893e-03 9.102027233939904288e-03 9.136471963050355043e+03 0.000000000000000000e+00 0.000000000000000000e+00
2.932278254630087400e-01 4.549415099376248883e-01 1.514848068421855987e-01 3.584978065461369434e-01 -4.744250863803496920e-01 1.487905935372150481e-03 -1.284317783089771673e-04 -3.603224891446303959e-05 9.136719712037733188e+03 0.000000000000000000e+00 0.000000000000000000e+00
2.909418061440194325e-01 4.584537551360306495e-01 1.518383163377879097e-01 3.693099694151357748e-01 -4.731477857493649464e-01 7.653140944444955301e-05 -1.554544254340381698e-04 -4.245101617621811101e-05 9.136741291694675965e+03 0.000000000000000000e+00 0.000000000000000000e+00
2.951307637332223344e-01 4.514914332607573577e-01 1.417018567593286149e-01 3.762428610506311499e-01 -4.749455336898876223e-01 9.066323001169328136e-05 -1.962143167410961789e-03 2.333385235564105814e-04 9.136795527104130088e+03 0.000000000000000000e+00 0.000000000000000000e+00
2.954710767130424021e-01 4.514954076506225156e-01 1.491982664590610075e-01 3.588559611564343110e-01 -4.748990572912595298e-01 1.489392416909029191e-03 -3.737765496398938003e-05 -3.154483619572352542e-05 9.136810645996465610e+03 0.000000000000000000e+00 0.000000000000000000e+00
2.926051693436809154e-01 4.516724090540040759e-01 1.521939639203709338e-01 3.711568926574207450e-01 -4.762198225895478143e-01 1.262280023418919019e-06 -3.240854798628646122e-09 1.816508601630233838e-02 9.136861603914188890e+03 0.000000000000000000e+00 0.000000000000000000e+00
2.923045046122317303e-01 4.545872730591563604e-01 1.559283226944848111e-01 3.470504987870978719e-01 -4.741394138358942523e-01 1.329282556382815710e-09 -3.455993633388243415e-04 1.383924964353480148e-02 9.137044740059891410e+03 0.000000000000000000e+00 0.000000000000000000e+00
2.910231919577312976e-01 4.570431336785846788e-01 1.606487083122375703e-01 3.642672838934019053e-01 -4.726685399581944114e-01 4.711305054858001558e-10 -2.198276457183864427e-04 2.360405306520635199e-04 9.137085214156801158e+03 0.000000000000000000e+00 0.000000000000000000e+00
2.928325436218920386e-01 4.499860086989741492e-01 1.591056820345613521e-01 3.474946184313119080e-01 -4.763409376249444493e-01 4.956800868599735299e-05 -5.123616282446842173e-05 1.409256616180355574e-02 9.137233814734670887e+03 0.000000000000000000e+00 0.000000000000000000e+00
2.903760920734341777e-01 4.595177214630103424e-01 1.588758079526365607e-01 3.451271397371120098e-01 -4.722277860992212806e-01 3.039639598703209450e-07 -2.114843236869530920e-04 8.890934637349467984e-03 9.137295326350604228e+03 0.000000000000000000e+00 0.000000000000000000e+00
2.900807894297414702e-01 4.590504075150791397e-01 1.587142366408518246e-01 3.486829691125175601e-01 -4.727242494410601736e-01 1.273475766738977340e-09 -2.198535549622376471e-04 2.227149895170607065e-04 9.137310194576368303e+03 0.000000000000000000e+00 0.000000000000000000e+00
2.923569188822844889e-01 4.552134575885235512e-01 1.613849434769657754e-01 3.374858392466639767e-01 -4.718915368536202859e-01 3.813117846684578225e-04 -8.247064930718805975e-03 9.136153715071390277e-03 9.137510243070832075e+03 0.000000000000000000e+00 0.000000000000000000e+00
2.905437211746586534e-01 4.578264697297651509e-01 1.516305615557982933e-01 3.688046561711997295e-01 -4.725003950416166165e-01 7.642669433255961753e-05 -9.904899585499726822e-03 -4.239293201259166602e-05 9.137566672649940301e+03 0.000000000000000000e+00 0.000000000000000000e+00
2.893406536323193112e-01 4.627502036207126745e-01 1.510026980236009730e-01 3.585096314366784664e-01 -4.724923131706224577e-01 2.430770498048768471e-04 3.168088359492132462e-04 1.851000814482850823e-02 9.137611852021449522e+03 0.000000000000000000e+00 0.000000000000000000e+00
2.920238090640090434e-01 4.551274081064489163e-01 1.440585680165261950e-01 3.740639427140985407e-01 -4.736841050034929501e-01 4.120319212337084439e-04 -1.330710501169606562e-02 5.007332376104095295e-05 9.137859512606113640e+03 0.000000000000000000e+00 0.000000000000000000e+00
2.934733174615568596e-01 4.499924201077205033e-01 1.457584143392398890e-01 3.756458463507927892e-01 -4.773832630707991465e-01 4.967647300781561091e-05 -5.134827738788633227e-05 9.874154327091964195e-03 9.137868353297488284e+03 0.000000000000000000e+00 0.000000000000000000e+00
2.917128548197566729e-01 4.546427770769452259e-01 1.600030374262210731e-01 3.717143735328672371e-01 -4.731797143397390992e-01 3.227481238574956239e-05 -3.254634955268502060e-03 -7.669734013440116850e-05 9.138054195450287807e+03 0.000000000000000000e+00 0.000000000000000000e+00
2.936988439226017600e-01 4.503382273479893394e-01 1.551708892057745981e-01 3.759345202209302128e-01 -4.748131310082061574e-01 5.870283384842422799e-08 -3.212331105403456490e-03 1.539241988005823046e-04 9.138215161159783747e+03 0.000000000000000000e+00 0.000000000000000000e+00
2.925046140088544133e-01 4.519636510772265248e-01 1.570133463157897258e-01 3.600056787801284575e-01 -4.754422823020175159e-01 2.111318970002770429e-04 -8.023430050738752143e-07 5.794537509390722544e-10 9.138341918546966554e+03 0.000000000000000000e+00 0.000000000000000000e+00
2.915996199442213443e-01 4.519794109135431004e-01 1.764177700662539205e-01 3.576955337982448691e-01 -4.733633830427859679e-01 7.925966232207838841e-05 -8.115809734775691496e-05 8.656863717094070640e-03 9.138403280371207074e+03 0.000000000000000000e+00 0.000000000000000000e+00
2.904221246616049967e-01 4.547013062883714651e-01 1.598788464046209390e-01 3.676724541170487415e-01 -4.752362039917172321e-01 2.110403828329345010e-04 -2.000325319820438527e-07 9.809080599366077138e-03 9.138616797925695209e+03 0.000000000000000000e+00 0.000000000000000000e+00
2.909158787785768863e-01 4.558983737905886180e-01 1.547321033100819976e-01 3.514420012090190837e-01 -4.744467016321757269e-01 7.340775307371545818e-05 -1.696958447678097648e-03 -4.981240387144977567e-05 9.138764559590808858e+03 0.000000000000000000e+00 0.000000000000000000e+00
2.973196680309941886e-01 4.532906414243026427e-01 1.496346525992052756e-01 3.528843273023603566e-01 -4.708373759310498508e-01 5.640429793428664783e-05 -1.170924665977596257e-04 1.474381778335273890e-09 9.138800202124642965e+03 0.000000000000000000e+00 0.000000000000000000e+00
2.922134435221012683e-01 4.504552750639700398e-01 1.543585964120069709e-01 3.679365285544065611e-01 -4.776379209730027275e-01 9.101332335613619099e-04 -6.844960360742742512e-04 1.395537624794088161e-02 9.138820339169773433e+03 0.000000000000000000e+00 0.000000000000000000e+00
2.904030026394845421e-01 4.546713677688899446e-01 1.598683196348677504e-01 3.744927609795373202e-01 -4.752049134100655992e-01 1.928839387796450072e-04 -1.533948016381671667e-07 1.151956355167147242e-02 9.138843328770644803e+03 0.000000000000000000e+00 0.000000000000000000e+00
2.944216343419444604e-01 4.597281333578534523e-01 1.413419473834251483e-01 3.716950865446475016e-01 -4.704877279683564173e-01 7.976084428062824700e-05 -6.915790569961059687e-04 1.384686465499385816e-02 9.138993146314052865e+03 0.000000000000000000e+00 0.000000000000000000e+00
2.898693929041014083e-01 4.608432043119443100e-01 1.616390343482192737e-01 3.763389067195622162e-01 -4.795127584311915103e-01 1.234401440121279427e-02 -1.560251718247393916e-07 1.157635181407269502e-02 9.139107826526917052e+03 0.000000000000000000e+00 0.000000000000000000e+00
2.961781200043369089e-01 4.545307782244774608e-01 1.617738576261312233e-01 3.382099984207939669e-01 -4.819003734724029986e-01 1.814457542105776811e-02 -8.233215646392216499e-05 1.114944449273751886e-02 9.139224832717298341e+03 0.000000000000000000e+00 0.000000000000000000e+00
2.914523015524807525e-01 4.626071766252462525e-01 1.437700950611230377e-01 3.696945301571735176e-01 -4.714094273432741788e-01 3.782217105402631112e-04 -1.235125376702792265e-09 1.051379946875559759e-02 9.139245255819716476e+03 0.000000000000000000e+00 0.000000000000000000e+00
2.931574032970444832e-01 4.489885811293605200e-01 1.558311778323160091e-01 3.700990473517505319e-01 -4.762590372500158376e-01 5.839994732264798505e-08 -3.195756576639293290e-03 2.197082646439514110e-04 9.139591481451772779e+03 0.000000000000000000e+00 0.000000000000000000e+00
2.892387261856859682e-01 4.543784043119729055e-01 1.656282570556546485e-01 3.488453555685469554e-01 -4.758758772041523089e-01 8.135030025116702680e-05 -6.770765845655991219e-09 9.313535841072025784e-03 9.139780941617756980e+03 0.000000000000000000e+00 0.000000000000000000e+00
2.903338512857576159e-01 4.545631004979033274e-01 1.588526964105576311e-01 3.714709208369962878e-01 -4.750917566494215483e-01 -4.133606823664149319e-04 -1.064427623183724438e-04 9.836647739269144611e-03 9.139862266325226301e+03 0.000000000000000000e+00 0.000000000000000000e+00
2.916201171385065516e-01 4.551638314796960239e-01 1.443322539215919076e-01 3.664955526200149860e-01 -4.748678934485139891e-01 1.350621656426233565e-09 -7.081147270043971868e-03 8.035562771658594228e-03 9.140245516007906190e+03 0.000000000000000000e+00 0.000000000000000000e+00
2.914978250847051200e-01 4.636576143964772911e-01 1.506398156478006567e-01 3.550795654555300995e-01 -4.695266981230150072e-01 5.659882988238248183e-05 -4.644925068406495256e-05 1.075998683198576070e-02 9.140612838645685770e+03 0.000000000000000000e+00 0.000000000000000000e+00
2.927027020086397369e-01 4.503118492440611464e-01 1.629933106502960416e-01 3.308813153141144658e-01 -4.757642581143776139e-01 2.232248148745080696e-04 -2.002809366861217871e-04 2.203568301009597877e-04 9.140925147990668847e+03 0.000000000000000000e+00 0.000000000000000000e+00
2.902041929921467256e-01 4.532620673154933444e-01 1.577196701044275562e-01 3.688213823980460160e-01 -4.765560493616857185e-01 5.521136288210880591e-05 -1.471735296783680976e-07 1.478822072485567710e-09 9.141065394405814004e+03 0.000000000000000000e+00 0.000000000000000000e+00
2.915136352903463512e-01 4.490092570411710615e-01 1.604303227772375939e-01 3.629246935997264556e-01 -4.763997999543579387e-01 1.098602272257426791e-04 -9.109801102823323476e-03 -3.164452197263239785e-05 9.141575758273535030e+03 0.000000000000000000e+00 0.000000000000000000e+00
2.941896665611092310e-01 4.422717134878419998e-01 1.673327130272080909e-01 3.455247761623765901e-01 -4.787986183964361153e-01 5.627792636294289425e-05 -9.520248785165928511e-05 -5.314214969901465632e-10 9.141637143442294473e+03 0.000000000000000000e+00 0.000000000000000000e+00
2.901564486303344625e-01 4.587608714830964107e-01 1.411571912255681349e-01 3.724981435119159023e-01 -4.754252621138926327e-01 6.730899392393500086e-08 -5.145398646629697787e-05 9.863848866022772305e-03 9.141742659264446047e+03 0.000000000000000000e+00 0.000000000000000000e+00
2.887289882859654933e-01 4.586273385358703991e-01 1.595866006682632454e-01 3.407787718885375572e-01 -4.743404807555147706e-01 9.272104977040254420e-08 -1.140281596923889788e-07 3.284760260149048204e-05 9.142117646628568764e+03 0.000000000000000000e+00 0.000000000000000000e+00
2.852849884349217269e-01 4.601685943590689831e-01 1.646250703811106553e-01 3.360891644575790260e-01 -4.758006485198865709e-01 6.010860669747990090e-05 -2.473039818410601668e-03 1.077756859134496731e-02 9.142301775782367258e+03 0.000000000000000000e+00 0.000000000000000000e+00
2.873345133514420557e-01 4.564123052215083298e-01 1.578385166879520130e-01 3.537928361674218536e-01 -4.769361990323255918e-01 9.138592040484354762e-05 -3.245035293749013675e-03 3.268895847379520760e-05 9.142566567451140145e+03 0.000000000000000000e+00 0.000000000000000000e+00
2.886556596614892056e-01 4.540211053658677609e-01 1.506880392809130109e-01 3.669351605866388311e-01 -4.765264618818482734e-01 1.304972047507928696e-09 -1.360717887175452202e-02 -1.201617094889839379e-04 9.142642896652379932e+03 0.000000000000000000e+00 0.000000000000000000e+00
2.916439600967976609e-01 4.492099922296313164e-01 1.575660321328336277e-01 3.630869436104427472e-01 -4.766127804266458434e-01 1.099093416105145283e-04 -8.869206001265868625e-03 3.285333580749075412e-05 9.142691541716600113e+03 0.000000000000000000e+00 0.000000000000000000e+00
2.898023471450889565e-01 4.584498668883848493e-01 1.497473666686161831e-01 3.557105732516643304e-01 -4.729884461766000192e-01 7.288220085889112214e-05 -1.181259567167482032e-02 4.766117697071040273e-10 9.142931830798319425e+03 0.000000000000000000e+00 0.000000000000000000e+00
2.883993240296146565e-01 4.536179198296311776e-01 1.569087847686547466e-01 3.666093102071372734e-01 -4.761032908556689369e-01 1.303813189806095228e-09 -1.359509525351467428e-02 2.334270217334506780e-04 9.143394426499820838e+03 0.000000000000000000e+00 0.000000000000000000e+00
2.887356238184191626e-01 4.530329989878226771e-01 1.594365060815513269e-01 3.713703983119061580e-01 -4.773373444270835875e-01 2.081423016019464971e-07 -3.243111094551372718e-03 -7.642577374455079907e-05 9.143591498235422478e+03 0.000000000000000000e+00 0.000000000000000000e+00
2.930418580111338045e-01 4.547539201243013252e-01 1.475010021092830748e-01 3.547864635452523396e-01 -4.743553821986246644e-01 1.383750536696714019e-09 -2.201336072799983570e-04 -1.229876892846947444e-04 9.144237498093772956e+03 0.000000000000000000e+00 0.000000000000000000e+00
2.975490213171704257e-01 4.536403111884729777e-01 1.419455167267157369e-01 3.609611078273871065e-01 -4.721761518606901187e-01 9.298406916161576019e-04 -9.994279759611980443e-10 7.987483973883059349e-03 9.145282775193487396e+03 0.000000000000000000e+00 0.000000000000000000e+00
2.875470316918694036e-01 4.518596212300804438e-01 1.520869504356656132e-01 3.569886617943276441e-01 -4.812011550761895462e-01 1.064967781198296559e-04 -1.156600378963957179e-07 -3.283252688671878434e-05 9.145509300786647145e+03 0.000000000000000000e+00 0.000000000000000000e+00
2.888947303451807613e-01 4.589464779731132760e-01 1.502445838417244550e-01 3.526641357056554682e-01 -4.753719308689931533e-01 9.128920999979175260e-05 -1.142589433944422093e-07 -3.573724887588746878e-05 9.145674133384924062e+03 0.000000000000000000e+00 0.000000000000000000e+00
3.003463689136514625e-01 4.549220245760518533e-01 1.394115881765320142e-01 3.678509273991301121e-01 -4.774235440712114031e-01 1.351314078377788448e-02 -2.001296305329581735e-07 9.813842062426924445e-03 9.147281901770093100e+03 0.000000000000000000e+00 0.000000000000000000e+00
2.953921627147319540e-01 4.538475612570716522e-01 1.496523208455430298e-01 3.462543894073348283e-01 -4.724318363947534460e-01 1.483164208508244563e-07 -1.539132669206668931e-07 6.113248400553227793e-05 9.148213933876797455e+03 0.000000000000000000e+00 0.000000000000000000e+00
2.932521274317210769e-01 4.550802245094267007e-01 1.510395572725252433e-01 3.432717210739210101e-01 -4.727341987360855202e-01 -8.356712517773328579e-05 -5.516866945830873302e-03 9.072181199810768967e-03 9.148494285695158396e+03 0.000000000000000000e+00 0.000000000000000000e+00
2.901422240735917479e-01 4.552399879403830063e-01 1.572824851038662486e-01 3.341031671150450633e-01 -4.757550946930612645e-01 7.966012899221680316e-05 -6.315569508125451481e-04 9.189058232970446702e-03 9.149276877456892180e+03 0.000000000000000000e+00 0.000000000000000000e+00
2.913630675299374584e-01 4.565991695855060040e-01 1.456815337649687292e-01 3.519822292307969169e-01 -4.751760094615758434e-01 6.564338720599308000e-05 -1.186522872437872043e-07 -5.000832588965654842e-05 9.152503822107188171e+03 0.000000000000000000e+00 0.000000000000000000e+00
2.960724472953464304e-01 4.538478961829981451e-01 1.436535722896828959e-01 3.525599536872217610e-01 -4.723524241389572831e-01 9.241608728197677491e-08 -1.715777571574337483e-03 -4.993255127918664991e-05 9.152662228230077744e+03 0.000000000000000000e+00 0.000000000000000000e+00
2.894435290744756806e-01 4.580419483670153391e-01 1.569037312491265435e-01 3.332986092372750009e-01 -4.746094230951840021e-01 1.325135782313161423e-09 -3.150180454402470224e-04 9.166929950696251633e-03 9.153006268338600421e+03 0.000000000000000000e+00 0.000000000000000000e+00
2.814063172400540491e-01 4.667226724956994310e-01 1.500180018736176624e-01 3.529835338202768624e-01 -4.775082804735412134e-01 9.072588386900833448e-05 -2.202316969907326390e-04 -1.230424915796049761e-04 9.153445261508568365e+03 0.000000000000000000e+00 0.000000000000000000e+00
2.813307552254653010e-01 4.665973501300400006e-01 1.499777196846557026e-01 3.528887521991899145e-01 -4.773800620027929820e-01 9.301617633983663997e-08 -1.726918698370601612e-03 -2.354889134141729447e-04 9.153573057412082562e+03 0.000000000000000000e+00 0.000000000000000000e+00
2.949753488662340550e-01 4.532071585229556221e-01 1.484644139988992584e-01 3.418588480237811922e-01 -4.737186894043824981e-01 7.750008761699838690e-05 -4.602312895409442858e-05 1.251447568658484687e-02 9.153982422535575097e+03 0.000000000000000000e+00 0.000000000000000000e+00
2.856843046366719374e-01 4.608126968625770314e-01 1.565393450063956027e-01 3.365595917637504986e-01 -4.764666313632165973e-01 6.019274130494947525e-05 -1.180887869141813625e-09 1.490688699009264633e-09 9.154592514348491022e+03 0.000000000000000000e+00 0.000000000000000000e+00
2.943855771048835002e-01 4.513912182274880669e-01 1.442489327813929190e-01 3.493375514977951068e-01 -4.759233496528950114e-01 7.450676634083559194e-05 -2.343010208403125674e-04 -1.226606571270348015e-04 9.154861778068840067e+03 0.000000000000000000e+00 0.000000000000000000e+00
2.984148183979699054e-01 4.519963861728208410e-01 1.390010391886309371e-01 3.538208270256059662e-01 -4.724091261935288721e-01 1.347054201879563536e-09 -2.116834553858766847e-04 1.585632483751427818e-02 9.159401055183607241e+03 0.000000000000000000e+00 0.000000000000000000e+00
2.910439362236690308e-01 4.566547955563292072e-01 1.499317247212840487e-01 3.390612859710083749e-01 -4.772336597337603625e-01 3.437466523685485300e-03 -8.110392201624300331e-05 6.644061066374303923e-10 9.160664626168294490e+03 0.000000000000000000e+00 0.000000000000000000e+00
2.956559060535178807e-01 4.508020745766510018e-01 1.488037150929421570e-01 3.356621507670302096e-01 -4.742203641650484802e-01 -4.126025143138060936e-04 -5.121797954819186209e-05 1.186463007339110276e-07 9.161385992924060702e+03 0.000000000000000000e+00 0.000000000000000000e+00
2.922723156771757647e-01 4.564922121111741893e-01 1.295186683184808840e-01 3.743822638941749492e-01 -4.789746979324953635e-01 3.558708693184675729e-03 -1.482223529645701194e-07 1.489360808827367881e-09 9.165426953915823105e+03 0.000000000000000000e+00 0.000000000000000000e+00
2.923064700495968671e-01 4.643664657978545662e-01 1.441980078003864130e-01 3.480304459453394395e-01 -4.692545338588846038e-01 -1.181721929045788992e-07 1.893785142701584902e-09 7.882009748410951852e-03 9.166147577209556403e+03 0.000000000000000000e+00 0.000000000000000000e+00
2.985372681217207669e-01 4.571046039765364055e-01 1.394805269093285505e-01 3.504142360248394539e-01 -4.688503325583746051e-01 3.966859831919637442e-04 -8.100996885667211889e-05 4.794955590465796523e-10 9.169340562998624591e+03 0.000000000000000000e+00 0.000000000000000000e+00
2.899821367523172100e-01 4.606739630680624087e-01 1.430513885316614942e-01 3.452630123204846746e-01 -4.742517219795421846e-01 7.363774800275874500e-05 -2.315682236228233323e-04 -1.212299902810690615e-04 9.171778249789162146e+03 0.000000000000000000e+00 0.000000000000000000e+00
2.950905566697210602e-01 4.533841665389091724e-01 1.304456599847939047e-01 3.615347879728370573e-01 -4.758579506561395611e-01 1.481649844393371682e-07 -1.537561159276140345e-07 6.107006553595220393e-05 9.175821952992144361e+03 0.000000000000000000e+00 0.000000000000000000e+00
2.906631172017069553e-01 4.601344940108378356e-01 1.527212988686934836e-01 3.813105978205443836e-01 -4.719580784393818118e-01 5.520467640375779360e-09 6.019658863175716525e-10 6.158116889866673232e-05 9.177773505771938289e+03 0.000000000000000000e+00 0.000000000000000000e+00
2.890639755452074633e-01 4.619164203813619363e-01 1.430671365451786914e-01 3.398454847626087849e-01 -4.746117976857122667e-01 2.107630997792535050e-04 -1.997697119920543899e-07 9.796192583404941118e-03 9.183180646191645792e+03 0.000000000000000000e+00 0.000000000000000000e+00
2.930345727388065646e-01 4.590874972907969531e-01 1.406565949146271477e-01 3.379665405587569116e-01 -4.727624440186079524e-01 7.750344737964855180e-05 -1.182608755182625607e-09 -3.565158579463833003e-05 9.189943506640795022e+03 0.000000000000000000e+00 0.000000000000000000e+00
2.931159471642429404e-01 4.592149838906472437e-01 1.387415483244083259e-01 3.380603923960934787e-01 -4.728937280916452046e-01 8.324989059270897034e-05 -1.182937160486714950e-09 -4.245982958596617373e-05 9.196313396631787327e+03 0.000000000000000000e+00 0.000000000000000000e+00
2.967534557232808790e-01 4.451301835849213462e-01 1.272502401197512512e-01 3.468674499017157520e-01 -4.805047677108753579e-01 3.934347735362724041e-05 -4.726015267478393949e-05 -7.772735769862943378e-05 9.203397845393232274e+03 0.000000000000000000e+00 0.000000000000000000e+00
3.013831968860201660e-01 4.525593342307762668e-01 1.332481979801536098e-01 3.391772312222091634e-01 -4.700027346936327399e-01 5.902951952423352917e-05 -9.345354794417733743e-05 -5.722002381588748167e-10 9.205938617431098464e+03 0.000000000000000000e+00 0.000000000000000000e+00
2.895241184313767091e-01 4.626517162771661140e-01 1.447620592156883546e-01 3.247365112135711662e-01 -4.734110585161699913e-01 6.230878297814119573e-10 -1.187875043910761941e-09 9.353291832770404407e-03 9.209145310906244049e+03 0.000000000000000000e+00 0.000000000000000000e+00
2.883567760544927805e-01 4.584383998968037943e-01 1.651942208583365435e-01 3.479830924589811247e-01 -4.731006088487271777e-01 8.304766789175342472e-05 -5.483055222646340300e-03 -3.531912312637789335e-05 9.214462409592570111e+03 0.000000000000000000e+00 0.000000000000000000e+00
2.899914768863304237e-01 4.606327200881507045e-01 1.592980391739536039e-01 3.629825288917333248e-01 -4.714827413321970861e-01 2.342272056031268449e-07 -8.635070487690575788e-10 2.374405394759793815e-04 9.218890106563359950e+03 0.000000000000000000e+00 0.000000000000000000e+00
2.953045960993921915e-01 4.546908516099912867e-01 1.276067873873201197e-01 3.402847663661869859e-01 -4.752252771665715358e-01 2.110355305061493330e-04 -3.498797211649462384e-03 1.561471943364956504e-02 9.224419078828759666e+03 0.000000000000000000e+00 0.000000000000000000e+00
2.938488104393268685e-01 4.598099326143619825e-01 1.283758092118653937e-01 3.407084214063956229e-01 -4.734773191464236586e-01 2.435837931739514477e-04 1.897188839202205079e-04 8.580251031567761699e-05 9.229380338561904864e+03 0.000000000000000000e+00 0.000000000000000000e+00
2.970826484280945090e-01 4.587735324905983791e-01 1.280864533386702475e-01 3.399404731193605977e-01 -4.704620301336709942e-01 5.910242895607092239e-08 -3.485242135759920173e-03 1.607168425922478328e-02 9.230025045537307960e+03 0.000000000000000000e+00 0.000000000000000000e+00
2.962401367727532375e-01 4.526705720322929394e-01 1.495866037169348017e-01 3.637007619784297097e-01 -4.722243764397353605e-01 5.561567903972281559e-05 -1.426569020432804124e-07 -5.060310710910401666e-04 9.233139388278439583e+03 0.000000000000000000e+00 0.000000000000000000e+00
2.953694519687810049e-01 4.499004897537723924e-01 1.603993050426492928e-01 3.599203918030179361e-01 -4.733735587844040138e-01 9.073655427693694991e-05 -1.126278672794010721e-07 -5.062144607029114233e-04 9.235680224599995199e+03 0.000000000000000000e+00 0.000000000000000000e+00
2.928327666858617784e-01 4.622644343669791711e-01 1.571894951608054092e-01 3.555126899898589654e-01 -4.681406771767289143e-01 3.299648062115329451e-04 -2.811874000759150677e-04 5.355950477636477029e-05 9.237483168963750359e+03 0.000000000000000000e+00 0.000000000000000000e+00
2.911373842102045750e-01 4.558211570967850013e-01 1.592923398456506656e-01 3.391701513021238568e-01 -4.822881920249854071e-01 1.216135748436986824e-02 4.231202777150096001e-04 -1.486410407166610508e-07 9.245337731905370674e+03 0.000000000000000000e+00 0.000000000000000000e+00
2.936180185832067413e-01 4.546660287760023733e-01 1.620300102549468435e-01 3.761060238039069525e-01 -4.713600298325726912e-01 2.921905702506754047e-07 -1.929206970244844107e-07 3.090477185343682165e-07 9.250441687985046883e+03 0.000000000000000000e+00 0.000000000000000000e+00
2.957837502815462982e-01 4.554286221222484388e-01 1.297726718950492908e-01 3.251662420313687907e-01 -4.740375335638026266e-01 1.597215680827981327e-07 -2.479147741391271413e-03 1.080418707050764121e-02 9.254413621369780230e+03 0.000000000000000000e+00 0.000000000000000000e+00
2.944039872495245458e-01 4.548101464153784246e-01 1.491581662975165756e-01 3.384178723864966210e-01 -4.812184774975616919e-01 1.213438361067911524e-02 4.644477354134697524e-05 -5.501735642121513298e-04 9.264383547424238714e+03 0.000000000000000000e+00 0.000000000000000000e+00
2.936808215211684225e-01 4.567276990212150722e-01 1.625557724473356835e-01 2.769832497289949624e-01 -4.842295819730301765e-01 1.921448518731724842e-02 -7.962022682272650453e-07 1.120333401496932148e-02 9.300112696263742691e+03 0.000000000000000000e+00 0.000000000000000000e+00
2.900347216472491940e-01 4.638602450587318571e-01 1.562476614934675823e-01 3.681585523939829852e-01 -4.697195323647369025e-01 8.988245908056225223e-05 -1.244526356500092661e-04 5.206983836391192730e-04 9.348079853066734358e+03 0.000000000000000000e+00 0.000000000000000000e+00
2.843849335950296986e-01 4.681112824468014466e-01 1.588060196192176143e-01 3.635436264513781657e-01 -4.720203536989667770e-01 5.392151507503482329e-05 -1.146354112664076933e-07 -7.730341099252779988e-05 9.388357775414528078e+03 0.000000000000000000e+00 0.000000000000000000e+00
2.898584735739158647e-01 4.573104971588470291e-01 1.488462431866054425e-01 2.526469127772645318e-01 -4.768955291570845523e-01 9.132668729646908575e-05 -1.134672826664859523e-07 5.795180366665996646e-04 9.493497958519314125e+03 0.000000000000000000e+00 0.000000000000000000e+00
2.969297253811780113e-01 4.561387557664807191e-01 1.484648626905890056e-01 2.500460845315183311e-01 -4.707898935319993483e-01 -1.386325431034616231e-09 1.864776974712823322e-04 9.248530714483648926e-03 9.512801486098005626e+03 0.000000000000000000e+00 0.000000000000000000e+00
3.791191622088927460e-01 4.053860787591624382e-01 1.348368382913844865e-01 3.265853291083533061e-01 -4.228973564593422330e-01 5.312705248231601180e-08 -3.132877026047792886e-03 1.559598170172263668e-02 9.545302078482503930e+03 0.000000000000000000e+00 0.000000000000000000e+00
3.746488392776038956e-01 4.079899537800604770e-01 1.399449411353110573e-01 3.114762012729493934e-01 -4.255379087813533912e-01 1.915023409564925829e-04 -1.815751187935144552e-07 3.470176648204899208e-05 9.553133067910917816e+03 0.000000000000000000e+00 0.000000000000000000e+00
2.876551762712429294e-01 4.596651972172226541e-01 1.472289162334233237e-01 3.576253542831668852e-01 -4.645242373569395955e-01 2.173318696524854188e-07 -7.094198603986734408e-02 -9.138133197328384774e-07 9.572550739042409987e+03 0.000000000000000000e+00 0.000000000000000000e+00
2.782548723349439479e-01 4.640929639665852258e-01 1.541953895430104582e-01 3.696671228132107356e-01 -4.821745080172313846e-01 6.131165924291374364e-08 3.602182603839668151e-03 8.004850230754818885e-03 9.581862037613967914e+03 0.000000000000000000e+00 0.000000000000000000e+00
2.828249137628269794e-01 4.655434147504952658e-01 1.676539437253871112e-01 3.722403504163667720e-01 -4.762343908721141106e-01 3.432046311769700129e-03 -1.140065681248685029e-07 -4.021929271605117508e-05 9.650315315061185174e+03 0.000000000000000000e+00 0.000000000000000000e+00
2.897848293746229653e-01 4.512085933886746947e-01 1.818448425941426028e-01 3.763313052616747978e-01 -4.745469689087785659e-01 7.407199261751714215e-05 1.808398257263602103e-07 4.781822314879717816e-10 9.783357032748019265e+03 0.000000000000000000e+00 0.000000000000000000e+00
2.893782911943612035e-01 4.624186882936920928e-01 1.481108483646814966e-01 3.118637665236527745e-01 -4.614410589315489641e-01 3.255582153230481175e-04 -7.136694343644718608e-02 -1.883326827553831693e-07 9.818780371882316103e+03 0.000000000000000000e+00 0.000000000000000000e+00
2.872461114738226740e-01 4.494326914216273394e-01 1.646291489229221860e-01 3.273042426657503112e-01 -4.601799949121445077e-01 1.048236883929150519e-08 -1.231054763459240031e-01 1.147935858667300713e-06 9.991753674442838019e+03 0.000000000000000000e+00 0.000000000000000000e+00
2.872461082054659776e-01 4.494326863078719203e-01 1.646291470497313336e-01 3.273042389416023767e-01 -4.601799896761036290e-01 1.048236872002054112e-08 -1.231054749451996888e-01 3.680476128362767769e-07 9.991798755164125396e+03 0.000000000000000000e+00 0.000000000000000000e+00
2.986176182638304311e-01 4.659637331969166407e-01 1.653419698440671826e-01 3.737730591020428372e-01 -4.579471528408406433e-01 5.124677677089866495e-08 1.163504908504785552e-07 3.975507531318199565e-05 9.999011242144757489e+03 0.000000000000000000e+00 0.000000000000000000e+00
2.975931580676574595e-01 4.727650504419307897e-01 1.607401171502564619e-01 3.712449764522951501e-01 -4.548497432672892193e-01 4.947637910197537269e-08 -2.857584803246867602e-04 5.503766649110676556e-05 1.009423045000337333e+04 0.000000000000000000e+00 0.000000000000000000e+00
2.999046086118677956e-01 4.874670999912769642e-01 2.124123177652820391e-06 3.653561029994741305e-01 -4.679293404725884953e-01 3.959067480593607804e-04 -8.013534177587061647e-05 1.031837924580734055e-02 1.012792771064578119e+04 0.000000000000000000e+00 0.000000000000000000e+00
2.878031450176848360e-01 4.793542448473359641e-01 1.672498408960386984e-01 3.468885588954876420e-01 -4.593414433725963031e-01 2.052093901218423624e-04 -2.126546287657187179e-04 -3.827317990367694810e-05 1.034169097306574804e+04 0.000000000000000000e+00 0.000000000000000000e+00
2.541235972058107362e-01 3.992144347996688936e-01 1.446615747607402358e-01 2.910402008539521579e-01 -5.511734777234138516e-01 7.499913451533993075e-10 -5.948758643860651457e-09 -3.102094692453744338e-05 1.124885423761689344e+04 0.000000000000000000e+00 0.000000000000000000e+00
2.722342124012924192e-01 5.021422575034439895e-01 1.587231273717782665e-01 3.568865469995741724e-01 -4.598160902043030851e-01 3.240972948820046353e-04 -9.041844820983463123e-05 2.178813052945994738e-07 1.125610174908392582e+04 0.000000000000000000e+00 0.000000000000000000e+00
2.850269624737104546e-01 4.558479160110369133e-01 2.293881376072669787e-01 3.143105545086807284e-01 -4.685374725595240486e-01 6.818117581999454151e-10 -9.484757185805794543e-05 -5.799945356420868717e-10 1.129994040056353879e+04 0.000000000000000000e+00 0.000000000000000000e+00
2.705398197577004171e-01 5.028407957333937972e-01 1.553453028644039557e-01 3.317219698089118318e-01 -4.617340386677361019e-01 8.774968895955530014e-08 -8.985568149458462734e-05 1.832487010999544432e-07 1.154896468259092399e+04 0.000000000000000000e+00 0.000000000000000000e+00
3.743952784544370416e-01 3.742377046840437288e-02 2.016944261034004093e-01 4.752424915061372324e-01 -6.063438684733475359e-01 7.278554042580291953e-05 -1.028168851816162362e-02 1.390588523720709922e-02 1.176563641351941078e+04 0.000000000000000000e+00 0.000000000000000000e+00
2.638678402761952535e-01 3.923525076002249978e-01 9.851928350181472782e-02 1.141891312469748123e-03 -5.536050766578998195e-01 6.649599713385642619e-10 -5.999982006893035111e-05 -9.763128616479457286e-06 2.953739285387500058e+04 0.000000000000000000e+00 0.000000000000000000e+00
2.853253645594510668e-01 4.453389136029269890e-01 1.523020527040312988e-01 1.534587771549480006e+00 -4.704012767061220290e-01 -9.913537087985375024e-06 -6.928297492469778426e-03 7.862111502324400578e-03 9.832925014120443666e+04 0.000000000000000000e+00 0.000000000000000000e+00
6.619744327344712585e-10 1.025064088147358408e-09 1.540440412642134937e+00 7.881702276035845285e-10 -1.080413120984688867e-09 1.324902271477691860e-16 -7.748864597226251352e-12 2.463031961261201652e-11 inf 0.000000000000000000e+00 -9.000000000000000000e+01
2.944139988363096427e-01 4.479787756379727814e-01 1.609006737826343403e-01 3.716854470358725848e-01 -4.753661243669318193e-01 5.526884665457939268e-08 -1.268618252324522790e-05 -3.450641646322702069e-05 inf 0.000000000000000000e+00 -9.000000000000000000e+01
2.919889580545803054e-01 4.560496435166856433e-01 1.577130994174405221e-01 3.300744743225690336e-01 -4.619089537117608280e-01 3.251993451368229040e-04 -7.543861876159307922e-02 7.861241178392547324e-02 inf 0.000000000000000000e+00 -9.000000000000000000e+01
1.009138248703703056e+00 3.669750161448964791e-10 1.221940364251207875e-10 2.718915537176320586e-10 -3.811196634481259150e-10 2.599554727630731355e-14 -6.503683045511571336e-14 5.327839423359585824e-19 inf 0.000000000000000000e+00 -8.000000000000000000e+01
5.917073662496280866e-06 6.063963229132081079e-01 1.990957884242936515e-01 4.918837125776666652e-01 -6.311206365083817937e-01 1.672863946527891453e-06 -4.295013030368230299e-09 2.407367376372178056e-02 inf 0.000000000000000000e+00 -9.000000000000000000e+01
4.639129412964267951e-01 -7.290060506086706305e-01 2.493137575674674589e-01 5.980374311270263421e-01 -7.542530134003129216e-01 1.228909474263593276e-04 -1.604766781003759436e-09 4.950771609923602240e-02 inf 0.000000000000000000e+00 -8.000000000000000000e+01
2.922641500426361172e-01 4.525695701329114917e-01 1.627491002745783122e-01 3.118135915170599515e-01 -4.750514278284988512e-01 2.228903605604473865e-04 -2.138220161265105682e-04 1.090492282245203795e-02 inf 0.000000000000000000e+00 -9.000000000000000000e+01
2.943858414209603591e-01 4.616282961817052555e-01 1.398577253262369702e-01 3.804521339294138493e-01 -4.694525045915646788e-01 3.314209372828632694e-04 -9.765933958839414250e-05 -1.695308829040582791e-04 inf 0.000000000000000000e+00 -9.000000000000000000e+01
2.955860812578317565e-01 4.546722778152030298e-01 1.310988101259818739e-01 3.662910575055522977e-01 -4.743125489951253715e-01 5.706925511486625039e-10 -2.453685307092505917e-07 9.134452294373078367e-05 inf 0.000000000000000000e+00 -9.000000000000000000e+01
3.157646496689690552e-01 3.894762713582551883e-01 1.643569943071920836e-01 3.576009754926179340e-01 -4.920748799257750883e-01 1.714673907681561751e-07 -1.057873054622818476e-04 4.879666266882907064e-10 inf 0.000000000000000000e+00 -9.000000000000000000e+01
2.954158694752824221e-01 4.495032166766755877e-01 1.496708308803341159e-01 3.729502671116522450e-01 -4.760023146030298302e-01 7.787368730165950567e-05 -4.624498968990856438e-05 7.704367360069658277e-02 inf 0.000000000000000000e+00 -9.000000000000000000e+01
3.141864630184532103e-01 4.234266793910230753e-01 1.633769607695956805e-01 3.499553834236309724e-01 -4.717630583169389880e-01 9.039469301086806754e-05 -3.209837663049101408e-03 3.233439410571521097e-05 inf 0.000000000000000000e+00 -9.000000000000000000e+01
2.923085888878189653e-01 4.585041076534686066e-01 1.505535875877060947e-01 -3.421672445175138466e-01 -4.800117630231408583e-01 3.552183973071855335e-07 -8.138883257566422802e-05 5.863492655681684219e-10 inf 0.000000000000000000e+00 -1.000000000000000000e+01
2.955264005732431420e-01 4.481824220614085141e-01 1.590166890501722441e-01 3.552188192320770432e-01 -4.746036565497447901e-01 1.488504374783000597e-07 -1.507169006441721762e-07 5.590430474420117252e-05 inf 0.000000000000000000e+00 -9.000000000000000000e+01
3.048354011498540794e-01 4.730556057977668982e-01 -1.457908440281910911e-01 3.588697699155473098e-01 -4.903873844584609176e-01 9.707309394632752106e-05 -7.185805638492355841e-09 1.317448340317245333e-07 inf 0.000000000000000000e+00 -9.000000000000000000e+01
2.909437115901821191e-01 4.523643090505157782e-01 2.184494312936251237e-01 4.794288403612304017e-01 -4.649299843019189526e-01 2.109696828942772377e-04 -1.109862181053856350e-06 1.168120727434756505e-04 inf 0.000000000000000000e+00 -9.000000000000000000e+01
6.250362361050864396e-10 9.795030948358232733e-10 1.540440412696489680e+00 7.928311988178613088e-10 -1.017256961446197671e-09 9.601304781691066573e-14 -2.038036961660290339e-13 -1.246263112532328377e-18 inf 0.000000000000000000e+00 -9.000000000000000000e+01
2.930264192480795393e-01 4.493071761803886233e-01 1.430945680661455111e-01 3.711667977142340535e-01 -4.786098181051965939e-01 1.339039731563295874e-09 -9.681699724505231353e-05 -1.416485132107415598e-04 inf 0.000000000000000000e+00 -9.000000000000000000e+01
4.633362364624930563e-01 7.226204217676629460e-01 2.776948966877855751e-01 5.369790819929555203e-01 -1.133064817960861091e-05 8.952148479095728200e-05 -2.960576635095089719e-03 2.205449801042495828e-02 inf 0.000000000000000000e+00 -9.000000000000000000e+01
4.613526931489113636e-01 7.019918055222638120e-01 2.429382121730978283e-01 5.732422167365210930e-01 -4.569460851993992906e-02 5.104121300216036368e-04 -1.930884597442430334e-04 2.241622304751770406e-02 inf 0.000000000000000000e+00 -9.000000000000000000e+01
2.861617720208863846e-01 4.586428400882699430e-01 1.523909436618076374e-01 3.400621057919437362e-01 -4.782429614595635203e-01 7.977013512752296730e-10 -3.227313476097496584e-09 1.813011226844656737e-02 inf 0.000000000000000000e+00 -9.000000000000000000e+01
2.952082963523388059e-01 4.516100427641739357e-01 1.417390826857255759e-01 3.509264185115550383e-01 -4.750703047259491885e-01 9.068704778518271953e-05 -3.069995217654185315e-03 1.408226662028437375e-02 inf 0.000000000000000000e+00 -9.000000000000000000e+01
2.920277787053413565e-01 4.551335949053146313e-01 1.533390008586575093e-01 3.760223906406569561e-01 -4.736905440538146106e-01 5.902976248320451977e-08 -1.960993392748555750e-03 -1.199391630049274860e-04 inf 0.000000000000000000e+00 -9.000000000000000000e+01
2.951187658391036250e-01 4.544828993922195859e-01 1.288685277497419179e-01 3.728333741767342890e-01 -4.751412130009568524e-01 1.359595136422756526e-09 -2.108677379612084975e-04 6.892829247706929840e-05 inf 0.000000000000000000e+00 -9.000000000000000000e+01
1.723871408864277371e-03 6.857465413908223617e-01 1.598231858564093943e-01 4.202962673040523955e-01 -5.662939180517758686e-01 1.109823228451156066e-04 -5.859650622236030787e-05 4.374485717982658982e-05 inf 0.000000000000000000e+00 -9.000000000000000000e+01
2.917998870228162844e-01 4.567302579487559355e-01 1.468758628659995180e-01 3.532828063620719328e-01 -4.723449676222177263e-01 6.282287257663414142e-09 -1.329690120630726453e-02 2.344493762006584795e-04 inf 0.000000000000000000e+00 -9.000000000000000000e+01
2.955035413760786489e-01 4.555270538156162008e-01 1.560965550790581469e-01 3.465539870623114971e-01 -4.702531439174141292e-01 5.320950525063708269e-05 -6.922029331704499270e-04 1.411250301422302400e-02 inf 0.000000000000000000e+00 -9.000000000000000000e+01
2.894750861715243428e-01 4.576835821901128476e-01 1.408257175969577779e-01 3.364169920371769540e-01 -4.772427096341347319e-01 4.966184702583689150e-05 -5.085564142549643712e-05 -3.044175719131828777e-05 inf 0.000000000000000000e+00 -9.000000000000000000e+01
3.038631632026520535e-01 3.015698563105565499e-01 1.312918195724666337e-01 4.082086267929966872e-01 -5.584202282252510585e-01 8.006418104727897316e-05 -7.978423635830247127e-05 -1.298243495128518227e-05 inf 0.000000000000000000e+00 -9.000000000000000000e+01
2.888664928595061632e-01 4.840204445572327541e-01 1.487807354527222459e-01 -3.371719264480523282e-01 -4.704949231524397923e-01 5.751365686636279555e-03 -8.043043385592893977e-05 5.794446772155117205e-10 inf 0.000000000000000000e+00 -1.000000000000000000e+01
3.174478348717978404e-01 3.895495513095563744e-01 1.697394574472231576e-01 3.534986930906771074e-01 -4.896908241397764927e-01 8.019125363357471926e-05 -4.816364928601896529e-05 -4.144029722832596622e-05 inf 0.000000000000000000e+00 -9.000000000000000000e+01
2.922310551813090962e-01 4.407263144916811481e-01 1.456395812467110584e-01 3.426813676393201114e-01 -4.854652708223701763e-01 7.808494705323049503e-05 -3.541710098485811734e-04 1.523028300619200595e-02 inf 0.000000000000000000e+00 -9.000000000000000000e+01
2.569517444405882145e+00 4.085097225174097346e+00 1.489449094892901115e+00 3.109551619162372660e+00 -4.215750654550667775e+00 7.400291898282300787e-04 -4.885893869394659222e-02 3.647489340836997628e+08 inf 0.000000000000000000e+00 -2.000000000000000000e+01
2.911300803513869329e-01 4.620957315644497188e-01 1.499612997783150714e-01 3.673319134634949190e-01 -4.708882507696929287e-01 -1.382975651982934502e-09 -1.233759857953196876e-09 1.028846865335752807e-02 inf 0.000000000000000000e+00 -9.000000000000000000e+01
2.947169967772705346e-01 4.542337871121628345e-01 1.570851319456408879e-01 3.725300652333155549e-01 -4.600697672463661680e-01 3.239044963807537962e-04 -7.513824422786848090e-02 7.854256597282044394e-02 inf 0.000000000000000000e+00 -9.000000000000000000e+01
1.698135264646982419e-03 6.762351987216428384e-01 2.480992774530702549e-01 5.445010691005435222e-01 -5.357187937924702270e-01 -2.822520045109459370e-06 -1.088135917687302535e-04 -1.592001810606546086e-04 inf 0.000000000000000000e+00 -9.000000000000000000e+01
3.794441662942312221e-01 -5.760538498196249302e-01 1.978619745032624833e-01 4.984118091917624227e-01 -8.014662258359999125e-01 1.256571269297012262e-04 -3.681050628305602263e-04 1.513388754992751753e-04 inf 0.000000000000000000e+00 -8.000000000000000000e+01
2.916462820612951146e-01 4.545390215403462553e-01 1.531386832228205375e-01 4.838011903090381205e-01 -4.730717284271844236e-01 5.895264770876070998e-08 -3.063383292972424784e-03 3.274371912186788331e-05 inf 0.000000000000000000e+00 -9.000000000000000000e+01
3.104826387224635664e-01 4.299743798080804535e-01 1.616076826157933355e-01 3.516191397519382589e-01 -4.720903213382569019e-01 2.109049125046308696e-04 -1.033003653083906239e-04 2.069068057732505531e-02 inf 0.000000000000000000e+00 -9.000000000000000000e+01
2.608166770420754066e+00 4.021287227973135536e+00 1.413120457552381692e+00 3.148990649237097372e+00 -4.248084338444505725e+00 5.089816462839675702e-04 -1.010742514766966070e-06 4.132841572386382222e+08 inf 0.000000000000000000e+00 -2.000000000000000000e+01
3.095052469952590535e-01 4.129991150756926466e-01 1.713506966803405862e-01 3.553940375592248846e-01 -4.823204795446623394e-01 1.680683926682946346e-07 -2.178687800005443191e-04 -3.921161303073254203e-05 inf 0.000000000000000000e+00 -9.000000000000000000e+01
3.031669909771414484e-01 3.111751756444621764e-01 1.635957724895518162e-01 4.301539192732271588e-01 -5.502766892830379675e-01 1.089282931171554100e-04 -8.063383076111545529e-09 1.478343721692163230e-07 inf 0.000000000000000000e+00 -9.000000000000000000e+01
1.435856326970916276e-10 2.248057885661535552e-10 7.759425605347880494e-11 1.759770043829675099e-10 -1.009138248997325737e+00 1.043390441723789019e-13 -8.967558722571274571e-17 -1.811769601862009065e-14 inf 0.000000000000000000e+00 -9.000000000000000000e+01
2.906271005565454479e-01 4.525200491887150234e-01 1.594548018154200442e-01 3.666972812391311454e-01 -4.759262586295106567e-01 4.583430295159051271e-05 -3.504836049077466806e-03 8.015407660064120116e-03 inf 0.000000000000000000e+00 -9.000000000000000000e+01
3.193411367701970982e-01 4.264432411023554859e-01 1.660573911205024955e-01 4.392168865731633787e-01 -4.637815894016400486e-01 3.550367205678272827e-04 -8.602001018363273300e-10 9.475642204344039623e-05 inf 0.000000000000000000e+00 -9.000000000000000000e+01
3.720909909363747659e-01 4.139185496364824468e-01 1.376823807211878525e-01 3.206779500341590539e-01 -4.243754393115093948e-01 1.204357193607523310e-09 -1.867909573297859931e-04 6.105809197454279292e-05 inf 0.000000000000000000e+00 -9.000000000000000000e+01
1.911824811883643949e-01 2.947131935926946555e-01 9.781429270102365292e-02 2.324677346011341239e-01 -3.080515062337433330e-01 2.114010362046554683e-07 -9.298709384045364956e-01 9.130392581670226937e-03 inf 0.000000000000000000e+00 -9.000000000000000000e+01
3.045433615767214608e-01 4.013046303051112096e-01 1.843556804193531296e-01 3.564888847888043610e-01 -4.929732006793751675e-01 3.481336765515667588e-04 -1.941591247510452345e-03 9.739785602265547265e-03 inf 0.000000000000000000e+00 -9.000000000000000000e+01
2.771390726406386951e-01 4.622319550901627383e-01 1.535770673297402189e-01 3.601807442261008574e-01 -4.842430005706467311e-01 1.332832646610563762e-08 4.770765625451682293e-09 9.973754983344285813e-03 inf 0.000000000000000000e+00 -9.000000000000000000e+01
3.021272634074547159e-01 4.178152345223345443e-01 1.668392641284836830e-01 3.365468250614685464e-01 -4.876104567651958765e-01 7.842999074807838981e-05 -3.699748075467388216e-05 7.618913386956185571e-03 inf 0.000000000000000000e+00 -9.000000000000000000e+01
