4.266946441469554596e-01 2.375976014641855641e-09 8.667292785806205855e-10 3.128926160126951054e-10 -5.821013250678466200e-01 8.035614597833289768e-04 -1.370703909291977714e-06 0.000000000000000000e+00 1.646195775938559382e+04 0.000000000000000000e+00 0.000000000000000000e+00
5.783260743955189742e-01 1.230606274345462739e-09 6.681631344957936758e-01 5.211774448006988403e-10 -3.921013352293243326e-01 1.453053035069141595e-04 1.316365238506647958e-08 0.000000000000000000e+00 2.062140670142333329e+04 0.000000000000000000e+00 0.000000000000000000e+00
9.502937258853357827e-01 3.032008249932339247e-03 6.002809604352026263e-01 2.324048242784492757e-08 -1.994891409301277618e-02 -4.420498009247149189e-03 3.384733051264624631e-09 0.000000000000000000e+00 3.561561315883850330e+04 0.000000000000000000e+00 0.000000000000000000e+00
6.402967409578768088e-01 2.252812016022190972e-05 2.698498306215822706e-02 8.403227844910360877e-09 -3.661635796915075347e-01 4.332914357531905292e-09 -9.038138393192477179e-07 0.000000000000000000e+00 5.097940107714604528e+04 0.000000000000000000e+00 0.000000000000000000e+00
6.023938157730991394e-01 8.498079400082529623e-06 1.107932133733389424e-09 9.809080674454848698e-10 -4.053845175328403272e-01 6.379430884681426975e-09 5.665386266721686415e-06 2.298528142498512813e-04 6.886452514136201353e+04 0.000000000000000000e+00 0.000000000000000000e+00
1.803990821338994355e-01 3.338266977653193097e-07 8.487067929117870779e-01 8.783931544551139514e-07 -7.763516054976484781e-01 0.000000000000000000e+00 0.000000000000000000e+00 8.159172082252916377e-10 9.360451477362334845e+04 0.000000000000000000e+00 0.000000000000000000e+00
4.522741994975143509e-01 1.422797234225541690e-03 1.294678051996701384e+00 4.340746428061393199e-10 -3.538786675457650799e-01 2.130824293911237708e-03 1.610899229969450330e-09 7.122039509745175054e-10 1.113163102098655800e+05 0.000000000000000000e+00 0.000000000000000000e+00
6.844090569060141682e-01 3.794786857483077120e-09 4.002314263751682590e-09 0.000000000000000000e+00 -3.233036969396142490e-01 5.331675534763723552e-07 -1.163635813720396669e-09 0.000000000000000000e+00 1.265501301779178029e+05 0.000000000000000000e+00 0.000000000000000000e+00
9.013125418673226807e-01 1.928030921033149336e-03 1.581250073451443139e-01 1.288260792219929018e-06 -9.798103133708049861e-02 9.857995627422067004e-06 3.474426430923581183e-04 -2.258928676359204645e-03 1.294580335119126539e+05 0.000000000000000000e+00 0.000000000000000000e+00
9.676005654372821230e-01 3.851915438571607836e-08 3.427068109543579007e-05 3.362406447099360241e-05 -3.840385455887022903e-02 -1.021115419431616545e-05 -3.866228566977229539e-06 -3.054651420084850688e-01 inf 0.000000000000000000e+00 -9.000000000000000000e+01
2.758632909804735744e-01 5.336202679329325691e-07 1.356653464991790736e+00 1.413050318436927605e-06 -3.587004265156866212e-01 6.219806296174695750e-05 7.947709341485389119e-10 2.413513792840794452e-05 inf 0.000000000000000000e+00 -9.000000000000000000e+01
4.656900421102262433e-01 1.080400897695724949e-01 1.195271108082913980e-01 -4.935829352574533022e-04 -4.930105245806928327e-01 0.000000000000000000e+00 0.000000000000000000e+00 0.000000000000000000e+00 inf 0.000000000000000000e+00 -9.000000000000000000e+01
4.086383235521091062e-01 4.978972065122967416e-01 1.952538064754104907e-01 5.107434251414546240e-07 -3.256554558000596122e-01 1.018327955400849479e-09 1.183754292645558855e-07 1.113926089989500610e-08 inf 0.000000000000000000e+00 -9.000000000000000000e+01
8.136913885184186013e-01 7.131209584871957364e-06 1.241594525937528383e-05 4.134917667009496607e-09 -1.032762146965685163e-01 -2.180275643594224155e-01 1.370210984521826058e-04 1.206193164069771159e-03 inf 0.000000000000000000e+00 -8.000000000000000000e+01
7.928651270090958381e-01 4.416047620282777909e-09 1.308335405117468809e-05 8.038412729041728710e-02 -2.124207058517854352e-01 9.236178029349601905e-09 2.038116618476478799e-07 3.470399069767011492e-03 inf 0.000000000000000000e+00 -9.000000000000000000e+01
7.765218866492085148e-01 8.823562308038686285e-07 5.019626557462008318e-04 -1.396890361990856151e-02 -2.313043917678493377e-01 1.636910864685748420e-07 1.072307919379701550e-08 0.000000000000000000e+00 inf 0.000000000000000000e+00 -9.000000000000000000e+01
6.486320747480006643e-01 3.548210111864062988e-01 2.167458665618318958e-01 -4.379872029486499230e+00 -2.043030482962452377e-01 2.327344803802945716e-07 6.898739965799048082e-05 5.278163232014980444e-02 inf 0.000000000000000000e+00 -2.000000000000000000e+01
7.336045386626631748e-01 1.819643661347966970e-03 1.228737078531402904e+00 0.000000000000000000e+00 -7.203578485813534886e-05 1.780519158240436859e-09 -8.917438090493116920e-02 -1.509396390671285254e-02 inf 0.000000000000000000e+00 -9.000000000000000000e+01
1.007566550368994118e+00 5.608309384184555522e-09 4.001762425173354713e-09 0.000000000000000000e+00 -1.670229312068616625e-04 1.635756903720495430e-09 3.826502756917587818e-09 6.430861427198290906e-06 inf 0.000000000000000000e+00 -8.000000000000000000e+01
6.954747568014166825e-01 8.343177983385494558e-09 3.200841867839717636e-08 4.814381006135968691e-09 -3.257286835652204449e-01 2.632876091159437276e-05 5.469934409796545249e-05 7.690718323312880855e+00 inf 0.000000000000000000e+00 -3.000000000000000000e+01
1.002958721108687667e+00 0.000000000000000000e+00 9.916950245337366465e-02 0.000000000000000000e+00 -1.221923605171535906e-04 -2.165893590609328371e-08 0.000000000000000000e+00 9.377268409477719788e-10 inf 0.000000000000000000e+00 -9.000000000000000000e+01
6.513677798672972141e-01 -1.107923490533603327e-09 7.922699418296094004e-03 2.121401044169260171e-09 -3.510365280721961523e-01 5.230851889732421887e-10 -1.057985091550924517e-01 2.399217400090604525e-07 inf 0.000000000000000000e+00 -9.000000000000000000e+01
6.528525116250143423e-01 1.661845380802225592e-03 7.995237684596881444e-03 2.139925172581879532e-09 -3.538735085534988056e-01 0.000000000000000000e+00 -2.279533014421255378e-05 -3.867428190346192812e-03 inf 0.000000000000000000e+00 -9.000000000000000000e+01
1.078924428193581489e-03 2.627093122355915189e-01 7.827298001539885197e-01 1.187590041612948122e+00 -7.151828050077974801e-04 0.000000000000000000e+00 1.268483015638829917e-05 8.513074892310278969e-10 inf 0.000000000000000000e+00 -9.000000000000000000e+01
2.816421554365621804e-01 -1.116058077651245452e-07 6.458345978114270192e-02 2.206520610868514698e+00 -7.963674739930377833e-02 2.835769277866786032e-04 -3.899256852208915971e-07 1.578167250291081028e-02 inf 0.000000000000000000e+00 -2.000000000000000000e+01
1.023457360796470761e+00 -3.461904948871351415e-04 1.110861400673650128e-02 3.427333584023806764e-07 -1.182802622747346419e-07 4.296958385023350036e-02 -2.574970623127451649e-04 4.693083733218740875e-10 inf 0.000000000000000000e+00 -9.000000000000000000e+01
9.313677988220986359e-01 1.164000013632859199e-07 1.030419515329892427e-01 6.278185169684441970e-10 -7.158951074615425847e-02 0.000000000000000000e+00 1.969846176917146204e-08 1.941865407358664136e-08 inf 0.000000000000000000e+00 -9.000000000000000000e+01
8.344709773653652407e-01 4.243011036272043186e-03 2.132795933769019991e-01 9.069606812042070954e-07 -1.608337917268441164e-01 3.316630726364404592e-06 3.859028780810057869e-06 3.669385080724534964e-03 inf 0.000000000000000000e+00 -9.000000000000000000e+01
6.949930999333104875e-01 3.869949994531512962e-09 1.411714152934734820e-09 5.096342598432343643e-10 -3.131126808120598959e-01 0.000000000000000000e+00 3.400665250496050641e-04 2.286161512938521357e-05 inf 0.000000000000000000e+00 -9.000000000000000000e+01
8.876278020020366144e-01 2.545755609458706832e-03 1.724742141503627206e-09 1.878540803803313854e-09 -1.194316477776826702e-01 2.637909658669881571e-03 -4.499709434139399185e-06 5.284082611867800356e-09 inf 0.000000000000000000e+00 -9.000000000000000000e+01
1.180684867085677185e-08 1.855565110958317387e-01 6.600455160575352136e-08 2.100189450345105069e+00 -8.808193610836763004e-07 0.000000000000000000e+00 9.874470285003264514e-02 8.739913040210121595e-07 inf 0.000000000000000000e+00 -2.000000000000000000e+01
5.039000619147666615e-01 7.115538227133509728e-04 6.448804116471529291e-01 8.299085105885094982e-09 -4.662122456496732847e-01 3.730948348040448229e-10 -2.791690093710618575e-02 8.137887337537701949e-10 inf 0.000000000000000000e+00 -9.000000000000000000e+01
7.138188460418651848e-01 1.505711628369559296e-01 -9.111261200444698706e-10 5.846639923412396141e-10 -2.334251360382438578e-01 -4.366529490236520557e-05 -3.236483328175309478e-03 3.063378150165933236e-06 inf 0.000000000000000000e+00 -9.000000000000000000e+01
1.009138249219452943e+00 2.939041336417167092e-13 4.916964593697211285e-11 -1.424063918509251628e-17 -1.550988831568918970e-11 2.120234732517086015e-11 2.120606232241418379e-19 3.442143449435346033e-19 inf 0.000000000000000000e+00 -8.000000000000000000e+01
9.159419372038389850e-01 2.183495465055599605e-01 2.153569837473198302e-09 1.764314387236902981e-01 -5.989907448383246812e-10 6.013214481256333352e-10 -2.205637375999147762e-04 4.488991393058432144e-02 inf 0.000000000000000000e+00 -9.000000000000000000e+01
5.484019640683721608e-01 4.755915338107069013e-01 6.926015022925814546e-06 0.000000000000000000e+00 -2.308245554977046421e-01 1.196687749268325418e-07 3.010186776708905235e-08 3.243549752169927122e-03 inf 0.000000000000000000e+00 -9.000000000000000000e+01
6.878648439474213117e-01 -9.967596538465267608e-03 4.236731942814327967e-01 1.030991803574589361e-01 -3.020483799534929847e-01 4.008776303309864316e-09 4.380848355413474022e-10 7.456819380101857922e-04 inf 0.000000000000000000e+00 -9.000000000000000000e+01
8.161841985407062294e-01 2.817333850940630300e-05 5.333949587333419251e-04 8.366073404313717001e-10 -1.916042173403487425e-01 0.000000000000000000e+00 9.992346561783608389e-03 8.839764651915302627e-08 inf 0.000000000000000000e+00 -9.000000000000000000e+01
9.590058676750227162e-01 4.281060643143707753e-08 0.000000000000000000e+00 2.469749914692482524e-07 -3.279827886711616809e-03 0.000000000000000000e+00 -7.910786798753879356e-01 2.460102454088215035e-08 inf 0.000000000000000000e+00 -9.000000000000000000e+01
1.383555756146434210e-02 -9.688712270251963535e-03 3.594346378451829764e+02 3.746979321744651391e-08 -1.039100058569922182e-03 5.405804589761095125e-01 -1.552678248437814636e-03 2.318656491391878109e+06 inf 0.000000000000000000e+00 -2.000000000000000000e+01
4.542267495527647081e-01 5.077224052816770028e-01 3.083295066557310560e-01 1.054715485109805617e-02 -2.485116370679472941e-01 9.275896892359010118e-09 0.000000000000000000e+00 0.000000000000000000e+00 inf 0.000000000000000000e+00 -9.000000000000000000e+01
1.002674599110615405e+00 7.789367461960399131e-07 1.075353675081651139e-01 2.308519557733542082e-06 -9.636513166090535672e-09 5.396594720306817635e-10 5.801799784630196021e-10 1.267186746611293778e-09 inf 0.000000000000000000e+00 -9.000000000000000000e+01
2.917743800081331780e-06 -2.715288107830790481e-05 0.000000000000000000e+00 1.272791300545683091e-06 -1.006817397591624141e+00 7.443223979799315865e-09 -1.981683952381769684e-02 0.000000000000000000e+00 inf 0.000000000000000000e+00 -9.000000000000000000e+01
2.190445596190268660e-03 -1.270350916732113953e-07 5.376452912104946085e-05 2.253848400653750466e-08 -4.307708488936939362e-01 -1.148095622830761636e-02 -1.413701838264591615e+00 0.000000000000000000e+00 inf 0.000000000000000000e+00 -9.000000000000000000e+01
7.427093300799785247e-01 -2.386466329014654830e-01 7.723298019481358858e-09 1.421124857974819780e-04 -3.497112949916463265e-01 0.000000000000000000e+00 8.096732209434304558e-09 2.332927466263490679e+00 inf 0.000000000000000000e+00 -3.000000000000000000e+01
6.657003403405440389e-01 4.192631951183233702e-02 3.439451758426144146e-01 0.000000000000000000e+00 -3.072463109264049197e-01 -4.629197103166389901e-09 7.090047761030940515e-10 8.481278374530968819e-03 inf 0.000000000000000000e+00 -9.000000000000000000e+01
1.914010831423921533e-01 5.097518642873912764e-01 6.972468028758570524e-01 8.992840850079420506e-09 -4.091686420237872768e-01 3.881731150464330649e-02 4.954502350542137730e-07 0.000000000000000000e+00 inf 0.000000000000000000e+00 -9.000000000000000000e+01
7.549416745878557711e-01 -1.137449512100809036e-04 1.319828102426321204e+00 -2.383939510007542645e-02 -1.524190275937913184e-09 0.000000000000000000e+00 -1.856562090948890533e-08 0.000000000000000000e+00 inf 0.000000000000000000e+00 -9.000000000000000000e+01
6.156329831712762379e-01 6.896252216562307196e-08 -9.781495035815943617e-06 1.351292664056127686e-07 -2.609111214392551559e-01 -2.687286831303190016e-01 -1.910416638253722155e-01 -2.149829465042552012e-02 inf 0.000000000000000000e+00 -9.000000000000000000e+01
7.334729826527099927e-01 4.072960539602669885e-09 1.238841766946936485e+00 -3.141160934139612786e-08 -1.637040906322737577e-01 0.000000000000000000e+00 1.230678724196490133e-09 -8.756694037199327365e-04 inf 0.000000000000000000e+00 -9.000000000000000000e+01
9.499761078369567402e-01 2.038888871373250781e-07 -2.279127180018315901e-05 7.171572493694798049e-10 -4.836945559251307203e-02 3.837908463761413186e-06 -1.789669856922983526e-01 -3.405209673712920049e-01 inf 0.000000000000000000e+00 -9.000000000000000000e+01
6.107286862072053291e-01 2.050778813635074420e-06 1.063941645257454316e-09 5.503781175293752055e-10 -4.002348186309355738e-01 2.540070511758831234e-03 6.212653464835667036e-06 1.170069198170438751e+00 inf 0.000000000000000000e+00 -1.000000000000000000e+01
1.116095197287881452e-03 3.819968681193641616e-04 1.070317578402296022e+00 9.866738625422323106e-08 -9.342602591138684520e-01 1.554349235511735904e-08 7.352747687985950381e-06 5.425462764593868019e-05 inf 0.000000000000000000e+00 -9.000000000000000000e+01
0.000000000000000000e+00 2.133229291241466319e-01 8.195868696407186905e-08 0.000000000000000000e+00 -6.584545933471550733e-03 -1.517691827639259779e-06 -1.301749735187021528e+00 -1.269467737732651869e-01 inf 0.000000000000000000e+00 -9.000000000000000000e+01
1.004031952840836572e+00 2.398791229741746513e-04 3.248394171581581029e-08 2.488805512965157074e-06 -3.714113766073564288e-08 0.000000000000000000e+00 6.072983512175457406e-07 2.978888576035556013e-01 inf 0.000000000000000000e+00 -1.000000000000000000e+01
1.005240732939526094e+00 -1.783130419986265991e-07 2.340758123010644846e-08 1.533327197977090606e+00 -1.763956974610069454e-07 4.633531503393128375e-04 -2.198964103305213642e-03 -4.073319219932038451e-03 inf 0.000000000000000000e+00 -9.000000000000000000e+01
9.935136245663130916e-01 3.466329291163011326e-04 9.218692804579435365e-08 -1.988623652895504280e-03 -1.299142372549035203e-02 -4.871837655267491944e-07 3.784577886133312251e-04 2.175527504679793860e-07 inf 0.000000000000000000e+00 -9.000000000000000000e+01
8.424540781443094588e-04 1.800692262276168064e-07 3.162565949637705098e-01 1.964030174653712324e+00 -4.136308004722863341e-06 3.089223745665660697e-07 9.136297932444462880e-05 7.049832149853789940e-10 inf 0.000000000000000000e+00 -9.000000000000000000e+01
3.149191018076248905e-01 2.179127713400976201e-03 1.632671499241608704e+00 -3.118517079588493598e-02 -1.441675108924516703e-02 1.212778440925156954e-09 8.768083409687646989e-07 5.005986761201726143e-01 inf 0.000000000000000000e+00 -1.000000000000000000e+01
1.224934179908657171e-09 3.707166941906394619e-01 1.278333428243584313e+00 -2.173166828014093388e-01 -6.866048686855189995e-05 5.418283370308703750e-09 -5.147369201793268405e-07 -5.418283370308703750e-09 inf 0.000000000000000000e+00 -1.000000000000000000e+01
1.123042339652311039e+00 1.123845581128657422e-08 1.197674852881634827e-08 1.309102364879184116e-09 1.070736631214026606e-04 3.514094902670221732e-01 1.864828965451207439e-05 1.393480844237702208e-02 inf 0.000000000000000000e+00 -1.000000000000000000e+01
7.109873406458745437e-01 3.484515010963156057e-09 3.625506947822937229e-09 4.896952092719175250e-10 -2.953436006295124816e-01 -9.054421618314066625e-06 -3.465017840265975321e-06 -9.380707498255455024e-01 inf 0.000000000000000000e+00 -9.000000000000000000e+01
9.787761449546088510e-01 1.463438468867133552e-03 5.137054922277295432e-01 1.371416982995163651e-03 -6.447069826715629434e-06 1.231450307117181740e-09 7.079717542085422468e-04 1.855271892580037359e-07 inf 0.000000000000000000e+00 -9.000000000000000000e+01
6.291803544792232694e-01 8.657173013457826471e-02 3.664143525329884632e+00 6.892894916466234754e-10 -2.008781106555202756e-01 0.000000000000000000e+00 2.504042720597412508e+00 0.000000000000000000e+00 inf 0.000000000000000000e+00 -2.000000000000000000e+01
3.038125431838495719e-02 1.405942835298436087e-07 1.410487085732232693e+00 1.643878473493473573e-09 -4.582090815231829595e-01 7.630089765619621589e-06 -1.046690242270178388e-03 7.688698582624061729e-03 inf 0.000000000000000000e+00 -9.000000000000000000e+01
1.210643221378815831e-01 1.611333322634855638e-07 1.432554364542089731e+00 1.081108254930223643e-07 -2.859332300194896703e-01 1.153182138592238482e-06 1.547063617458536656e-07 9.034484270499703033e-07 inf 0.000000000000000000e+00 -9.000000000000000000e+01
-5.170809160305343568e+07 1.309255808094189428e-07 8.798008110687023020e+01 5.136737386688930984e-01 -2.098724132275763488e+00 2.321851162510063776e-03 3.382487165677638576e-07 0.000000000000000000e+00 inf 0.000000000000000000e+00 -2.000000000000000000e+01
2.707190994668177519e-04 -3.245691949466825488e+00 0.000000000000000000e+00 2.323769094135774727e-06 -1.641882291152573004e+00 8.714134103009155228e-07 1.199895418480752812e-07 5.609723828812143962e-06 inf 0.000000000000000000e+00 -2.000000000000000000e+01
2.739050593596507044e-01 3.868985387857789529e-04 1.925536709234779423e-06 1.363411344580404277e-02 -7.336742661419215494e-01 0.000000000000000000e+00 -3.630159129348049080e-05 8.528963343899837943e-03 inf 0.000000000000000000e+00 -9.000000000000000000e+01
0.000000000000000000e+00 1.045164336315812070e+00 0.000000000000000000e+00 6.618398965503245577e-10 -2.479768887118726228e-01 3.998938953395403557e-10 4.076437770321671443e-10 1.945242624508589476e-05 inf 0.000000000000000000e+00 -9.000000000000000000e+01
1.006235683471133457e+00 0.000000000000000000e+00 3.572723973414044379e-02 1.325546693736022268e-07 -1.472663707068978018e-05 5.104437611844765254e-04 5.724879811745034660e-10 0.000000000000000000e+00 inf 0.000000000000000000e+00 -9.000000000000000000e+01
5.987043547139443422e-01 6.104692874484978216e-01 1.519363378973756280e-09 9.763857611674298896e-10 0.000000000000000000e+00 -1.058843946109814249e-01 0.000000000000000000e+00 2.114330494965735826e-06 inf 0.000000000000000000e+00 -9.000000000000000000e+01
7.572035349398500426e-01 5.035013196249518153e-01 6.575064925153236393e-05 0.000000000000000000e+00 -3.567687402865755888e-03 0.000000000000000000e+00 0.000000000000000000e+00 9.886420086734033297e-05 inf 0.000000000000000000e+00 -9.000000000000000000e+01
1.470164123080930585e+00 6.904906864837826452e-01 1.659788971901149129e-06 4.208267361307988662e-09 -6.026591901600137913e-01 5.148276938362449373e-01 -8.102424814307822243e-08 7.350128773464378901e+04 inf 0.000000000000000000e+00 -3.000000000000000000e+01
9.884299760810008051e-01 8.029962312686337697e-09 1.575933780083361361e-08 1.294412748415063850e-06 -1.611962151225393089e-02 2.392052773291871597e-04 2.699853681619869918e-05 -2.809677045711299614e-01 inf 0.000000000000000000e+00 -9.000000000000000000e+01
1.441424209795287570e-01 1.088575575105816097e-03 8.593633860303333538e-01 6.177739179676158663e-09 -2.814209171505085427e-01 2.175006173708960572e-02 -5.889247485735031873e-01 -1.850042233554219460e-03 inf 0.000000000000000000e+00 -9.000000000000000000e+01
5.262545173078390093e-01 -1.015687330504004516e-04 9.316127265854986517e-01 -2.239506013578457842e-08 -4.231370781056272845e-01 0.000000000000000000e+00 2.937101539776537255e-05 0.000000000000000000e+00 inf 0.000000000000000000e+00 -9.000000000000000000e+01
2.922672908189533070e-01 4.161937539097239065e-04 2.065755265069408017e-06 1.273781984442971631e-02 -7.898059230157666866e-01 2.139399067389120752e-07 2.142641810953664017e+00 1.201664100351323902e-09 inf 0.000000000000000000e+00 -3.000000000000000000e+01
6.401838028830360017e-01 2.252414656117333330e-05 3.077336131977896974e-02 0.000000000000000000e+00 -3.660989943092591292e-01 4.332150100938535881e-09 -9.036544210550309547e-07 8.077199051834055554e-10 inf 0.000000000000000000e+00 -9.000000000000000000e+01
1.007243425853225016e+00 1.027860315336371684e-06 6.123804875080404893e-04 1.173863201037560957e-08 -4.621558991662243427e-04 5.251431792900372038e-07 -1.427178207729124020e-09 2.526069510970667181e-04 inf 0.000000000000000000e+00 -9.000000000000000000e+01
1.007415363150210297e+00 0.000000000000000000e+00 2.001853056626061030e-09 0.000000000000000000e+00 -9.091189496534461022e-10 2.678094245777146516e-09 5.824093653425189593e-07 8.025325900389040632e-08 inf 0.000000000000000000e+00 -8.000000000000000000e+01
3.948542587940038866e-03 2.194837851595448534e-11 1.146476440395975986e-03 1.269415454009821447e-10 -3.439467273930260950e-09 1.791369438118712308e-06 -2.453990869692800534e-12 -2.276350347390692086e+00 inf 0.000000000000000000e+00 -3.000000000000000000e+01
8.492654482852383113e-01 1.194355975433544093e-07 4.469504001817715603e-07 4.146803946705265192e-04 -8.136550082641019000e-07 -3.541867422572076984e-01 4.975268269246788433e-10 4.295859572439371041e-03 inf 0.000000000000000000e+00 -9.000000000000000000e+01
3.087748532244643379e-02 6.419721987185972304e-10 1.460639305687900791e+00 0.000000000000000000e+00 -2.548307879575816282e-01 4.633315224764177375e-06 -3.905452689005082384e-03 0.000000000000000000e+00 inf 0.000000000000000000e+00 -9.000000000000000000e+01
3.795529043969544269e-08 1.227591020326483262e+00 1.874470661426114156e-07 3.501682672263788566e-16 -4.348865281229206313e-12 0.000000000000000000e+00 2.899352416684885929e-16 3.980884372817503743e-12 inf 0.000000000000000000e+00 -9.000000000000000000e+01
6.581632775862692464e-01 1.966943149206838435e-09 1.035049194960398591e-05 1.819422413016325780e-08 -1.558325309048269776e-02 -4.503101812176250190e-02 -1.209993769378656436e+00 -2.850818653611834619e-01 inf 0.000000000000000000e+00 -9.000000000000000000e+01
7.562418388888809684e-01 2.360210313864701762e-03 1.383844602090478215e-01 5.892347132490474194e-07 -2.441218822701864688e-01 9.015105234251988087e-07 2.492258370739188945e-05 1.136327294749062550e-09 inf 0.000000000000000000e+00 -9.000000000000000000e+01
7.637152421855116780e-01 0.000000000000000000e+00 2.551836987110243232e-02 0.000000000000000000e+00 -2.428222821307780555e-01 -1.082582178982499346e-08 5.471271120194572416e-10 1.210974674603065439e-09 inf 0.000000000000000000e+00 -8.000000000000000000e+01
9.273122004425551346e-01 1.083842041839232619e-09 3.726725860980335120e-02 -1.612772743286317728e-02 -3.611068851501635091e-02 3.379754832544235033e-02 -9.108632035389178094e-01 1.572620334233897828e-06 inf 0.000000000000000000e+00 -9.000000000000000000e+01
6.858882244682751317e-01 -1.916452391896651397e-01 2.956632144077399604e-01 4.719480488296782751e-08 -2.862070348424604060e-01 -1.254519822327084255e-01 -7.741459004108841579e-01 -7.162826178993424912e-10 inf 0.000000000000000000e+00 -8.000000000000000000e+01
3.018224443710028626e-01 5.414212687516827634e-10 3.663280327458082186e-01 -2.908599784454234528e-04 -6.880596093312572048e-01 1.448467138648666422e-05 0.000000000000000000e+00 3.949260235409534785e-08 inf 0.000000000000000000e+00 -9.000000000000000000e+01
-5.170809160305346549e+07 -6.604580152671759424e+04 0.000000000000000000e+00 0.000000000000000000e+00 -1.024077148781023643e-06 4.411603053435116890e+05 3.233392730014016808e-02 7.900791313812027816e-01 inf 0.000000000000000000e+00 -2.000000000000000000e+01
5.570065522145966064e-01 5.414158057337939813e-04 1.885252945957096138e+00 -2.290348620294984539e+00 -1.564552203772934524e-01 0.000000000000000000e+00 -5.769184815196164786e-05 1.282153776950848700e-01 inf 0.000000000000000000e+00 -2.000000000000000000e+01
6.785879820486925285e-01 2.595249164154018410e-09 7.127181468262895336e-01 5.422350559111421088e-10 -1.262137728376496122e-05 5.160305244406893609e-03 -3.774394693051899563e-01 -7.167334603295362205e-01 inf 0.000000000000000000e+00 -9.000000000000000000e+01
9.977379681112803489e-01 8.776345724209548747e-06 1.600041261284461695e-05 4.682519305216168126e-10 -9.995720452585437482e-03 1.686610657883807611e-06 5.850897149473032216e-06 2.402450013212191905e-04 inf 0.000000000000000000e+00 -8.000000000000000000e+01
6.731991974015576474e-01 3.732632467367248103e-09 3.936760805426394781e-09 4.702242073148193169e-10 -3.170298545902684451e-01 1.175779227220683144e-07 -3.434490091394574729e-01 4.195478893320786928e-06 inf 0.000000000000000000e+00 -8.000000000000000000e+01
7.425571530572063665e-04 2.524351337875768361e-03 6.918917753899497258e-01 2.999368407020391203e+00 2.207310370543530951e+02 2.478584608032317315e-07 1.339775463801252732e-08 9.569212272654066976e-04 inf 0.000000000000000000e+00 -2.000000000000000000e+01
9.515863688093418454e-03 -1.740011046084228089e-03 1.058269013274178117e-03 6.354700625767874843e-09 -9.960393723211067307e-01 0.000000000000000000e+00 2.780181523773445296e-09 2.189324941617288280e-08 inf 0.000000000000000000e+00 -9.000000000000000000e+01
7.396672059879432215e-01 6.872088419004388239e-10 1.044445741467312727e+00 -1.427535275445356066e-09 -1.991754464316931594e-01 7.451760696620581337e-06 3.154760002948859246e-06 -5.207747271074751605e-03 inf 0.000000000000000000e+00 -9.000000000000000000e+01
0.000000000000000000e+00 1.579031473527608420e-01 6.499497291036220314e-01 5.622768188624864028e-08 -5.236272112214133134e-01 8.865271658091039081e-09 4.228127370521885148e-06 -1.418072136226084412e+00 inf 0.000000000000000000e+00 -9.000000000000000000e+01
1.869229097040234766e-01 9.798442889838318015e-01 0.000000000000000000e+00 2.388044849674238863e-06 -1.320868526816439958e-01 -1.280842207822002407e-02 4.318215690847159129e-09 1.504989594190852820e-01 inf 0.000000000000000000e+00 -1.000000000000000000e+01
2.698241712904128620e-01 2.191712582683858802e-03 9.750457453346160131e-06 1.933416499121255192e-08 -1.655960618027804351e-02 -4.785239138859758573e-02 -1.285804715174530433e+00 -3.428812573798747931e-01 inf 0.000000000000000000e+00 -9.000000000000000000e+01
9.628050813448741918e-01 7.380646619789942214e-07 1.172897334019499982e-05 1.856088814854219282e-01 -6.655091528352964349e-07 6.301696160540988239e-08 -7.503058672060872736e-01 -8.427823770627816680e-02 inf 0.000000000000000000e+00 -9.000000000000000000e+01
1.005198018374636737e+00 5.408561808496799121e-03 1.057266884598809416e-02 5.047269623059448974e-08 -1.402511503571623178e-06 1.260360341785918970e-09 -2.559135883963881185e-04 1.883692311977845136e-06 inf 0.000000000000000000e+00 -9.000000000000000000e+01
-4.226801049618316597e+01 3.271857108778622347e+01 8.742772895871218789e-04 2.759161796278623235e+00 -2.048154297562043898e-06 4.411603053435109905e+05 3.225748775569534099e-02 7.900791313812014494e-01 inf 0.000000000000000000e+00 -2.000000000000000000e+01
1.009622032445188999e+00 -1.289571792433711304e-03 0.000000000000000000e+00 0.000000000000000000e+00 -5.483968505554297336e-14 0.000000000000000000e+00 -1.399954208070956642e-06 8.628596293124635189e-13 inf 0.000000000000000000e+00 -9.000000000000000000e+01
6.595609907130145499e-01 6.141851993650798399e-04 1.554121587507537368e-09 4.464323350723595761e-10 -2.703118814397600933e-01 -1.901193566126312684e-01 1.052640453223247825e-08 0.000000000000000000e+00 inf 0.000000000000000000e+00 -8.000000000000000000e+01
9.023983760196799819e-01 1.025388779682850874e-06 5.458323510387950387e-04 4.069003093979566985e-09 -1.050664775862156924e-01 1.658118760796673426e-07 -2.716661777689269742e-03 4.466658628348002189e-03 inf 0.000000000000000000e+00 -8.000000000000000000e+01
7.838976103485290059e-01 1.175033086622361553e-09 8.402596416994456349e-03 -7.554257355663285484e-04 -2.233797939779449404e-01 3.761979766022157258e-05 0.000000000000000000e+00 1.033104500028368799e-07 inf 0.000000000000000000e+00 -8.000000000000000000e+01
6.155015480231635916e-01 1.779761772566040585e-03 8.502423786506163594e-01 2.010610234526674288e-09 -3.327035394719803363e-01 0.000000000000000000e+00 -8.802781148529478794e-02 -1.478682397653245835e-02 inf 0.000000000000000000e+00 -9.000000000000000000e+01
2.690575691099932332e-01 1.205581187544292881e-07 -1.928929900070868440e-05 2.362287462080033090e-07 -4.561166409674171085e-01 -4.697830571761786311e-01 -3.339730461016106600e-01 -3.320512063222535309e-02 inf 0.000000000000000000e+00 -9.000000000000000000e+01
2.267096137737148760e-08 3.969861232567744349e-11 3.761039346465481704e-13 1.109233333228449737e-17 -1.009138226511584469e+00 2.806745780944389243e-15 1.068808793383623367e-11 5.400178882537005062e-12 inf 0.000000000000000000e+00 -9.000000000000000000e+01
1.337166290786271916e-01 2.221320763261025987e-09 1.527551971436843514e+00 2.853606823215475137e-09 -3.543996644258370010e-05 0.000000000000000000e+00 2.362753171408731794e-09 7.174357760586051735e-02 inf 0.000000000000000000e+00 -9.000000000000000000e+01
5.281920752801144703e-01 4.139229772021412789e-07 0.000000000000000000e+00 1.097246671769743999e-06 -6.069059360809115483e-02 -5.929287084620784576e-01 -4.207881156827653069e-01 -2.137245691099327457e-05 inf 0.000000000000000000e+00 -8.000000000000000000e+01
1.851644033729535066e-01 4.868261040086859226e-01 1.822120137891216284e-04 3.235404613411811514e+00 2.230686459457698447e+02 7.226047501154887145e-09 0.000000000000000000e+00 -1.032226433444973293e-03 inf 0.000000000000000000e+00 -2.000000000000000000e+01
1.009359342848489494e+00 1.658786772872962567e-08 1.468159044143257264e+00 6.454335735012746844e-10 7.044942987346417950e-05 2.312109020998633080e-01 1.226969673005416969e-05 9.168447978176693866e-03 inf 0.000000000000000000e+00 -9.000000000000000000e+01
5.002468151383041017e-03 -9.267162222885849546e-04 1.532458732686511338e+00 -2.927103666516695304e-02 -1.444357710854959551e-02 0.000000000000000000e+00 -1.112940446973801104e-06 1.171516259972422285e-08 inf 0.000000000000000000e+00 -9.000000000000000000e+01
7.322741599119763078e-01 -1.807215074141736433e-01 7.379070380651453487e-01 1.171224257922112575e-04 -2.882155988371496447e-01 4.494096107049675948e-10 -3.529936975985937253e-01 -6.703125002271167476e-01 inf 0.000000000000000000e+00 -8.000000000000000000e+01
9.632216055559496004e-01 5.343919294201421381e-09 8.081966690394341013e-01 -3.905527184465361683e-08 -2.598888095898615902e-05 1.059337066196189281e-02 1.469192797310707816e-08 0.000000000000000000e+00 inf 0.000000000000000000e+00 -9.000000000000000000e+01
1.003971630344115518e+00 3.559728530044234157e-04 5.709247542626259267e-09 6.343608380695843974e-10 -6.322632182317010352e-05 1.562774356286007394e-09 -7.826898973309912022e-02 -1.324807970694807935e-02 inf 0.000000000000000000e+00 -9.000000000000000000e+01
8.996762020444098724e-05 -4.186248450329091344e-04 0.000000000000000000e+00 1.962303961091761567e-05 -9.701520619204765383e-01 0.000000000000000000e+00 -3.092829732285239941e-01 0.000000000000000000e+00 inf 0.000000000000000000e+00 -9.000000000000000000e+01
3.682866722971130935e-01 -2.613118020906945447e-07 3.430302778341106994e-08 2.247039749908786188e+00 -2.585019977671387184e-07 4.910488963961507801e-04 1.384671570648325594e-05 0.000000000000000000e+00 inf 0.000000000000000000e+00 -2.000000000000000000e+01
5.174005527001281912e-01 7.830391506381250144e-01 6.897526514454815338e-09 0.000000000000000000e+00 -2.155835636250533899e-02 -5.732125160929027784e-06 -2.170342903940146525e-06 -9.849938682868819573e-03 inf 0.000000000000000000e+00 -9.000000000000000000e+01
1.147364386477892550e-03 1.654779659705739574e-03 8.433696242784034514e-01 1.279595292008611995e+00 -1.972709408513277085e-01 6.391931175212639426e-10 -3.180812160532771413e-03 -6.619118638822958298e-03 inf 0.000000000000000000e+00 -9.000000000000000000e+01
4.088500117279840751e-01 8.927621203452458937e-09 1.298885037258903363e+00 0.000000000000000000e+00 -3.750412607581700142e-01 5.878639389821923904e-06 -2.268225019669811129e-08 6.093437674792070470e-03 inf 0.000000000000000000e+00 -9.000000000000000000e+01
6.720481925424528491e-01 1.747785761437486811e-03 1.347690225686736909e+00 2.383081716023277729e-09 -1.022722278200587666e-05 3.812930745637244896e-07 5.098188300346428396e-08 0.000000000000000000e+00 inf 0.000000000000000000e+00 -9.000000000000000000e+01
3.853876577718131080e-01 4.667472744125291673e-01 1.329230578888892372e-02 5.615107530342133501e-08 -2.183863394040274075e-01 -8.848048229630029449e-09 -6.908430605983612027e-01 5.466222103401243861e-09 inf 0.000000000000000000e+00 -9.000000000000000000e+01
1.007061869357111394e+00 8.871844832094151435e-06 1.553634071074861057e-05 4.903167250668256233e-02 -1.247768995991112646e-08 4.499595943550143621e-05 4.860412599400863155e-06 7.932660301423897396e-07 inf 0.000000000000000000e+00 -9.000000000000000000e+01
6.912274845056960437e-01 5.994543439074822011e-01 8.700028132882123522e-06 1.376597108973208194e-01 -3.888197504592866888e-06 5.073668282023625307e-10 -4.164572370896341483e-03 4.271356277842401454e-03 inf 0.000000000000000000e+00 -9.000000000000000000e+01
3.250580459658049953e-02 1.730115841136965053e-07 1.537665887003460075e+00 0.000000000000000000e+00 -3.224583043061846971e-05 4.516925663432937524e-06 2.764570727029233194e-09 3.687417359374942083e-02 inf 0.000000000000000000e+00 -9.000000000000000000e+01
6.159171174882057676e-01 -1.464418321300629267e-01 1.159268965111612214e-09 9.915961528567145896e-09 -4.360951618579079203e-01 2.187205672898458100e-03 -1.992039628239826443e-01 -3.790259184542804638e-01 inf 0.000000000000000000e+00 -8.000000000000000000e+01
6.385965245166245197e-01 4.480949539361283457e-02 1.901017590821497524e-05 1.147784205779017334e-05 -3.525993080153141390e-01 -5.312518449192839325e-09 8.136618229189582560e-10 1.694435563518037202e-01 inf 0.000000000000000000e+00 -1.000000000000000000e+01
8.914448428555266091e-02 5.989909926806930844e-07 1.074696128643322757e+00 -3.444822889265268355e-03 -8.421761219183823144e-01 3.353267859702299711e-06 3.039142380199864966e-04 2.345090300069022750e-09 inf 0.000000000000000000e+00 -9.000000000000000000e+01
8.598140331597556862e-01 1.422005329391580641e-07 1.264232491444383877e+00 9.095162291977487749e-08 -4.122600066065163255e-06 3.078985898397724069e-07 -8.927633048726774274e-04 7.972952957956211756e-07 inf 0.000000000000000000e+00 -9.000000000000000000e+01
6.684185348588698172e-01 5.226749893986719223e-04 3.269438485722733212e-01 -6.606687547445641684e+00 -3.366310737151554933e-01 9.811350463781843724e-10 5.628807578139543612e-04 1.195766853574518063e-01 inf 0.000000000000000000e+00 -2.000000000000000000e+01
9.178408830096128623e-01 1.925826852743384165e-01 1.526320218397682060e-01 -4.432779344763200636e-08 0.000000000000000000e+00 0.000000000000000000e+00 -4.960927296997383509e-10 1.719381079180877829e-06 inf 0.000000000000000000e+00 -9.000000000000000000e+01
1.002360294748144698e+00 1.252724646726527663e-07 1.108962120449686339e-01 6.756732995415015638e-10 -1.260587902970595835e-04 -2.234427134305489338e-08 3.746610328055953337e-06 6.629804284214238677e-06 inf 0.000000000000000000e+00 -9.000000000000000000e+01
9.750566900701578277e-01 5.427353243346295307e-09 5.724161623841795263e-09 0.000000000000000000e+00 -3.272320603834674019e-02 2.699203679690890716e-06 3.618235495564196734e-09 1.961762057751212778e-08 inf 0.000000000000000000e+00 -9.000000000000000000e+01
2.567250718590950442e-01 1.906146913553037527e-03 1.469800029727643453e+00 1.868947384805861617e-09 -1.115387799252138165e-05 3.980857929636485476e-07 -1.390029617449359516e-08 1.211895569835050918e-09 inf 0.000000000000000000e+00 -8.000000000000000000e+01
7.618683901430258754e-01 0.000000000000000000e+00 2.545666015141360289e-02 6.476874412895137096e-10 -2.446769637574717771e-01 9.035603675337755269e-07 2.551579957472699067e-05 0.000000000000000000e+00 inf 0.000000000000000000e+00 -8.000000000000000000e+01
8.507438991180555909e-01 -1.232781703932779582e-02 1.823022640967262020e-01 2.743710266234941378e-06 -1.534128342671903511e-01 0.000000000000000000e+00 8.000628735119301449e-03 4.785817335927463917e-08 inf 0.000000000000000000e+00 -8.000000000000000000e+01
6.867033629782908211e-01 3.491661216260949756e-03 5.044776102326550271e-01 4.891322836856541040e-02 -2.925202873022049177e-01 0.000000000000000000e+00 1.749273361035540558e-08 4.465729795904562621e-03 inf 0.000000000000000000e+00 -9.000000000000000000e+01
4.282917131299288950e-03 -2.483881687587515614e-07 1.051242830359619553e-04 1.702660834233377703e-08 -8.422742165338310549e-01 -3.570738573834196239e-01 5.665103143313260092e-09 1.974408387884790950e-01 inf 0.000000000000000000e+00 -1.000000000000000000e+01
0.000000000000000000e+00 1.191064366060818003e+00 0.000000000000000000e+00 7.524632901325650809e-10 -4.457008376182997750e-02 5.197589659102201003e-05 -3.793198618028082933e-03 9.891536208315409271e-10 inf 0.000000000000000000e+00 -9.000000000000000000e+01
7.763664491092435727e-01 1.073126168636517469e-01 6.760586126075302664e-09 8.505371015294090251e-10 -1.892026547892174393e-01 0.000000000000000000e+00 1.223899212479149713e-09 -1.328804859263076725e-08 inf 0.000000000000000000e+00 -9.000000000000000000e+01
7.375043344701991410e-01 4.095346554169293929e-09 1.245650752590416799e+00 -3.158425543934880189e-08 -1.646038494494479476e-01 0.000000000000000000e+00 1.022595235881517892e-02 1.482917562607639125e-03 inf 0.000000000000000000e+00 -9.000000000000000000e+01
1.156503534916140552e+01 3.311282235179897512e-07 5.852014516261327849e-07 1.146458375813772385e-01 -4.684101364039127136e-01 1.326616120584508118e-01 3.489666050523825455e+06 1.526165389883293813e+02 inf 0.000000000000000000e+00 -2.000000000000000000e+01
6.825640722021635298e-01 1.224994037551251460e-09 8.934851588912441356e-01 4.005103000278924350e-09 -2.709750072047215630e-01 2.190300252228831712e-05 3.164795286323946056e-09 0.000000000000000000e+00 inf 0.000000000000000000e+00 -9.000000000000000000e+01
5.950825187911903402e-01 1.570356646810085466e-01 2.234865459460247950e-01 5.966322128505423565e-04 -2.290237965318471341e-06 -1.315793569327187440e-01 -8.119570367506463437e-01 5.057188458660280289e-07 inf 0.000000000000000000e+00 -9.000000000000000000e+01
9.384596130510221013e-01 1.166636787240782302e-09 3.784530867486799594e-02 1.557789559893073810e-07 -6.619677702923645879e-02 6.032713709649611306e-07 1.788223348039295110e-04 1.368153427008973466e-01 inf 0.000000000000000000e+00 -1.000000000000000000e+01
0.000000000000000000e+00 2.764787452231529108e-01 5.010618036406654374e-01 2.129844702800854487e-06 -8.356995082149670795e-01 2.613240946445359501e-09 4.860414834596822277e-06 2.858565606723903529e-08 inf 0.000000000000000000e+00 -9.000000000000000000e+01
5.012317382207626126e-01 1.951736280115775359e-08 5.835508193154134160e-01 5.048345797170972481e-08 -4.701334186961167450e-01 7.959594885388358775e-09 2.372613489123981766e-07 -1.379301936563704256e+00 inf 0.000000000000000000e+00 -9.000000000000000000e+01
3.324755461412969848e-01 2.195479006768886413e-09 4.536401037729649866e-01 -7.618221561091125492e-03 -8.646302832595827992e-01 6.591351935162739206e-01 2.270356396052372588e-06 -1.101350488592944724e-09 inf 0.000000000000000000e+00 -9.000000000000000000e+01
1.106164854845257617e+00 -3.802441688530572850e-01 5.560030033924363831e-09 4.557103635434465341e-07 -1.785571715369470291e-02 1.671193456021959761e-02 -4.503961679195304657e-01 -1.054821725093708501e-01 inf 0.000000000000000000e+00 -9.000000000000000000e+01
1.022425707669012196e+00 2.362774103779473941e-03 1.109741643581585099e-02 3.423878804619953506e-07 -1.181610348333516572e-07 4.292627016930966599e-02 -2.772448645967044017e-04 1.137561635791063728e-09 inf 0.000000000000000000e+00 -9.000000000000000000e+01
7.588339700108226449e-01 -3.390107262728561405e-04 1.388587934813618752e-01 5.912544026655776689e-07 -2.425139491787165202e-01 -1.081207528533760357e-08 4.917891386524853619e-10 0.000000000000000000e+00 inf 0.000000000000000000e+00 -9.000000000000000000e+01
1.371339859788935911e-01 1.821063324200088152e-03 9.399853819523237286e-01 8.117190956095382741e-09 -6.967546631722076368e-03 -2.007128489933575344e-02 -5.434686372743219307e-01 -4.747612849902299615e-09 inf 0.000000000000000000e+00 -9.000000000000000000e+01
2.301260620581226449e-03 4.514854169902215997e-03 9.285696187884323605e-01 6.103225900647464211e-09 -9.510123890310531181e-01 7.919144620675723063e-07 8.544516260906449399e-08 1.935688933426037428e+00 inf 0.000000000000000000e+00 -1.000000000000000000e+01
5.823247757705749539e-01 3.133252836557385863e-03 1.149592346569706472e-06 2.923951398406266783e-08 -4.248478422450692182e-01 0.000000000000000000e+00 -2.102111719441748783e-05 1.168331566173940426e-02 inf 0.000000000000000000e+00 -9.000000000000000000e+01
3.205985533789205699e-01 3.191039214284360770e-01 1.067167212645917518e+00 -1.197106649555872442e-09 -1.561890388256279572e-01 0.000000000000000000e+00 -3.329715954143277535e-05 9.122509463406238938e-08 inf 0.000000000000000000e+00 -9.000000000000000000e+01
1.001567946500667716e+00 1.414742669966414460e-03 3.778236226754750487e-02 4.650136894467385429e-02 -5.130625423489312356e-06 4.610612316445992917e-09 -9.361753964222200566e-04 6.495153461651362974e-06 inf 0.000000000000000000e+00 -9.000000000000000000e+01
7.410052251349424912e-01 8.679195945600991750e-06 1.619861774429378481e-02 6.842829372248487837e-08 -2.661356794498737077e-01 -1.101591849699093663e-08 2.666928466709441977e-04 6.661390714650990445e-09 inf 0.000000000000000000e+00 -9.000000000000000000e+01
0.000000000000000000e+00 1.846943847523296910e-04 5.115019563188434598e-08 2.251931385884405223e+00 -7.208330716535369005e-03 -1.405013614239944766e-02 2.099884477804265170e-04 1.207098010811667135e-07 inf 0.000000000000000000e+00 -2.000000000000000000e+01
7.532930995042360633e-01 3.244271166006444385e-01 1.555472476852404751e-01 1.131633080944584704e-06 -9.638374097639008931e-02 9.697290221727377992e-06 4.111176361484071527e-06 -4.409486708934273053e-03 inf 0.000000000000000000e+00 -9.000000000000000000e+01
1.006765760014636690e+00 1.421647027375239070e-03 7.063978883629360932e-06 4.340108626101878836e-02 -1.234068600152117154e-06 6.454604319692177098e-04 -4.401688649249469672e-07 1.873741675927518115e-03 inf 0.000000000000000000e+00 -9.000000000000000000e+01
6.330548764885546298e-01 3.518900389470133947e-09 1.838102249646886011e-01 2.035205713382198839e-08 -5.124878306218860063e-02 2.372240236173137718e-09 -1.163923729606909596e+00 4.159544523700844363e-08 inf 0.000000000000000000e+00 -9.000000000000000000e+01
5.789459355839088328e-01 5.059204205416836659e-09 5.263911890029078103e-09 -1.493361602909764815e-02 -4.288124980511324735e-01 -1.314621052997839843e-05 -1.966655970024752912e-09 1.138419907762320714e-03 inf 0.000000000000000000e+00 -9.000000000000000000e+01
5.378709876380911815e-04 2.387689422570453968e-01 9.238258461151940271e-01 8.498297529846765232e-08 -7.734355920964415265e-01 1.688018002503809614e-08 6.332977885255672136e-06 4.684913522645607533e-05 inf 0.000000000000000000e+00 -9.000000000000000000e+01
9.843387307388754559e-01 2.112639746629939067e-07 -2.361567977409321980e-05 7.430983271693966844e-10 -2.568602848796708998e-02 7.337629210491781435e-10 6.301593307594822443e-06 1.186819813844020910e+00 inf 0.000000000000000000e+00 -1.000000000000000000e+01
1.667552796099467002e-09 1.304721097782216574e-03 1.763095254715675742e+00 -2.997261933016648894e-01 -1.913080788536974486e-04 4.035404788320180513e-06 5.249762710731345773e-07 2.997261933016648894e-01 inf 0.000000000000000000e+00 -1.000000000000000000e+01
2.179678382312644214e+00 -2.955442451541709587e-04 2.448689321901862836e+00 1.862959708943806263e-09 -4.578409780700298272e-05 2.069314919917067050e-02 -6.841301971161364533e-05 1.021630156857359689e+05 inf 0.000000000000000000e+00 -2.000000000000000000e+01
5.606076420830063967e-01 2.502586682379337299e-08 1.357758593061796137e+00 1.449385413794906401e-07 -1.055574515947432929e-01 1.729340269073749733e-10 7.327009842810670059e-06 0.000000000000000000e+00 inf 0.000000000000000000e+00 -9.000000000000000000e+01
-5.170809160305315256e+07 -8.746259541984684765e+05 2.481288764312963480e+01 1.197593630725184255e+01 -7.628091746045391215e-07 0.000000000000000000e+00 4.933765762350459868e-07 1.408933683206099241e+00 inf 0.000000000000000000e+00 -2.000000000000000000e+01
1.809970831307115586e-04 1.324382107410144984e-10 0.000000000000000000e+00 1.427984876770899838e-06 -1.008956994531247098e+00 2.091774721832372602e-09 5.578065924886327491e-09 9.209658272227721112e-14 inf 0.000000000000000000e+00 -9.000000000000000000e+01
3.428628300906639962e-04 -2.400986945524401152e-04 0.000000000000000000e+00 0.000000000000000000e+00 -1.257795133592269979e-02 0.000000000000000000e+00 -1.516870622795805534e+00 5.000872217896976894e-04 inf 0.000000000000000000e+00 -9.000000000000000000e+01
7.711544279795199408e-01 6.818757696821614025e-06 1.249099861276171722e-05 6.574233057519197182e-10 -2.491421998087679779e-01 1.763146694283243828e-07 3.321895997450239890e-01 -1.372259417994325270e+00 inf 0.000000000000000000e+00 -9.000000000000000000e+01
1.007434079281675388e+00 1.147683074370337043e-06 6.124964003414854656e-04 1.174085392652879444e-08 -4.622433771327147996e-04 5.110516840349268964e-04 1.427448347410683724e-09 4.766436220919152724e-08 inf 0.000000000000000000e+00 -9.000000000000000000e+01
7.460811664718602909e-01 4.456264946908269225e-05 5.991324466742468661e-09 1.584348437505002925e-09 -2.619993201326279997e-01 0.000000000000000000e+00 -1.922484082463408463e-05 4.369124701378984189e-08 inf 0.000000000000000000e+00 -9.000000000000000000e+01
1.597793501367612556e-01 1.629939250699601597e-07 1.309666804399682416e+00 2.161347845006954937e-09 -6.024467300238539602e-01 1.007190047328857268e-05 -6.644656562238989571e-07 0.000000000000000000e+00 inf 0.000000000000000000e+00 -9.000000000000000000e+01
1.006586889086700465e+00 -1.717735751462477445e-09 1.238455987227742375e-02 9.599560633532528542e-07 -1.432569162657595617e-08 0.000000000000000000e+00 2.342407759379943239e-07 9.681617907757560093e-02 inf 0.000000000000000000e+00 -1.000000000000000000e+01
1.487127925058178701e-01 4.491733324665519445e-01 1.074374051980806710e+00 -1.370471844202211971e-02 -8.762218376812343066e-10 3.646213453576749368e-10 1.219248554523152282e-07 5.856514628338172455e-03 inf 0.000000000000000000e+00 -9.000000000000000000e+01
9.886547072324172181e-01 6.878803030751677966e-10 3.510301246496422972e-02 1.302386707155651221e-07 -1.443998332215392376e-05 1.155638909166282047e-07 -3.375659554849985144e-01 4.211661802294894501e-06 inf 0.000000000000000000e+00 -9.000000000000000000e+01
5.954023309466180969e-01 4.543417886273304759e-09 9.987393938459401266e-01 5.977396891061664249e-10 -3.817297202440011472e-01 6.522216394106099269e-02 3.920337611843435411e-10 1.870752910922099477e-05 inf 0.000000000000000000e+00 -9.000000000000000000e+01
5.463817908131677337e-01 5.571185508946492337e-01 9.177215218651303190e-10 0.000000000000000000e+00 -1.777530280156375264e-01 -4.632747125815551567e-06 6.883133622589413538e-08 4.622771701748963104e-03 inf 0.000000000000000000e+00 -9.000000000000000000e+01
3.142751610672459006e-01 1.750428956789111553e-09 1.970617866626867554e-01 -7.977643352111608724e-04 -6.838299921593493647e-01 4.995777632666092324e-10 5.205524021823828354e-10 1.580783026381764753e-05 inf 0.000000000000000000e+00 -9.000000000000000000e+01
6.558917369343728598e-01 1.589486939088870232e-01 8.440723745506414355e-01 1.116199132057505051e-08 -2.096478462763768369e-01 3.568352503342470599e-05 2.177949525965863403e-09 1.065153440042680047e-09 inf 0.000000000000000000e+00 -9.000000000000000000e+01
5.650252958332389053e-01 3.757126967138547657e-01 3.121553148039725445e-04 0.000000000000000000e+00 -2.730470179606502290e-01 3.623871167455402452e-09 1.584087396552361515e-09 6.740848255903553361e-04 inf 0.000000000000000000e+00 -9.000000000000000000e+01
1.001351998706345725e+00 3.456502695968016693e-05 1.028565761819054023e-04 0.000000000000000000e+00 -5.581087264131214497e-03 0.000000000000000000e+00 0.000000000000000000e+00 1.546575330271403770e-04 inf 0.000000000000000000e+00 -9.000000000000000000e+01
2.721923771668571246e-01 -1.078611618851177759e-07 6.241652786757241611e-02 2.147503996406100679e+00 -7.805388644300639673e-07 -1.698855871282798080e-01 0.000000000000000000e+00 4.580462982024905630e-10 inf 0.000000000000000000e+00 -2.000000000000000000e+01
9.207802771797194419e-01 0.000000000000000000e+00 4.845871384452406662e-07 4.475278564921591237e-04 -8.698615521743893741e-02 3.097472895628601542e-04 -4.259106164623096740e-07 1.697290833511003530e-02 inf 0.000000000000000000e+00 -8.000000000000000000e+01
9.967479092050921530e-01 0.000000000000000000e+00 6.667698416069220424e-02 0.000000000000000000e+00 -7.589373881429153576e-03 -1.624514200826092769e-09 -5.602398304188199370e-10 -1.416277546770907392e-01 inf 0.000000000000000000e+00 -9.000000000000000000e+01
4.797333599406762850e-01 4.135166426530899608e-01 6.041701387759706555e-06 2.452721262795288515e-01 -3.428098483669116590e-07 3.247068141985697129e-10 -8.783850252434917127e-01 0.000000000000000000e+00 inf 0.000000000000000000e+00 -9.000000000000000000e+01
1.174157773590566931e-03 4.018694760801047659e-04 1.120475073423072926e-07 0.000000000000000000e+00 -2.032644161622558987e-04 2.074869577587497709e-06 -1.526777854167289616e+00 1.141981653988458665e-09 inf 0.000000000000000000e+00 -9.000000000000000000e+01
2.765592054640614306e-01 1.804408667406988756e-02 4.320303263735878474e+00 2.088208865581680229e-01 -7.401579242518958185e-03 0.000000000000000000e+00 2.952456382656872158e+00 0.000000000000000000e+00 inf 0.000000000000000000e+00 -2.000000000000000000e+01
1.648169238319372454e+00 2.011684081032210525e+00 2.841062605668297492e-01 2.187753397407760827e-08 -1.974185583907706737e-02 3.282841774916358938e-04 -4.232461380369629309e-07 2.255119030459013447e+04 inf 0.000000000000000000e+00 -2.000000000000000000e+01
9.768389659500073863e-08 3.332764137792221942e-02 1.654199516500224937e-04 1.076268785782442450e+00 -9.650492486152936582e-04 1.713171430671487445e-05 1.715768129770991948e+02 4.067732410448538353e-08 inf 0.000000000000000000e+00 -3.000000000000000000e+01
7.598519267990000436e-01 3.568789840021038828e-01 1.158909195162145648e-06 2.256990227198188998e-10 -8.921974600052597071e-02 3.715253077163128292e-09 2.048852799906136895e-10 7.159927498846588593e-09 inf 0.000000000000000000e+00 -9.000000000000000000e+01
6.965225385842711558e-01 8.750859228833726428e-04 1.118803142252740404e-09 7.179290521947553501e-10 -2.866307637713363388e-01 -6.285333301129132633e-02 6.286434594091131652e-10 2.328626568808101465e-06 inf 0.000000000000000000e+00 -9.000000000000000000e+01
8.732197054453615381e-01 0.000000000000000000e+00 1.751915196401511844e-09 5.036266280483093531e-10 -1.344021896031866725e-01 8.797232360546767277e-06 3.724375743881112965e-06 -6.148045365899194176e-03 inf 0.000000000000000000e+00 -9.000000000000000000e+01
7.984542043168377790e-01 7.347446970516492652e-10 1.139559938380594328e+00 -1.676944390927964879e+00 -8.341304531745776727e-10 2.122595791482542322e-09 6.744033451198712703e-10 -2.180027708206354387e+00 inf 0.000000000000000000e+00 -3.000000000000000000e+01
