4.112389087336947302e-01 2.005632382758593124e-01 1.703767476541942762e-07 1.583578789608062684e-02 -5.146104377050059187e-01 5.614931809484138725e-07 6.404196735232833046e-10 1.242108640407654655e-03 1.509392155539512169e+04 0.000000000000000000e+00 0.000000000000000000e+00
2.119434711624117174e-01 4.749103705676262499e-01 1.272639172081063918e-06 2.561654215861700430e-08 -5.671450293142313859e-01 -1.277317992566656281e-07 1.043961820847747820e-08 -3.924879095600217020e-03 3.311797213739917061e+04 0.000000000000000000e+00 0.000000000000000000e+00
5.446218792101527040e-01 2.404735909447813513e-01 1.143096294983995953e-02 6.031107339620038939e-10 -3.617264720127133515e-01 -2.116844990711103536e-05 5.878689396811231465e-08 1.227418665268279094e-07 3.334786309977038036e+04 0.000000000000000000e+00 0.000000000000000000e+00
6.029702602719632099e-01 6.199620359952072009e-09 4.315005925071237203e-02 9.232982110414436963e-03 -4.039900743822154028e-01 0.000000000000000000e+00 -2.063732320907958792e-10 1.228279567662156669e-05 4.110007093238642119e+04 0.000000000000000000e+00 0.000000000000000000e+00
5.993056940639346353e-01 3.983190283717614327e-02 1.701534840234875589e-03 8.953042380833170152e-03 -3.946647253591765159e-01 1.177656244290077460e-05 1.250249105229241385e-08 5.567102245734911791e-04 4.504523577431741433e+04 0.000000000000000000e+00 0.000000000000000000e+00
2.648570684740466641e-01 1.204729897061946079e-09 7.673320758416583010e-01 1.623578642635454210e-08 -6.977853620191514228e-01 -4.482503039341257777e-04 1.101960823405765750e-08 9.451742519823106553e-05 7.419733853318076581e+04 0.000000000000000000e+00 0.000000000000000000e+00
7.231616836783418822e-01 4.234592634298235684e-07 2.637383868878364562e-06 1.192024753315948198e-02 -2.831058789125376896e-01 8.081961613278932381e-09 1.305547645221981257e-08 1.074354992104014142e-04 1.272736511789552314e+05 0.000000000000000000e+00 0.000000000000000000e+00
1.656774713214844916e-02 1.164821462604772817e+00 9.190867022213738968e-02 1.216882886987180829e-03 -3.297299127007190527e-04 -8.159610369602278643e-09 0.000000000000000000e+00 0.000000000000000000e+00 inf 0.000000000000000000e+00 -9.000000000000000000e+01
6.534628237369488127e-08 1.620963896579136254e-06 2.581507235758512947e-05 5.993993527083522984e-09 -1.013512497857486316e+00 -1.771551818665049495e-03 7.979685583204309748e-03 3.107579176310113933e+00 inf 0.000000000000000000e+00 -3.000000000000000000e+01
6.401985419029696533e-01 6.721145982441734112e-01 5.693047770187229120e-09 1.650564218383521079e-08 -1.695907175759046488e-05 -4.621579811473858360e-08 1.287789405679085758e-02 5.035619649305656653e-10 inf 0.000000000000000000e+00 -9.000000000000000000e+01
4.037834128756056726e-03 1.795728389494101614e-06 2.229339406299118628e-02 3.776583417080378623e-06 -1.038538520703153889e+00 9.978947818672244396e-02 1.660354535389198353e-07 7.393217418849117387e-03 inf 0.000000000000000000e+00 -9.000000000000000000e+01
1.248332171104795350e-02 3.611501399506444887e-01 4.050312449295692668e-05 2.403318074950638433e-05 -8.413249309911176033e-01 -1.644350973253299604e-07 5.515184263127941226e-09 1.434817711767797377e+00 inf 0.000000000000000000e+00 -1.000000000000000000e+01
-1.651786259541985113e+06 -5.542613452172462870e-06 5.271270984911737845e-01 7.931349216071705999e-07 -1.114623091603053666e+02 -3.757156488549619144e+00 3.746979317151522590e-08 3.776138689269433656e-08 inf 0.000000000000000000e+00 -2.000000000000000000e+01
4.303555992245711761e-05 2.974011991832701493e-09 5.499389571272149103e-09 3.260269691095235854e-05 -1.130482273316448349e+00 3.729426056301685666e-01 0.000000000000000000e+00 1.723888346337367483e-01 inf 0.000000000000000000e+00 -1.000000000000000000e+01
5.574752666881432838e-09 1.212842678608474722e+00 2.552343509813623540e-12 1.137193935538406952e-08 -2.250756124725342838e-02 -3.447563623688753697e-03 7.463647252975229643e-03 2.683110385805777119e-09 inf 0.000000000000000000e+00 -9.000000000000000000e+01
4.285550857052908925e-05 -4.269096096936237956e-06 9.177629706656281314e+02 7.207916253773629907e-04 -5.104632249527185297e-05 -1.538702901576675757e-04 2.146818732542549789e-13 4.915675889939535409e+04 inf 0.000000000000000000e+00 -2.000000000000000000e+01
6.551790589908325080e-01 7.458943011188036605e-03 6.381902699641443269e-08 4.590118776115714901e-03 -3.797719324238896244e-01 7.030129283419331299e-02 1.378761695601688185e-09 2.574331877804687085e+00 inf 0.000000000000000000e+00 -3.000000000000000000e+01
1.054200864355034239e+00 -1.332392759115390568e-01 3.044392008946298603e-05 1.488570664945766120e-01 -4.175166183697781174e-04 -9.494213513614132606e-04 -6.619258899451459753e-03 1.101176250093076868e-02 inf 0.000000000000000000e+00 -9.000000000000000000e+01
1.821914819334359255e-04 2.490280310122779117e-04 -1.572978517772550333e+02 1.623880599841493930e-04 -2.133319668802499791e+00 5.921381590212261514e+00 -8.306157189558021514e+00 3.416090286251923197e-04 inf 0.000000000000000000e+00 -2.000000000000000000e+01
1.672911300363101941e-02 3.960137570039867078e-02 0.000000000000000000e+00 1.821005087608359996e-01 -9.758832083954199765e-01 2.095692066685014097e-06 4.943163446029698478e-09 5.169570165876142750e-03 inf 0.000000000000000000e+00 -8.000000000000000000e+01
1.007954318167688212e+00 1.265722850986216927e-04 6.962770092540444257e-09 1.110359445242844328e-03 -1.373986631594647720e-07 -4.986669628181347198e-07 4.324969549532989288e-02 1.300272195759918058e-02 inf 0.000000000000000000e+00 -1.000000000000000000e+01
5.699627199004541067e-01 1.927626726854344830e-01 2.007808515648084367e-08 3.091967704516157371e-03 -4.137032775906667181e-01 1.290421214156646235e-01 8.015965556769917663e-09 2.603219168699131325e-05 inf 0.000000000000000000e+00 -9.000000000000000000e+01
5.866594789683245159e-02 2.826550079381837454e-09 2.093395440234960660e-07 1.522984812751428509e-04 -9.464772927355635801e-01 -6.936026131552587050e-03 5.791513693578764545e-10 4.613832360636302074e-03 inf 0.000000000000000000e+00 -9.000000000000000000e+01
3.203598551198558742e-01 0.000000000000000000e+00 6.312826382961100842e-10 1.368082259362175083e-08 -5.879775389699793964e-01 -2.368514172761129466e-01 2.375223667318159443e-08 0.000000000000000000e+00 inf 0.000000000000000000e+00 -9.000000000000000000e+01
1.010451957078342122e+00 1.357994068855522374e-05 5.544995739497316373e-09 1.609930877890604728e-08 -1.654499324064151737e-05 -2.600212101341300398e-08 5.890254797872547521e-02 -1.852090426135182336e-02 inf 0.000000000000000000e+00 -9.000000000000000000e+01
8.127624270853212041e-01 3.442378934514288974e-02 6.081274232540384393e-05 5.563730489422643327e-09 0.000000000000000000e+00 -4.672352531340742132e-01 -6.462518505338154563e-03 7.937842181279989973e+00 inf 0.000000000000000000e+00 -3.000000000000000000e+01
3.266638004777962294e-09 9.974526634794340652e-01 1.146726049593930638e-09 2.584973477698533362e-01 -2.886401480398362307e-01 3.171361062971938617e-09 8.349213142964013751e-04 -3.725033556091636704e-03 inf 0.000000000000000000e+00 -9.000000000000000000e+01
3.499114075748357422e-01 6.640364211931542027e-01 2.275237652875092280e-07 4.647552112272855182e-05 -4.284426609794153573e-01 1.878785682717157846e-01 1.447945837034767429e-09 6.104189594145527364e-03 inf 0.000000000000000000e+00 -9.000000000000000000e+01
4.743410066793897784e+01 -7.156030534351151437e+05 2.187186183820245911e-05 2.069371347208971201e+00 -9.999515446087794857e+00 -6.027105200381685179e+00 0.000000000000000000e+00 3.532118469704201846e+00 inf 0.000000000000000000e+00 -2.000000000000000000e+01
1.696901447989286734e-03 9.238864376540723011e-02 6.871985925423142611e-07 9.696947345628257331e-01 -2.588940825292470049e-01 -5.327948859208068294e-04 -6.732275545690955543e-01 -5.157293651974264037e-01 inf 0.000000000000000000e+00 -9.000000000000000000e+01
-1.210933849060777945e+00 4.924353266461328192e-08 2.523876567774978614e-07 5.140885112220621142e-06 -2.218743310537167002e+00 -1.523639138332053644e-06 2.980223253461229486e-08 3.649891339406981933e-02 inf 0.000000000000000000e+00 -3.000000000000000000e+01
8.786882996811586910e-01 2.109046750343357701e-01 1.386108465178090854e-06 9.751068666561154414e-05 -4.176691890114155037e-02 0.000000000000000000e+00 5.153197314198875454e-10 1.942222613624512359e-02 inf 0.000000000000000000e+00 -9.000000000000000000e+01
6.379665231406857734e-06 2.090488703027399142e-01 1.026601986677351514e-08 2.219336434408961889e+00 -1.769454318899637684e-05 -2.752233723061723954e-07 0.000000000000000000e+00 3.270079977104772827e-06 inf 0.000000000000000000e+00 -2.000000000000000000e+01
7.861366722988719971e-07 -2.013435114503817167e+05 1.063733894861381686e-06 0.000000000000000000e+00 -4.188887035573712891e-02 3.927081595850355836e-03 0.000000000000000000e+00 5.388987883356692078e-03 inf 0.000000000000000000e+00 -2.000000000000000000e+01
3.552721494204710839e-01 1.765082266168372105e-01 1.535095976732333569e-05 -2.526379729212238523e+00 -5.887367047539234788e-01 -4.758109144024165915e-04 0.000000000000000000e+00 8.348719285116476107e-04 inf 0.000000000000000000e+00 -2.000000000000000000e+01
2.273516026034322270e-04 1.774734448894139233e-05 1.246047726322223113e-07 0.000000000000000000e+00 -1.003450168839207457e+00 -1.867531021385336392e-05 1.167206888365835245e-06 1.572901903725786293e-04 inf 0.000000000000000000e+00 -9.000000000000000000e+01
3.184491912618269065e-09 1.210466144483705930e+00 2.458136047358468493e-07 1.162978391216077441e-04 -9.737952625079825922e-05 7.681675147995213711e-08 1.552670743837817482e-06 3.609414955614966513e-06 inf 0.000000000000000000e+00 -9.000000000000000000e+01
5.703389750029060621e-06 2.455640534406059521e-09 1.081561237571372036e-08 2.277434090055139304e+00 -1.128298499385594066e-04 -2.263670970554169763e-04 6.557369778688708339e-10 1.303378437492447034e-09 inf 0.000000000000000000e+00 -2.000000000000000000e+01
7.612621273743978012e-01 5.012529863567118338e-05 1.365307076269300368e-01 1.302601211497462184e-02 -3.371894748968120581e-01 -9.276589272947187437e-03 1.656856847294237037e-09 1.064443044189592769e+02 inf 0.000000000000000000e+00 -3.000000000000000000e+01
2.669993780050100796e+00 -1.839149794113060565e+01 2.088464905864995459e-09 2.469376864810962003e-06 -4.568885693297590304e-04 1.187280089127263488e-01 3.928359428653773744e+00 2.586691497796529681e-07 inf 0.000000000000000000e+00 -2.000000000000000000e+01
-2.152861310930803018e+00 8.567145449180936306e-07 -1.096002121928408624e+00 3.029663008473529651e+00 -3.708792894739882939e-01 7.671234813972473126e-07 6.908165094889482370e-10 -7.874214567261890656e-10 inf 0.000000000000000000e+00 -2.000000000000000000e+01
5.288196532514941595e-01 3.799667138177402759e-01 7.278080396607593218e-10 8.764696104816431521e-02 -1.303017899224466315e-05 -4.113041747511621549e-01 4.074265757860331213e-08 1.263903453662425409e-02 inf 0.000000000000000000e+00 -9.000000000000000000e+01
6.392406468254682173e-01 5.714950347977691969e-01 4.331810769078835860e-02 1.394403372565320614e-03 -7.078547923407019216e-02 4.642999003127799010e-10 0.000000000000000000e+00 2.101851039833740886e-01 inf 0.000000000000000000e+00 -1.000000000000000000e+01
3.731772856657406545e-01 9.765178074007704323e-01 1.652415890997253765e-09 1.059294318032244630e-09 -1.176353624123949324e-05 3.575351239911287587e-02 0.000000000000000000e+00 6.642135825488270262e-05 inf 0.000000000000000000e+00 -9.000000000000000000e+01
3.174136402378457955e-01 2.592511976374450508e-03 5.853602196594038798e-01 6.076032209639498777e-03 -2.276871420762268622e-08 -7.117760417454723765e-01 0.000000000000000000e+00 1.187563715885811934e-04 inf 0.000000000000000000e+00 -9.000000000000000000e+01
1.009138247025882285e+00 6.125021504572228939e-16 1.078988492261959204e-09 2.868739245299653940e-10 -1.995272370611400921e-09 -4.035502595067050384e-10 2.296883064214585683e-18 1.737872768230626908e-14 inf 0.000000000000000000e+00 -8.000000000000000000e+01
6.777733924324569158e-08 -1.937805546698771364e+00 0.000000000000000000e+00 2.758681507453112136e+00 -6.647793936662962665e-06 -1.735950802250982639e+00 2.719114556622519569e-07 4.709944037115069149e-01 inf 0.000000000000000000e+00 -2.000000000000000000e+01
3.808463017064127154e+00 6.237274093609145508e-04 2.075341279316528578e-02 1.672221766952675825e-07 -1.863571761018923412e-01 6.765781986186520669e+01 2.164284477001522655e-01 6.798752845736096161e-06 inf 0.000000000000000000e+00 -2.000000000000000000e+01
1.103762525710927098e-09 1.360044181089708168e-06 5.866241959997025787e-03 2.303069082324802341e+00 4.644242470634541320e+01 0.000000000000000000e+00 -6.934423331817379799e-01 7.665278476426523087e-08 inf 0.000000000000000000e+00 -2.000000000000000000e+01
2.106027795877468867e-08 5.396331609935342241e-10 5.018063348758901602e-06 8.154352941733215951e-06 -1.154938343918543886e+00 4.609965762590120253e-01 8.167420815037274744e-09 7.766050420698300099e-07 inf 0.000000000000000000e+00 -1.000000000000000000e+01
1.116435894354968206e-01 0.000000000000000000e+00 2.773911972205297713e-09 6.164674402978916707e-04 -8.951030890408322449e-01 9.542839633094298925e-07 4.677791186724156698e-10 -5.061827512261475315e-01 inf 0.000000000000000000e+00 -8.000000000000000000e+01
2.570549607638210055e-01 1.343918521103626973e-01 6.268485367113904292e-08 6.073323415628481371e-09 -6.959054451096599037e-01 -2.779467850464319503e-03 5.734702865476533892e-10 -4.245560782577367277e-03 inf 0.000000000000000000e+00 -9.000000000000000000e+01
8.828365077502575708e-01 2.691574718750785467e-01 1.452838626598435272e-04 1.090926413983424899e-08 1.042435609956525280e-05 3.487230872848834599e-06 -1.218549281761719116e-01 4.226493948677602393e-06 inf 0.000000000000000000e+00 -9.000000000000000000e+01
9.980746095724742917e-01 2.482244511644308876e-07 1.466950515904080251e-06 1.213957169118481429e-02 6.944131512397804269e-10 -2.568574362870338496e-02 7.442067661790737629e-08 5.230881218000445852e-10 inf 0.000000000000000000e+00 -9.000000000000000000e+01
1.741593689730466105e-02 0.000000000000000000e+00 4.119501747761185040e-08 2.355734622424893454e-01 -9.899585183731069993e-01 2.864463305477740090e-05 0.000000000000000000e+00 0.000000000000000000e+00 inf 0.000000000000000000e+00 -9.000000000000000000e+01
8.323552082326677315e-01 1.553971982281807129e-04 0.000000000000000000e+00 0.000000000000000000e+00 -3.675741419628120905e-06 -3.848418786299275252e-01 3.572081028983120746e-08 7.405513249717116629e-03 inf 0.000000000000000000e+00 -9.000000000000000000e+01
0.000000000000000000e+00 -4.115710664883759917e-01 0.000000000000000000e+00 1.030255314822515267e+01 -2.489424482458412186e-09 -7.005998861361104888e-06 5.486625614318936989e-07 8.036699534869793382e+00 inf 0.000000000000000000e+00 -2.000000000000000000e+01
1.035015254579420585e+01 -5.648688163943489382e-01 6.443576414007622793e-03 1.158922961585809467e-06 -8.538875850280218671e+00 2.382498842154078932e-03 0.000000000000000000e+00 8.128652195254354858e+10 inf 0.000000000000000000e+00 -2.000000000000000000e+01
1.567532965026256874e-07 1.900689543917877239e-06 1.388896729695629298e-07 2.262749122704421190e+00 -4.148997770521766215e-01 -1.918943934215725914e-09 -6.002177507109085707e-06 1.586312635174095056e-02 inf 0.000000000000000000e+00 -2.000000000000000000e+01
6.650918121689061158e-01 3.744955043290514873e-01 7.993305265516210678e-01 5.273551720243603515e-08 -2.625574108881560464e-05 -4.524343682746926241e-07 0.000000000000000000e+00 1.406469882284797432e-09 inf 0.000000000000000000e+00 -9.000000000000000000e+01
1.357709428287500032e+03 2.443275771170656953e+05 5.748776876145254150e-02 5.527831272307365434e+05 1.219321691150489391e-02 3.442844334739879150e+11 -1.061317953093815595e+05 1.721422167369939575e+11 inf 0.000000000000000000e+00 -2.000000000000000000e+01
9.045883407114843067e-01 5.888671044362657481e-02 5.404949475204865622e-09 5.237686063152671755e-04 -8.155671164727623657e-02 -9.071456274326276795e-05 3.491383140423874665e-10 9.265844623061839395e-04 inf 0.000000000000000000e+00 -9.000000000000000000e+01
2.320497942938058999e-01 -6.693744066167478524e-02 1.988294746216739673e-07 8.783904871984910927e-08 -7.996792911048080654e-01 -2.815207465328249190e-05 8.059360393082086390e-10 5.940697858723637328e-04 inf 0.000000000000000000e+00 -9.000000000000000000e+01
2.562970856591146318e-01 2.189359944551620696e-01 1.085441858708583025e-05 3.671347463279031094e-06 -6.545663178932491499e-01 -5.772288591010672765e-02 2.869331804463557400e-01 1.510725276038731632e-06 inf 0.000000000000000000e+00 -1.000000000000000000e+01
5.775678636809991808e-06 -1.905935573545059283e-02 1.976919695362639103e-09 2.057310085489297613e+00 -5.545419023382351054e-06 -6.149294815429502403e-01 -9.844058993258502505e-03 6.155606998965598925e-05 inf 0.000000000000000000e+00 -2.000000000000000000e+01
4.903401896029208618e-01 5.126204851356889774e-06 3.033748339325376131e-02 2.282174149702199706e-08 -2.167624767640116135e-01 -5.755630437152673418e-01 4.417111257488128644e-10 5.616209726854239114e-06 inf 0.000000000000000000e+00 -9.000000000000000000e+01
9.918739874858191197e-01 2.831509838632180733e-06 3.210453055521153010e-01 5.500145217520032584e-06 -6.462858562654974406e-04 -1.042396542363705500e-03 7.861824883812803290e-07 3.733874736940149856e-16 inf 0.000000000000000000e+00 -9.000000000000000000e+01
2.948419427485665656e-01 -1.080769257571281014e-06 2.321272547786995503e-05 2.235804699409325469e+00 -5.538370003708762891e-09 6.826363027827079708e-09 0.000000000000000000e+00 -1.323547401792730602e-02 inf 0.000000000000000000e+00 -2.000000000000000000e+01
1.870183197929872754e-02 7.046639564932387634e-01 8.704747939308276163e-05 1.382881942131243980e-03 -5.917154275816430831e-01 2.634060842154750326e-05 9.263133387990610010e-10 2.666986602681684819e-04 inf 0.000000000000000000e+00 -9.000000000000000000e+01
1.326086873380578873e-05 1.666047961311405796e-09 0.000000000000000000e+00 8.272398113493229172e-05 -1.007723989579252244e+00 -3.665363717433959626e-06 1.273180756460681325e-09 4.710768798904520759e-10 inf 0.000000000000000000e+00 -9.000000000000000000e+01
4.588566348890572577e-01 8.630603703372342617e-01 1.688166054079801766e-09 4.364270636097311714e-05 -7.672220990846229062e-05 -5.740266792064298507e-05 2.725497436456074101e-07 5.853126274755732217e-03 inf 0.000000000000000000e+00 -9.000000000000000000e+01
1.508141654196340775e-01 1.382800122614339100e-01 1.014119511452533285e-07 4.127090454758705443e-10 -8.021858021248096104e-01 5.338386803769721222e-04 0.000000000000000000e+00 1.137510478625465103e-07 inf 0.000000000000000000e+00 -8.000000000000000000e+01
3.157101229734788350e-01 1.548926340593743123e-01 1.323781856113996902e+00 2.267901856538210201e-05 -1.246312808405109934e-06 -6.243167504862870423e-10 1.534795613954529202e-14 1.265187354205164896e-10 inf 0.000000000000000000e+00 -9.000000000000000000e+01
1.788563036736574219e+01 8.135464820896774950e-08 4.414658874045636594e+01 2.995250703951672796e-06 -7.990219465648556252e+02 3.442531038778497314e+11 1.205421040076290851e+01 -7.091632872137139998e+01 inf 0.000000000000000000e+00 -2.000000000000000000e+01
1.090345219079654966e-06 2.707839067361845764e-01 1.496519854936668309e-02 1.958795621644853803e-03 -6.443654076962911370e-01 -3.898786805321917126e-01 0.000000000000000000e+00 6.757844894674746011e-04 inf 0.000000000000000000e+00 -9.000000000000000000e+01
3.560832067223780872e-01 5.731024192589030967e-05 5.969816867280240309e-06 7.381159441881818941e-08 -6.736096330990209990e-01 -1.655629211192386754e-04 0.000000000000000000e+00 1.723714886044632877e+01 inf 0.000000000000000000e+00 -3.000000000000000000e+01
7.289274946234582941e-01 4.868648608384333443e+01 6.462309149649687470e+02 3.642137398574657738e+06 -1.956852334559619488e-01 3.442531033102260742e+11 0.000000000000000000e+00 5.232366403586128145e+05 inf 0.000000000000000000e+00 -2.000000000000000000e+01
8.408156341732206940e-01 3.571122163728269738e-01 1.415931340867364376e-07 3.316260245715669691e-07 -1.089114117220191767e-02 3.821667249886995590e-03 2.480208680960103959e-09 1.064694518179380191e-02 inf 0.000000000000000000e+00 -9.000000000000000000e+01
8.502394820453600122e-02 3.869890710360402949e-04 4.895904956838996899e-10 2.311447512250748737e+00 -6.065839374922111736e-07 -1.384460749525188161e-01 -4.922109095911560844e-03 9.781516165123611828e-02 inf 0.000000000000000000e+00 -2.000000000000000000e+01
8.619389609721037626e-01 -4.848406655468083526e-02 1.786036981629695874e-01 5.607265175795086119e-03 -1.558120429449572353e-01 3.334471804913248235e-09 2.040202748783957826e-08 6.474902050571692928e-04 inf 0.000000000000000000e+00 -8.000000000000000000e+01
6.167043409939747534e-01 2.233561310432798658e-05 2.082133424979727322e-05 1.496972810478931423e-04 -1.931631412883426657e-01 -2.817700868334539477e-01 -6.521471192120192883e-01 -2.508684145745963823e-02 inf 0.000000000000000000e+00 -9.000000000000000000e+01
7.654082637595857737e-10 3.783279824333896091e-01 1.111276710803037323e-03 1.837310828527688455e+00 0.000000000000000000e+00 -5.768760880968656357e-01 4.765402411387806086e-10 2.855363770813359840e-03 inf 0.000000000000000000e+00 -9.000000000000000000e+01
2.740126478096317482e-04 9.302949189378556527e-01 6.282509237881263005e-05 2.288225405451983774e-01 -3.773052547505861959e-10 -1.421700702731642507e-01 -2.175689729774017422e-01 -1.106600810833336390e-01 inf 0.000000000000000000e+00 -9.000000000000000000e+01
1.319136105228104539e+00 1.226352831771693630e+00 2.087623652769247939e-01 0.000000000000000000e+00 1.549077261185296983e+00 -1.625046717933489580e-05 0.000000000000000000e+00 1.754311797769108074e-05 inf 0.000000000000000000e+00 -1.000000000000000000e+01
2.640438502509303564e-01 8.106916622425779095e-02 1.714190721597817372e-05 1.608076074737761374e+00 -2.556392714631023355e-01 -1.849007333322164603e-01 -4.776602277748925318e-01 4.983428084835261268e-10 inf 0.000000000000000000e+00 -9.000000000000000000e+01
4.902786681197645047e-01 1.769217218276200173e-05 5.868814161483433911e-09 3.051988339663633211e-04 -5.158382195383304225e-01 -2.854148017459601272e-06 6.550912326564400196e-08 1.620707919495430194e-01 inf 0.000000000000000000e+00 -1.000000000000000000e+01
1.067615416070956336e+00 9.405675562220506593e-09 2.909017882605621427e-02 2.789394033559841591e-04 6.110693499879816387e-02 -2.892281518404262217e-05 3.343614618588452991e-03 -3.476773887862653900e-02 inf 0.000000000000000000e+00 -9.000000000000000000e+01
2.100139455718347497e-04 1.642434192214964176e-05 9.548561514988859939e-05 -7.238303650803470823e+00 -1.020672128099750608e+00 -1.052790115755182059e-04 8.628730357651079683e-07 6.389647090144112695e-03 inf 0.000000000000000000e+00 -2.000000000000000000e+01
4.811264202609455420e-01 6.122768450609924334e-02 9.242405189074875839e-09 4.876736382864664248e-10 -2.743773159721055177e-01 -4.502106663485956339e-01 0.000000000000000000e+00 -2.059037516427992404e-02 inf 0.000000000000000000e+00 -9.000000000000000000e+01
3.385944736551984025e-01 2.866343707095519652e-02 2.200805296319483948e-07 3.635051031183080047e-09 -1.034323176007234224e+00 1.467567978032906062e+00 1.800658878806850430e-07 -8.995440357374236487e-03 inf 0.000000000000000000e+00 -1.000000000000000000e+01
3.738054410416280060e-08 1.209731892401487707e+00 8.366705390745947206e-04 7.582326760363515096e-06 -8.500572676997882092e-04 0.000000000000000000e+00 -3.906573256787506085e-09 1.244965762142996937e-02 inf 0.000000000000000000e+00 -9.000000000000000000e+01
6.136654211727680108e-01 6.115781238218401805e-01 1.582528490054690163e-07 1.496983568868518778e-02 -7.227267077587445909e-02 -2.068951964054393470e-04 4.030968795422324400e-08 0.000000000000000000e+00 inf 0.000000000000000000e+00 -9.000000000000000000e+01
6.578241464882488287e+00 -7.330482724160815167e+01 8.766861095786920544e+01 1.476621731175974972e+01 -1.683696672973989071e-07 6.815367721922487362e+03 4.081170026466617376e-03 -2.255224325736367857e-02 inf 0.000000000000000000e+00 -2.000000000000000000e+01
8.200432070942335727e+00 2.125670911440641575e+01 1.035412332261215543e-09 6.251745560126449608e-02 -1.065578306260063813e-05 1.409062157204970800e-01 5.195635201945878798e+05 8.463044094966470254e+01 inf 0.000000000000000000e+00 -2.000000000000000000e+01
4.899958253895680826e+01 6.535886808311331286e+00 1.085441531133290866e-01 5.792282919940581642e+00 -2.669146588783430118e+01 3.228806357399310323e-01 3.442531038834049072e+11 3.045801526766593088e+04 inf 0.000000000000000000e+00 -2.000000000000000000e+01
3.490473587373261743e-01 1.046637672514381251e-01 5.652375419852468530e-05 4.179007647396541358e-09 -6.194077406494747917e-01 -5.791683692046545192e-07 3.442555236101518812e-02 1.439262259684656229e-06 inf 0.000000000000000000e+00 -9.000000000000000000e+01
9.441512045249997875e-01 4.714427931441855790e-02 6.986212666190346754e-01 7.365898137178953364e-01 -3.560613439612030240e-08 -1.722612712208233503e-05 0.000000000000000000e+00 6.412121660318274008e-10 inf 0.000000000000000000e+00 -9.000000000000000000e+01
9.176604029201413937e-01 -2.812034213069899066e-09 3.032585916055773494e-09 2.471762698188122442e+00 1.645868335559995543e+01 7.236852754224004553e-10 1.021421399419680277e-03 3.005016953182539242e-09 inf 0.000000000000000000e+00 -2.000000000000000000e+01
2.754395960019973444e+00 2.656970071859261848e-04 2.439843056980163045e-09 9.550392094560467311e-09 -2.054358302983965389e-05 2.055418899697185608e+01 0.000000000000000000e+00 5.587328668390821207e+00 inf 0.000000000000000000e+00 -2.000000000000000000e+01
1.551299868395602244e-01 9.862182235442888967e-01 6.686637363774147746e-02 3.152204918039662318e-10 -1.395683580656858491e-01 0.000000000000000000e+00 1.075940739443658270e-02 -1.857821403912249085e-03 inf 0.000000000000000000e+00 -9.000000000000000000e+01
2.670198586193379686e+00 -2.828770106329095668e+01 1.354593409678175275e-08 1.631281730131791674e+00 -1.941249822063749627e-04 -9.587197654182373796e+00 9.268270697798041180e-09 9.611689663398737720e-04 inf 0.000000000000000000e+00 -2.000000000000000000e+01
4.394193115047841935e-01 2.644653263686201350e-01 5.944112503717784157e-04 2.005054043607015224e+00 -2.038417361702749009e-01 -3.417705756148321505e-01 2.754950621996957261e-08 5.991047549807467309e-07 inf 0.000000000000000000e+00 -2.000000000000000000e+01
4.437157385804616494e-01 -2.233151436997125194e-09 2.408300569310625509e-09 6.367400747647032414e-10 -6.327601923244552395e-01 1.973702457482627293e-01 1.226043926194500139e-08 3.981630195056333444e-05 inf 0.000000000000000000e+00 -1.000000000000000000e+01
9.867964298620810482e-01 2.409170971342971309e-04 1.718168444678708304e-04 0.000000000000000000e+00 1.838393546446308072e-05 -5.653521212751506236e-02 1.372411848909570156e-07 2.617592273980084289e-02 inf 0.000000000000000000e+00 -9.000000000000000000e+01
5.800199078235504513e-02 1.512027578393550694e-07 2.663599394469881032e-01 7.478160998362860801e-02 -3.616265958324575611e-08 -1.033730241187120535e+00 -8.274201988029578417e-03 2.460790611210393521e-03 inf 0.000000000000000000e+00 -8.000000000000000000e+01
4.343890723722786287e-06 -1.433455075767232217e-02 4.551589312745438209e-02 3.495136327746219839e-08 -3.234583989525069980e-01 -9.798330447801089083e-01 0.000000000000000000e+00 1.634803791306701636e-04 inf 0.000000000000000000e+00 -9.000000000000000000e+01
4.817035915801670121e-01 3.934368823275511719e-03 2.913436896522095476e-07 2.749985330720109214e-02 -4.858741854466619436e-01 -9.800895586263137782e-02 1.316733025705245292e-09 3.486355810273124214e-03 inf 0.000000000000000000e+00 -9.000000000000000000e+01
3.116496523091556892e+00 -3.486726937112960201e+01 8.318468163139117744e-01 8.207408802392983024e-03 -1.247282051456598956e-01 -7.542273070451840922e-02 5.237528238795457549e-10 3.962830254989060300e-06 inf 0.000000000000000000e+00 -2.000000000000000000e+01
4.365913987002565944e-01 1.023714865023328952e-01 1.250944423546225826e-07 2.985995106942674860e-09 -8.518856560005007017e-01 1.115195767855200915e+00 3.864644621948294060e-03 1.214016174880654708e-07 inf 0.000000000000000000e+00 -1.000000000000000000e+01
3.191201684584149716e-06 -1.180373330152673645e+02 5.992860284470429705e-02 4.120569192726200483e-04 -3.356001759303440579e+00 4.082312096507501496e-08 0.000000000000000000e+00 2.925494244990462622e+00 inf 0.000000000000000000e+00 -2.000000000000000000e+01
1.134992169018667596e+01 1.119507393851377486e-01 7.585363593299980494e+02 5.211187643758630657e+03 -6.578936908913515680e+00 8.956059150811019887e-01 1.123422346780807897e+07 1.872770559475757864e+03 inf 0.000000000000000000e+00 -2.000000000000000000e+01
7.272094688149719488e-01 5.560099488416723286e-05 2.126471458883893770e-09 7.636188138598075208e-03 -2.805230074595388978e-01 5.734918746133789144e-10 8.132540367606949823e-04 -3.734095999774458743e-03 inf 0.000000000000000000e+00 -9.000000000000000000e+01
2.602610577578840534e+01 7.768517373558593420e+01 7.663588539093498019e-05 4.578356769499927759e-03 -2.138278052202427092e-07 1.940430963073161911e+04 -1.666253113595780877e-02 2.771969465475008707e-02 inf 0.000000000000000000e+00 -2.000000000000000000e+01
2.714908114805680405e-03 8.066871328891334012e-07 1.051711926835952179e-08 2.273619794253389781e+00 -1.816844396112086323e-05 8.447093289616148379e-06 0.000000000000000000e+00 2.093789851288674174e-07 inf 0.000000000000000000e+00 -2.000000000000000000e+01
6.079729086584376712e-08 4.315587073450780754e-08 3.248680638902970452e-04 6.569023350722918595e-04 -1.077319829518558637e-03 1.432415911259542263e+01 4.280614488907443643e-02 6.374938569906105730e-05 inf 0.000000000000000000e+00 -3.000000000000000000e+01
2.352379745224115574e-07 -8.730291852243991161e+04 7.162179622634164133e-04 7.794903439503563902e+01 -6.990630410115980737e-04 5.514480708388875789e-07 1.114623138627260425e-05 4.145772635856102731e-04 inf 0.000000000000000000e+00 -2.000000000000000000e+01
2.160391306692568403e+00 -2.431838120286411353e+01 8.497830689639643089e-10 5.099158893002312537e-02 -7.497828652638914848e-01 2.992777368977058150e-01 2.045160366531657946e-08 -6.989501286358309855e-03 inf 0.000000000000000000e+00 -2.000000000000000000e+01
1.007818419055765746e+00 2.506477687581695439e-07 1.481271776270084514e-06 7.306388348580922573e-10 6.956712331898208587e-10 -1.862256384782502098e-04 3.543111629492926365e-03 0.000000000000000000e+00 inf 0.000000000000000000e+00 -9.000000000000000000e+01
1.108750526914638490e+00 9.768075262512898621e-09 3.021102038797014028e-02 2.896869095300205169e-04 1.120907879183439398e-01 -2.553043976448180624e-02 7.350694025439973334e-08 -4.461748282649916075e-02 inf 0.000000000000000000e+00 -9.000000000000000000e+01
3.257944161172077746e-01 1.434406491350595957e-06 7.593385479815128840e-03 6.760870451651040448e-05 -1.859200134642198776e+01 1.786439381709355789e+00 0.000000000000000000e+00 9.552393300943002319e+10 inf 0.000000000000000000e+00 -3.000000000000000000e+01
1.630863080603521184e-02 1.211362241476017010e+00 1.294201420615547337e-08 4.761644030959186267e-04 -5.077846954890069368e-04 -1.594819434807649880e-06 0.000000000000000000e+00 6.556560628566847945e-05 inf 0.000000000000000000e+00 -9.000000000000000000e+01
3.836247209734750522e-05 1.189860085507706833e+00 9.388430907245196022e-02 1.185455899541688892e-09 -3.368176795465227286e-04 -7.569246364775505182e-09 0.000000000000000000e+00 1.754154195827391793e-01 inf 0.000000000000000000e+00 -1.000000000000000000e+01
3.157079997552846296e-01 1.548915923732361588e-01 1.323772953397493568e+00 2.267886604412497283e-05 -2.676002872632513935e-05 -1.666044259505763954e-06 3.793565853087664074e-12 -1.446488039260818343e-06 inf 0.000000000000000000e+00 -9.000000000000000000e+01
1.099751013835816060e+01 1.375911800005886467e-03 0.000000000000000000e+00 1.286826097328172125e+02 -1.905016771709538981e-04 3.442531038778432617e+11 8.292161781368808660e-01 2.230811665076210559e+01 inf 0.000000000000000000e+00 -2.000000000000000000e+01
2.197636902787304051e-04 3.003835223103299020e-04 -1.997554866412214665e+02 7.674746741434093389e-07 -1.910988611119394942e-02 -2.644808237789242344e-02 1.312171745305980865e-07 5.075585751133112611e-01 inf 0.000000000000000000e+00 -2.000000000000000000e+01
4.771743618272543674e-01 2.023520469287173190e-02 8.647020610035305310e-03 6.211197275324639241e-07 -5.232918050807759958e-01 1.123759969466249808e-06 0.000000000000000000e+00 2.477298335245087266e-06 inf 0.000000000000000000e+00 -9.000000000000000000e+01
-7.821664812799888900e+00 9.296807502903064789e-07 1.330550339879013264e-02 2.379758722369467616e+00 -8.458178591554131598e-02 5.007287864615070143e-08 2.067172491821975738e-06 -4.647966254627866438e-03 inf 0.000000000000000000e+00 -2.000000000000000000e+01
1.051371331435070555e+00 4.471438724668384129e-02 -1.551135613241484856e+00 1.372485384698335375e-06 -2.531385147570417078e-04 -3.503437044237457101e-04 1.738164240122509161e-09 6.455032126304563629e-05 inf 0.000000000000000000e+00 -1.000000000000000000e+01
7.566882930194752826e-08 1.877022470741835024e-06 2.201908494679981175e-05 1.133085388006662420e-01 -3.641856310066753921e-01 -9.430010382806077729e-01 2.116549700186848964e-06 4.206969157161514304e-06 inf 0.000000000000000000e+00 -9.000000000000000000e+01
1.028534854374289959e-09 3.142065263853147661e-01 8.662408883957210593e-08 5.148984301652887461e-09 -8.706315609814113676e-01 -2.117294652192147977e-03 1.161865440390441248e-02 0.000000000000000000e+00 inf 0.000000000000000000e+00 -9.000000000000000000e+01
7.592224118705469538e-01 3.374321830535764177e-01 2.589114127782743153e-03 0.000000000000000000e+00 -9.821686756738028101e-02 0.000000000000000000e+00 0.000000000000000000e+00 7.120063851402543508e-05 inf 0.000000000000000000e+00 -8.000000000000000000e+01
6.165186915047020655e-01 6.492715503002268056e-06 1.518027689456506424e-08 1.471050286227667007e-03 -2.290592115792029204e-01 -3.618359071047748121e-01 0.000000000000000000e+00 1.514325182896856406e-07 inf 0.000000000000000000e+00 -8.000000000000000000e+01
8.208106228374223434e-01 2.043839639638783733e-07 1.272941735291806248e-06 2.232298049025139175e+00 -1.673264645854324884e-01 0.000000000000000000e+00 8.321673700542698858e-08 1.609466561863203432e-07 inf 0.000000000000000000e+00 -2.000000000000000000e+01
0.000000000000000000e+00 0.000000000000000000e+00 5.661526084434810483e-07 4.452405281634236878e-01 -4.174269720457306609e-08 0.000000000000000000e+00 0.000000000000000000e+00 -3.911650102282840008e-08 inf 0.000000000000000000e+00 -9.000000000000000000e+01
9.097643402448434696e-03 6.076493096722604959e-01 1.132912284019244454e-05 2.510295113537378751e-05 -8.714199103338526875e-01 3.057785111373272358e-01 1.984459839606078036e-07 8.616506288278678038e-01 inf 0.000000000000000000e+00 -1.000000000000000000e+01
8.427483654624893239e-01 2.854035998051880907e-01 2.116392228080932889e-09 2.202454194723055370e+00 -5.936650714780653511e-06 -4.417361140852704465e-04 0.000000000000000000e+00 5.940298981794303601e-02 inf 0.000000000000000000e+00 -2.000000000000000000e+01
1.824944844808172317e-01 1.673273825534570824e-01 1.227147442877898152e-07 5.012261567125445610e-10 -7.573765736630163614e-01 6.955196414600254615e-09 0.000000000000000000e+00 -1.333237185550206413e-02 inf 0.000000000000000000e+00 -8.000000000000000000e+01
8.455908540197883960e-01 3.591403534266201514e-01 7.239777492175010562e-07 6.623639919790842001e-11 0.000000000000000000e+00 -5.562451453168043396e-03 -4.437106852346075242e-11 -3.691417148142700261e-04 inf 0.000000000000000000e+00 -9.000000000000000000e+01
4.619900562800176580e-01 1.927478580866375524e-01 3.315771869082300150e-01 3.314023888463157319e-01 -1.557529230094625572e-01 -1.822218229904740694e-01 -4.170401766103363217e-01 -3.015665466934297489e-01 inf 0.000000000000000000e+00 -9.000000000000000000e+01
6.167998557728996900e+01 2.612397866297021309e+00 6.462309148808451482e+02 3.888366405296069104e+06 -1.223032708940552903e-02 3.442531032654126587e+11 6.653297936636608512e-01 5.232366402905000723e+05 inf 0.000000000000000000e+00 -2.000000000000000000e+01
1.002356825284620889e+00 2.967572336856430701e-16 1.445138343238520640e-01 2.346097554110649706e-06 -1.031979845567347736e-13 -3.711093646600494961e-13 -3.758853808313266251e-10 2.514400405486567024e-13 inf 0.000000000000000000e+00 -9.000000000000000000e+01
4.664150873866261371e+00 4.110745492913986553e-08 1.912132336497722344e-06 5.441440425671709309e-07 1.097781852019742033e+01 -3.448343252782220869e+00 3.508966255806990392e-07 6.421206185915347142e-02 inf 0.000000000000000000e+00 -2.000000000000000000e+01
4.160290861820918340e-01 1.277330682376051074e-01 1.783824538877587588e-07 1.449454785194881151e-04 -2.449826449135925344e-01 -5.142428492330365364e-01 2.036401464736360907e-07 -1.017312503512243782e-02 inf 0.000000000000000000e+00 -9.000000000000000000e+01
2.919534716363620386e-01 7.989385421426195011e-01 6.652274399198227328e-07 1.403359805886798340e-03 -2.316397304899279752e-01 -7.409466615022755132e-04 0.000000000000000000e+00 3.617236725939968205e-05 inf 0.000000000000000000e+00 -9.000000000000000000e+01
4.656072563167992784e-01 2.697675178364098217e-02 2.516739019043966262e-05 4.909347829606280702e-10 -2.617318896455380628e-01 -3.599961429510558641e-01 -6.263198201342349281e-01 9.774083885206941195e-07 inf 0.000000000000000000e+00 -8.000000000000000000e+01
4.533228356338559473e-01 0.000000000000000000e+00 1.126332149832326478e-08 2.565130241295239533e-03 -5.495423434160967568e-01 -1.549927638244857561e-03 0.000000000000000000e+00 2.815298249155698406e-05 inf 0.000000000000000000e+00 -9.000000000000000000e+01
1.066706877684311418e-02 4.495779230825585615e-01 2.243987029274923176e-02 8.467086280491789006e-09 -1.545424110596295142e-01 -6.473089540679430876e-01 0.000000000000000000e+00 1.121993514637461718e-03 inf 0.000000000000000000e+00 -9.000000000000000000e+01
1.789327266402176303e-06 1.987311285440412850e-06 1.452194101907820514e-07 2.271863181760038319e+00 -1.685479045095327613e-05 -2.904388203815641028e-07 -6.275719848759198920e-06 1.658607010390545505e-02 inf 0.000000000000000000e+00 -2.000000000000000000e+01
2.331224507127609868e+00 8.390343672590353208e+02 9.687043285075260868e-05 9.491438642746567211e+02 3.385477241309771228e-03 -3.578558653007696648e+02 1.056386508919860334e-03 5.911458608263795376e+08 inf 0.000000000000000000e+00 -2.000000000000000000e+01
2.061031981448303574e-01 -7.437429988500973485e-06 2.037747757996728480e-09 2.242715369386400592e+00 -3.555524366100391020e-01 -1.199825879908473644e-06 2.753870541521292815e-08 4.554866942857509839e-05 inf 0.000000000000000000e+00 -2.000000000000000000e+01
8.679706375224716108e-02 -9.410339039494055873e-07 8.949649396463763007e-02 1.350557917705165416e-07 -5.166294129559592108e-01 -6.378961240356537665e-01 6.361682273647865134e-09 7.828347615932339243e-02 inf 0.000000000000000000e+00 -1.000000000000000000e+01
1.682942684328131086e-02 3.983883993721018535e-02 0.000000000000000000e+00 7.138711796227932387e-04 -8.033982125841832023e-01 8.056053505308430340e-02 -1.334877030139873577e+00 4.259114922470596569e-10 inf 0.000000000000000000e+00 -9.000000000000000000e+01
2.173960399830608334e-02 8.191237833277245084e-01 5.980304797069235627e-05 2.452859389422928569e-08 -6.878288228421801653e-01 2.410340319361485850e-01 1.076776071249648786e-09 2.449532844879558817e-04 inf 0.000000000000000000e+00 -9.000000000000000000e+01
1.832884377259425698e-08 1.209109042447440219e+00 4.320639639611835534e-04 1.516616013450509115e-01 -2.594426639388666949e-04 5.006922671722708075e-10 -8.079653581388489468e-08 6.370675928612161572e-10 inf 0.000000000000000000e+00 -9.000000000000000000e+01
-1.114623091603053581e+03 1.335499243000309188e-07 0.000000000000000000e+00 6.631130480584298756e-03 -8.077886450381680561e+01 0.000000000000000000e+00 1.113888014904188136e-07 0.000000000000000000e+00 inf 0.000000000000000000e+00 -2.000000000000000000e+01
9.964591377255005005e-06 1.245573922156875626e-06 -1.382681790266404809e+00 3.179019074573728787e+00 -1.129892321685843359e-01 6.689024178738353664e-08 2.527674938805155103e-06 -5.961221820997128951e-05 inf 0.000000000000000000e+00 -2.000000000000000000e+01
5.802715051464828742e-08 -1.068441376431409040e+01 5.169373489063743335e-06 1.193679926049742690e+01 -3.348052046681526672e-02 -4.448781486686412268e-02 1.116803952116095114e-07 2.085221851145255414e+02 inf 0.000000000000000000e+00 -2.000000000000000000e+01
6.481607715587627272e-01 2.154909509609428120e-01 1.322120544911086169e-05 9.505531606010094651e-05 -1.226554237845575296e-01 -1.789193796490334554e-01 -4.174785525144114051e-01 3.982433126032437591e-03 inf 0.000000000000000000e+00 -8.000000000000000000e+01
3.941480657753307915e-01 7.413504562225825545e-01 1.450098645918031151e-09 3.641365299241161965e-05 -1.838705617016431482e-01 7.705926221398582502e-10 2.341144185731382350e-07 6.112718141676966657e-03 inf 0.000000000000000000e+00 -9.000000000000000000e+01
3.250235334324160126e-03 1.471540948065722244e-06 4.851987166483029553e-05 2.902847358817242573e-05 -1.007847621415221218e+00 -1.005863432855050634e-06 6.606799747051403759e-09 1.718809896987198993e+00 inf 0.000000000000000000e+00 -1.000000000000000000e+01
2.863803971181256183e-09 8.744491720722159522e-01 7.270243681505482187e-07 3.934484815873555091e-06 -4.484354728575466464e-01 -1.578681485126904812e-05 1.166403492429032475e-09 4.917275134849772439e-03 inf 0.000000000000000000e+00 -9.000000000000000000e+01
4.233511251360501104e-01 3.616381331337104599e-01 4.378744702314444732e-06 3.492955347332424854e-01 -5.319659910601679531e-01 2.332751097688439412e-01 0.000000000000000000e+00 3.209196117309167441e-05 inf 0.000000000000000000e+00 -9.000000000000000000e+01
-1.192584222633020181e+04 -1.892968489710881030e+01 1.913200030260764906e-01 4.143067651737104562e+00 -1.565745312121453514e+00 -2.276391918189218239e-03 -2.876397286874805115e+00 -2.190284172574392674e+00 inf 0.000000000000000000e+00 -2.000000000000000000e+01
8.923873555562509274e-01 4.913605224611872213e-01 6.891913556375393434e-07 8.379940346956444662e-07 -1.517056365863965505e-04 -3.068864683721290228e-03 5.481184210096730528e-10 3.547650346015034017e+01 inf 0.000000000000000000e+00 -3.000000000000000000e+01
1.019358220978171969e+00 -5.733889993002216912e-02 2.107327091445259093e-01 0.000000000000000000e+00 0.000000000000000000e+00 -3.948366757000224225e-06 2.412812900451427283e-08 6.374817600393090132e-04 inf 0.000000000000000000e+00 -9.000000000000000000e+01
3.597855537657766679e-04 1.221500814838589744e+00 8.441492605066016806e-05 6.803217743934685847e-03 -6.637754868940798705e-05 -4.966291233464764838e-05 0.000000000000000000e+00 4.223752532093217120e-06 inf 0.000000000000000000e+00 -9.000000000000000000e+01
6.643671343344770719e-05 9.889366062542867281e-04 1.071945174049785527e-04 2.438421467788347979e-02 -4.833457522264875926e-06 -1.754227826613506818e-05 1.521452692628817438e+00 4.574142339575383298e-01 inf 0.000000000000000000e+00 -1.000000000000000000e+01
5.292519948848403155e-01 1.268350720225612516e-01 1.436643449905802717e-08 1.316809302559813740e-03 -4.331775881700763442e-01 -1.532848328761033288e-05 0.000000000000000000e+00 1.601240111912733521e+00 inf 0.000000000000000000e+00 -1.000000000000000000e+01
5.251423762108144988e-01 -2.158739121900456137e+00 4.237663663951404350e-09 1.510888897902208476e-04 -1.021199943893030149e+00 3.764866881757532036e-01 2.953925866185831868e-03 -1.317905386452140372e-02 inf 0.000000000000000000e+00 -2.000000000000000000e+01
2.895483301986593871e-01 3.855846016494931389e-02 1.145331865251179933e-07 5.079468375000951936e-08 -7.205805035625727495e-01 -1.893768976683511329e-09 3.545321883966539578e-01 2.660935402008220645e-05 inf 0.000000000000000000e+00 -1.000000000000000000e+01
3.627641583303494362e-08 1.610000711412733508e-06 8.602730402476450877e-03 2.726340006105307801e+00 5.497787340778781839e+01 8.741677180474190385e-10 1.170705177173045341e-09 -3.265865883170230702e-07 inf 0.000000000000000000e+00 -2.000000000000000000e+01
-1.913803189415707706e+00 7.615832102877961911e-07 -9.742998055207239272e-01 2.693243033832286581e+00 -2.740218203027036115e-01 6.371415092603784782e-07 -4.306057176185342228e-01 4.759895064298726194e-08 inf 0.000000000000000000e+00 -2.000000000000000000e+01
1.015589344052957532e+00 1.364898445646592703e-05 3.538901537566220404e-08 8.090580817791194010e-09 -1.662911206704800686e-05 -2.613432220998738311e-08 6.118559599838280585e-03 4.046732924764861572e+00 inf 0.000000000000000000e+00 -3.000000000000000000e+01
8.794753056687724113e-01 2.693270702215060375e-01 3.663077695129147754e-04 2.183227631457139226e-08 1.043092457245490088e-05 3.489428205828394549e-06 -1.221765527641195531e-01 -5.974164103095224165e-01 inf 0.000000000000000000e+00 -9.000000000000000000e+01
1.392989225611514503e-01 8.855743415486367898e-01 6.004263903497907007e-02 3.034882482131669515e-02 -2.768511501685580467e-01 0.000000000000000000e+00 9.606822245596651627e-03 6.496534652333162510e-07 inf 0.000000000000000000e+00 -9.000000000000000000e+01
2.708283635496183805e+01 8.120937201812978401e+00 4.385718862519010462e-03 9.349661075886880733e-06 1.044489503816794013e+03 -2.945062768368321038e+00 6.144516340648856101e+00 1.249786551672084009e-02 inf 0.000000000000000000e+00 -2.000000000000000000e+01
1.009138250255612990e+00 1.972883621682364868e-10 4.911601975962957271e-19 3.026640927076447178e-19 -3.117547187377321141e-15 2.931871064972627578e-09 0.000000000000000000e+00 7.773416858894106874e-11 inf 0.000000000000000000e+00 -9.000000000000000000e+01
3.761559003210788150e-08 3.944280493350755395e-02 4.433493577797360460e-03 0.000000000000000000e+00 3.015778901923042861e-04 2.240595926765452273e+00 0.000000000000000000e+00 1.559219942748220546e+02 inf 0.000000000000000000e+00 -3.000000000000000000e+01
4.218873200440813043e-01 2.889873059782037756e-05 1.187281146283692795e-09 7.218944886963517098e-03 -6.672239681131938438e-01 2.350187516549909483e-01 2.743986102472203641e-10 1.443187212058221014e-07 inf 0.000000000000000000e+00 -1.000000000000000000e+01
1.496490770888150846e-04 1.034163725604483432e-08 1.912322217662791577e-08 1.133705129460720317e-04 -1.134740717564431289e+00 3.976658318250350654e-01 3.057199334816173775e-09 1.641829272401278394e-09 inf 0.000000000000000000e+00 -1.000000000000000000e+01
9.918264407940516891e-01 9.567444942263776913e-05 2.749407502738172900e-05 -1.477033591667231427e+01 -3.883692212388001964e-05 -1.194332755844161043e-01 2.899284116886876643e-07 8.948658111441240015e-01 inf 0.000000000000000000e+00 -2.000000000000000000e+01
5.795623279102397787e-05 4.538919251746010211e-06 5.356585410721732902e-09 1.010676492589006192e-09 -1.007690933438839087e+00 -4.760690550691254938e-06 2.384041463661381661e-07 1.415551416414234610e-03 inf 0.000000000000000000e+00 -9.000000000000000000e+01
1.306155230077136742e-01 1.994693119227534518e-08 5.498535120346386164e-07 3.868138379568074016e-05 -8.779836339453417349e-01 -6.014483456035724982e-07 1.308297565497967206e-08 7.704576893391395023e-03 inf 0.000000000000000000e+00 -8.000000000000000000e+01
-8.481808983024295401e+01 4.334956808864231625e+00 9.642242541646023381e-07 2.548161348215122746e-07 -7.250578646778832592e+01 1.028761347618430619e+02 0.000000000000000000e+00 -1.457810918957300750e+00 inf 0.000000000000000000e+00 -2.000000000000000000e+01
5.468697111033963276e-01 -2.978486819402426100e-02 4.443316402715095093e-01 2.841769391626577379e-01 -4.492144055492183763e-01 0.000000000000000000e+00 -2.139110850760959356e-09 1.273142899558862406e-04 inf 0.000000000000000000e+00 -9.000000000000000000e+01
3.214117453890968923e-01 2.988048030528607235e-01 4.975984590312853423e-02 6.116381883369986038e-08 -3.911983934705215993e-01 -1.862615466398589159e-01 -2.850440555438473744e-01 -1.449793041128189242e-01 inf 0.000000000000000000e+00 -9.000000000000000000e+01
9.861361966780364252e-01 4.924071491455342398e-02 1.140137358759794016e-02 1.538689722430609086e+00 -3.695311209487524330e-08 8.848630503128857435e-12 2.612088640019837752e-06 1.099860767281866545e-03 inf 0.000000000000000000e+00 -9.000000000000000000e+01
5.338293177566875869e+01 5.604425095510092802e+01 4.747145780872299185e-07 6.881611819937730792e-07 -1.414131572251122685e-03 3.228806357399320315e-01 3.442531038834059448e+11 3.045801526766602547e+04 inf 0.000000000000000000e+00 -2.000000000000000000e+01
1.956460519302184453e-01 1.022864339939354994e-01 4.770981310821645786e-08 1.145608060732077549e+00 -8.034134451887298134e-01 7.717976383178769273e-02 9.222714801588311526e-08 1.353900435410637204e+00 inf 0.000000000000000000e+00 -1.000000000000000000e+01
2.738645001146850985e-02 -1.340494658456090060e-01 6.477890299698947890e-08 1.551815564168597371e-09 -1.026271179377135745e+00 -4.087697925231524587e-03 8.457126344517441946e-10 -6.261046959858754257e-03 inf 0.000000000000000000e+00 -9.000000000000000000e+01
2.790970687567984054e-01 1.571521338986101302e-01 3.469509432710659036e-01 -8.316580544239277728e+00 -6.682966508763704683e-01 -5.372192236392489018e-06 3.872709602228960827e-09 5.941214838071182114e-03 inf 0.000000000000000000e+00 -2.000000000000000000e+01
9.214415574667123889e-04 7.206222024877299793e-05 4.082033842663415060e-04 8.800300253594658911e-08 -1.004667304771166947e+00 -1.846751750236958498e-08 2.983942867444016677e-07 2.253802062049542511e-09 inf 0.000000000000000000e+00 -9.000000000000000000e+01
2.039135585166067062e-06 2.494942363026717526e-05 0.000000000000000000e+00 1.197734453028667096e-10 -9.709891920535556054e-01 -1.487298859589805122e-01 3.848739543631969351e-01 1.188974379032547730e-03 inf 0.000000000000000000e+00 -1.000000000000000000e+01
7.847032441342483011e+00 2.924340468913268865e+02 2.354501105591839405e+02 1.528801519899953914e-04 -2.938165421057724021e-04 -3.099675657627554415e+01 3.676439201907848084e-06 1.315331674818693542e+10 inf 0.000000000000000000e+00 -2.000000000000000000e+01
8.297394430747887517e-01 3.005125462235091102e-05 1.359801080829282829e-03 2.217407132355039057e+00 1.051430095140364934e-05 -1.551905363177549745e-07 0.000000000000000000e+00 -1.307644327044050168e-02 inf 0.000000000000000000e+00 -2.000000000000000000e+01
2.208930851993683997e-01 4.949641353541402999e-01 1.326378168314214198e-06 -4.479220894320525836e-01 -3.195791163185306784e-05 -5.972294525760701855e-01 1.088044591195253851e-08 -4.889560479673519047e-03 inf 0.000000000000000000e+00 -1.000000000000000000e+01
1.005256897692367479e+00 -3.684858201853207779e-06 2.055411172577679745e-09 4.636675811959019159e-04 -2.420139920708674515e-08 2.161650240609859931e-03 1.902932598944320840e-09 0.000000000000000000e+00 inf 0.000000000000000000e+00 -9.000000000000000000e+01
5.287010476228494460e-02 0.000000000000000000e+00 2.129777169379154313e-05 2.234643094619243708e+00 -8.529710234981970896e-01 -6.250788427624313741e-03 0.000000000000000000e+00 1.239512833346848365e-07 inf 0.000000000000000000e+00 -2.000000000000000000e+01
5.269441585837535413e-01 7.028727993888725378e-02 7.702139059171476954e-02 7.463238832414848463e-10 -4.495018860762370339e-01 -2.244155527614640139e-04 5.531577016966299388e-09 4.572569641888804575e-05 inf 0.000000000000000000e+00 -9.000000000000000000e+01
3.860884972127943127e-01 4.055071494394733023e-01 1.849055487760978625e-02 8.509938769926975177e-02 -3.929421391751516390e-01 -6.368175656690321096e-02 0.000000000000000000e+00 2.370440945639526792e-06 inf 0.000000000000000000e+00 -9.000000000000000000e+01
