4.062315391683560262e-01 -1.243154938200829486e-02 4.301608895775749231e-01 -1.485314327086463028e-02 -4.346737287804420813e-01 -3.003077343286451040e-01 6.715390204775345886e-03 -1.044184700594751880e-01 7.669822906845590182e+01 0.000000000000000000e+00 0.000000000000000000e+00
3.755409761706872684e-01 5.598949653331892811e-08 0.000000000000000000e+00 1.937189331532553760e-07 -6.321771577754577986e-01 0.000000000000000000e+00 0.000000000000000000e+00 0.000000000000000000e+00 1.462294274380810293e+03 0.000000000000000000e+00 0.000000000000000000e+00
3.867541184871641780e-01 -7.044795668701969490e-07 6.304092131340776062e-01 6.027925518608535406e-03 -6.091377366172835428e-01 5.293696996793059717e-02 2.408969723099986276e-08 1.191345026696720380e-06 9.389201780989791587e+03 0.000000000000000000e+00 0.000000000000000000e+00
4.969251333999865072e-01 3.492170720940849793e-01 6.260474121574632900e-02 1.861102264008133597e-07 -3.413914794421166743e-01 -1.335853120668024745e-02 1.206189006474569550e-09 3.585770339489354918e-09 1.870326547265253612e+04 0.000000000000000000e+00 0.000000000000000000e+00
1.198817440487829761e-01 4.072561080924033128e-01 8.789700174656185638e-02 -2.936004016673350939e-02 -7.383348146711196103e-01 8.521126002652802678e-02 9.313901450534593916e-10 7.125134609658964687e-08 2.420969754880124674e+04 0.000000000000000000e+00 0.000000000000000000e+00
2.625482018812109186e-01 1.795038200437254082e-05 4.619946900055643124e-01 3.098744871988540761e-01 -5.791835869825854299e-01 -2.625482018812109186e-01 -4.986162203108834151e-02 1.035929612800235179e-06 2.833508490416554196e+04 1.000000000000000000e+00 0.000000000000000000e+00
6.427471250285974325e-01 2.742240585900898235e-07 4.750881886323142793e-04 1.771984555216684631e-01 -3.648677288696173249e-01 2.016353371985954658e-09 5.761009634245583850e-10 3.012527954574253683e-09 3.390037581306579523e+04 0.000000000000000000e+00 0.000000000000000000e+00
1.177999333214531791e-01 1.047061533078036313e-03 1.537747632579448687e-01 4.114768129990879764e-02 -8.577528078975273917e-01 0.000000000000000000e+00 -4.269953670893392728e-01 9.978549509571301455e-08 3.597062624615152163e+04 0.000000000000000000e+00 0.000000000000000000e+00
2.282683805800063692e-01 4.666539193020628473e-01 1.492498302553540715e-08 1.234293293330117613e+00 -5.867951722389083136e-01 6.623576971123452950e-02 2.781474109304325863e-08 2.072914309102139863e-08 6.446683489056518738e+04 1.000000000000000000e+00 0.000000000000000000e+00
2.301034576288714661e-01 5.096391102359405265e-10 1.013228670567467571e+00 9.181969396011583555e-05 -7.483196479191029926e-01 3.093828001732725624e-02 2.581412738945743079e-01 4.682196772485672474e-09 9.441933804871955363e+04 0.000000000000000000e+00 0.000000000000000000e+00
3.673743570487545407e-01 1.035769112384153784e-01 7.525509957166117703e-01 9.192450872409364537e-01 -5.421603947635804666e-01 7.510337558058927804e-03 3.888685474450345870e-10 1.477097583318348528e-09 9.704169559460366145e+04 1.000000000000000000e+00 0.000000000000000000e+00
1.565026269599662512e-01 8.691975472262787328e-01 1.060266073937741376e-03 7.256890210946030758e-07 -2.714281149280617922e-01 -3.892953815984123017e-02 4.226355402239689862e-02 3.769889002947962296e-10 1.141266738129760924e+05 0.000000000000000000e+00 0.000000000000000000e+00
8.459276869739686955e-01 6.416553761990047289e-02 1.163150569589206929e-01 8.915885564413135456e-02 -1.115086496465686056e-01 -4.626167038138891130e-02 -6.263349528908823509e-03 -1.302536381647417807e-01 1.163795543203167617e+05 0.000000000000000000e+00 0.000000000000000000e+00
3.704847901577426722e-08 6.400694520298001455e-01 9.212560321122557072e-01 8.151173476896840867e-03 -2.348520726942795447e-04 2.993477134017289082e-11 3.013332748108140616e-03 -2.949544088309409869e-09 inf 0.000000000000000000e+00 -9.000000000000000000e+01
1.051043736324383006e-02 8.962383708840818031e+00 3.890222448291603996e+01 1.396409828521573786e+02 4.404231565563820868e-06 6.531699355709055475e-08 -3.790718376081148361e-08 3.757557252654572367e+05 inf 0.000000000000000000e+00 -2.000000000000000000e+01
1.192364314178945839e-01 4.050638851426642817e-01 9.276642933123366297e-02 8.101277702853285634e-01 -7.343604248629597153e-01 8.475257548848311173e-02 0.000000000000000000e+00 7.740654279929510802e-04 inf 0.000000000000000000e+00 -9.000000000000000000e+01
3.365719132967963656e-01 4.386779993531278454e-02 1.010472081268584121e+00 5.010761630542193146e-02 5.908917017148812394e-03 -4.954036027177564222e-02 -2.193389996765639227e-01 -3.032928926562142302e-01 inf 0.000000000000000000e+00 -9.000000000000000000e+01
5.195926572987593500e-02 1.351911105839081080e-06 1.132274251108020062e-08 -4.841020531884264178e-01 1.685165375023003204e-02 -9.436926100128818495e-01 -5.617217916743344475e-01 2.473958363711286914e-07 inf 0.000000000000000000e+00 -1.000000000000000000e+01
1.677796271923814924e-08 2.757193180113310868e-02 5.002171392875027767e-01 2.123639000602114537e-05 -1.233007561048161671e+00 6.469142346827561947e-08 -6.552659942696069384e-02 6.161789162564992921e+02 inf 0.000000000000000000e+00 -3.000000000000000000e+01
9.134875060662933643e-01 6.106905285813502709e-09 3.656709805250268203e-02 2.191266102165066343e+00 -5.553377035665019622e-07 1.362024936472344775e-07 2.631932244391004405e-09 -3.224116999378980448e-08 inf 0.000000000000000000e+00 -2.000000000000000000e+01
2.842204515007099030e-01 3.126573428317049956e-06 1.273378524907712644e-09 4.517311096277063065e+00 -3.054532565913431446e-06 4.762061730924850877e+01 1.132482356984885388e-05 3.343146270917928643e-08 inf 0.000000000000000000e+00 -2.000000000000000000e+01
1.267839163129349245e-01 3.231950653551046021e-02 8.978795384784900024e-01 1.353470267262020243e+00 -4.670418329901038069e-09 2.011915262146246330e-01 -1.227341338938874308e-06 1.382542932670970259e-08 inf 0.000000000000000000e+00 -9.000000000000000000e+01
1.144688728664010945e-06 2.318909761010850913e-08 1.937984638296279076e-04 1.628046230754535063e-09 -9.665151062566381679e-01 -1.317182139393071882e-01 1.940880966986480161e-01 -2.285441857754866579e-01 inf 0.000000000000000000e+00 -9.000000000000000000e+01
0.000000000000000000e+00 9.464986382274013813e-09 1.700564929202895890e-09 2.276453138480038163e+00 8.534587618755296512e-04 -2.371482545482101691e-06 3.775925418460377697e-10 2.327088850488173584e-09 inf 0.000000000000000000e+00 -2.000000000000000000e+01
1.502731828105245826e-06 1.854124726401856164e-03 1.262520194652518413e+00 6.254967266063074819e-09 -6.244959318437374302e-06 -1.941407332569889121e-01 -1.496573091104814507e-06 5.872656276276899678e-02 inf 0.000000000000000000e+00 -9.000000000000000000e+01
2.700442497605915482e-01 2.175947104370120899e-01 1.199251628858060137e+00 5.025122142752149650e-04 -1.892436080999421177e-01 1.274152467379019358e-07 8.748972986830188788e-04 0.000000000000000000e+00 inf 0.000000000000000000e+00 -9.000000000000000000e+01
1.524049854694992934e-01 -4.651031050704934490e-06 1.260703004802843522e-05 2.208975789393213596e+00 -2.854091524761992872e-05 3.090473338162525916e-05 0.000000000000000000e+00 3.069338505887998912e-08 inf 0.000000000000000000e+00 -2.000000000000000000e+01
6.859141091558635364e-06 4.109558945483857140e-01 1.042454102006902250e-01 8.734831148767699484e-08 -8.050396995845210402e-01 4.283928977719838574e-04 0.000000000000000000e+00 0.000000000000000000e+00 inf 0.000000000000000000e+00 -9.000000000000000000e+01
2.006602790295141581e-06 2.646168556400430028e-03 4.901098437986355361e-01 1.696459419722801787e+00 4.663928446942625028e-10 -6.539599942393612688e-05 0.000000000000000000e+00 -7.788379200958514548e-02 inf 0.000000000000000000e+00 -9.000000000000000000e+01
1.552406283577940308e-04 3.950844590071699122e-07 1.506808818046230458e+00 1.414218603032176688e-05 -1.083861841625325534e-01 4.647841337339072076e-10 1.497645739957411527e-07 -1.217411414382558395e-07 inf 0.000000000000000000e+00 -9.000000000000000000e+01
3.880627910141147536e-07 3.342823498681368763e-08 4.772834883568381677e-05 -2.764356855641415738e-05 -5.584000848395660049e-02 -1.321937563222570056e+01 -7.586279806073849663e+00 7.507473078536128014e+03 inf 0.000000000000000000e+00 -3.000000000000000000e+01
6.480697559590290480e-01 3.024884954762608422e-07 6.333586275651091454e-06 -2.869568689055745914e-02 -5.717110838067567258e-01 7.107230254173036998e-01 5.415646891664826103e-10 1.756673929284359198e-05 inf 0.000000000000000000e+00 -1.000000000000000000e+01
3.915406467221694894e-08 1.399081378952561627e-02 6.666714413594040378e-01 3.045216702278023824e-04 -9.638387700591970475e-01 -1.317366473085790802e-04 0.000000000000000000e+00 4.679405980636047458e-10 inf 0.000000000000000000e+00 -9.000000000000000000e+01
5.827976543217623373e-01 6.188497477844200345e-01 6.306260266538171733e-01 4.595876186642149364e-01 -7.324554596717903765e-01 -6.699107594663622489e-02 -2.066548910376138082e-01 -6.249374976307721097e-01 inf 0.000000000000000000e+00 -8.000000000000000000e+01
1.190780301968268885e-05 7.596088723666866692e-05 1.540377210240348127e+00 1.337682120266642119e-07 -1.878835341647238146e-07 1.337682120266642119e-07 4.360347446923374341e-16 -1.736825373659414127e-11 inf 0.000000000000000000e+00 -9.000000000000000000e+01
6.246272662213731053e+01 2.664933336600088269e-05 5.394483841813467008e-08 3.072258170324422721e+00 3.033541374045796990e+08 -2.199502027671752202e+01 2.896141459923659767e+01 1.328137084727976872e-03 inf 0.000000000000000000e+00 -2.000000000000000000e+01
0.000000000000000000e+00 3.723474564743805702e-04 1.598869452590976792e+00 -1.707530483349586903e-01 -3.547249050992572292e-03 1.778201703422442047e-09 -2.262508671427741393e-09 6.144192877679169910e-10 inf 0.000000000000000000e+00 -9.000000000000000000e+01
1.030342546435124573e-01 3.119504443352575512e-02 2.200480312738331209e-02 2.220155195534579740e+00 -2.366163536285688096e-01 8.292251178517609056e-05 -9.910251408472264118e-05 1.122565429012309842e-09 inf 0.000000000000000000e+00 -2.000000000000000000e+01
8.034259697373752340e-01 7.842815454400778920e-09 8.696519715812369711e-01 6.557245577303415229e-02 -1.546725700958613003e-01 -4.695301437601526444e-08 -6.200239038868165406e-10 5.193512776176525403e-01 inf 0.000000000000000000e+00 -1.000000000000000000e+01
5.141249305366247776e-04 1.611407886882225174e-05 6.686248117393103207e-01 0.000000000000000000e+00 -8.717117872676055645e-01 1.735660307154023962e-07 5.419282718689066178e-08 -9.245095190065121460e-04 inf 0.000000000000000000e+00 -9.000000000000000000e+01
2.969539793287260809e-01 9.789349029839368166e-01 2.036642598632025180e-07 7.404364313970859812e-03 -1.093605124004248808e-02 6.503876911689861304e-10 1.114950327718261967e-09 -3.164391485760177924e-01 inf 0.000000000000000000e+00 -9.000000000000000000e+01
-1.496262721477988750e-02 2.049279576098325607e-04 0.000000000000000000e+00 2.250970249239775178e+00 1.414291538434055617e-04 5.747426738058417915e-10 7.465048521845991477e-10 -7.004373551117324648e-08 inf 0.000000000000000000e+00 -2.000000000000000000e+01
4.637740040553437026e+00 9.325624422262647484e-02 3.153131208347001533e-03 2.683028010011630216e-02 -7.576932251908399962e+01 5.252885496183208466e+09 2.956060507825314073e-04 1.528790888895515954e-01 inf 0.000000000000000000e+00 -2.000000000000000000e+01
4.011807506185856771e-08 6.472962586422432996e-02 1.488337026736215263e+00 6.304316235444186404e-11 5.561110464799644482e-13 -1.997516391449273985e-10 0.000000000000000000e+00 -1.641605321702096609e-11 inf 0.000000000000000000e+00 -9.000000000000000000e+01
1.142057270685532478e-07 1.474440493104186699e-04 1.538351485058049972e+00 2.814104157746691722e-09 -1.496165377201991307e-07 1.100403276156453579e-02 2.450615704037744348e-08 1.211940857269575300e-06 inf 0.000000000000000000e+00 -9.000000000000000000e+01
7.285004032001398677e-01 1.086123043493313273e-07 1.253251353262509804e+00 1.231386730343244328e-02 -1.283044905372278111e-01 1.583814868486451785e-06 6.437914141347707198e-06 0.000000000000000000e+00 inf 0.000000000000000000e+00 -9.000000000000000000e+01
1.775811750281857445e-03 1.673750183534760224e-05 5.770197966063300883e-03 2.223068745103516708e+00 -9.214034930363259601e-01 0.000000000000000000e+00 1.032926884641270327e-09 0.000000000000000000e+00 inf 0.000000000000000000e+00 -2.000000000000000000e+01
1.442293104325918654e-03 3.224414172958765812e-02 7.304299027763584489e-08 -3.052084138168700722e+00 -3.468277429737159911e-01 -8.266061207540231770e-01 -6.560824804586128378e-01 -1.533213711016412763e-07 inf 0.000000000000000000e+00 -2.000000000000000000e+01
1.047042815239502128e-01 7.293215871338238135e-03 1.599920563473444801e-01 4.281133006236282484e-02 -8.924327546714261317e-01 0.000000000000000000e+00 4.199458210114238338e-08 0.000000000000000000e+00 inf 0.000000000000000000e+00 -9.000000000000000000e+01
2.732518203582775773e-06 1.675249579853200516e-08 6.198568866427315284e-10 1.024698793675753866e-02 -1.003228914189214338e+00 0.000000000000000000e+00 -9.563855407640368955e-02 -3.699509488842484500e-08 inf 0.000000000000000000e+00 -9.000000000000000000e+01
3.436721916414985922e-01 9.107055095037348930e-06 0.000000000000000000e+00 1.002870228475916898e+06 3.442531036953413696e+11 7.414122133473650820e+02 2.412623120259074533e-04 6.792967324986874341e-05 inf 0.000000000000000000e+00 -2.000000000000000000e+01
6.064869604798234275e-10 5.604088957205761363e-12 1.540440242884703270e+00 3.647190907473573201e-07 -7.221055424324862619e-08 4.038048310703613757e-16 -1.863048239995515141e-09 5.962059564627100491e-16 inf 0.000000000000000000e+00 -9.000000000000000000e+01
1.957864140973726574e-01 1.079819657986450743e+00 0.000000000000000000e+00 6.910108732848446733e-02 6.150660340619294616e-09 0.000000000000000000e+00 -6.964093957323825657e-04 1.946244664924533941e-07 inf 0.000000000000000000e+00 -9.000000000000000000e+01
9.989382426412890016e-04 1.714253101150604386e-03 1.119011036499983902e+00 1.180895156358308681e-04 -8.264451739036140498e-01 1.177203881432473537e-01 6.214688858185889652e-04 -7.773282772633475224e-01 inf 0.000000000000000000e+00 -9.000000000000000000e+01
-5.147081772513480147e-02 -1.428308713873914490e-06 3.853809338221480532e-06 2.256362720704716107e+00 4.704357102321143227e-10 0.000000000000000000e+00 0.000000000000000000e+00 0.000000000000000000e+00 inf 0.000000000000000000e+00 -2.000000000000000000e+01
9.079121508109834482e-02 4.116347949781342851e-07 3.363740099725938681e-01 4.871965749160578341e-01 -8.632607335579842722e-01 4.934738247986793682e-10 -5.179564401347905855e-01 -2.782083441921183776e-07 inf 0.000000000000000000e+00 -8.000000000000000000e+01
3.607898949973650533e-03 7.649631147919593033e-02 5.790345799466913718e-02 1.600189508275920858e+01 -4.000473770689802144e+00 6.056241311775156078e+01 -1.500708888393947893e-02 5.793103066516231047e+05 inf 0.000000000000000000e+00 -2.000000000000000000e+01
1.733771171278491607e+01 2.537792875566358825e-02 1.449636211831948742e+02 1.042610925572438418e+02 -1.214813931297615852e+02 0.000000000000000000e+00 8.761813007632909775e+09 -4.242455868320281809e+01 inf 0.000000000000000000e+00 -2.000000000000000000e+01
5.930226595479764704e-03 1.780999648544737135e-02 1.568515959455885761e-02 2.259899250352992439e+00 -8.437534126728211958e-02 -9.092430587786436703e-06 2.878188152203533905e-03 1.379427358364902968e-07 inf 0.000000000000000000e+00 -2.000000000000000000e+01
2.436540999813006092e-01 2.623211479637389543e-01 4.755184854473770151e-01 3.644986737623489015e-01 -4.558689612553366577e-01 -1.891266703483885925e-01 -3.490184670226592519e-08 -3.260628899970078113e-06 inf 0.000000000000000000e+00 -9.000000000000000000e+01
9.999251693464665249e-08 1.683741095490716377e+00 4.090292579146014712e-02 6.562903248117098798e+00 -6.774907145177061496e-01 1.578267236378230525e-03 1.268336358063079850e+01 6.433089267670962126e-03 inf 0.000000000000000000e+00 -2.000000000000000000e+01
3.021081037093988523e-08 0.000000000000000000e+00 1.259678342838392382e+02 1.672418641543957918e+01 -8.012029164236236789e-02 1.167618432888994874e-05 2.216428026076369804e+02 -6.770983180412985551e-07 inf 0.000000000000000000e+00 -2.000000000000000000e+01
7.784953364444325841e-01 4.937572122789208456e-02 2.504057245273288618e-07 0.000000000000000000e+00 -2.101707084335931175e-01 -3.184106476094876248e-05 8.837647212964251727e-10 2.237726595282599014e-08 inf 0.000000000000000000e+00 -8.000000000000000000e+01
1.238204053469898504e-04 2.389508493700300106e-07 7.698307634167255165e-01 1.394410439396333024e+00 -4.635930540701350133e-01 0.000000000000000000e+00 1.047774771356294043e-02 4.635877348164446728e-06 inf 0.000000000000000000e+00 -9.000000000000000000e+01
-1.628718645352049757e-02 4.947042614387067716e-03 9.157356420970029776e-01 9.133001749637662536e-01 -9.620095176285005101e-01 1.550707588740561421e-03 -6.332452385002675761e-05 2.186550122164365408e-09 inf 0.000000000000000000e+00 -9.000000000000000000e+01
8.833228509419527958e-09 1.987039126079323831e-06 7.049091265932812088e-08 4.069456130210454665e-04 -3.169361213748131068e+00 3.711229358184886615e-04 3.810370388416123660e+03 0.000000000000000000e+00 inf 0.000000000000000000e+00 -3.000000000000000000e+01
1.249513110710593233e+00 5.338897628954009722e-07 9.220259468847371047e-04 2.084861763376664179e+00 8.008607948996695972e-10 1.488184154329470710e+00 -5.896578724701676544e-01 0.000000000000000000e+00 inf 0.000000000000000000e+00 -2.000000000000000000e+01
3.001488534476174919e-01 7.521802592422222045e-02 2.983407278244390795e-02 2.187108753796615179e+00 -1.851520638134700747e-01 1.163945003171379735e-08 -7.457869835135136293e-09 1.697419796291595309e-09 inf 0.000000000000000000e+00 -2.000000000000000000e+01
1.894467509111930070e+00 8.692704129617900843e-02 1.674335721081318562e+00 5.103055086164177689e-01 6.563929679458237132e+00 -6.754043496393764834e-02 -2.668264097340746627e-02 -4.313190121643605816e-06 inf 0.000000000000000000e+00 -3.000000000000000000e+01
5.776628101145039551e+01 9.799916507633589902e+01 5.222349676467081814e-01 2.912346643345957095e-02 3.462595419847329322e+04 3.256518678128265209e-06 5.204947923047056664e-08 5.691909437416164983e-06 inf 0.000000000000000000e+00 -2.000000000000000000e+01
1.007538700042615476e+00 3.196302515905323761e-06 6.392605031810647734e-07 5.922134556205312095e-02 4.951833445382837585e-10 5.510600643499967573e-10 1.734105097604884899e-09 2.954804103592476911e-05 inf 0.000000000000000000e+00 -9.000000000000000000e+01
0.000000000000000000e+00 2.985286301239353530e-03 3.596929931738283873e-09 2.597011186235749638e-09 -9.543596245757184349e-01 5.915963706724328575e-05 -8.611604424882459696e-01 0.000000000000000000e+00 inf 0.000000000000000000e+00 -9.000000000000000000e+01
2.512262218271155145e-01 5.111210567771718865e-05 2.896352655070640487e-05 3.685791402450399293e-09 -7.567802237755084649e-01 4.188399320966363162e-10 2.121352042288066928e-08 0.000000000000000000e+00 inf 0.000000000000000000e+00 -9.000000000000000000e+01
3.456583969465649488e+02 2.630009541984733445e+01 5.564798835579676944e-02 1.339931467562231739e-05 1.815938931297710398e+06 3.629758641237521762e-06 -1.560143045796693139e-05 2.715320731619842613e-06 inf 0.000000000000000000e+00 -2.000000000000000000e+01
2.166633675922265444e-08 8.860825223540786422e-10 2.603419371119230004e-11 1.577909610606249124e+01 4.242456789361687843e+05 4.526375325296772445e+00 3.308826428989981099e-09 -3.029519087724350028e-07 inf 0.000000000000000000e+00 -2.000000000000000000e+01
1.646138139297104940e-08 3.528095137619097422e-06 1.341060009046229906e+00 3.686630484638582228e-01 2.564912914718744783e-09 1.905171374314312447e-05 2.111463017116609747e-02 3.185085888128351810e-07 inf 0.000000000000000000e+00 -9.000000000000000000e+01
7.308918621999297739e-03 3.623026383314223997e-01 1.066400218484941265e+00 4.257178070016292594e-03 -3.593729674015186948e-01 -9.345955440447954125e-04 2.451227152349630801e-06 8.476442678118231200e-10 inf 0.000000000000000000e+00 -9.000000000000000000e+01
2.621816635218853220e-01 3.912877707276285911e-10 1.307020057180764198e-05 2.240757571466547748e+00 -5.471617325674128507e-01 5.520494129645612688e-10 2.267406468017960591e-07 5.940294342581300922e-08 inf 0.000000000000000000e+00 -2.000000000000000000e+01
1.828106329403258734e-01 5.909030559687301620e-01 3.257902424163075734e-08 2.575327840592476421e-05 -1.361846886802932644e-01 -3.988595627788928399e-01 0.000000000000000000e+00 7.100466256338119059e-06 inf 0.000000000000000000e+00 -9.000000000000000000e+01
7.129267221743903482e-01 2.118960281624341080e-08 2.805587639823746149e-01 0.000000000000000000e+00 -2.767154932428900205e-01 9.420782873708218814e-09 -7.230153078655374155e-02 -4.239608034493931588e-02 inf 0.000000000000000000e+00 -9.000000000000000000e+01
9.833980619711789452e-09 1.507877028355807881e-07 1.151470493622931551e-01 2.129115590767177491e+00 -4.183594288131077810e-01 -2.320127114016354644e-02 -6.705658391700708085e-03 2.253620558683952018e-08 inf 0.000000000000000000e+00 -2.000000000000000000e+01
2.494324313009092800e-05 7.353149579534036528e-02 1.929777077770780780e+00 5.083444799434208453e-05 1.894882006454307712e-09 6.329047558886061742e-01 2.119085602637832872e-09 -8.199869000485949318e-05 inf 0.000000000000000000e+00 -1.000000000000000000e+01
6.238197640710981029e-10 2.576236043542117285e-02 4.469769535545573547e-01 1.772450397956976786e+00 -5.809412278187474632e-01 0.000000000000000000e+00 6.478128319199864477e-10 -3.388542891743935153e-05 inf 0.000000000000000000e+00 -9.000000000000000000e+01
1.970633990080061470e-05 0.000000000000000000e+00 1.540433668459614935e+00 0.000000000000000000e+00 -1.047641262798586963e-05 0.000000000000000000e+00 2.563152171641234627e-10 -4.709678901955625239e-09 inf 0.000000000000000000e+00 -9.000000000000000000e+01
7.672999026827390632e-05 0.000000000000000000e+00 2.671431341180224184e+00 6.064738430804369473e-01 2.805002908239235637e+01 6.612716446460129435e-06 -2.874330537545965965e-07 0.000000000000000000e+00 inf 0.000000000000000000e+00 -2.000000000000000000e+01
1.006157842783253376e+00 1.100555576101053753e-07 3.123525042034851173e-09 8.582995218007680727e-01 -9.162125171041273221e-06 6.801223881850078701e-10 0.000000000000000000e+00 0.000000000000000000e+00 inf 0.000000000000000000e+00 -9.000000000000000000e+01
1.237819272887282634e-02 1.358821811689508611e-09 1.489420139961445955e+00 1.914612544393998412e-03 -9.083278117590132261e-03 1.765760635502773142e-09 -3.526449151534992443e-02 4.003994938445085501e-07 inf 0.000000000000000000e+00 -9.000000000000000000e+01
1.724661781656813802e-09 2.050459204352276003e-07 1.111780746888945348e+00 7.657196180025159680e-06 -7.062680124613665011e-01 0.000000000000000000e+00 -2.255664585253407406e-01 4.141706030402128950e-09 inf 0.000000000000000000e+00 -9.000000000000000000e+01
8.179238309097185480e-04 3.025718649044872866e+00 7.372448519864771566e-02 1.596176214858454578e+01 5.161378569584251964e+05 -8.770198982738761778e-03 0.000000000000000000e+00 3.384771252467243764e-08 inf 0.000000000000000000e+00 -2.000000000000000000e+01
7.544185028038239324e-06 1.190475474268523959e+00 4.532144008310545757e-02 9.763062977461250118e-07 -7.573770067363879734e-03 3.025070271046705713e-06 -8.694688037333734090e-03 5.904728918142291606e-10 inf 0.000000000000000000e+00 -9.000000000000000000e+01
1.369061719709348812e-01 1.869026238511056481e-01 1.263461737233474214e+00 1.254839393531592944e-04 -1.460176748836762822e-04 8.529265009522602384e-10 4.543139117317140907e-10 -1.990512944014274921e-01 inf 0.000000000000000000e+00 -9.000000000000000000e+01
2.388295174306531363e-03 7.569808923497606025e-07 7.186673478895723444e-02 2.192471729979531325e+00 1.240237494025847771e-02 0.000000000000000000e+00 2.013927205153501717e-09 1.456676744197377192e-06 inf 0.000000000000000000e+00 -2.000000000000000000e+01
3.240868012177836599e-01 4.094523222844725918e-01 6.028467770904227807e-01 2.278145128024193326e-03 -4.668663010549890524e-01 7.308950586904561231e-02 -2.814040406844392148e-02 1.139214210341300104e+00 inf 0.000000000000000000e+00 -1.000000000000000000e+01
9.228467028172613564e-09 2.605443693061770542e-05 7.716978416253545969e-01 1.406639103722165496e+00 -5.548409798015208061e-01 6.862249794200146746e-02 0.000000000000000000e+00 1.513817935220744162e-09 inf 0.000000000000000000e+00 -9.000000000000000000e+01
2.622826120034837949e-01 4.081472896581594401e-01 3.291205434721637402e-01 3.262440507484503649e-01 -3.254683256470300989e-01 -8.338771636419839428e-02 -2.567341224301336600e-01 -2.579189937841409042e-01 inf 0.000000000000000000e+00 -9.000000000000000000e+01
4.852160799390115020e-01 1.840509184801554857e-02 2.841067836485001719e-01 2.787167077386698447e-10 -2.314353012866995560e-02 -6.990942204384442693e-01 2.408112354862107561e-10 1.834208640068797288e-07 inf 0.000000000000000000e+00 -9.000000000000000000e+01
2.489291352933445944e-01 4.595076970436323351e-07 7.985297782255727783e-03 -3.341685058634898731e+00 -7.279291380547804335e-01 -1.072563982561285933e-01 6.718257912746515570e-02 -3.766128681898746116e-04 inf 0.000000000000000000e+00 -2.000000000000000000e+01
7.183659950744825653e-09 0.000000000000000000e+00 1.384342311555711191e+00 0.000000000000000000e+00 -8.911980056820312246e-01 5.993248410741811963e-10 -4.422818886759460368e-03 8.580268640313353234e-01 inf 0.000000000000000000e+00 -1.000000000000000000e+01
5.826429555991293963e-10 5.681116080892944630e-04 4.227020893521536627e-06 2.650177528224548773e+00 -2.744745566859984340e-04 4.768079567892293241e-04 5.217248444065749613e-01 7.960889349465560323e-06 inf 0.000000000000000000e+00 -2.000000000000000000e+01
3.376741090218671697e-05 9.769834164074483462e-01 9.088217827046031483e-02 3.940594448445740132e-03 2.314142379590311338e-06 0.000000000000000000e+00 1.127152015659029383e-03 3.561677468587616224e-08 inf 0.000000000000000000e+00 -9.000000000000000000e+01
3.925301414035876069e-01 -7.114434788650326491e-07 5.674553271379309921e-10 2.544854927943035472e-02 -6.151591768265178839e-01 0.000000000000000000e+00 0.000000000000000000e+00 0.000000000000000000e+00 inf 0.000000000000000000e+00 -9.000000000000000000e+01
-1.332232286720505662e-03 1.682390265998320089e+01 5.207294209775436567e-08 -9.046131155167175848e+02 -7.549061805783587042e-02 9.058595028012034156e-07 -7.306521092552916757e-07 1.213622551436587491e+04 inf 0.000000000000000000e+00 -2.000000000000000000e+01
1.669439687968154451e-01 6.524234700897180584e-05 3.545779728748468008e-07 -2.321221425900454924e+05 -1.292903261093125450e-04 4.057729098280750009e+02 5.861164253072195152e+02 4.202308490823541582e+07 inf 0.000000000000000000e+00 -2.000000000000000000e+01
1.230302071230437220e-08 6.784474165005289770e-01 0.000000000000000000e+00 6.295016016762330089e-04 -6.243069742860228866e-01 0.000000000000000000e+00 1.347281612429396790e-07 4.203286285208233421e-03 inf 0.000000000000000000e+00 -9.000000000000000000e+01
5.436140187233781118e-01 2.489808984845323712e-04 1.356837146463202526e+00 5.934330932155476024e-01 -1.137047111938925603e+00 0.000000000000000000e+00 1.117822810252535675e+02 -2.431454086763011544e-06 inf 0.000000000000000000e+00 -3.000000000000000000e+01
3.729258310209149774e-01 5.020938168975582940e-07 1.105846134994128353e-05 2.164432274160604575e+00 -9.489703063887334755e-01 1.179713086366815933e+00 8.989309872840398110e-10 5.058130303560586976e-06 inf 0.000000000000000000e+00 -2.000000000000000000e+01
9.372130626417947845e-13 0.000000000000000000e+00 2.857208847203378995e-05 2.277473707877133435e+00 -2.049603776901781399e-05 2.839236575279053385e-07 1.600920367703299081e-12 -2.100524218216629328e-11 inf 0.000000000000000000e+00 -2.000000000000000000e+01
5.577250098843053276e-03 1.572440556502006188e-03 1.563005913162994087e+00 3.179143886360409911e-06 -9.981312126233438196e-04 1.454608287627168718e-07 2.535560397359485144e-02 2.242438124626592833e-11 inf 0.000000000000000000e+00 -9.000000000000000000e+01
1.241813072238397529e-06 1.704221218575412160e-06 5.620833582796583983e+01 6.727405762552840327e-11 2.558103817237200929e+04 -1.019042858342703749e-05 8.986145560138193866e-13 2.673655654312721857e-12 inf 0.000000000000000000e+00 -2.000000000000000000e+01
1.725896439773669799e-01 1.179992861194339651e-05 3.036985151533067029e-01 2.022187674069578778e-01 2.899256023090828090e-03 -6.844327512235497402e-01 -4.074004471568748453e-01 1.642411040635081231e-07 inf 0.000000000000000000e+00 -9.000000000000000000e+01
6.275501123658035196e-02 1.649008542127084455e-06 1.381104056356437825e-08 -4.126570217790023060e-02 -8.072505663782445495e-01 -2.902613919230416228e-01 -1.323616862310007247e-01 -7.770409579914043519e-02 inf 0.000000000000000000e+00 -9.000000000000000000e+01
-1.780015095099623081e-03 1.076430896720022012e+01 7.746503461077330031e-03 -3.391408670500347018e+08 -6.727693104500137800e+00 0.000000000000000000e+00 0.000000000000000000e+00 1.551841831028081663e-09 inf 0.000000000000000000e+00 -2.000000000000000000e+01
4.396421989771772537e-03 3.618051904394029722e-05 0.000000000000000000e+00 2.291020871196655762e+00 -3.094079760488490094e-01 2.222931090059692139e-01 -1.173422239262928574e-02 2.860216708203388572e-05 inf 0.000000000000000000e+00 -2.000000000000000000e+01
2.255070439867324916e-01 6.264084555187013348e-02 1.159530236430925321e+01 1.156446379419140946e+01 -3.785434481965321396e+00 1.945480107043659132e-02 1.345252441108627499e+04 2.768671288490424284e-08 inf 0.000000000000000000e+00 -2.000000000000000000e+01
7.805682394679215319e-01 6.670396472370141779e-07 7.372642430367658262e-02 1.596218197563614893e+01 5.161514324416763848e+05 -3.419097186573848840e-02 -4.070027512675082615e-02 4.621183762989972801e-07 inf 0.000000000000000000e+00 -2.000000000000000000e+01
9.874338941227065650e-10 3.851181003706114479e-04 1.365275232871225120e-05 1.108003715000693644e-04 -1.008529603698409272e+00 -5.579724014398747847e-08 0.000000000000000000e+00 -4.585546669291788229e-09 inf 0.000000000000000000e+00 -9.000000000000000000e+01
3.064368300132137568e-01 1.459223000062922701e-02 3.005999380129620868e-01 -9.397396120405222542e-01 -6.829163640294477755e-01 5.842592090095686765e-05 -6.982610058894844448e-05 7.909422610296132122e-10 inf 0.000000000000000000e+00 -1.000000000000000000e+01
0.000000000000000000e+00 6.758842616444425168e-04 2.444382726937368577e+00 3.099505475079084027e-01 -1.069720129116649363e-03 1.703847469965348860e-01 -6.560032894698629435e-02 2.655712645692760887e+00 inf 0.000000000000000000e+00 -2.000000000000000000e+01
4.500760376908398364e+00 7.190094649336721284e-04 2.717186931435389133e-05 1.339931467562231739e-05 1.815938931297710398e+06 3.672916030534352176e+06 2.684938998622749158e-03 -8.374571672263948368e-07 inf 0.000000000000000000e+00 -2.000000000000000000e+01
2.957244442099912492e-04 1.499840062848143418e+00 2.082457473625331297e-04 4.708800197313938174e-01 0.000000000000000000e+00 3.155054677661527918e-01 -1.021786212388452913e-09 2.325597231953487291e-10 inf 0.000000000000000000e+00 -9.000000000000000000e+01
2.116561893255178468e-03 -2.433395744874942774e-06 6.595933877872785917e-06 1.152722993654055728e+00 -1.002628853855350499e+00 1.616919902006314923e-05 0.000000000000000000e+00 3.412296459486187806e-03 inf 0.000000000000000000e+00 -9.000000000000000000e+01
0.000000000000000000e+00 1.664729749683445654e-08 1.114209997023873737e-03 -6.109455857523843944e-05 5.209963412009780206e-03 -1.230748109305185523e+00 1.330861940889626867e-03 5.893851709517560918e-07 inf 0.000000000000000000e+00 -1.000000000000000000e+01
5.904866799112041789e-09 7.104702816378507535e-01 1.165358844798718874e+00 1.547559029310169976e+00 1.958365607999778746e+01 -1.744850823174641128e-03 0.000000000000000000e+00 -1.481457705812725200e-08 inf 0.000000000000000000e+00 -3.000000000000000000e+01
2.051537939463718617e-07 4.261411779557242596e+00 2.239407714139883288e-07 1.346505260522821068e+01 -1.720954757128886570e+00 -2.973404403092276809e-03 -5.406193405544809849e+01 5.350033545690195024e+04 inf 0.000000000000000000e+00 -2.000000000000000000e+01
1.846909465480778723e+00 1.336196644242948653e-06 1.796159259263365171e-01 4.168933530038000136e-04 2.313195540015758183e-08 5.190452463333912192e+00 1.737862290319530958e-08 -6.744148880760774366e-04 inf 0.000000000000000000e+00 -3.000000000000000000e+01
2.744779689062579934e-06 3.575879533605030329e-08 6.226383379081470649e-10 4.020690901471506379e-05 -1.007730650627098656e+00 0.000000000000000000e+00 3.283265077652513764e-06 0.000000000000000000e+00 inf 0.000000000000000000e+00 -9.000000000000000000e+01
2.061315232976808909e-01 2.807771579802297857e-01 -1.977766907919277006e+00 3.615861936916129782e+00 4.961400863744313483e+01 -4.076832972197696331e-03 0.000000000000000000e+00 -3.461416610381004995e-08 inf 0.000000000000000000e+00 -2.000000000000000000e+01
6.989279282055498310e-01 5.279455595029046711e-01 6.355594626118063473e-02 1.530936446123374006e-09 -3.337155880380576062e-02 1.536523805415795236e-09 1.874806674371110038e-02 5.435383119667220077e-07 inf 0.000000000000000000e+00 -9.000000000000000000e+01
3.153069199142779397e-09 6.795377414487433582e-07 1.579831390064260750e-05 2.259679331106095201e+00 0.000000000000000000e+00 6.672774351674254347e-10 1.370338539385587524e-07 4.521080978775533950e-03 inf 0.000000000000000000e+00 -2.000000000000000000e+01
1.135393223351620419e-07 4.593274084620127366e-04 1.529375011306898235e+00 2.797683507231918996e-09 -2.489938321436407857e-07 1.641307657576059056e-07 4.196525260847878328e-08 0.000000000000000000e+00 inf 0.000000000000000000e+00 -9.000000000000000000e+01
2.587398973492808035e-13 1.242686803826270392e+00 2.225049838044776223e-09 8.260734792088890768e-07 2.264577319045595061e-02 -8.401113291823735258e-06 3.624933089231714880e-12 -6.982115438917905439e-12 inf 0.000000000000000000e+00 -1.000000000000000000e+01
3.005213144096839184e-09 3.521504438204986929e-07 1.526356942931467398e+00 0.000000000000000000e+00 -1.093119255867166955e-06 2.608265566214695434e-07 1.790966588812766078e-03 0.000000000000000000e+00 inf 0.000000000000000000e+00 -9.000000000000000000e+01
1.053312038999378394e-04 4.833088911341778273e-06 1.540410999051350149e+00 2.145987095301261758e-08 1.912373310243149709e-07 -3.795771267300796856e-07 -1.680570484759131602e-06 -2.573011362872601166e-06 inf 0.000000000000000000e+00 -9.000000000000000000e+01
8.658792662936244611e+00 1.805698784540412305e+01 1.586659909048403205e-03 3.706741578178324836e+00 1.721515861895631679e+04 1.503081173195647727e-06 -6.946492091389301571e+00 2.829875048300448002e-06 inf 0.000000000000000000e+00 -2.000000000000000000e+01
2.845954718708082386e-07 1.569395574904580570e+01 0.000000000000000000e+00 2.981142233346255506e-03 3.442531038778626709e+11 3.629758641237521762e-06 -3.443138659682893485e-06 3.751061629248030312e-06 inf 0.000000000000000000e+00 -2.000000000000000000e+01
9.409594231644981406e-08 1.212325950579413785e-04 1.478383714503575419e+00 7.330228162094582257e-06 -2.345357096313112066e-01 0.000000000000000000e+00 6.984695521457127133e-06 -1.299202728796830996e-04 inf 0.000000000000000000e+00 -9.000000000000000000e+01
9.900496747916200935e-01 1.992200971530647124e-02 3.689853031511204140e+00 -6.763727112589694116e+03 -5.626112543096291052e-01 2.274405657863158196e-05 0.000000000000000000e+00 -6.338509910566276773e-01 inf 0.000000000000000000e+00 -2.000000000000000000e+01
-1.180308537195461863e-03 1.490535557234215069e+01 4.613470092829151732e-08 1.499539721845760010e+00 -9.740081911527020964e-02 4.144511373941177295e-10 1.060586697032942297e-02 1.001462581681349729e+04 inf 0.000000000000000000e+00 -2.000000000000000000e+01
3.911045967103185713e-08 1.519577686107584022e-02 6.542117588382850846e-02 1.988022598499624705e+00 1.530448159012721022e-04 -1.220544326190830479e-04 1.836940302629379651e-09 -2.079807531829175049e-01 inf 0.000000000000000000e+00 -1.000000000000000000e+01
2.181700202756337720e-03 6.167429643893840709e-07 6.682585996484815549e-01 3.052466511751191543e-04 -9.680931033030788502e-01 4.964313633816065441e-10 0.000000000000000000e+00 4.146661976481654555e-08 inf 0.000000000000000000e+00 -9.000000000000000000e+01
2.236545267928093581e-10 6.680449259556965972e-07 8.552751473473836352e-01 1.289295371374414190e+00 -1.799109568347341537e-01 0.000000000000000000e+00 2.392179097044088942e-06 7.061835955610831068e-09 inf 0.000000000000000000e+00 -9.000000000000000000e+01
9.480489060965560100e+00 3.820390387392812670e+01 5.624855219814510576e+01 2.263290546036736128e-01 -6.217993684076034308e-07 1.777397859935372026e+03 3.544886601985914963e-08 -1.854239327368144242e-03 inf 0.000000000000000000e+00 -2.000000000000000000e+01
1.225766882339330096e-07 6.391498743626506137e-07 1.110710899319815315e-02 -4.648099692622199797e+00 -1.015132382079453333e+00 7.108939787164082775e-10 -6.742138115797402867e-03 1.133521670530630392e-09 inf 0.000000000000000000e+00 -2.000000000000000000e+01
1.472402707339731418e-06 2.497897275866319684e-06 1.861916349205697818e+00 3.263583713214481818e-01 4.117136376670576858e+00 -6.962988412758350476e-07 9.587824528720146976e-16 1.834202859298971009e-12 inf 0.000000000000000000e+00 -3.000000000000000000e+01
2.940679803529236414e-01 3.463467324156656590e-01 1.019435665223468623e+00 4.069690799527068623e-03 -3.435460849837330133e-01 -8.934357041972506826e-04 1.823338171831123819e-06 7.281683323024775722e-01 inf 0.000000000000000000e+00 -1.000000000000000000e+01
1.907211577713861144e-03 1.596438262595307889e-05 5.503667695688570401e-03 2.120383340342907541e+00 -8.788430950105472483e-01 0.000000000000000000e+00 -1.139241049087746371e-01 -4.406834787372464556e-08 inf 0.000000000000000000e+00 -2.000000000000000000e+01
1.009138249037741186e+00 1.646558221832162747e-10 9.481585266168353240e-12 6.993247279242219945e-10 -1.133165068395730079e-10 4.080082205426158881e-18 -3.108109901885431029e-10 0.000000000000000000e+00 inf 0.000000000000000000e+00 -8.000000000000000000e+01
3.556405574527620184e-01 8.933862196253118670e-02 1.345435361929726292e-01 4.466931098126559335e-02 -5.981617086795852911e-01 -2.340586198898448808e-02 2.113398021187843800e-09 6.282730069029723322e-09 inf 0.000000000000000000e+00 -9.000000000000000000e+01
9.729046975901299854e-01 1.766624245182730106e-08 2.251171217955304227e-02 9.607900827612621750e-07 -3.613503615537111413e-02 2.065620942508884897e-11 2.168102169322267195e-02 -6.456496680824775051e-09 inf 0.000000000000000000e+00 -9.000000000000000000e+01
5.987968153625945256e+00 9.778625954198458203e+03 2.316913167938927813e+02 3.072258170324422721e+00 3.033541374045796990e+08 -2.199502027671752202e+01 -2.896141459923659767e+01 1.328137084727976872e-03 inf 0.000000000000000000e+00 -2.000000000000000000e+01
-6.405633825258295888e-02 1.180990961816714459e-02 3.545779649973069307e-07 -2.321221374330657127e+05 -1.331720188537253893e-04 0.000000000000000000e+00 0.000000000000000000e+00 0.000000000000000000e+00 inf 0.000000000000000000e+00 -2.000000000000000000e+01
2.795214812520959921e-02 1.036508840351120009e+00 8.962326195256061433e-06 1.140512526283686499e-09 -2.346540846906007560e-01 0.000000000000000000e+00 0.000000000000000000e+00 0.000000000000000000e+00 inf 0.000000000000000000e+00 -9.000000000000000000e+01
2.460787105731175100e-09 2.051747186566711956e-01 1.357155699992420139e+00 1.481364009927673648e-05 4.809720252110933583e-10 -3.408664402225327695e-05 3.111628010543953817e-07 -1.264695433733355454e-07 inf 0.000000000000000000e+00 -9.000000000000000000e+01
1.445031918321603437e-01 3.937399505401620769e-07 1.501681010136204364e+00 4.900288265261828168e-10 -1.134182028915211964e-02 4.918172529003659386e-10 6.000963115953502659e-03 1.739781176805367089e-07 inf 0.000000000000000000e+00 -8.000000000000000000e+01
7.746305124164679090e-02 4.515434142729159439e-01 1.654361647120597412e-02 1.669153586553675517e+00 -6.975567227388494995e-01 0.000000000000000000e+00 3.099760112416208558e-08 9.670716981329961943e-04 inf 0.000000000000000000e+00 -9.000000000000000000e+01
4.114439371445947624e-01 3.540298420375062594e-02 2.690163991280531933e-08 2.229319504307000877e+00 -1.966040973890376686e-01 2.088953099289807194e-09 -2.657895610071990128e-09 7.217927375594861668e-10 inf 0.000000000000000000e+00 -2.000000000000000000e+01
5.413613437267909140e-02 8.093078673895459652e-01 6.299477454275385080e-01 1.220220437199847366e-04 -2.091623373489873844e-02 0.000000000000000000e+00 0.000000000000000000e+00 6.753391112955596156e-08 inf 0.000000000000000000e+00 -8.000000000000000000e+01
1.714828040666996900e-01 0.000000000000000000e+00 1.289616483340935815e+00 1.657769913414587799e-03 -2.426255501183520735e-01 -1.352945864219285144e-01 -9.443676264568778154e-07 -3.629102508126198084e-02 inf 0.000000000000000000e+00 -9.000000000000000000e+01
5.323004539724462275e-03 0.000000000000000000e+00 4.166495639726773559e-02 2.240104126300159315e+00 -6.755237415880541163e-02 9.835531376092720881e-06 0.000000000000000000e+00 0.000000000000000000e+00 inf 0.000000000000000000e+00 -2.000000000000000000e+01
1.262041534243771557e-05 9.602489934463479150e-07 1.579650676300435071e-09 2.277498443153328278e+00 -2.840736605612112467e-06 2.993633394747171180e-07 5.696275110196122102e-13 9.368873536506780970e-14 inf 0.000000000000000000e+00 -2.000000000000000000e+01
5.866735036136421638e-03 7.216871421755580229e+01 6.355856393129642612e+01 3.866740219465570760e+01 8.340887404579984832e+02 5.904772853876792530e-08 7.643358778625800041e+05 1.638863832895959272e-01 inf 0.000000000000000000e+00 -2.000000000000000000e+01
9.922814457642448183e-01 0.000000000000000000e+00 2.665600778217614431e-01 2.240881719634360260e-07 -3.065820078586969829e-05 1.095419394950338313e-03 1.266352970865665742e-02 1.880871213857036763e-07 inf 0.000000000000000000e+00 -9.000000000000000000e+01
1.439563548537160266e-02 6.076454424485781045e-06 5.146571514184133250e-02 1.555108297531835149e+01 -5.170195121134486982e+00 0.000000000000000000e+00 5.054101966978464588e+01 5.684624427588585019e+07 inf 0.000000000000000000e+00 -2.000000000000000000e+01
5.096737273514019284e-01 1.988543947675378287e-01 1.522023373440685445e-01 5.015096173022948189e-02 -4.058728995841827669e-01 2.162256232052428458e-06 0.000000000000000000e+00 -2.824127424997746195e-10 inf 0.000000000000000000e+00 -9.000000000000000000e+01
6.483628654537701985e-01 4.626361002663766878e-09 5.284360885031273871e-05 2.005811402491421980e+00 -3.388724342099765918e-01 -4.860272990656094860e-02 5.276518032677019604e-02 4.743114592636354218e-10 inf 0.000000000000000000e+00 -2.000000000000000000e+01
5.031881690405799423e-07 4.061056690354680627e-08 3.039613585827656561e-02 2.225226549624775174e+00 -2.086149890273226656e-02 -5.796727707347480935e-05 9.229674296260636737e-09 5.688214084806555754e-08 inf 0.000000000000000000e+00 -2.000000000000000000e+01
9.766277045962299397e-01 9.810077170123079955e-08 5.395467810638188144e-01 7.620898153898449934e-01 -1.744285160956981644e-05 4.311853374074331182e-06 -1.874220969077989319e-07 0.000000000000000000e+00 inf 0.000000000000000000e+00 -9.000000000000000000e+01
2.002186881580415910e-04 6.402428590972578739e-07 2.216584242501439318e-07 -3.394086709312030673e+08 -6.779980111104181972e+00 5.073241468816985567e+00 1.694261051869098630e-02 1.590340862830506529e-06 inf 0.000000000000000000e+00 -2.000000000000000000e+01
1.231525843006213483e+00 5.532244997879474935e-02 4.336896439890605000e-09 8.400496719829425807e-10 -7.095705540758456831e-02 1.137718210433474653e+00 -3.378119747600740131e-09 9.722174870415922255e-10 inf 0.000000000000000000e+00 -1.000000000000000000e+01
6.590255877343832724e-02 6.991976721718957879e-05 1.446067912900966292e-04 1.214800865028103264e-09 -9.424879516438389171e-01 0.000000000000000000e+00 4.655524273161593348e-10 -1.269234465266219636e-01 inf 0.000000000000000000e+00 -9.000000000000000000e+01
4.598316345506043044e-05 5.867332220077516004e-05 7.338196266698475412e-02 8.484789433370111891e-03 4.908105514886725712e-06 3.233392730014015420e-02 3.537989026717558261e+01 5.398542826412289827e-04 inf 0.000000000000000000e+00 -3.000000000000000000e+01
2.054312765889530269e-04 3.312504687003921131e-06 0.000000000000000000e+00 1.490338746940931571e+02 7.739503908700090876e-03 -2.363877634328578736e+01 3.404923082559376724e+01 8.228152707547874190e+06 inf 0.000000000000000000e+00 -2.000000000000000000e+01
5.541425639892364474e-01 4.506306866113407583e-02 7.195992017172648803e-01 4.579214805601766747e-01 -1.214481236581628210e-01 -5.330696025355124990e-01 -5.344116676872903149e-01 -7.842050732193468487e-01 inf 0.000000000000000000e+00 -8.000000000000000000e+01
1.988429258218333257e-05 2.782317059074160416e-09 1.540424631258874300e+00 0.000000000000000000e+00 -1.047635116643390477e-05 4.875667186783571274e-14 1.727355174175207780e-08 -2.160561940273054659e-05 inf 0.000000000000000000e+00 -9.000000000000000000e+01
1.876220800036097487e-05 1.200300555879926045e-08 1.333622628537588728e+00 0.000000000000000000e+00 -7.201562194102979486e-01 1.543303530094768149e-04 7.278312559454021602e-10 0.000000000000000000e+00 inf 0.000000000000000000e+00 -9.000000000000000000e+01
-4.187664002862803159e+00 5.300007476151706657e-05 1.880196314162973570e-06 1.085441531115869523e-02 -1.364904505605983642e+00 1.527951098978595143e-07 -6.076943783359973691e-03 9.330271946565346752e+01 inf 0.000000000000000000e+00 -2.000000000000000000e+01
7.570906476888416433e-06 1.194692129795241531e+00 4.548196829635792887e-02 9.797643675973243974e-07 -7.615797498821966043e-03 9.018285656293554907e-07 -7.181227467048570735e-07 2.055092873322039392e-07 inf 0.000000000000000000e+00 -9.000000000000000000e+01
8.594512291314346459e-04 1.213472334958882737e+00 0.000000000000000000e+00 9.422012157103953900e-02 6.911946925459607349e-09 0.000000000000000000e+00 -5.803823594369922692e-04 6.306380146833960558e-10 inf 0.000000000000000000e+00 -9.000000000000000000e+01
4.445968511450383431e+01 4.057729007633589390e+03 9.554198473282446503e+04 4.264266578523259343e-06 5.971839409748108881e-07 5.252885496183208466e+09 2.956060507825314073e-04 1.528790888895515954e-01 inf 0.000000000000000000e+00 -2.000000000000000000e+01
4.716806881931573787e-05 3.186663565393013653e-02 1.454147463741673141e+00 0.000000000000000000e+00 -2.086335787207982129e-01 -3.160818812892016340e-05 2.245890850771782979e-07 2.221360489537625001e-08 inf 0.000000000000000000e+00 -9.000000000000000000e+01
4.016717119510782724e-03 1.174673593619748324e-01 1.364331814088546979e+00 1.835207395942116460e+00 -9.658986294432191366e-01 -4.732903284271773536e+00 -2.857450112102856710e-01 4.846492963094296101e+03 inf 0.000000000000000000e+00 -3.000000000000000000e+01
8.893602071331266866e-04 1.665582132178498181e-02 3.773060561127667091e-08 1.773635023442515113e+00 -9.972964609929294566e-01 2.545036133213473325e-08 6.326439251595992354e-10 0.000000000000000000e+00 inf 0.000000000000000000e+00 -9.000000000000000000e+01
1.114843674820763797e-01 2.789830973367389815e-03 3.776740159057572674e-09 2.426977353071361124e-09 -8.953588263404259617e-01 4.623586534928729423e-10 -1.460079958398546090e-09 -2.487882803993785044e-05 inf 0.000000000000000000e+00 -9.000000000000000000e+01
2.132961352724453413e-09 4.418198458913276672e-01 1.589198935476459074e-01 1.065453630278432803e-03 -7.619138158738201216e-01 -2.263575315897320764e-02 1.741302622444656024e-07 6.832991876826974807e-03 inf 0.000000000000000000e+00 -9.000000000000000000e+01
4.968961802238239614e-10 2.645542327993881393e-02 2.460969607436168990e-03 2.260154487469377305e+00 -1.397830737023743886e-01 6.915324596895634779e-02 0.000000000000000000e+00 1.525526280244359676e-09 inf 0.000000000000000000e+00 -2.000000000000000000e+01
6.695532638888797468e-04 2.619938899708456866e-05 7.759911294492093381e-01 1.414464843552989182e+00 -2.354947367975930897e-04 0.000000000000000000e+00 3.045604029867039073e-05 9.623776651878431839e-10 inf 0.000000000000000000e+00 -9.000000000000000000e+01
1.007142719731482172e+00 -1.512170335350724968e-06 4.080081639738964362e-06 2.388842649280457753e+00 0.000000000000000000e+00 5.620096647029177343e-10 2.846482053502225917e-08 2.130814349183962175e+00 inf 0.000000000000000000e+00 -2.000000000000000000e+01
4.863416483701511472e-01 4.595563873148955209e-06 9.191127746297909995e-07 8.514697054798517351e-02 0.000000000000000000e+00 9.440763314715878540e-05 -1.374249795394555607e+00 0.000000000000000000e+00 inf 0.000000000000000000e+00 -8.000000000000000000e+01
2.981437334764571179e-01 7.478031347852120980e-02 6.591200799145505257e-10 2.338228886805525875e+00 -1.883116992958079428e-06 4.731198918118204588e-01 -1.118683362153314527e-08 -2.283978531063017160e-08 inf 0.000000000000000000e+00 -2.000000000000000000e+01
1.363952953219109247e-02 1.212037992715206514e+00 1.478470306434247509e-03 8.283179298771623326e-07 -4.402395042923961216e-07 1.079734329247938297e-07 1.350971938527613721e-07 3.638235239857183724e-08 inf 0.000000000000000000e+00 -9.000000000000000000e+01
1.283089513717322269e-04 9.615239526795119063e-03 1.120384431817866011e-01 2.071636203139559651e+00 -9.937738243842905161e-01 0.000000000000000000e+00 -5.143777597105631814e-10 -8.748337593527196961e-08 inf 0.000000000000000000e+00 -2.000000000000000000e+01
2.492367488482401215e-05 1.110594216777518461e-01 4.820657866711150485e-01 1.714873864858212027e+00 -1.614059553586322552e-03 -2.291509901429596152e-02 -6.622948590772046763e-03 1.237211073279843963e-08 inf 0.000000000000000000e+00 -9.000000000000000000e+01
1.250262610125701098e-13 1.010820114837866152e-14 1.578988260150173240e+00 0.000000000000000000e+00 -1.820479437614250619e-05 1.104085117433573338e-09 9.333324812292933081e-07 9.238090260063912262e-02 inf 0.000000000000000000e+00 -9.000000000000000000e+01
7.611927124888341154e-08 1.216256624290577903e+00 2.888182634814776283e-05 1.698483371812037346e-02 5.691954434905344464e-09 -1.351066318486847904e-02 8.462723093818718539e-03 -4.744042962406600476e-05 inf 0.000000000000000000e+00 -9.000000000000000000e+01
1.698536957725131028e-03 9.128333588755919645e-03 6.814988775167090361e-03 1.883354451481038527e+00 -9.357583975688145775e-03 4.037205509325240770e-10 2.774616069424264000e-08 -3.708020803907426943e-01 inf 0.000000000000000000e+00 -9.000000000000000000e+01
-1.271291028698116887e-01 6.705476250057049725e+00 1.395052779643878564e-06 5.071817227352067720e-02 -3.769161013169010310e+00 5.706061318519884651e+01 -2.209274825339678006e-04 -3.093045852677577614e-07 inf 0.000000000000000000e+00 -2.000000000000000000e+01
3.669704979612431472e-01 7.233915360221631063e-01 5.093882066156064647e-01 5.059119476473359435e-05 -4.332813887632747281e-03 6.877465108620234164e-10 1.824633600246184558e-10 5.116609470524192803e-07 inf 0.000000000000000000e+00 -9.000000000000000000e+01
8.401498645104914565e-07 6.836427881534526120e-14 5.541936130768348789e+01 7.347605479364774372e-02 2.522196710180795344e+04 5.432013321940870495e-05 1.767626793049567225e-11 4.976919497757135187e-12 inf 0.000000000000000000e+00 -2.000000000000000000e+01
6.600710346494805814e-01 3.156803619423314771e-07 7.004741759075403247e-08 4.688069354381193675e-10 -3.476635271521744674e-01 -1.046041436021926781e-07 0.000000000000000000e+00 1.506299667871574586e-05 inf 0.000000000000000000e+00 -9.000000000000000000e+01
7.253146013571323270e-01 7.457831877398758863e-08 1.304368829091541102e-02 1.466269409751615183e-01 -2.815237266723101262e-01 5.080647966477904740e-08 -1.380135879655336796e-09 -1.807778447081459470e-05 inf 0.000000000000000000e+00 -8.000000000000000000e+01
