3.125236131687136876e-01 4.403213732005297198e-01 2.660517004298715293e-01 1.963438313216082365e-01 -2.009910225954924523e-01 -1.911157411384884763e-01 -2.184179898725582547e-01 2.294550691480332916e-01 1.024298144321908239e+03 0.000000000000000000e+00 0.000000000000000000e+00
3.191124912823367077e-01 3.450988505072826729e-01 2.078908737995678879e-01 2.052922378770732914e-01 -5.041353689639521685e-01 -1.916493992839766319e-02 4.742510558552642114e-02 -1.964568757405916466e-01 2.745505893829120396e+03 1.000000000000000000e+00 0.000000000000000000e+00
3.270280671488873248e-01 2.289196470042211273e-01 3.016551998700943427e-02 3.653692888146189421e-01 -2.599309292338569666e-01 -3.473263609719217104e-01 -3.710077037654618271e-01 -1.358858003153135263e-01 7.142967291070752253e+03 1.000000000000000000e+00 0.000000000000000000e+00
4.213779478452079896e-01 2.991320377011036924e-01 6.089142872708225296e-02 2.722749816845959070e-01 -2.546789794668839479e-01 -2.639400332656797188e-01 -1.217828574541645059e-01 -1.870732867356747486e-01 9.274027591588726864e+03 1.000000000000000000e+00 0.000000000000000000e+00
1.675827182837301144e-01 2.362236102744830479e-01 2.677613174053695144e-01 2.257110412308542258e-01 -5.491271359260234686e-01 -2.238558819878609107e-01 -1.518138647182868950e-01 1.657275590407367993e-01 1.031237560659977680e+04 0.000000000000000000e+00 0.000000000000000000e+00
4.212595620711840905e-01 4.074760181179347129e-01 1.554956052225945351e-01 2.274284752286147293e-01 -3.721556867377331934e-01 5.459575612732370936e-02 -2.705020500825190410e-01 -1.361124965383375962e-01 1.510285939934855560e+04 1.000000000000000000e+00 0.000000000000000000e+00
2.295113056222965742e-01 1.942732061732166948e-01 2.411027857042307432e-01 1.441690335190562401e-03 -6.843609840373934272e-01 8.369048619156471691e-02 -4.441855167397174564e-01 -7.441730212601738170e-02 1.937401897350551371e+04 1.000000000000000000e+00 0.000000000000000000e+00
1.115029443045230106e-01 8.602277929743475104e-02 2.711350891779905348e-02 1.759655839805753796e-01 -7.108312699413341651e-01 -3.196998481231245748e-01 7.077823613080073961e-02 -2.909529952946147136e-01 3.830199479498932487e+04 0.000000000000000000e+00 0.000000000000000000e+00
2.186865144099433000e-01 4.067667897828290968e-01 2.364578790121057428e-01 3.050750923371218226e-01 -1.880802753728857968e-01 -3.889954251806666541e-01 1.629041755198223224e-02 -1.890675734063392566e-01 4.284904823147928983e+04 1.000000000000000000e+00 0.000000000000000000e+00
3.640516563923802962e-01 3.821787098227062973e-01 3.345951945681005513e-01 8.096750532212275697e-01 -6.616374502068986807e-01 5.015151449056857169e-01 -1.790046526244691572e-01 -1.914670018578182586e-01 6.152669423872436892e+04 1.000000000000000000e+00 0.000000000000000000e+00
2.668200839674566560e-01 2.714303661958360481e-01 2.570232342321504548e-01 8.621227767069442605e-01 -2.132255530625463691e-01 -4.587230817237483715e-01 1.017143516636200840e-01 -2.201409764051154294e-01 6.187957822902205226e+04 1.000000000000000000e+00 0.000000000000000000e+00
2.738364893505950692e-01 -3.296472749976851746e-02 4.540752871910560540e-01 5.223763053200728423e-01 -5.249059726581845053e-01 -3.642720966880895195e-01 6.671997604269695736e-02 -9.334472477632294041e-01 6.453185292697851401e+04 0.000000000000000000e+00 0.000000000000000000e+00
1.152987206799577224e-01 4.594675610617041661e-01 6.477456217975152697e-01 4.629222043779575579e-01 -3.782834431297489308e-01 1.792096220306458806e-02 -1.023438082440074198e-01 -1.094690100837800856e-01 1.054051698491786519e+05 0.000000000000000000e+00 0.000000000000000000e+00
1.165689808890474355e-01 9.025983616590911307e-01 -2.714534619204263255e-02 2.531069520802871620e-01 -2.381302093536429576e-01 -2.240271099527196483e-02 -7.638138790588547278e-02 -2.783178023368049203e-02 1.137184690276841138e+05 0.000000000000000000e+00 0.000000000000000000e+00
1.977757490257555928e-01 2.264851319488491443e-01 1.481039595238953233e-01 2.540552536448358045e-02 -5.067433938171433949e-01 -3.253730064617269546e-01 4.044377356229449105e-02 -2.916508741393630810e-01 inf 0.000000000000000000e+00 -9.000000000000000000e+01
2.090016676260823825e-01 5.081609173653767186e-01 2.290366858734628197e-01 1.203808624807092137e-02 -1.498072955315492560e-01 -1.368869854686078844e-02 -6.028719127166297653e-01 -1.129246483034170578e-01 inf 0.000000000000000000e+00 -9.000000000000000000e+01
4.153799614212134728e-01 5.661314356706877993e-01 -4.866886623701554421e-02 1.864058247239453250e-02 -1.258069857045972795e-01 -1.420751304077779720e-01 -2.407685416070741158e-01 -2.071477092205007142e-01 inf 0.000000000000000000e+00 -8.000000000000000000e+01
1.871934784875538271e-01 4.135897796950142591e-01 2.567784888153880063e-01 6.821291153263742135e-01 -2.842204647193226075e-01 -2.450176419994160304e-01 -8.428606884779911435e-02 -2.626589122233739526e-01 inf 0.000000000000000000e+00 -9.000000000000000000e+01
1.439377494549617664e-01 3.835119901585222757e-01 -1.323454474854346419e-01 2.458534042703877098e-01 -4.492017013191759722e-01 -3.912401914715403772e-01 8.525172073423070707e-02 -1.845108063483066885e-01 inf 0.000000000000000000e+00 -9.000000000000000000e+01
1.190194898621183828e-01 2.187147821082470744e-01 5.586449856258840496e-01 6.570227189436498305e-01 -1.624989344980952155e-01 -3.495923023256318762e-01 7.883394254704889637e-02 -6.271580499007566312e-01 inf 0.000000000000000000e+00 -8.000000000000000000e+01
2.249277786074124486e-01 2.952177094222288578e-01 2.654478563712477923e-01 1.653880725054503176e-02 -3.638537595119907264e-01 -3.158912184854101302e-01 -7.917953971198435359e-02 -1.910232237437951286e-01 inf 0.000000000000000000e+00 -9.000000000000000000e+01
1.395862558160219091e-01 1.699961186902266830e-01 4.147705887104650713e-01 1.675035069792262798e-01 -2.552434392064400481e-01 -5.882563637960922520e-01 1.800911961197782657e-02 1.640138505838257266e-01 inf 0.000000000000000000e+00 -9.000000000000000000e+01
1.688508730292448412e-01 3.385721113833826679e-01 1.884340928393376524e-01 3.176833435859503507e-01 -1.723323343288168941e-01 -4.404048543958654083e-01 -2.136746872612350912e-01 1.309899813963986970e-01 inf 0.000000000000000000e+00 -9.000000000000000000e+01
2.330197642735212793e-01 3.296110951316320037e-01 4.038281629096153458e-02 1.648055475658160018e-01 -1.241498744080236361e-01 -3.918224607690592443e-01 -4.016453079749687793e-01 -2.925025612426402910e-01 inf 0.000000000000000000e+00 -9.000000000000000000e+01
3.683202516642726243e-01 1.384662600241626518e-01 2.651628879462714639e-01 2.928561399511039887e-01 -1.890064449329819929e-01 -4.444766946775620675e-01 -2.187766908381769682e-01 1.048881919683032071e-01 inf 0.000000000000000000e+00 -9.000000000000000000e+01
7.125437703795074462e-01 1.914591294371529584e-01 4.268354303173642339e-02 8.364000628762223444e-02 -9.548283903631210601e-02 -2.136644408409464901e-01 -7.747186423101293240e-02 8.660071447479469886e-02 inf 0.000000000000000000e+00 -8.000000000000000000e+01
4.225285543740259775e-01 2.106790575826168466e-01 1.463049010990394860e-01 4.225285543740259775e-01 -3.780518644399180062e-01 -1.556684147693780107e-01 -1.989746654946936977e-01 4.084832838685182321e-01 inf 0.000000000000000000e+00 -9.000000000000000000e+01
1.613207780990732199e-01 3.071299429193894426e-01 3.265194595178357306e-01 5.797465462935444402e-02 -9.733537332420043320e-02 -3.311729435014628131e-01 -3.459089761162820187e-01 -3.327241048293385628e-01 inf 0.000000000000000000e+00 -9.000000000000000000e+01
4.088633962589565685e-01 2.464918082709499081e-01 4.333169486667889370e-01 -3.716939965990514322e-02 -1.936721350700320587e-01 -3.071366182423740931e-01 -3.337909903669113165e-02 -2.293743215854672779e-01 inf 0.000000000000000000e+00 -9.000000000000000000e+01
2.339301517393671259e-01 3.887719018723494457e-01 -2.906260540957514293e-02 2.906260540957514293e-01 -5.183625358297992980e-01 -9.195217777127873138e-02 -1.453130270478757147e-01 -2.467939279042610512e-01 inf 0.000000000000000000e+00 -9.000000000000000000e+01
1.236430954588056824e-01 9.538871622310203524e-02 1.859476240298444868e-02 1.951242600209277256e-01 -7.959524270160616144e-01 -6.761731782903435128e-02 -2.859246582484881172e-01 -1.708544727287207576e-02 inf 0.000000000000000000e+00 -9.000000000000000000e+01
3.362058371072792150e-06 2.256968271732111009e-01 6.411719840835164996e-01 1.978197843869712313e-01 -2.176553725233342229e-01 -2.937811432088353603e-01 -1.581486081142453037e-01 -3.345245134348782123e-01 inf 0.000000000000000000e+00 -9.000000000000000000e+01
2.106135355445871438e-01 1.682868443818734960e-01 1.346294755054988079e-01 1.983744923168145324e-01 -1.081115485119914649e-01 -3.681912171021595737e-01 -6.099123208506688210e-01 -2.937370374665428385e-01 inf 0.000000000000000000e+00 -8.000000000000000000e+01
3.148563608338934561e-01 1.135114776481948168e-01 7.235784868005118609e-06 6.450715685377329534e-01 -2.630202526478256364e-01 -4.146888654885426129e-01 -4.300477123584885986e-01 -4.751643250389550599e-01 inf 0.000000000000000000e+00 -9.000000000000000000e+01
2.254007819924297717e-01 1.429903265908392396e-01 3.503808766080869774e-01 3.820352237159826969e-01 -5.272086087280560829e-01 -2.057532562013220934e-01 -2.095736084384819398e-01 -5.566798974147175727e-01 inf 0.000000000000000000e+00 -9.000000000000000000e+01
2.161778519167371349e-01 1.397513386128401702e-01 7.267069607867688852e-01 -7.042157297287649637e-03 -1.825501860630224793e-01 -3.057060532155878585e-01 -1.969620428574716253e-01 -8.734458663302510639e-02 inf 0.000000000000000000e+00 -9.000000000000000000e+01
3.021379634911420808e-01 4.089281057595630098e-01 2.205259848469830197e-01 2.222624099245183171e-01 -4.757804712446720430e-01 1.263249243906930386e-01 -5.330824988033369127e-01 -1.017979201705069281e-01 inf 0.000000000000000000e+00 -9.000000000000000000e+01
5.396729049316870835e-02 -5.532231337135217197e-01 9.569265015585239897e-01 -6.120965415242511642e-02 -5.962100664007210504e-01 -1.663407395287277990e-01 -1.270918009882414657e-01 -1.207372109388293868e+00 inf 0.000000000000000000e+00 -9.000000000000000000e+01
2.221095310700880177e-01 2.839544004997831550e-01 2.181195394939786369e-01 2.759744173475644491e-01 -2.513694692948900133e-01 -4.641690200207228556e-01 -3.765554549953213648e-02 1.506221819981285459e-01 inf 0.000000000000000000e+00 -9.000000000000000000e+01
1.643022589295979607e-01 3.663659172219885796e-01 2.948602886413811963e-01 6.009686536887005603e-01 -3.253907817432135641e-01 -2.056791114228707917e-01 -1.663108440020869272e-01 -4.193925631356974493e-01 inf 0.000000000000000000e+00 -9.000000000000000000e+01
4.495781623742715616e-01 2.157129733737171359e-02 4.595245818958262340e-01 2.874515241729302950e-01 -4.704656433695363904e-01 -1.089132937610237523e-01 -2.331192075364378266e-02 -1.432284411103874056e-01 inf 0.000000000000000000e+00 -9.000000000000000000e+01
3.358196308513755612e-01 3.279871030181072955e-01 1.674202824361085140e-01 3.549114174449669035e-02 -1.576296226445232096e-01 -2.623896824144858475e-01 -4.239355689756432177e-01 -5.384862885371911184e-02 inf 0.000000000000000000e+00 -9.000000000000000000e+01
1.149852018369404312e-09 5.377139697552715859e-10 1.215205662617341739e-11 6.791197195871077531e-10 -6.493500880435632968e-10 -1.860601971471528112e-12 8.261072753333584541e-10 -2.277499016227851225e+00 inf 0.000000000000000000e+00 -3.000000000000000000e+01
2.173391945899284527e-01 2.148236946525450275e-01 6.661043834191325841e-01 2.042585949155346359e-01 -4.125419897308827410e-01 5.043577374453779572e-02 -3.360707916344264357e-01 -3.873869903570484330e-01 inf 0.000000000000000000e+00 -9.000000000000000000e+01
4.171719227023967802e-01 2.375046163492208762e-02 1.677049711531906906e-01 2.452859411880461971e-01 -3.837238398131177508e-01 -2.815213643180984882e-01 -3.595668910597495382e-01 -6.894021528845843960e-01 inf 0.000000000000000000e+00 -9.000000000000000000e+01
3.827603172709815738e+01 -4.151880696183089447e+10 1.604618916984687615e+01 1.894233062977045989e+01 -1.952938633110631983e+01 -2.254293893129707627e+01 4.128958432728891736e+00 -3.459714933206009135e+01 inf 0.000000000000000000e+00 -2.000000000000000000e+01
2.887116192346060317e-01 4.198517561404658260e-01 1.982350906716485173e-01 3.507236219575319836e-01 -3.476738513318143320e-01 5.869716414243398997e-05 -5.011789728262703303e-01 1.216731405885278575e-02 inf 0.000000000000000000e+00 -9.000000000000000000e+01
2.829622221329519682e-01 4.217569829893049738e-01 4.533215979582497918e-02 7.378508577137734559e-01 -4.369796341800017414e-01 -1.625241877124391776e-01 1.956558403039557192e-01 -8.797796938152699364e-02 inf 0.000000000000000000e+00 -9.000000000000000000e+01
3.864921910065470256e-01 4.334645894870868821e-01 5.418307368588586026e-02 2.422786868996265053e-01 -2.365101467353496745e-01 -8.446790954833917342e-02 -4.334645894870868821e-01 -1.664635875977025503e-01 inf 0.000000000000000000e+00 -9.000000000000000000e+01
1.498471103730786846e-01 1.355450000554746237e-01 4.030594725870229045e-01 3.973711332561576798e-02 -3.913577459635286804e-01 -4.316636932222309708e-01 -8.776294967620659748e-02 -5.252775062101846526e-01 inf 0.000000000000000000e+00 -9.000000000000000000e+01
3.305129326971071313e-01 3.688174116520698820e-01 2.243548053076389603e-01 2.446014584695478389e-01 -2.424126311006928325e-01 -2.079386000412263569e-01 -2.763394553179455704e-01 2.763394553179455704e-01 inf 0.000000000000000000e+00 -9.000000000000000000e+01
2.956020275500051420e-01 2.025586182759824549e-01 3.525855509331387028e-01 3.142997461600958720e-01 -2.225918882153653244e-01 -2.680006334112998712e-01 -3.775158424132595836e-01 -7.345532311107055845e-02 inf 0.000000000000000000e+00 -9.000000000000000000e+01
3.013064329922878759e-01 2.961114944924208014e-01 1.272759932467422694e-01 2.774097158928995333e-01 -2.509155295435776534e-01 -3.698796211905326925e-01 -1.776668966954524920e-01 2.477985664436574142e-01 inf 0.000000000000000000e+00 -9.000000000000000000e+01
2.151264665162914702e-01 4.719672063182904775e-01 -1.483836292591594885e-01 4.934202611509400094e-01 -3.968815144040169773e-01 -2.759101218754652640e-01 9.683670584182095531e-02 -3.575509138774927709e-01 inf 0.000000000000000000e+00 -9.000000000000000000e+01
7.609988327317138146e-02 2.869815761582267255e-01 5.619364677664698965e-02 1.443202145998018771e-01 -1.194374189791463647e-01 -7.265776321231404156e-01 -3.431752229348736943e-02 -2.645870600996367283e-01 inf 0.000000000000000000e+00 -9.000000000000000000e+01
2.611206519892753652e-01 1.982057122889608336e-01 3.415382440874217829e-01 4.352010866487922569e-01 -5.657614126434299395e-01 -4.825055525888783531e-02 -3.226164577113873055e-01 -4.210097468667664544e-02 inf 0.000000000000000000e+00 -9.000000000000000000e+01
3.216477684061868070e-01 1.693783461287898806e-01 4.653627287578873117e-01 3.478814516449892924e-01 -2.475090983834841996e-01 -1.368713908111433286e-01 -4.881746272264111952e-01 5.774261799845109566e-02 inf 0.000000000000000000e+00 -9.000000000000000000e+01
3.676482614729734629e-10 3.961280563758094736e-10 9.450113763213755861e-10 2.945069700179628942e-10 -1.009138248561860962e+00 -2.789725364345978350e-10 -8.434711984717757057e-12 4.271969235425396436e-11 inf 0.000000000000000000e+00 -9.000000000000000000e+01
2.219352505854709778e-01 4.930755451806537182e-01 3.680127249893028751e-01 4.233683995002286982e-01 -4.428453960874062512e-01 -1.966920379034052882e-02 1.033113717000784916e-03 -2.045084641653646951e-01 inf 0.000000000000000000e+00 -9.000000000000000000e+01
4.207503324795571764e-01 7.818197667350637037e-01 2.058990988729747784e-01 3.411758015141562739e-01 -7.838091300091987179e-01 1.507937361794346787e+00 -6.246600680783969128e-01 -3.143193973133334707e-01 inf 0.000000000000000000e+00 -9.000000000000000000e+01
3.278533497579406153e-01 7.497685753300096234e-01 2.106168088881572587e-01 1.997110841560844063e-01 7.497685753300096234e-01 -3.598889161584046259e-01 -3.489831914263317736e-01 2.780959806678581225e-01 inf 0.000000000000000000e+00 -1.000000000000000000e+01
4.347534299771781408e-01 -7.779972094196463406e-02 5.840760366258745950e-01 4.506106979398715739e-01 -5.206469647751008623e-01 -9.250072978237833254e-02 -1.463493689056914182e-01 -2.398411779357380869e-01 inf 0.000000000000000000e+00 -9.000000000000000000e+01
3.021663170775350515e-01 1.077849362746085421e-01 3.193627741469882708e-01 -1.842477543155701756e-03 -2.825132232838742374e-01 -5.134370753593888725e-01 3.047764935970056349e-02 -4.864140713931052185e-01 inf 0.000000000000000000e+00 -8.000000000000000000e+01
2.071914004326515235e-01 3.091556722991138928e-01 1.280671254642767320e-01 1.268435542018791773e-01 -1.941399736337443560e-01 -3.572828086200841580e-01 -3.621770936696743215e-01 -3.621770936696743215e-01 inf 0.000000000000000000e+00 -9.000000000000000000e+01
8.013449797143019637e-01 -7.776492948302768937e-01 1.750249451660941813e-01 2.541900742104506450e-01 -3.166605161774257993e-01 -3.285083586194382788e-01 -9.607523143886523842e-01 1.190169627129440411e-01 inf 0.000000000000000000e+00 -9.000000000000000000e+01
4.069447194369112397e-01 2.990018230345475314e-01 5.720973509325277817e-01 -3.737522787931844143e-02 -1.942972135242547194e-01 -5.005851820659618090e-02 -1.335793342979251230e-01 -9.865980731176045015e-01 inf 0.000000000000000000e+00 -9.000000000000000000e+01
3.445178897451352529e-01 3.299461361003259152e-01 1.779835623758855845e-01 2.779341439210767086e-06 -2.326276385439206562e-01 -3.653346806662914892e-01 1.353904565770511345e-03 2.461585526426721959e-01 inf 0.000000000000000000e+00 -1.000000000000000000e+01
2.394993335550467395e-01 3.375968465609883729e-01 3.004788686668483089e-01 2.050326397962023706e-01 -1.917762191197237565e-01 -2.156377763373852341e-01 -3.393643693178521881e-01 -3.331780396688288626e-01 inf 0.000000000000000000e+00 -9.000000000000000000e+01
1.240112709242112282e-01 3.285493411498583427e-01 4.080024497939417349e-01 3.637127101781519739e-02 -3.618337515277851302e-01 -1.068322204065715875e-01 -4.434342414865735105e-01 -1.540746093300806308e-01 inf 0.000000000000000000e+00 -9.000000000000000000e+01
3.791240541072450898e-01 2.673310637935702450e-01 4.432835094177019486e-01 3.907894096182372712e-01 -2.192114723107276286e-01 -7.825509321957238584e-02 -3.392674227780219098e-01 -3.091319210412921681e-01 inf 0.000000000000000000e+00 -9.000000000000000000e+01
2.635324960044639897e-01 7.295945954197660677e-02 1.727601918251486235e-01 2.226605579667346232e-03 -1.688560066991565689e-01 -1.937451868773559516e-01 -9.155314120451378823e-01 -2.118020430850692248e-01 inf 0.000000000000000000e+00 -9.000000000000000000e+01
2.726284529663665079e-01 5.184723561676163328e-01 2.448873121382099116e-01 1.333248794111836256e-02 -2.181027623730932008e-01 -1.659685494374196213e-01 -1.822305975090976193e-01 2.190593534361330863e-01 inf 0.000000000000000000e+00 -1.000000000000000000e+01
6.452932701865450316e-01 2.176965214476913046e-01 5.085582649797306676e-01 -3.193482029501257258e-02 -2.081010824858096075e-01 -1.979059285888102801e-02 -5.652313263483445260e-02 -3.073539042477735697e-02 inf 0.000000000000000000e+00 -9.000000000000000000e+01
4.549281388328971221e-02 1.705980520623364138e-01 2.209026058755894639e-01 1.069518557160032135e-01 -1.185437746381876184e-01 -7.453822582415929876e-01 -1.767220847004715711e-01 1.386655961634888357e-01 inf 0.000000000000000000e+00 -9.000000000000000000e+01
3.314413589176483654e-01 3.460503444346797464e-01 7.290226171096690980e-03 1.543074095236434684e-01 -1.524812863340145597e-01 -4.364434423213111036e-01 -1.116217799660675358e-01 -1.976778352773302383e-01 inf 0.000000000000000000e+00 -9.000000000000000000e+01
2.435440538172389258e-01 5.124070439224086559e-01 -2.760969719017213886e-01 2.899621036784453820e-01 -3.713443988896514281e-01 -1.983316675887911162e-01 -2.266647629586184265e-01 2.381185674698251820e-01 inf 0.000000000000000000e+00 -9.000000000000000000e+01
2.622363131085478360e-01 1.609622145759556644e-01 1.007848516797777150e-01 1.024972156646283133e-01 -4.050963941303686866e-01 -3.913974822515639551e-01 -2.103761467102156224e-01 2.372847236150106565e-01 inf 0.000000000000000000e+00 -1.000000000000000000e+01
2.907942131924935447e-01 3.142138813690702470e-01 1.678409552654660797e-01 2.029704575303310776e-01 -2.219989379237995997e-01 -3.298269934867880115e-01 -2.722536425527036785e-01 1.080720104398277259e-01 inf 0.000000000000000000e+00 -9.000000000000000000e+01
3.513607856895226145e-01 3.908755245056695360e-01 1.014567618252420894e-01 3.801958653661703935e-01 -3.364092628942237928e-01 -1.746124269308113874e-01 8.209987963489985899e-03 -3.887395926777696964e-01 inf 0.000000000000000000e+00 -9.000000000000000000e+01
4.134594518425011578e-01 4.315144497395536072e-01 2.636029692969658056e-01 2.581864699278501041e-01 -2.753387179300499366e-01 2.476920024001883283e-02 -4.143622017373538302e-01 2.500617208741764963e-01 inf 0.000000000000000000e+00 -9.000000000000000000e+01
5.326229523157162138e-01 -1.414455894768390232e-01 3.471375272874804296e-01 4.673403725571751433e-01 -5.025722409982925631e-01 -2.739536829153063624e-02 4.727805875370535288e-02 -1.352282009284065389e-01 inf 0.000000000000000000e+00 -9.000000000000000000e+01
2.863788898239942871e-01 -7.133247072539050659e-02 3.629563951615458195e-01 9.021459532917035506e-01 -3.199471113418250745e-01 -3.776424920755968029e-01 -3.314861874885794424e-01 -1.982623083396883312e-01 inf 0.000000000000000000e+00 -9.000000000000000000e+01
2.303158748982714887e-01 4.458362974476176022e-01 -3.026902959717647085e-02 1.156511191940999134e-01 -2.026976971802774696e-01 -3.767908531526325544e-01 -1.494340687241461629e-01 -2.978817739583639601e-01 inf 0.000000000000000000e+00 -9.000000000000000000e+01
1.817243593646315769e-01 4.198971573329907114e-01 1.341888321193873412e-01 5.020940065278921560e-01 -4.723843019996145087e-01 -4.444076635688197496e-02 -3.872164823518852717e-01 -1.569662722577335467e-01 inf 0.000000000000000000e+00 -9.000000000000000000e+01
1.493479010637030202e-01 2.279818338207284800e-01 2.234561398491011208e-01 3.247185424642634044e-01 -1.629249829785851256e-01 -3.394270478720523565e-01 -5.702374404250478701e-01 1.883820115689890384e-01 inf 0.000000000000000000e+00 -9.000000000000000000e+01
5.362458581199471830e-01 4.878347737063409156e-02 -4.530780977170850189e-03 1.842103827430559559e-01 -2.015887207376838575e-01 -3.733860049131484393e-01 -3.505459035487803465e-01 -1.064547333156635966e+00 inf 0.000000000000000000e+00 -9.000000000000000000e+01
4.855553991743250530e-01 9.503302436867010206e-02 5.511915413382865309e-02 7.014704305399435125e-01 -3.162699050989341010e-01 -3.030919923864784926e-01 -6.158139979089822386e-02 -3.679678703554906116e-01 inf 0.000000000000000000e+00 -9.000000000000000000e+01
3.888102151631444570e-01 3.860197112265668640e-01 2.595168661017160372e-01 8.036651337343464485e-01 -2.846314015309143741e-01 -9.766763778021571307e-02 -1.423157007654571871e-01 -5.185686482140024894e-02 inf 0.000000000000000000e+00 -9.000000000000000000e+01
1.805313770174030163e-01 2.987794289638019962e-01 1.421684594012048719e-01 2.256642212717537566e-01 -3.966753889542546339e-04 -4.098062258295048221e-01 -4.874347179469881164e-01 -1.399118171884873307e-01 inf 0.000000000000000000e+00 -9.000000000000000000e+01
1.803694599915035834e-01 3.246650279847064224e-01 2.434987709885298376e-02 1.855228731341179715e-01 -3.978434946098307612e-01 -3.092047885568632859e-01 -2.602473637020266128e-01 -2.009831125619611358e-01 inf 0.000000000000000000e+00 -9.000000000000000000e+01
7.007989117134132625e-06 3.639128659358635831e-01 2.236091103943257941e-01 5.502537912644683837e-01 -2.817036341732437887e-01 -2.926648650749264502e-01 -2.806075110830755226e-01 -3.496632657636761232e-01 inf 0.000000000000000000e+00 -9.000000000000000000e+01
2.507909063257930393e-01 3.200569661681549327e-01 2.054096947049352528e-01 1.588342406730022527e-01 -4.713276715710142395e-01 -1.472898973659419464e-01 -1.882922201461906531e-01 3.869345411883663988e-01 inf 0.000000000000000000e+00 -1.000000000000000000e+01
3.396060278624339901e-01 5.497817863647095349e-01 -1.057558106870560427e-02 1.080564634107744476e-01 -2.968584159636660780e-01 2.671725743672994507e-02 -4.809106338611390252e-01 -3.183806511210318657e-02 inf 0.000000000000000000e+00 -9.000000000000000000e+01
1.294931653795354243e-01 2.727683084491322463e-01 2.831047917166782946e-01 2.038584199988251466e-01 -2.687485649561976442e-01 -4.329837990960962446e-01 -2.159176504776288974e-01 1.579184943652870987e-01 inf 0.000000000000000000e+00 -9.000000000000000000e+01
3.232890356702476931e-01 4.479862351430574652e-01 4.756967239147930071e-02 1.297774557476280011e-01 -3.833284280090079599e-01 -1.893550066068593607e-01 2.983495957756857053e-01 -7.135450858721895107e-02 inf 0.000000000000000000e+00 -9.000000000000000000e+01
1.909516614984351213e-01 5.205091622312555399e-01 2.455092790694165805e-01 5.750667798022369714e-01 -4.571043634325473448e-01 -2.133460889811183633e-02 -5.529488267329202289e-02 -2.558309905017643882e-01 inf 0.000000000000000000e+00 -9.000000000000000000e+01
3.275399787797341755e-01 -1.081454886204224336e-01 -3.342244681425859260e-02 2.315698100702202333e-01 -4.984719210583709592e-01 -4.364016626890335759e-01 -3.304047599352420428e-01 -4.344918085853616829e-01 inf 0.000000000000000000e+00 -9.000000000000000000e+01
3.081295593197990734e-01 2.407556648507910291e-01 2.845722535614046422e-01 4.739729918588958535e-01 -1.545359257750674176e-01 -3.533595863759163569e-01 -1.418149806655344403e-01 -6.407587166283283953e-01 inf 0.000000000000000000e+00 -9.000000000000000000e+01
1.414516439314523477e-01 6.055123003381469582e-01 6.501812405270265827e-02 -3.834084032878840032e-02 -1.920764428121826684e-01 -2.829032878629046954e-01 -1.409553223737981253e-01 -5.732513990906226709e-02 inf 0.000000000000000000e+00 -9.000000000000000000e+01
4.725582353673378200e-01 3.354644176343958839e-01 1.511147763647201214e-01 -5.893995572988224713e-02 -1.545142807118021755e-06 -4.590565714996995839e-01 7.984156998651448928e-03 -1.656550297606382005e-01 inf 0.000000000000000000e+00 -9.000000000000000000e+01
2.219018098518166782e-01 2.061640928410495566e-01 1.083279520907804855e-01 4.826233216635256729e-01 -6.274103181625834136e-01 -5.403282840363385353e-02 -3.451805931028259500e-01 -4.668856046527584958e-02 inf 0.000000000000000000e+00 -9.000000000000000000e+01
2.662128409005763419e-01 3.726979772608068342e-01 2.444109272061325763e-02 6.297310650268804766e-01 -3.616822734994036836e-01 -2.818184212292307866e-01 9.251469955865933726e-04 -1.831360750333274889e-01 inf 0.000000000000000000e+00 -9.000000000000000000e+01
1.268432028476979001e-01 3.457579197315626129e-01 2.017737435260676948e-01 1.376175289583131678e-01 -4.290140760408623910e-01 -2.267505904188576171e-01 -3.251887517022061802e-01 2.920087247024705235e-02 inf 0.000000000000000000e+00 -9.000000000000000000e+01
3.222184591877233495e-01 2.782795783893974306e-01 1.196113977287760893e-01 2.607040260700670409e-01 -2.343406975910715118e-01 -4.091198012110790483e-01 -7.884588054366260812e-02 -7.542841203712614961e-02 inf 0.000000000000000000e+00 -9.000000000000000000e+01
3.661213072112545763e-01 4.458834491394207955e-01 1.066982095301370448e+00 7.976214192816618587e-01 -5.674880261774446488e-01 3.138182633239325336e-01 8.656153763351804864e-01 -8.342335500027873163e-01 inf 0.000000000000000000e+00 -9.000000000000000000e+01
2.232278137553586339e-01 2.691178521231849530e-01 2.986741480211070332e-01 2.168109863564676720e-02 -4.324552768222278964e-01 -2.776736219883729206e-01 -3.451475343342870483e-02 -2.488951233509225092e-01 inf 0.000000000000000000e+00 -9.000000000000000000e+01
5.118169663465814700e-01 9.332001078123758342e-02 8.321836012966032925e-02 1.630695033754615553e-01 -1.423851710888985878e-01 -4.791068594748074116e-01 -2.275276551521926705e-01 4.675621158730048355e-01 inf 0.000000000000000000e+00 -1.000000000000000000e+01
5.817970449354317996e-06 3.589629451294885087e-01 2.303792035905672664e-01 4.482572100870727549e-01 -6.911376107717017714e-01 -1.361737540603159269e-01 -1.401919959834072027e-01 1.352808114107400816e-01 inf 0.000000000000000000e+00 -9.000000000000000000e+01
2.363508941801831797e-01 2.546597662645635474e-01 5.459372766978879410e-01 3.345530262691325252e-01 -1.876659388648989624e-01 -8.967186214054485849e-02 -3.437074623113227090e-01 -2.646464237651346973e-01 inf 0.000000000000000000e+00 -9.000000000000000000e+01
1.459894402557458393e-01 3.867772183398980324e-01 6.231410739920579811e-01 2.875549580794993787e-01 -2.294119775447434617e-01 -2.035004318716457095e-01 -1.303477145140587851e-03 -2.420517559218643144e-01 inf 0.000000000000000000e+00 -9.000000000000000000e+01
2.814891201501719675e-01 3.900634950652382971e-01 6.691398513284088079e-01 -6.484302946316461772e-03 -2.308210785231410156e-01 -1.640679443161002227e-01 2.603774361389090894e-02 -8.042546290004913556e-02 inf 0.000000000000000000e+00 -9.000000000000000000e+01
2.982468908868780577e-01 2.299735062260264695e-01 5.982904497911469693e-02 5.605604214259395368e-01 -3.471162609599087179e-01 -2.745308730573191025e-01 -3.535842658225156754e-01 -2.493775208138474531e-01 inf 0.000000000000000000e+00 -9.000000000000000000e+01
1.764533773288008700e-01 3.915226913374609263e-01 1.236246306209379947e-01 1.630450659816275460e-01 -3.518340897498278830e-01 -2.316956200791549514e-01 -2.418859367030066765e-01 -6.178549868777465370e-01 inf 0.000000000000000000e+00 -9.000000000000000000e+01
5.865466983887284158e-01 4.686692747415990290e-01 3.749354197932792121e-01 5.524616602257030884e-01 -7.782750380557462710e-01 1.931485495904771810e+00 -5.041745228280838376e-01 -4.459459159662487737e-01 inf 0.000000000000000000e+00 -1.000000000000000000e+01
3.032968660057598353e-01 3.360630094246646604e-01 1.608901657620581960e-01 2.066787507961687642e-01 -2.087791446050729083e-01 -2.545677296391834488e-01 -3.251409616183630336e-01 -3.713496254142544251e-01 inf 0.000000000000000000e+00 -9.000000000000000000e+01
5.137092248925740900e-01 1.412986398089819406e-01 2.345443008975003907e-01 2.419810714137625995e-01 -1.561721808415063584e-01 -3.672620516492567377e-01 -1.807707294722198099e-01 1.003964019695398058e-01 inf 0.000000000000000000e+00 -9.000000000000000000e+01
1.381972748718657551e-01 5.915813169953552109e-01 6.352225616917338280e-02 -3.176112808458669140e-02 -9.455603017548709632e-02 -4.286540034622081663e-01 7.743290291614407864e-03 -2.075383636672229470e-01 inf 0.000000000000000000e+00 -9.000000000000000000e+01
5.248708285908065719e-10 3.626380270263754610e-10 1.540440413004989573e+00 -1.883769356400716742e-11 -5.598622171635269893e-10 -6.664269005440847559e-10 -1.320129659788998225e-10 4.105523716060664965e-11 inf 0.000000000000000000e+00 -9.000000000000000000e+01
1.496146108682126497e-01 3.857831288502673317e-01 1.314795065205505153e-01 2.538914608672699358e-01 -1.475538035559783023e-01 -3.181886490089811947e-01 -4.055668790477169328e-01 -1.772294288521527317e-01 inf 0.000000000000000000e+00 -9.000000000000000000e+01
2.589231213767553830e-01 3.708898765667036357e-01 1.954419699967400448e-01 1.934425636540623994e-01 -3.848857209654471534e-01 -2.479263864920283056e-01 1.240256746942228205e-02 4.148768161056118897e-01 inf 0.000000000000000000e+00 -1.000000000000000000e+01
4.125509660562681202e-01 1.646945391622292891e-03 3.188580726661999210e-01 3.725048100105131654e-01 -5.787802930386471978e-01 2.748450804083654372e-02 -1.567844788583802884e-01 -1.688738844570987774e-01 inf 0.000000000000000000e+00 -9.000000000000000000e+01
3.978354363433248553e-01 3.882490402868591928e-01 8.228323281799690414e-02 2.260791736649817862e-01 -5.329936349102651696e-03 -4.761243374711277565e-01 -2.885904646165182719e-02 5.192631197252232239e-02 inf 0.000000000000000000e+00 -9.000000000000000000e+01
3.933487457311818369e-01 2.472252156904817810e-01 1.172937524921295327e-01 1.362503185514636062e-01 -2.677614955880937009e-01 -2.661817817498158267e-01 -3.127833399790120872e-01 -3.159427676555677522e-02 inf 0.000000000000000000e+00 -9.000000000000000000e+01
1.770992078141462034e-01 4.557276031699527552e-01 4.672650108451414375e-01 4.015017870965659763e-01 -9.547204851218631105e-02 -2.169032642935471433e-01 -2.567073207729480763e-02 -4.788024185203301197e-01 inf 0.000000000000000000e+00 -9.000000000000000000e+01
2.222412041822391937e-01 4.931187813162146161e-01 1.557039439635444777e-01 2.053535746851085642e-01 -4.985228227552964131e-01 6.096434248464160238e-02 -3.235669811650230265e-01 -5.454704327573196149e-02 inf 0.000000000000000000e+00 -9.000000000000000000e+01
2.426965658801689962e-01 3.035518241904203163e-01 5.679824108956790241e-01 5.303101081321901500e-01 -9.505011774172588135e-01 9.852756107374024408e-01 -2.571859130968954799e-01 -9.041352663237340881e-01 inf 0.000000000000000000e+00 -9.000000000000000000e+01
6.294694080758169719e-01 8.847092247389123920e-03 2.869639948580929856e-01 1.963234857295286795e-01 -2.229370820268518349e-01 -2.730786402681852909e-01 -3.722046438683598857e-02 -3.610192193376008940e-01 inf 0.000000000000000000e+00 -9.000000000000000000e+01
3.046893106047307009e-01 6.959908110260345504e-01 2.561632846137488345e-02 1.395848237668880498e-01 -5.277930316947428840e-02 -1.863708727303048096e-01 -9.666539042028257644e-02 -2.791696475337760996e-01 inf 0.000000000000000000e+00 -9.000000000000000000e+01
3.173638541359470322e-01 1.212089355446328287e-01 2.970081550368483536e-01 3.238406674856602052e-01 -3.867582828828742270e-01 -3.192143722358650737e-01 -1.776497375921335942e-01 -2.359410577395524566e-01 inf 0.000000000000000000e+00 -9.000000000000000000e+01
2.553582609623635813e-01 3.470386102328267830e-01 1.771450816412339646e-01 3.755268543564170558e-02 -1.667857201417466129e-01 -4.537400336775466725e-01 -2.427975351442351534e-02 -3.149245895844159371e-01 inf 0.000000000000000000e+00 -9.000000000000000000e+01
2.067132565110942066e-01 4.727330190482403882e-01 1.199022839222355086e-01 7.426205971957812180e-01 -2.681685489873654737e-01 -2.569948594462252434e-01 -5.221551074032836776e-02 -3.120037925718386340e-01 inf 0.000000000000000000e+00 -9.000000000000000000e+01
4.963196286106170141e-01 9.713980205061659157e-02 3.201727875588322725e-01 1.517971306710968471e-01 -4.082462080847246710e-01 -7.253105219779372448e-02 -1.147544861557950602e-01 -1.466163412283973122e-01 inf 0.000000000000000000e+00 -9.000000000000000000e+01
3.385378505908089725e-02 3.470379351510976540e-01 5.935403873994702512e-02 2.415196440578585291e-01 -5.510399645980267325e-01 6.798121238781549018e-05 -6.377994483858011598e-01 -7.573868449581387940e-01 inf 0.000000000000000000e+00 -9.000000000000000000e+01
2.631467759546795571e-01 3.826747129200093744e-01 4.744054552422392046e-01 -3.034527081871744858e-02 -5.077620888139591226e-01 1.338898208642647636e-01 -4.568005653016092293e-01 1.774387591384546936e-01 inf 0.000000000000000000e+00 -1.000000000000000000e+01
1.802847388186220035e-01 4.648664339785956168e-01 1.584320432042435889e-01 1.744490757852368637e-02 -3.824221732516224215e-01 -2.463394778348113323e-01 3.054410864282439131e-02 -1.648885214539463073e-01 inf 0.000000000000000000e+00 -9.000000000000000000e+01
3.665672688237650578e-01 4.996034316605884040e-01 -4.294962451296725076e-02 2.976564506636839025e-01 -1.110229848134640929e-01 -2.507588105269620282e-01 -2.124750226602502567e-01 -3.971942991171344417e-01 inf 0.000000000000000000e+00 -9.000000000000000000e+01
9.040007800442270702e-02 1.901981839201963009e-01 -3.573208528794864260e-03 7.518422329080699795e-02 -1.145664354907535293e-01 -8.556680650715654535e-01 -5.470994819822116995e-02 -9.509909196009815047e-02 inf 0.000000000000000000e+00 -9.000000000000000000e+01
3.489168367222122979e-01 3.995660549560818287e-01 2.098324755403166153e-01 3.867027614363689469e-01 -2.685212522240066901e-01 -2.371669742697065097e-01 2.904290489997677152e-02 2.709331197589528450e-01 inf 0.000000000000000000e+00 -9.000000000000000000e+01
2.676988393363954888e-01 3.513547266290190652e-01 3.159239978933196524e-01 1.968373818649966564e-02 -3.277342408052194567e-01 -2.352206713286710271e-01 -9.349775638587341786e-02 -5.683679401351778709e-02 inf 0.000000000000000000e+00 -9.000000000000000000e+01
1.724181079851498100e-01 3.631867019642845418e-01 -6.809750661830335158e-03 6.938777516475541640e-02 -3.264857299763147536e-01 -4.557037355172917636e-01 -2.762130443886269202e-02 8.200373428562003630e-02 inf 0.000000000000000000e+00 -9.000000000000000000e+01
6.978956119155639293e-01 -6.847631676053248517e-01 4.990328837890860014e-01 4.718299634321621583e-01 -4.896525664246295095e-01 -4.350122177766704151e-02 -1.411737763350703889e-01 -6.378615807830423368e-01 inf 0.000000000000000000e+00 -9.000000000000000000e+01
3.174021054799500696e-01 3.039772430125201597e-01 1.639751058521796423e-01 1.124332231647255237e-01 -2.080853682451636599e-01 -3.663069616113018845e-01 -1.452761902725451248e-01 -2.895934617974166847e-01 inf 0.000000000000000000e+00 -9.000000000000000000e+01
4.016521095560087740e-01 2.929823080315713812e-01 2.082837862551716324e-01 2.056203107276119157e-01 -1.907048477732773695e-01 -3.249440143622882582e-01 -1.313093435086951644e-01 2.290588953701376274e-01 inf 0.000000000000000000e+00 -9.000000000000000000e+01
2.791231321751913574e-01 -9.419388498331895954e-02 2.449447894598618392e-01 -2.817678848853061649e-02 -1.464786116371266655e-01 -3.051637742440139189e-01 -7.275104377977291703e-01 -7.437858390907432504e-01 inf 0.000000000000000000e+00 -9.000000000000000000e+01
3.285027334488848649e-01 4.410453365748916998e-01 7.710689160119658103e-01 3.726072671063740405e-01 -4.026287520612188338e-06 -2.509395880512314825e-02 -7.166986719341990331e-02 -3.897167844735034692e-02 inf 0.000000000000000000e+00 -9.000000000000000000e+01
4.556350983673810862e-01 3.077118980293597761e-01 5.204998172321818606e-01 1.605797308482263264e-01 -3.243235943240038721e-01 3.965053698900169316e-02 -2.642050744005299823e-01 -2.254444497130271008e-01 inf 0.000000000000000000e+00 -9.000000000000000000e+01
2.594756966176137990e-10 4.974986781605429489e-10 1.603845841297848993e-10 1.573199105476871071e-10 -1.009138248615267353e+00 -4.270111857722935726e-10 2.649665701188723628e-11 -1.133929225376186226e-10 inf 0.000000000000000000e+00 -9.000000000000000000e+01
3.875887377440769832e-01 3.959690347763813456e-01 2.210303342270276972e-01 2.582179023078783331e-01 -4.012067204215715721e-01 1.905208153437945931e-02 -1.039680600570260655e-01 -4.148247030990662165e-01 inf 0.000000000000000000e+00 -9.000000000000000000e+01
5.563479308629231124e-01 3.870849693535051150e-01 1.429023363563119153e-01 3.926345746488958954e-01 -1.014537218063622272e-02 -6.538128738632233150e-02 -5.618975361583138373e-01 -2.280540926074638153e-02 inf 0.000000000000000000e+00 -9.000000000000000000e+01
2.141762586981909577e-01 3.029565813904153138e-01 6.740031560320704608e-04 2.116683399780716068e-01 -1.141103017654296059e-01 -5.045932464880096280e-01 -3.761878080178998052e-01 1.216340579257876031e-01 inf 0.000000000000000000e+00 -8.000000000000000000e+01
1.167789559192773802e-01 2.135554710261848288e-01 4.988844061438146849e-01 -3.184212085204477655e-02 -6.400781059958376984e-01 -1.135432669643351850e-01 -1.794336602286125959e-01 -3.635737771189593293e-01 inf 0.000000000000000000e+00 -8.000000000000000000e+01
3.022385901009228548e-01 3.265799530620709934e-01 3.752626789843672983e-02 1.501050715937469193e-01 -2.307358364025501596e-01 -3.407790814560740511e-01 -2.758687802263456446e-01 -1.526406302355331757e-01 inf 0.000000000000000000e+00 -8.000000000000000000e+01
2.511904650540630057e-01 1.906681247421239400e-01 3.312801785495613771e-01 2.948757633243348497e-01 -2.043197804515838878e-01 -2.384489197252337433e-01 -4.914596055405581199e-01 -1.410671089977527937e-01 inf 0.000000000000000000e+00 -8.000000000000000000e+01
2.095038905915120320e-01 3.299686276816314323e-01 2.481311704193220682e-02 2.618798632393900538e-01 -4.726113156898366905e-04 -5.195696486669498793e-01 -3.572041334585280281e-01 -1.262260940813859922e-01 inf 0.000000000000000000e+00 -9.000000000000000000e+01
3.989566825808529837e-01 3.056227797752405495e-01 -4.270178559733900370e-02 2.958623716387059344e-01 -2.055785963757606194e-01 -3.220934685056427438e-01 -3.123330603691081286e-01 2.976924481643061782e-01 inf 0.000000000000000000e+00 -9.000000000000000000e+01
2.377682662887168896e-01 3.387509276468592123e-01 1.491789315518011194e-01 2.166537098229234792e-01 -2.698991130844894393e-01 -3.543573389476629698e-01 -1.790147178621613600e-01 1.014416734552247706e-01 inf 0.000000000000000000e+00 -9.000000000000000000e+01
7.035184502445404497e+00 7.843628687322993009e+00 5.641908354039346207e+00 3.569195071534037478e+00 -3.250977679614135418e+00 -4.403440666567294492e+00 -3.560594601482148125e+00 7.258461939007526398e+09 inf 0.000000000000000000e+00 -2.000000000000000000e+01
1.768895326027920545e-01 5.273099357969307510e-01 2.183130307439522244e-01 3.862461313162231513e-01 -4.030394413734502690e-01 -2.031990516924478407e-01 2.446225498336080106e-01 -1.290285989396948441e-01 inf 0.000000000000000000e+00 -9.000000000000000000e+01
4.095012691418890016e-01 3.987506391644169423e-01 -3.096914431010407490e-02 -3.738287242166409008e-02 -1.935113395944964565e-01 -3.068816193569287587e-01 -3.335138618011208173e-02 -2.677884194388486239e-01 inf 0.000000000000000000e+00 -9.000000000000000000e+01
1.795202027136413858e-01 4.148041741176236585e-01 1.462576038457187311e-01 1.712045529966607083e-01 -2.010430608046501477e-01 -2.387080624639155157e-01 -3.756717048612440712e-01 -3.688235227413776407e-01 inf 0.000000000000000000e+00 -9.000000000000000000e+01
3.935323413742466414e-01 3.907079465796946538e-01 4.157049782681720625e-07 6.514937326099968784e-01 -2.880882690443049565e-01 -9.885381780932032958e-02 -3.681127882232785864e-01 -1.492221916454978259e-01 inf 0.000000000000000000e+00 -9.000000000000000000e+01
4.318070711427665631e-01 3.458236062106183062e-01 3.741698034409968732e-01 3.335402540774542457e-01 -2.881863385088486162e-01 2.586590497272042710e-02 -4.006262541893501616e-01 -7.795204238354101756e-02 inf 0.000000000000000000e+00 -9.000000000000000000e+01
3.533639555652035025e-01 2.679676663036126283e-01 1.343519206055200730e-03 3.368736376388273279e-01 -2.944699629710029187e-01 -2.243861117839042185e-01 -5.406468520147613699e-01 3.262727189718712117e-01 inf 0.000000000000000000e+00 -9.000000000000000000e+01
2.072653813651352539e-01 2.131872494041391064e-01 3.586960069339483748e-01 2.512564010834496542e-01 -2.292608912242924679e-01 -3.603879692308066263e-01 -3.417763839653658597e-01 2.017665039003459504e-01 inf 0.000000000000000000e+00 -9.000000000000000000e+01
2.800002042413405889e-01 -5.010641952799065740e-02 3.761704871570593633e-01 2.902129776483195478e-01 -4.527662877094017491e-01 -3.889364539157830758e-01 -2.944682999012274704e-01 -3.863832605640383222e-01 inf 0.000000000000000000e+00 -8.000000000000000000e+01
5.022764682744005338e-01 1.729613322202975811e-01 2.965051409490815915e-01 6.059722552729863709e-01 -3.280999510502132233e-01 -2.073915739971718131e-01 3.151379776753899797e-01 -4.228843813536081742e-01 inf 0.000000000000000000e+00 -9.000000000000000000e+01
1.497589339505597528e-01 3.053716373063531386e-01 1.448807927795317529e-01 1.682958704004661743e-01 -3.307379713956987710e-01 -3.131766631799979272e-01 -3.863487807454180079e-01 -4.743992288824735309e-02 inf 0.000000000000000000e+00 -9.000000000000000000e+01
4.576649689967926538e-01 2.669318323823407710e-03 3.227609698710163233e-01 4.601865390739100226e-02 -3.883217918760665244e-01 -2.502658301538935315e-01 -2.401795498454242506e-01 2.887197738299325800e-01 inf 0.000000000000000000e+00 -1.000000000000000000e+01
4.847069588966359532e-01 1.272104363079345490e-01 1.113719827755237091e-01 6.646493893065255273e-03 -8.246051997826586710e-02 -1.209253356998350043e-01 -1.013661026074292648e+00 6.234819803234736141e-02 inf 0.000000000000000000e+00 -8.000000000000000000e+01
2.327141072900250907e-01 2.725847060914629583e-01 4.027744164635049806e-01 2.929268483370945364e-01 -3.140826762725513199e-01 -2.441057069475787711e-01 -2.054556366808787948e-01 -1.586687095159261818e-01 inf 0.000000000000000000e+00 -9.000000000000000000e+01
1.316378396792833860e-01 4.325243303747883239e-01 -1.355968724515926593e-01 2.518934601381776495e-01 -3.968930354240048364e-01 -4.008520681963140819e-01 8.883079782868935625e-02 -7.047078334710509262e-01 inf 0.000000000000000000e+00 -9.000000000000000000e+01
2.484046521977513744e-01 6.515299163358164725e-01 -2.228544594002683787e-01 2.526630176639985681e-01 -3.548637888539305507e-01 3.193774099685375151e-02 -5.337151384363115758e-01 3.903501677393236280e-01 inf 0.000000000000000000e+00 -1.000000000000000000e+01
4.598730123309913154e-01 2.060639660109168242e-02 4.389696935886735485e-01 2.745935962059018465e-01 -4.494213529598324319e-01 -6.366010707887689857e-02 -4.114153188828910124e-01 -5.047676400843784106e-02 inf 0.000000000000000000e+00 -9.000000000000000000e+01
2.702122940261437734e-01 3.464884370845747186e-01 1.059954381596547347e-02 5.923572811984533226e-01 -5.663909346253703792e-01 -2.212464588380353044e-03 -5.152696898096134626e-02 -6.248152144148069187e-01 inf 0.000000000000000000e+00 -8.000000000000000000e+01
2.158104378627512532e-01 7.853102044450115116e-02 -9.866333675438279660e-03 4.587970049378489734e-01 -4.348180673975432509e-01 -4.795787508061138960e-01 -2.645676108613728150e-01 -2.661662066973932150e-01 inf 0.000000000000000000e+00 -8.000000000000000000e+01
8.760383568409975397e-02 1.514917158515095008e-01 6.558187699003047155e-02 1.684316840777166369e-01 -1.393917385470758441e-01 -8.479664094947113595e-01 -5.178790286297609707e-02 3.871992737418773756e-02 inf 0.000000000000000000e+00 -8.000000000000000000e+01
1.555197782527391603e-01 8.221000326311964090e-02 3.672515245486370206e-01 2.078671734929306986e-02 -2.229741399045296335e-01 -4.103473667150587256e-01 -4.159685635193746123e-01 -4.159685635193746123e-01 inf 0.000000000000000000e+00 -9.000000000000000000e+01
4.259960892236451802e-01 1.697810500529020605e-01 4.692130837825656542e-01 3.161014459166758273e-01 -3.938920361227327693e-01 -1.098946433069693251e-01 -9.476869521134714813e-02 -1.447769317723837657e-01 inf 0.000000000000000000e+00 -9.000000000000000000e+01
2.077926945053293339e-01 3.764244581231158127e-01 1.850154183768605298e-01 3.692316340825467225e-01 -2.437568147081747849e-01 -2.877129616227636633e-01 -2.525480440910925495e-01 -1.042959485882518356e-01 inf 0.000000000000000000e+00 -9.000000000000000000e+01
2.140978871554533591e-01 4.292993716673781379e-01 1.876115506001395372e-01 2.560345867013669174e-01 -2.201676726160461117e-01 -3.873626721214645796e-01 1.435538748847574970e-03 2.610007748054882226e-01 inf 0.000000000000000000e+00 -9.000000000000000000e+01
4.895839498431860948e-01 3.883246188515230846e-01 3.981556218604224151e-01 3.421189047096963032e-01 -8.135154989864186448e-02 -1.848228565673071810e-01 -2.187398169480098478e-02 -3.136089959838882502e-01 inf 0.000000000000000000e+00 -8.000000000000000000e+01
1.847713632386920601e-01 4.082382999305133597e-01 2.534560061179964574e-01 6.578247487031968488e-01 -2.805429075351869028e-01 -2.457168914273706040e-01 -8.319548292422783431e-02 -4.004991852398875340e-01 inf 0.000000000000000000e+00 -9.000000000000000000e+01
7.936919851637234125e-01 5.471222324198461023e-02 6.006186284786754759e-02 7.022617809904513342e-01 -6.638416420027465348e-02 -2.344114809123251653e-01 -1.215827183155213514e-01 -3.569668609743706922e-01 inf 0.000000000000000000e+00 -8.000000000000000000e+01
3.450885848506423104e-01 1.244107474347209003e-01 5.971999450517931078e-06 1.767526898015485126e-01 -1.115225304700246528e-01 -3.798078632045179259e-01 -6.565099906914658723e-01 -5.144765792437929752e-01 inf 0.000000000000000000e+00 -9.000000000000000000e+01
3.226556044965107617e-01 4.654062658798154839e-01 2.204813297392823335e-01 -1.158015853259257259e-02 -3.079894406557602271e-01 -1.598611858641803274e-01 7.516408968384624689e-03 2.019041888743317303e-01 inf 0.000000000000000000e+00 -1.000000000000000000e+01
2.829301124004048318e-01 2.234172266885955382e-01 1.239038768098324611e-01 3.473211034984279855e-01 -3.463454824211852356e-01 -3.473211034984279855e-01 -1.668312042085145774e-01 -3.551260721163702061e-01 inf 0.000000000000000000e+00 -9.000000000000000000e+01
1.764641007281149976e-01 3.282311941308505010e-01 3.816085970598965815e-01 2.461733955981378619e-01 -1.680989853437122594e-01 -2.995507985271839702e-01 -2.812272124470636681e-01 2.668870146452303679e-02 inf 0.000000000000000000e+00 -9.000000000000000000e+01
1.569906461257018215e-01 2.396485999570372727e-01 1.736411691996398998e-01 2.206194307296794610e-01 -2.265660461132287806e-01 -5.447099691331169780e-01 1.239869307470031490e-01 -1.560391876643339337e+00 inf 0.000000000000000000e+00 -9.000000000000000000e+01
1.555749906013003669e-01 9.549285803699220088e-02 9.566700914587424887e-01 6.080776218465004657e-02 -2.391675228646856222e-01 -2.490360857013352858e-01 -1.465771833090609710e-01 1.465771833090609710e-01 inf 0.000000000000000000e+00 -9.000000000000000000e+01
3.368252988537285275e-01 3.398506757895404795e-01 2.067340906138154244e-01 2.253905817179890081e-01 -2.233736637607810493e-01 -2.763177601374898762e-01 -2.168186803998551904e-01 2.233736637607810493e-01 inf 0.000000000000000000e+00 -9.000000000000000000e+01
2.077347490586336498e-01 4.557504743890245513e-01 -8.861814779786587881e-02 4.764664050430710840e-01 -5.109929561331487680e-01 -8.056195254351443402e-02 -1.657274452323725666e-01 -2.244225820855045087e-02 inf 0.000000000000000000e+00 -9.000000000000000000e+01
2.793342070523185949e-01 7.300780411594690045e-02 1.728746666023090739e-01 8.469759883852535530e-04 -2.226860112165336969e-01 -1.694562409915289503e-01 -9.161380636890729123e-01 -2.046171901309816188e-01 inf 0.000000000000000000e+00 -9.000000000000000000e+01
1.188694132032309947e-01 5.332649155215309911e-01 1.475095916509177874e-01 -6.348995310748264953e-02 -2.022554194801243765e-01 -1.039156917128458701e-01 -5.434030317861988646e-01 -1.617029544214528269e-01 inf 0.000000000000000000e+00 -9.000000000000000000e+01
5.782240220148733290e-01 -7.201324816302452636e-02 3.664203509471541942e-01 6.248208296497715919e-01 -2.721677173220191648e-01 -2.827579008754050882e-01 -2.711086989666805502e-01 -3.378268553530121010e-01 inf 0.000000000000000000e+00 -8.000000000000000000e+01
2.265885667383963631e-01 4.662495507886232904e-01 5.446840546596066757e-01 3.932618874642359597e-01 -1.367156977195612688e-01 -1.448859585394553506e-01 -1.851925785842662431e-01 4.673389188979424902e-01 inf 0.000000000000000000e+00 -9.000000000000000000e+01
3.186892904026050188e-01 1.589032472921576289e-01 9.291425987499772610e-02 6.598898741715990279e-02 -2.851430493075939876e-01 -3.769538144097295262e-01 -3.937269349572350419e-01 -3.080957405831278306e-01 inf 0.000000000000000000e+00 -9.000000000000000000e+01
4.897165745571314122e-01 1.107439325327135571e-01 3.176252837149290409e-01 1.959928590147304861e-01 -2.193632812278690780e-01 -3.526809170346369426e-01 -7.170470451758431674e-02 -3.006286130144646407e-01 inf 0.000000000000000000e+00 -8.000000000000000000e+01
2.972945345479702714e-06 1.995754558003202950e-01 5.878231952313471842e-01 2.897636516815814064e-02 -2.863267821933336288e-01 -2.597799282151437295e-01 -2.872748841211261173e-01 -3.830331788281681193e-01 inf 0.000000000000000000e+00 -9.000000000000000000e+01
3.829352538821467755e-01 1.783467489527257310e-01 2.575579753268246175e-01 2.473528480025542209e-01 -2.808839806394426986e-01 -2.624175597669533566e-01 -3.391989939209879013e-01 -1.394700734316955959e-01 inf 0.000000000000000000e+00 -8.000000000000000000e+01
4.003129604383047213e-01 2.822719592834199709e-01 3.900485255552712527e-01 3.374432967797248023e-02 -3.459114555582273876e-01 -1.236864403405531221e-01 -4.952589831063641812e-02 -4.803755525259656434e-01 inf 0.000000000000000000e+00 -9.000000000000000000e+01
