4.161328443771564189e-01 2.014494688327576888e-01 3.205546292375268114e-01 3.051150714072789830e-02 -4.264258829306549758e-01 -1.047684281338247120e-01 0.000000000000000000e+00 6.798424163186353686e-06 3.585782732574922420e+02 0.000000000000000000e+00 0.000000000000000000e+00
4.012001329724783072e-01 9.963679329868237016e-07 4.274957009774547417e-07 0.000000000000000000e+00 -6.070946293659789106e-01 7.012724753567170503e-10 0.000000000000000000e+00 1.949537481491673383e-08 1.700663120378471831e+03 0.000000000000000000e+00 0.000000000000000000e+00
3.309609331694987611e-01 3.828763736666750406e-01 2.068505832309367257e-02 3.739027086588623660e-03 -5.126649749096157116e-01 2.423396538833033284e-02 2.636429983591687131e-06 6.289804039727473015e-04 6.228788474044712530e+03 0.000000000000000000e+00 0.000000000000000000e+00
1.146388423434251819e-01 1.058455220500374499e-03 3.672364667280947088e-04 2.393737190977770352e-02 -8.927934085533415498e-01 -3.312973321377875032e-07 5.331816439092518101e-09 3.023088155757310881e-08 3.170749394642660627e+04 0.000000000000000000e+00 0.000000000000000000e+00
8.812660167262531541e-01 1.520542016667880128e-03 2.726787226641769757e-01 1.035388773014701114e+00 -1.294235966268376392e-01 6.227341018236356758e-09 3.912346890399061028e-01 1.443447593749499408e-06 3.449596617811996111e+04 0.000000000000000000e+00 0.000000000000000000e+00
8.895554809027319543e-01 1.286730716472613695e-03 3.310751601856032345e-01 3.264020035988907156e-09 -1.124485076893021185e-01 5.269772806195831515e-09 2.148644347669192989e-01 1.803931684012189798e-08 3.612208072015192738e+04 0.000000000000000000e+00 0.000000000000000000e+00
6.720248358685982915e-01 1.412160296994149078e-01 5.803592860436163937e-03 5.040186269014487047e-02 -2.815239177287371386e-01 6.300232836268108809e-03 6.859285380491435205e-07 1.326821364004151457e-06 3.778815069942967966e+04 0.000000000000000000e+00 0.000000000000000000e+00
1.029521988051193548e-01 4.607267707757740199e-06 -3.457465727732480245e-09 6.808908612380904413e-05 -8.973743895849209951e-01 -2.502930421390019204e-06 4.865638855252662451e-09 3.604923206451666978e-07 3.804176511642702098e+04 0.000000000000000000e+00 0.000000000000000000e+00
6.675116750205227767e-01 1.657744285768705322e-06 1.006161293139439028e+00 3.462349780623312501e-02 -2.750304702064030882e-01 -3.173609556088737532e-07 4.958764931388652808e-10 2.968258349518289956e-07 7.350607373346771055e+04 0.000000000000000000e+00 0.000000000000000000e+00
4.201944528102087295e-01 4.338392452455116068e-04 8.628420443201995083e-01 1.982230306006680932e-05 -4.506665696170559232e-01 1.463778045945568111e-09 -3.953356206783070204e-01 2.992081817998124847e-08 7.369588087022287073e+04 0.000000000000000000e+00 0.000000000000000000e+00
3.663255079658584434e-01 -4.628935603143393340e-04 1.252167190865115964e+00 3.170875091146235281e-05 -5.228464068239979667e-01 5.428971779986443806e-03 4.499271880799779856e-09 0.000000000000000000e+00 1.034200623636026430e+05 0.000000000000000000e+00 0.000000000000000000e+00
1.534267253064279801e-01 2.412747468449868564e-09 9.072188974640958969e-01 1.096424977683880586e+00 -5.773211165680610657e-01 7.180625634342728101e-06 2.471201207998790714e-02 2.183798517660932964e-05 1.062358612219992792e+05 0.000000000000000000e+00 0.000000000000000000e+00
7.024629329836672431e-01 -4.159579317105354399e-04 6.200520968368436817e-03 5.384902317761537660e-02 -3.075700963478211758e-01 6.731127897201922075e-03 4.756067965618220047e-07 2.093502679418525824e-08 1.137299346145074378e+05 0.000000000000000000e+00 0.000000000000000000e+00
7.039098036848201456e-01 -4.435895689657447932e-03 9.175619851209241423e-03 0.000000000000000000e+00 -3.052868485594386061e-01 5.810719524979362713e-04 -6.139150379430246554e-10 0.000000000000000000e+00 1.150948126947634009e+05 0.000000000000000000e+00 0.000000000000000000e+00
7.057532855971366814e-01 0.000000000000000000e+00 1.308013301613565310e-08 2.338739435964801692e-05 -3.020467662735668024e-01 0.000000000000000000e+00 1.302057383941220307e-03 8.553104222956989201e-04 1.152974981658467295e+05 0.000000000000000000e+00 0.000000000000000000e+00
7.396696247517752586e-06 1.160385735741572111e+00 1.177339423439095062e-01 1.790537039813623892e-04 -3.267193549745535562e-06 -4.031774327662525950e-05 4.455263931471185011e-06 1.983610453359986635e-08 inf 0.000000000000000000e+00 -9.000000000000000000e+01
9.913724422062922814e-01 5.268012826969319036e-06 5.368719426926222352e-08 1.846575070556797611e-09 -1.223544538958398070e-02 1.158240861376481509e-08 9.822342351960952061e-07 3.973082299669598577e-06 inf 0.000000000000000000e+00 -9.000000000000000000e+01
1.011308106792698558e+00 -1.652267878849763075e-02 -1.917832388832161061e-01 4.614333567114974333e-01 5.891064428649945503e-10 -1.251985485869921514e-08 -2.259100808900039448e-01 -7.546358021219280732e-02 inf 0.000000000000000000e+00 -9.000000000000000000e+01
7.122564976884584141e-03 1.373024573857269245e-03 1.054482872722382725e+00 9.798813401252649238e-08 -9.299953113593236731e-01 2.583360038051762952e-04 -3.198472365451198757e-06 2.311941636292210515e-09 inf 0.000000000000000000e+00 -9.000000000000000000e+01
1.006140072548983522e+00 -1.789250797790477169e-03 2.501892568534376526e-02 1.396446259722246562e-09 -1.093431043094180528e-03 0.000000000000000000e+00 1.323180594653414434e-05 1.600958913621286910e-05 inf 0.000000000000000000e+00 -9.000000000000000000e+01
1.618236800627706820e-02 5.410858249437119648e-10 6.208174717855278156e-04 4.677490911049642444e-07 -9.914660593114146270e-01 1.046883443912833987e-09 0.000000000000000000e+00 2.440511597694631357e-02 inf 0.000000000000000000e+00 -9.000000000000000000e+01
7.123546555110328651e-06 1.053003284980547072e+00 2.564476759839718484e-05 3.825566121542627873e-01 -3.138261021740054169e-01 4.052506484684987041e-05 4.353278450345200725e-07 1.685842697628954667e+00 inf 0.000000000000000000e+00 -1.000000000000000000e+01
2.284335489515052704e-07 1.227590927255039599e+00 5.549105986492864842e-09 1.433537807102208033e-16 -1.139936948381046872e-07 2.523588400892483912e-09 3.089652981424168209e-08 1.896176920007612100e-08 inf 0.000000000000000000e+00 -9.000000000000000000e+01
1.667599519712402723e-01 3.140009273758722630e-01 8.316781319685265794e-01 0.000000000000000000e+00 5.282853440310283227e-02 -9.526109215659908647e-02 -2.936332996541941021e-01 1.145211586402839584e-07 inf 0.000000000000000000e+00 -9.000000000000000000e+01
6.473500790015762618e-02 -1.047574880696086730e+00 -1.403002072360830521e-01 3.609097942979338925e-09 -1.232672697961936681e+00 0.000000000000000000e+00 0.000000000000000000e+00 5.164237707027347226e-07 inf 0.000000000000000000e+00 -1.000000000000000000e+01
7.933955472146049168e-03 3.346686671887060816e-01 8.280164438203331256e-01 1.024201524586126233e+00 -2.518805465944093901e-03 6.897131745672417831e-03 -4.554355186930960220e-10 0.000000000000000000e+00 inf 0.000000000000000000e+00 -9.000000000000000000e+01
6.900567290664978426e-01 3.670251585471881461e-02 6.526436426186321953e-04 0.000000000000000000e+00 -3.104266660843557624e-01 6.889445316163548584e-03 8.477416119978824216e-02 2.539131331489648691e-04 inf 0.000000000000000000e+00 -1.000000000000000000e+01
4.433951071311537651e-01 8.789770846212299205e-01 -4.131192297719780693e-01 5.960944855558470576e-07 -1.167086240135966346e-01 -3.564645023623965895e-05 9.641420817401091489e-10 8.464541694893028387e-06 inf 0.000000000000000000e+00 -1.000000000000000000e+01
4.487137115265716347e-01 5.467296083488237023e-09 3.351541158033697113e-05 1.323829403067343868e+00 -3.470713790813261257e-01 -4.301206019329291697e-01 5.319531324475041965e-09 3.853704915064141027e-07 inf 0.000000000000000000e+00 -9.000000000000000000e+01
5.034347276861014242e-01 6.505342351563648965e-04 1.360282024911513808e-02 2.242509664071377223e-02 -5.103882460243073238e-01 7.460315828782605179e-10 1.408087463486678848e-01 2.191011866515353396e-06 inf 0.000000000000000000e+00 -1.000000000000000000e+01
1.792456415139837000e-02 -1.047774886681660184e-03 2.019217381665746430e-08 2.123567781405797827e+00 -2.656825377669218627e-05 1.958364255094998012e-08 1.869408048253394798e-06 -1.327229863378623642e-01 inf 0.000000000000000000e+00 -2.000000000000000000e+01
3.413944408318035362e-01 6.553203634357608331e-01 4.071226808770071065e-02 1.973809238372381536e+00 -4.708888839059359455e-02 -6.035563087173251339e-04 8.443538700046285286e-08 2.083706303905050880e-05 inf 0.000000000000000000e+00 -8.000000000000000000e+01
1.005549769235119850e+00 3.240099467992849889e-08 -4.374856580644081853e-04 7.684030358876324497e-10 -1.649226509537769130e-03 -3.787345864778210425e-04 -5.505814708685885517e-03 -1.003804023107975410e-02 inf 0.000000000000000000e+00 -9.000000000000000000e+01
5.129770992366412429e+03 4.240005980921155939e-05 7.705106080033397031e-01 1.810088412452290074e-01 3.442531038778626099e+11 -1.612800000000000000e+07 6.650240366695491651e-03 0.000000000000000000e+00 inf 0.000000000000000000e+00 -2.000000000000000000e+01
1.009115961621357416e+00 -3.870189057354637974e-03 8.543083993271718274e-03 1.271025630815252818e-05 5.570524854561187229e-10 -2.754822072075349736e-05 5.360928546113460924e-03 2.771619767636784894e-05 inf 0.000000000000000000e+00 -9.000000000000000000e+01
1.092678727698310315e+00 1.147299827162082814e-03 1.016684154531322520e-01 4.009334253650820735e-09 -1.452176704310048768e-03 -3.498061011487189464e-03 9.920372659366237800e-01 6.059848342483260808e+01 inf 0.000000000000000000e+00 -3.000000000000000000e+01
3.508579373127786866e-02 3.730384701432955110e-09 2.286160612175154128e-05 1.187227398690807956e+00 -7.567152269610740722e-01 -1.474551601409110346e-01 5.426014111175207207e-09 -1.008953635948098615e+00 inf 0.000000000000000000e+00 -8.000000000000000000e+01
2.294912124966544398e-01 3.040588980443088861e-06 1.450712307568137183e+00 2.313161286674565373e-03 -9.904972637577075017e-05 -1.754480809823753470e-02 1.019035760988593496e-09 0.000000000000000000e+00 inf 0.000000000000000000e+00 -9.000000000000000000e+01
4.057286875336248433e-01 2.199370855689699034e-01 8.198995948186841264e-04 1.271040520197386009e-03 -5.222250433601112185e-01 3.348401345078328453e-10 3.022914286953395928e-09 3.358308740377330182e+00 inf 0.000000000000000000e+00 -3.000000000000000000e+01
1.305209041748012482e-03 -6.700380550712058125e-02 1.166515591912513417e+00 -1.354096730237513979e-02 4.761937581642483684e-04 -1.441264401223511977e-04 7.655996499299295901e-04 -1.163821003987985834e-05 inf 0.000000000000000000e+00 -1.000000000000000000e+01
6.491636134863915109e-01 6.627473868073510147e-09 6.150967183180093834e-01 8.280148131203972361e-02 -3.236355040996295451e-01 -1.091418036997637514e-08 -7.531607954164328662e-05 -2.810518851391520245e-01 inf 0.000000000000000000e+00 -9.000000000000000000e+01
9.982789995363610114e-01 4.868350785335220452e-09 1.426833115498940263e-01 1.149533393405506532e+00 -2.046390216532019368e-06 7.909567448766851663e-08 2.088582590004925030e-09 1.477093690128375035e-06 inf 0.000000000000000000e+00 -9.000000000000000000e+01
3.510211691967380365e-01 5.238052886904393782e-10 4.557291884173559349e-01 4.138459807291088033e-02 -6.322369922463975112e-01 -1.090708533548102963e-03 -1.217308631192079223e-07 3.338088512097029746e-07 inf 0.000000000000000000e+00 -9.000000000000000000e+01
3.622212868535895636e-01 -6.694277814834484822e-04 1.444990294867545488e+00 1.032608993543582739e-06 -2.029002383896338721e-07 1.157854621245193184e-08 1.118969278075555202e-07 0.000000000000000000e+00 inf 0.000000000000000000e+00 -9.000000000000000000e+01
3.719524319568972004e-01 4.679338246887825292e+00 1.797005921007127833e-04 5.009090270997369920e+00 -2.100819722052066005e-03 3.285151449341155510e-07 2.575206283522159012e+01 1.797005921007127833e-04 inf 0.000000000000000000e+00 -2.000000000000000000e+01
1.477376647724701515e-02 6.323295941288785693e-01 1.059831911201879044e-04 2.020455812451070728e-05 -6.779207560880139427e-01 3.103420127924844812e-02 0.000000000000000000e+00 3.155298658007420752e-04 inf 0.000000000000000000e+00 -9.000000000000000000e+01
4.734055729028581183e+00 2.236225169544552236e-05 3.827739560945716768e+00 2.560825257902222418e+01 -1.480145670115383567e-02 0.000000000000000000e+00 1.918445803346115718e-04 3.049180435007651895e+07 inf 0.000000000000000000e+00 -2.000000000000000000e+01
1.905518028409341721e-07 1.920240368188739350e-05 1.047404531126006511e+00 0.000000000000000000e+00 -9.399283199097185904e-01 0.000000000000000000e+00 1.604175959760157906e-05 2.450617317709813840e-07 inf 0.000000000000000000e+00 -9.000000000000000000e+01
-4.116999114286486617e-04 0.000000000000000000e+00 1.533377277557656404e+00 1.309002261991524577e-08 -2.658910844670284457e-08 4.457848343283228598e-03 7.012512117811738509e-10 3.614342245681740836e-05 inf 0.000000000000000000e+00 -1.000000000000000000e+01
3.385358849198845110e-01 9.725589633415269650e-03 1.529752932433368517e+00 -2.419507189052776952e-01 -2.963027405948422035e-04 -1.905483862346251948e-06 1.488659267458009434e-07 6.869057655018646568e-10 inf 0.000000000000000000e+00 -1.000000000000000000e+01
2.302019025100203809e-09 7.832692581606770219e-08 1.175754890640739042e-01 6.564542354108531080e-07 -1.001224954691157354e+00 0.000000000000000000e+00 6.946852349163146357e-08 -5.084345473041033125e-01 inf 0.000000000000000000e+00 -9.000000000000000000e+01
6.340106323579254299e-01 -4.232208548099317125e-02 1.331797482171973579e-01 8.722335622675600475e-02 -3.835951902875613939e-01 1.230745809493693124e-06 7.503084406602667476e-03 2.996365161194674488e-07 inf 0.000000000000000000e+00 -9.000000000000000000e+01
9.988157711797781557e-01 4.284402965192765644e-04 5.169946005722970131e-10 0.000000000000000000e+00 0.000000000000000000e+00 5.132885460879077598e-10 -1.815576476497106906e-01 4.984643281503508499e-10 inf 0.000000000000000000e+00 -9.000000000000000000e+01
9.319308898019568188e-01 1.611441565114120344e-03 1.094377558666518091e+00 1.016033467646395091e-08 -3.408011944770040047e-09 1.401425472615717225e-09 9.459621940156091888e-09 0.000000000000000000e+00 inf 0.000000000000000000e+00 -9.000000000000000000e+01
7.019693211176815522e-06 6.081309351858878967e-05 -6.637792803314864638e-07 2.335967678766477373e+00 -4.376214959423805500e-04 1.149927985912450523e-09 8.737676742377230141e-09 6.525215837370644534e-02 inf 0.000000000000000000e+00 -2.000000000000000000e+01
5.452451091328512911e-01 6.244702435062152515e-03 1.383513100044581945e+00 8.345588405094663681e-03 -7.479878496753680208e-04 -1.271224904836398143e-08 6.217947904091077288e-10 8.188899213067857785e-07 inf 0.000000000000000000e+00 -9.000000000000000000e+01
2.310908369699335996e-01 2.217222895252065840e+00 1.798761109387591262e+00 2.315833566354034618e-05 -1.665112924746407113e-03 1.430922915167393352e-09 1.340181462010436700e-07 1.009304844711926137e+02 inf 0.000000000000000000e+00 -2.000000000000000000e+01
7.224783275106929636e-01 7.988943044589393028e-02 7.534722202589327900e-02 1.526419994083401543e-05 -2.516917842141541128e-01 2.346251040478281469e-03 2.165893754959420309e-09 0.000000000000000000e+00 inf 0.000000000000000000e+00 -8.000000000000000000e+01
1.079215712302089125e+00 0.000000000000000000e+00 2.000172773984487346e-08 4.661778397149778791e-02 7.230894748284426299e-02 5.234483332611875129e-06 9.354928341575553788e-10 0.000000000000000000e+00 inf 0.000000000000000000e+00 -9.000000000000000000e+01
1.654164884312030737e-01 -5.083586833693740960e-03 1.724992386264617705e-02 1.034984694064934129e-07 -5.354901861334699187e-06 -1.199041065313471988e+00 2.257341029972771418e-01 2.134820875385433359e-03 inf 0.000000000000000000e+00 -9.000000000000000000e+01
9.788923542569986258e-09 -2.962472496749011253e-01 3.395789369407821834e+00 -9.676382660255432029e+02 -1.308793819459264762e+00 1.464573560792201892e-08 6.316572487737764138e-04 5.320355244798653923e-05 inf 0.000000000000000000e+00 -2.000000000000000000e+01
1.004300187870944994e+00 1.239963262089545555e-03 1.074076580972251709e-06 1.117048195776276815e-08 -2.178692511355077507e-03 -9.917079055906854047e-05 -1.418602037136344708e-03 -4.115837377078248038e-01 inf 0.000000000000000000e+00 -9.000000000000000000e+01
1.038805506383314148e+00 2.374553279402177729e-06 -1.414709502500972912e-06 8.032774522320510965e-04 -4.120004131534168323e-05 9.546638970810806356e-09 7.518203275770288796e-01 -1.480241005341617427e-04 inf 0.000000000000000000e+00 -1.000000000000000000e+01
3.867505154834143810e-01 1.691427693028967616e-01 1.031334707955771757e+00 6.649394827609580449e-01 -7.799832216242105635e-04 8.666213192514333287e-10 -3.490992865716126877e-03 1.120368041528253058e-06 inf 0.000000000000000000e+00 -9.000000000000000000e+01
9.632714880937454094e-01 -1.963760110042001060e-04 0.000000000000000000e+00 9.072691085908333314e-03 -3.896482066369052338e-02 2.468208799142494253e-09 2.273302274044157295e-08 2.551813745426007030e-02 inf 0.000000000000000000e+00 -9.000000000000000000e+01
9.104852157586977857e-01 4.661580649387588382e-08 7.276099801148567803e-01 1.408528410703626443e+00 -6.128265875298927190e-02 5.447347444710157888e-02 9.825962634490215456e-06 1.561467173940137064e-05 inf 0.000000000000000000e+00 -9.000000000000000000e+01
5.879995456398194598e-02 6.758335026648547295e-02 6.016972945648488656e-10 4.100994249360420260e-09 -9.212806159070366929e-01 -1.185605930329252169e-03 -1.921367809922646525e-02 3.071382927180570081e-08 inf 0.000000000000000000e+00 -9.000000000000000000e+01
2.130294134980114870e-02 0.000000000000000000e+00 1.250994233244236531e+00 1.336205998643441193e-03 -4.877151895048560150e-03 -3.096943731713027170e-01 0.000000000000000000e+00 6.524443352751177173e-08 inf 0.000000000000000000e+00 -9.000000000000000000e+01
2.085538260205830885e-01 -2.066991668297418067e-03 9.838827528808587019e-07 1.110835366155808254e-08 -7.587809414791427676e-01 -1.209168459374657389e-01 8.181300355860640638e-02 3.738438264305133374e-01 inf 0.000000000000000000e+00 -1.000000000000000000e+01
7.475413180159096171e-01 -1.655499227880727009e+00 1.016640150842452184e-01 7.475413180159096171e-01 -6.288330400477180060e-01 -1.912967857798223703e-01 -8.847977644166312231e-03 6.119407342869096430e-06 inf 0.000000000000000000e+00 -1.000000000000000000e+01
4.127862429916767724e+03 1.389365104122850170e+01 1.947459368483183653e+02 4.610259839481150950e-04 -9.159718716718453169e+07 3.442530900753322144e+11 7.140640935076213442e+06 -7.583853131046460569e+07 inf 0.000000000000000000e+00 -2.000000000000000000e+01
7.061700102027136975e-05 7.391900831890358107e-08 -1.217944895038168198e+02 4.045921200104342938e-05 -5.147725571202868989e-04 3.965674608035852602e-08 1.057923295115696799e-01 3.041905699340442521e-06 inf 0.000000000000000000e+00 -2.000000000000000000e+01
4.594542152041177796e-07 -8.217880271943569956e-06 -2.069411668480335459e-06 2.138600602328314171e+00 -8.663737630697745029e-04 -4.171446229816217488e-01 1.529179425603135796e-08 1.171421478764319698e-05 inf 0.000000000000000000e+00 -2.000000000000000000e+01
-1.111492127862595680e+01 1.198572056894084276e-01 1.486749139450888914e-02 1.946819647577883213e-04 -2.971969488012882188e-01 0.000000000000000000e+00 1.858735016284098721e-05 0.000000000000000000e+00 inf 0.000000000000000000e+00 -2.000000000000000000e+01
3.531391432894841198e-02 5.475614508702542297e-09 6.954124667854456598e-01 1.527800116422570076e+00 -2.250850454387373376e-05 0.000000000000000000e+00 -4.389158386055378033e-05 -9.903741999304441906e-05 inf 0.000000000000000000e+00 -9.000000000000000000e+01
1.444415573290480322e-08 0.000000000000000000e+00 1.415443391177855004e+00 4.870749996392667591e-02 -3.869062187947249765e-01 -1.812084991946238992e-07 6.975870666459705349e-10 2.500152046859158768e-06 inf 0.000000000000000000e+00 -8.000000000000000000e+01
4.238130869568142726e-09 2.697649853837742956e-09 1.529828837777198469e+00 1.688540768566234416e-05 0.000000000000000000e+00 1.972926582219495145e-05 0.000000000000000000e+00 1.247572653584478908e-09 inf 0.000000000000000000e+00 -9.000000000000000000e+01
2.630452064837449783e-02 6.054311945055104172e-01 1.494047947731340364e-01 1.890507729939787440e+00 4.386629748496326947e-04 0.000000000000000000e+00 0.000000000000000000e+00 0.000000000000000000e+00 inf 0.000000000000000000e+00 -9.000000000000000000e+01
6.725435320969818942e-09 -1.093631108065287478e-03 7.813760114370343901e-01 4.140716018414697814e-05 -9.619105411553383611e-01 1.721711442168273649e-07 0.000000000000000000e+00 1.277832710984265558e-08 inf 0.000000000000000000e+00 -9.000000000000000000e+01
8.880487729936137331e-01 4.850141402978510456e-07 -4.430417627720754692e-07 1.172868655824268027e-03 -1.061159602090386567e-01 1.974742067618954884e-09 -2.709135574000341440e-01 8.595942917278836951e-04 inf 0.000000000000000000e+00 -8.000000000000000000e+01
2.839176100271133610e-02 2.957065765334294591e-02 1.522467181902226172e-09 2.683217897531326498e-03 -9.651233913170801371e-01 -5.564453591848431802e-05 3.513385804389752704e-09 1.805185496279656642e-03 inf 0.000000000000000000e+00 -9.000000000000000000e+01
1.734933137821323135e-01 2.448763383820854671e-09 7.866467022419664223e-01 -4.727962200118667607e-02 -8.208267708539353485e-05 -6.724212906835438375e-01 0.000000000000000000e+00 2.641452961564135017e-09 inf 0.000000000000000000e+00 -9.000000000000000000e+01
8.242673628705973407e-04 -5.477559472111317171e-04 0.000000000000000000e+00 0.000000000000000000e+00 -9.950618807183143621e-01 4.993006134193777971e-03 5.842949557089896625e-05 6.404531075084002323e-02 inf 0.000000000000000000e+00 -1.000000000000000000e+01
-5.461301459090748103e+05 9.458229649663990211e-04 7.535417013334130054e+00 1.436161830776622494e+01 -8.510588626824429070e+00 -3.461065112656604124e-08 4.808502675599251445e-08 2.658098006520271967e-05 inf 0.000000000000000000e+00 -2.000000000000000000e+01
5.430855904329228157e-01 4.106256903273318715e-01 8.836967621330137357e-01 8.980958628810991598e-04 -6.319933849904031285e-04 -5.991348107890563500e-06 0.000000000000000000e+00 -2.201639967357375535e-06 inf 0.000000000000000000e+00 -9.000000000000000000e+01
4.205915495843910320e-13 -5.659732003721437262e-09 1.540595867449835010e+00 9.512321508009011827e-09 -1.672376535528828851e-04 -1.970976846910009312e-09 9.139078627856796971e-13 4.620184203211939950e-04 inf 0.000000000000000000e+00 -9.000000000000000000e+01
6.651943203302831606e-03 2.184428389758772404e-01 1.240500209658631281e+00 5.595838222581823346e-06 -6.356142328910876182e-07 -1.136062210002281303e-01 0.000000000000000000e+00 7.055622106733603571e-06 inf 0.000000000000000000e+00 -9.000000000000000000e+01
5.986573487682503858e-01 3.911681540247090088e-04 4.745720073871947942e-01 1.754610265844399164e+00 -6.513800130063632753e-03 -2.257745454217641269e-08 2.303159874273742968e-09 1.283022244327818106e-06 inf 0.000000000000000000e+00 -9.000000000000000000e+01
2.436281160543743329e+00 1.862923425572404668e+01 4.492932967556975399e+01 1.164718511450310103e+02 6.927257275762932487e+00 -1.217162154102978633e+01 4.103816793892877467e+04 9.344734308373263063e-03 inf 0.000000000000000000e+00 -2.000000000000000000e+01
1.716675524373843520e-01 -4.165955740301758962e-04 3.004182167654226299e-01 1.300828045349523734e+02 2.949226094011723623e+07 -9.590970020847298656e+03 4.346679506722267352e-12 1.563477636124630597e-07 inf 0.000000000000000000e+00 -2.000000000000000000e+01
-1.054558064477945070e-06 -3.970866785997200525e-06 1.003396843960801199e+00 2.849783553426085136e-01 -1.101427311788076047e-05 -5.887277400790414950e-01 1.109197191453266673e-01 2.299717734683755948e-04 inf 0.000000000000000000e+00 -9.000000000000000000e+01
1.008930310405135922e+00 3.321862525490061700e-04 7.697527392617309989e-05 -6.180446214018973189e-09 -1.359433479880147553e-07 0.000000000000000000e+00 9.343458302135750758e-09 0.000000000000000000e+00 inf 0.000000000000000000e+00 -8.000000000000000000e+01
6.021367253474982045e-11 3.073335859219131159e-07 1.540415334076115528e+00 2.190952321513638274e-10 -1.117219051543338470e-04 3.301435005020550998e-09 1.449067353055895271e-11 4.894705662628124513e-13 inf 0.000000000000000000e+00 -9.000000000000000000e+01
5.254819368746531438e+00 6.760871729347728287e-02 2.219518110995038640e+01 1.238373515571735162e+01 -6.602413798191140906e-05 -1.019154761748808369e-01 2.382812541553551780e-02 6.581267361034908891e+07 inf 0.000000000000000000e+00 -2.000000000000000000e+01
1.438719877308790907e-05 5.866311740396342430e-10 1.529733893726547223e+00 1.731239686388171703e-06 -3.275923372087962596e-06 1.218443879495985555e-08 -9.924779236621846165e-07 1.198622304422845057e-07 inf 0.000000000000000000e+00 -9.000000000000000000e+01
2.667748823887413079e-01 7.990553895077998764e-03 9.858670394158328687e-01 3.650918690779094691e-04 -5.187802211158221155e-01 1.685013155036979366e-09 -3.073911274583074338e-01 3.444304440989874503e-08 inf 0.000000000000000000e+00 -9.000000000000000000e+01
7.261756722253726081e-04 0.000000000000000000e+00 2.956060507825324373e-04 -7.005531369274836884e+00 -1.678086874139224458e-04 0.000000000000000000e+00 1.073064893939117144e-07 7.576771251117940055e-06 inf 0.000000000000000000e+00 -2.000000000000000000e+01
4.977236050404830192e-01 2.542550923581414768e-01 6.980457990196248241e-01 4.105160345365826274e-03 1.405337237761363944e+01 6.790519083014402604e-05 -1.695033949054276512e+00 -2.373047528675987228e-01 inf 0.000000000000000000e+00 -3.000000000000000000e+01
8.008726600351827596e-01 4.358816510957035373e-01 6.155032106131637371e-02 5.249739446163638190e-01 -2.335080273726983235e-02 0.000000000000000000e+00 -1.907602011476933704e-06 4.874210639065800876e+00 inf 0.000000000000000000e+00 -3.000000000000000000e+01
1.185442577625873961e-01 1.981334471912959970e-08 5.036412368698844091e-05 2.252585318639186429e+00 -1.073161611832701683e-03 -1.613476417385002364e-09 8.145382563120761842e-06 6.265678894708277607e-07 inf 0.000000000000000000e+00 -2.000000000000000000e+01
3.440805909913449324e-07 -5.381343928912198038e+00 -1.233599713740454291e+02 1.361579385422564221e-03 0.000000000000000000e+00 1.019411649242154167e-06 -2.806764522581601693e-04 -6.144516340648836561e+00 inf 0.000000000000000000e+00 -2.000000000000000000e+01
9.976437303156796554e-01 2.655668900728257931e-09 1.877748975163132661e-01 1.363433229194266352e-09 -1.067581518162881481e-03 0.000000000000000000e+00 1.822657476103040190e-09 0.000000000000000000e+00 inf 0.000000000000000000e+00 -9.000000000000000000e+01
2.903299267163659061e-03 4.207786959055394016e-01 1.152225774769374267e+00 -1.500133963274873311e-07 4.910594770407593709e-08 0.000000000000000000e+00 0.000000000000000000e+00 1.373560160123555978e-07 inf 0.000000000000000000e+00 -9.000000000000000000e+01
1.000772744638814604e+00 1.107753588427259211e-02 4.705810181578102909e-10 2.968290002139340952e-03 -2.799984898925254699e-03 4.681004360465907919e-08 0.000000000000000000e+00 5.150855795649830317e-09 inf 0.000000000000000000e+00 -9.000000000000000000e+01
3.397083135419498578e-01 4.370700821630746878e-03 1.439603062981969384e+00 1.129226167926025619e-08 -3.885033602817596042e-09 -6.588529900972039249e-03 1.248108833353153788e-03 5.951446692243355695e-10 inf 0.000000000000000000e+00 -9.000000000000000000e+01
7.558542422899523494e-01 1.306979902182131732e-03 9.638875199844346708e-01 5.842267881920044648e-01 -3.042071906390567323e-06 1.204454845749492105e-09 -1.577585689183157447e-01 4.314079554748850842e-09 inf 0.000000000000000000e+00 -9.000000000000000000e+01
-2.003816793893129145e+01 4.240005980921154584e-05 7.705106080033394811e-01 1.810088412452289519e-01 3.442531038778624878e+11 -1.185182290076335520e+08 -1.002886823115457654e-01 -7.313735612476143233e-01 inf 0.000000000000000000e+00 -2.000000000000000000e+01
1.009110569477740693e+00 3.614644052452696771e-11 5.922232815538498390e-07 1.065858337516552984e-02 -1.570289004120056439e-07 0.000000000000000000e+00 -1.233798503237187138e-06 -6.909271618128247592e-07 inf 0.000000000000000000e+00 -8.000000000000000000e+01
1.049155856456271234e-02 3.160815608255025944e-01 8.371889989432230728e-01 1.483007936710080973e-09 -7.585957459812062709e-01 2.419332048125943501e-04 1.183170166873840773e-01 7.261333154099383624e-02 inf 0.000000000000000000e+00 -9.000000000000000000e+01
3.291417501973256110e-01 0.000000000000000000e+00 7.891959521055030759e-04 2.201086211361096754e-07 -6.837050176863145312e-01 1.509402589192511933e-02 -4.675234712131628354e-06 3.379385079942988079e-09 inf 0.000000000000000000e+00 -9.000000000000000000e+01
1.926973512310584157e-03 9.579968031287662035e-04 5.929149268647950985e-03 1.064977102177344364e+02 2.414506875443699583e+07 -1.112181492652232009e+04 4.725153547706229463e-10 4.096354721025323125e-08 inf 0.000000000000000000e+00 -2.000000000000000000e+01
1.431249830070934426e+00 -3.473296706763937588e-03 2.476062206022716428e+00 3.835302279018207305e-02 -4.498862686075019452e-05 3.551076166726042300e-11 3.984599526917481427e+01 1.900005114992848123e-05 inf 0.000000000000000000e+00 -2.000000000000000000e+01
6.556526828758759695e-01 3.554156870044971051e-01 1.565847508028517026e-03 -1.283741378039573739e-04 -1.931254189659139531e-01 -3.095441208621657409e-06 4.788260619586626040e-09 -1.888219137259210977e-06 inf 0.000000000000000000e+00 -8.000000000000000000e+01
3.645009388990139848e-02 4.409572333997827664e-01 9.489724792520670693e-01 5.029350933937614121e-01 1.280580423199422616e-05 3.030913713504686949e-06 0.000000000000000000e+00 3.129747856336361477e-07 inf 0.000000000000000000e+00 -8.000000000000000000e+01
3.154667480156624765e-02 1.446808199093383471e-08 0.000000000000000000e+00 0.000000000000000000e+00 2.199504270886980251e-01 -3.934571384973123975e-01 -1.212794386815769121e+00 4.730070415519740342e-07 inf 0.000000000000000000e+00 -1.000000000000000000e+01
8.702556693471783650e-03 1.558952717536538600e-03 1.525766559441362968e+00 9.526781572663621062e-09 -3.723100838932470822e-03 4.693985552481884361e-10 2.281751856422011048e-06 -1.436381496501724854e-04 inf 0.000000000000000000e+00 -9.000000000000000000e+01
5.922017573058072637e-01 8.132653527454018717e-04 1.438576046189644041e-02 1.982334297316916893e-04 -8.810374654741853610e-05 -7.217458917164526477e-01 0.000000000000000000e+00 2.835213354462911968e-09 inf 0.000000000000000000e+00 -9.000000000000000000e+01
3.866218042839847935e-01 7.664308895497495833e-01 -1.897157624550093516e-06 1.962063077247358844e+00 -6.869269908507954310e-04 -3.025056815036039344e-05 5.710355114562433833e-10 7.520410789098401184e-07 inf 0.000000000000000000e+00 -9.000000000000000000e+01
2.197930077153778712e-04 1.904113517617159450e-03 -3.946270709966066548e+00 5.694119370864711373e-06 -1.114844798678356952e+00 -1.484697140645388550e-07 1.365837959442035990e-08 7.544708166395742738e-05 inf 0.000000000000000000e+00 -2.000000000000000000e+01
1.007303109876495295e+00 2.302543535061554766e-06 -1.371807593129205615e-06 1.994029016146564304e-01 -3.995062549145762842e-05 2.931911664470628328e-08 2.326839854830873143e-07 0.000000000000000000e+00 inf 0.000000000000000000e+00 -9.000000000000000000e+01
9.029743438175526767e-07 9.451968657412361300e-10 1.557377085565168962e+00 3.390497993156818546e-02 -6.567086136854928019e-06 3.722621501996252740e-07 4.203717069006240176e-02 0.000000000000000000e+00 inf 0.000000000000000000e+00 -9.000000000000000000e+01
1.178889657730131432e-07 -2.658169468631882940e-08 3.146728547941196737e-07 5.187114494012578566e-07 -1.174355466738861658e-07 3.825851751575601269e-16 -1.540439808327176197e+00 -1.040596832496404436e-07 inf 0.000000000000000000e+00 -9.000000000000000000e+01
-4.078391595679568660e+00 2.189288889558956175e+00 1.688989436138223645e-08 1.392242816291629381e+00 -3.873630977019577870e-02 -5.815059519854889265e-08 3.362072293682679864e-10 2.001984629180386693e-05 inf 0.000000000000000000e+00 -2.000000000000000000e+01
2.101885399304604524e-02 3.544424175424860102e-01 7.619116534574699173e-01 1.094026989579956810e+00 -2.148981586674915123e-01 2.595055625975029376e-07 2.232708141999911744e-02 1.905702387895508750e-06 inf 0.000000000000000000e+00 -9.000000000000000000e+01
-9.074871475849278795e+03 1.794201348342545809e-05 3.435951032340803835e+01 9.881327846871788053e-04 -2.876765782942490232e-03 -3.469041091195355919e-03 -5.348608651059041886e-04 1.342930568217430215e-09 inf 0.000000000000000000e+00 -2.000000000000000000e+01
6.763950518933476922e-07 3.784387505529869107e-06 2.231461524046882818e-07 1.749106232420103834e-03 -1.795573716288908703e-02 -6.122906372545179110e+00 1.571127001752795072e-01 8.710687212460753699e+02 inf 0.000000000000000000e+00 -3.000000000000000000e+01
1.002370776599380564e+00 5.415359888676734808e-05 4.602279375327896464e-08 1.572346316234322305e+00 -2.665179651541157557e-03 0.000000000000000000e+00 1.492812073742721304e-07 1.509547635107549955e-07 inf 0.000000000000000000e+00 -9.000000000000000000e+01
1.015886738924927535e+00 1.352699184065848329e-06 5.506765259457253608e-08 5.301832475553696758e-10 -3.182133431921389897e-03 3.012918807070982113e-02 2.230125681838290219e-06 0.000000000000000000e+00 inf 0.000000000000000000e+00 -9.000000000000000000e+01
9.431840796811319372e-01 1.070508443163685020e-04 2.619526658288568897e-08 2.159289510078506336e+00 -6.007781571373167762e-02 -4.644585831209031845e-04 5.573013062236575451e-06 3.006977377536437909e-05 inf 0.000000000000000000e+00 -2.000000000000000000e+01
1.068220373820567781e+00 -1.058720741174390759e-02 0.000000000000000000e+00 0.000000000000000000e+00 -1.310416615491321601e-01 6.207610417015799742e-01 7.382056167981785539e-10 4.259176527302145018e-06 inf 0.000000000000000000e+00 -1.000000000000000000e+01
-2.938332824427481741e+07 5.656526288913407696e-02 1.124385388866635961e-06 4.330166759509736617e-08 -2.598944511122376344e-01 7.754027388478055283e-01 5.823592557251909341e+01 0.000000000000000000e+00 inf 0.000000000000000000e+00 -2.000000000000000000e+01
4.517832257082466901e-06 6.178284618778363495e-12 5.603885034837868991e-03 1.741394181386533889e-03 -2.234570979623822992e-02 -6.095909632413788692e+00 1.564199685736676060e-01 8.672280589080871778e+02 inf 0.000000000000000000e+00 -3.000000000000000000e+01
8.846293910538535199e-01 4.814669532649561434e-01 6.798736647752402773e-02 5.798766821740570787e-01 -1.082969966993634287e-03 0.000000000000000000e+00 -2.107102527025722772e-06 3.223606431706291175e+01 inf 0.000000000000000000e+00 -3.000000000000000000e+01
4.222277082673466668e-07 6.904939317521249206e-07 4.146845286129086268e-03 6.979587310143101109e-06 -2.240634146537490070e-03 1.651586836758461139e-06 1.576565604173500550e-04 4.867049118944708034e-05 inf 0.000000000000000000e+00 -9.000000000000000000e+01
4.141997519542583994e+00 1.804462509730633130e-02 4.489642905358925490e-08 0.000000000000000000e+00 -1.224816731465206386e-02 0.000000000000000000e+00 8.214027619568877669e-07 1.155480407837479562e+07 inf 0.000000000000000000e+00 -2.000000000000000000e+01
3.560643234341813447e-07 8.540732082373944442e-07 8.661024083534140746e-08 3.542534824206223075e-12 -1.011605149376603840e+00 5.511908286327182128e-16 5.162372638901555667e-14 1.261353054085540881e+00 inf 0.000000000000000000e+00 -1.000000000000000000e+01
1.657366042139764525e-05 -9.263732959114537221e-06 -2.332776390613388268e-06 2.428432012834121245e+00 -3.410843145298834145e-01 1.184284043068619809e-09 2.235261284540498161e-01 4.279507764094221266e-04 inf 0.000000000000000000e+00 -2.000000000000000000e+01
7.835568248553809179e-01 9.786850664387338264e-04 1.893956413669774241e-02 2.477362630380553193e-03 -9.723436945179644852e-04 -4.610431041276136788e-01 4.354274542764587801e-09 1.294696767157072405e-05 inf 0.000000000000000000e+00 -9.000000000000000000e+01
-4.054584655869034743e-02 3.100373166576161355e-01 1.422524158782003445e+00 4.062726392125799724e-02 6.301703862736210415e-02 1.739074864445031843e-01 0.000000000000000000e+00 3.558034155178120847e-06 inf 0.000000000000000000e+00 -1.000000000000000000e+01
2.837377501730601118e-02 4.784689695864383085e-01 5.406322609106606336e-01 1.401499658946102622e+00 8.335532245747989677e-02 -3.614499125172449108e-06 0.000000000000000000e+00 2.196005830323460194e-05 inf 0.000000000000000000e+00 -1.000000000000000000e+01
4.035522981574428680e-01 1.722496613033344504e-09 -1.297070630215358354e-06 3.439705643588410606e-05 -6.047401785799580987e-01 -7.127156265681622858e-06 4.656876975440021848e-10 3.450252757709539162e-08 inf 0.000000000000000000e+00 -9.000000000000000000e+01
4.820846201668761750e-11 7.503262570690680169e-11 1.540415579541149826e+00 2.190952670641678506e-10 -1.117219229572086219e-04 3.289430310990794269e-09 1.749198086792264879e-11 1.012940447043241823e-10 inf 0.000000000000000000e+00 -9.000000000000000000e+01
2.824928626752465236e-05 -1.450196575599286717e-03 2.136324823261680564e-02 5.174710247733137506e-04 -1.066322514653868625e+00 -6.286314671320256640e-03 4.791398377530683463e-03 5.160215948214548831e+01 inf 0.000000000000000000e+00 -3.000000000000000000e+01
4.127862595409505957e+03 1.389365159824763474e+01 1.947459446560006313e+02 1.160925581252123407e-03 -8.530653160015602698e-02 3.442531038770001221e+11 7.140641221356156282e+06 -4.739026717545379142e+03 inf 0.000000000000000000e+00 -2.000000000000000000e+01
8.482261020790016204e-02 1.085013230311081767e+00 1.953934426684705416e-04 8.594164200483814797e-01 1.097206655718687053e-09 0.000000000000000000e+00 2.420561943571936502e-05 2.928716031048663563e-05 inf 0.000000000000000000e+00 -9.000000000000000000e+01
1.115441634365281098e+00 -1.983625231346331994e-03 2.807592635136347062e-02 1.056317522702123253e-05 -2.903383084342387723e-04 4.540157847624967078e-08 3.558996654395060411e+00 3.454390093049702166e-04 inf 0.000000000000000000e+00 -3.000000000000000000e+01
7.500920352050748545e-09 5.216825067969630115e-06 4.117226676009000941e-01 3.884869731466745920e-06 -9.834788809123974351e-01 2.282360967236713175e-07 6.026751034306670710e-09 4.262257076809229423e-06 inf 0.000000000000000000e+00 -9.000000000000000000e+01
5.229888651042788501e-04 1.226789034760909392e+00 -2.609157466936032243e-10 3.644866643158606759e-06 -5.529397692732463537e-04 -1.231625317451712763e-12 -1.624260572240161273e-04 2.609157466936032372e-11 inf 0.000000000000000000e+00 -9.000000000000000000e+01
6.047209483065486141e-02 -6.070202675016305172e-01 -8.248807612356438487e-03 1.339123499215718383e+00 -1.158856874321294583e+00 1.025496361006542484e-01 1.965917911795053361e-02 1.074213186452341057e-03 inf 0.000000000000000000e+00 -9.000000000000000000e+01
-1.150065736130548188e+01 -1.166169641830659036e-04 1.951988569710395360e+00 7.050123422365781600e-01 -2.491655997806798972e-01 8.999827921983669034e-09 1.214805670077643692e-08 1.169757856113214957e-02 inf 0.000000000000000000e+00 -2.000000000000000000e+01
3.479086851034978167e-01 7.470793882567559495e-05 6.389543683152365231e-08 2.190752728606899513e+00 -3.136781737190150014e-03 -1.398456479337589209e-01 -2.156156766922938048e-02 5.413686102452731700e-08 inf 0.000000000000000000e+00 -2.000000000000000000e+01
1.750821371165542373e-01 9.840059351867098680e-01 6.136185660018474847e-02 4.529419211796932576e-02 -1.124736513755079381e-01 3.327207722711570331e-09 2.356620775113624435e-07 3.271792789126359266e-06 inf 0.000000000000000000e+00 -8.000000000000000000e+01
2.658092983050993133e-02 1.135730638212697041e+00 3.830070343759839901e-01 8.695903900087080333e-09 2.778915391371492571e-01 -4.911360103848437232e-05 0.000000000000000000e+00 3.105679964316814700e-09 inf 0.000000000000000000e+00 -1.000000000000000000e+01
1.699197484280073195e-02 3.835218822987598863e-01 6.913486562490802623e-01 1.221214414688156502e+00 -2.192989792646845952e-03 0.000000000000000000e+00 7.700104609012802182e-08 3.308638699185188671e-07 inf 0.000000000000000000e+00 -9.000000000000000000e+01
1.629334561846422155e-02 -1.181116132193502956e-03 4.097942990703420051e-04 2.671139560499152799e-02 -9.962563149907044391e-01 -3.696902957837236749e-07 5.444267246502492404e-09 2.263866490095608697e+00 inf 0.000000000000000000e+00 -3.000000000000000000e+01
1.415273277588261175e-06 2.180285860068402552e-05 1.514103111083639819e+00 6.942489186007281488e-06 -9.149795290488882404e-02 -2.552034161867346196e-07 3.847475390403053652e-09 2.652143230277833114e-08 inf 0.000000000000000000e+00 -9.000000000000000000e+01
1.006590430255180246e+00 9.994871821412865847e-06 1.094071421129233321e-06 6.180169185757907746e-01 -9.063146482128616387e-06 0.000000000000000000e+00 1.557287143784755488e-07 0.000000000000000000e+00 inf 0.000000000000000000e+00 -9.000000000000000000e+01
-1.422709923667272506e+03 9.325624422283293469e-02 1.853530534355249415e+02 -4.187977099245914360e+03 -1.901815865790232318e-01 -7.433745697270903625e-03 1.956852337790592616e-02 1.648227677094127016e-03 inf 0.000000000000000000e+00 -2.000000000000000000e+01
8.469312877505072445e-02 5.765927620903166240e-01 6.408102956206827849e-04 -4.489774890440538903e-08 -2.912084657021801228e-03 -6.367758450021004935e-01 1.087178271954805792e-01 1.356189734947503030e-07 inf 0.000000000000000000e+00 -9.000000000000000000e+01
1.019835599137373316e+00 -3.911301303509811741e-03 8.633835469969807289e-03 1.284527482489478169e-05 4.489944329582104593e-10 6.182307961501512865e-10 1.923961868045914478e-05 6.215434415106318333e+00 inf 0.000000000000000000e+00 -3.000000000000000000e+01
7.225717817273132840e-04 4.188928305835886712e-01 1.154891448805221099e+00 -1.493410593847787082e-07 4.958589862385230442e-08 -1.400072431732300224e-09 8.154021842408917456e-06 6.346995023853094965e-07 inf 0.000000000000000000e+00 -9.000000000000000000e+01
1.185162162734991476e-01 1.980865789835709096e-08 5.035221011941913945e-05 2.252052472529006533e+00 -2.461960575165987597e-02 5.735043417263312454e-10 0.000000000000000000e+00 5.141511939794156849e-09 inf 0.000000000000000000e+00 -2.000000000000000000e+01
3.781811572995130155e-01 9.362289625829407491e-01 2.730472639729775199e-05 1.539409510156928829e-08 -5.343262920299160821e-09 -2.251936197715278563e-06 1.407460123572049102e-07 8.117979838718178209e-10 inf 0.000000000000000000e+00 -9.000000000000000000e+01
4.368844857447812098e-09 1.093115232066335235e-01 1.513622205329904657e+00 3.106882040095732336e-02 -1.490035264127545153e-03 3.476935353678189657e-09 2.007552238993319924e-08 2.221737687448050169e-01 inf 0.000000000000000000e+00 -9.000000000000000000e+01
1.024547392952027341e-08 0.000000000000000000e+00 7.097319212994953092e-07 0.000000000000000000e+00 -1.007903557217864510e+00 0.000000000000000000e+00 3.517468658229133249e-03 1.128864945688961038e-06 inf 0.000000000000000000e+00 -9.000000000000000000e+01
3.878266054319451372e-01 6.542125566377255952e-01 4.064344476117606741e-02 1.970472550830993930e+00 -4.700928550690243457e-02 -5.967975699118473545e-04 0.000000000000000000e+00 3.245617293049613098e-08 inf 0.000000000000000000e+00 -9.000000000000000000e+01
3.040321105281595937e-02 8.346386323878523858e-10 2.096622869735408901e-01 2.474219649480465444e-06 -7.166004153523933828e-01 -4.454778737774611197e-01 -3.432620602737285892e-02 -9.066477274531498098e-01 inf 0.000000000000000000e+00 -9.000000000000000000e+01
-6.142737161932680266e-04 0.000000000000000000e+00 1.913379770417519943e+00 4.315344283434009443e-01 -3.540045140986542993e-01 0.000000000000000000e+00 4.910618370731066704e-07 1.901677141852275321e+00 inf 0.000000000000000000e+00 -1.000000000000000000e+01
8.737205960649840897e-01 1.107477388343609863e-07 1.280166569550910349e+00 -1.237310021326203796e-01 -2.953273035582959705e-06 0.000000000000000000e+00 0.000000000000000000e+00 4.416725298751301146e-07 inf 0.000000000000000000e+00 -9.000000000000000000e+01
2.049137478331726591e-09 2.809909916762851068e-01 1.209112752061590329e-01 3.746546555683800961e-02 -8.753295134643063191e-01 0.000000000000000000e+00 1.075321370208135255e-09 -2.622582588978660811e-01 inf 0.000000000000000000e+00 -9.000000000000000000e+01
6.317347704097528993e-01 3.080808538571150072e-09 1.095006935376905188e+00 7.274521598657761601e-01 -1.314478309790357399e-06 -7.473813306533715693e-09 5.421492762157562842e-05 0.000000000000000000e+00 inf 0.000000000000000000e+00 -8.000000000000000000e+01
1.005310907384974195e+00 3.239329803300699459e-08 -1.683447689587593921e-04 5.281515983642445219e-10 -1.648834746437194670e-03 -5.073942802728962688e-05 -8.548348081083420244e-05 -3.189928840740783311e-01 inf 0.000000000000000000e+00 -9.000000000000000000e+01
2.235436267198445126e-01 -5.655965809298096197e-03 1.139278178815857245e+00 8.215511966759767581e-01 -3.574428549073656314e-02 3.283651623454569152e-02 2.637793401193478621e-09 2.960960157218752668e-03 inf 0.000000000000000000e+00 -9.000000000000000000e+01
9.664595228831701634e-01 5.592811132048469458e-05 7.352890894557836399e-01 -3.453630571686256423e-01 -2.475116415885280068e-03 6.331946171627397812e-03 1.162070132157677322e-09 5.133826631849963110e-05 inf 0.000000000000000000e+00 -1.000000000000000000e+01
2.695455540272919115e-01 9.844272407953268411e-01 9.988101063264274992e-02 1.519023703371441807e-04 -2.771763071755466841e-06 -3.420404400570968665e-05 2.649838009948041355e-06 9.591438195517450668e-06 inf 0.000000000000000000e+00 -9.000000000000000000e+01
1.017083369077345090e+00 -6.770525385869900770e-02 1.992039024642610734e+00 6.277518497717288795e-09 -5.982981634388506199e-03 1.974369246367768717e-06 1.793436946657093634e+00 4.735042523992469319e-08 inf 0.000000000000000000e+00 -9.000000000000000000e+01
9.963539298060644089e-01 6.418561766971693884e-10 2.413447990592409720e-01 6.125374558342617419e-04 -4.310448763278138104e-04 -4.056800279766523011e-06 9.377116607833142770e-03 1.092357478244171427e-08 inf 0.000000000000000000e+00 -9.000000000000000000e+01
1.865686494690743629e-06 7.005030892065512368e-03 5.509680863254221572e-01 -1.520822868418802154e-01 -4.871514736136941463e-06 -1.041556108396003433e+00 1.962352088282325324e-01 4.333920627666794411e-04 inf 0.000000000000000000e+00 -1.000000000000000000e+01
3.585451043834912005e-02 3.725477043476488212e-09 1.515579846637243877e+00 1.715221182683376734e-06 -2.927705122166453504e-06 -8.297412044009846652e-03 -3.814888492519923929e-06 1.187531907191885364e-07 inf 0.000000000000000000e+00 -9.000000000000000000e+01
5.161515339370621458e-01 -1.459195794689358432e-07 2.215965975082926590e-03 -1.908765256238560379e-07 -4.905836560949785596e-01 -2.828477697068876475e-05 1.785895636450748753e-09 8.614177593280110141e-04 inf 0.000000000000000000e+00 -9.000000000000000000e+01
1.005042273336505643e+00 0.000000000000000000e+00 0.000000000000000000e+00 1.404027836401721791e-09 0.000000000000000000e+00 3.386685326593243678e-08 -8.399796498874242598e-05 0.000000000000000000e+00 inf 0.000000000000000000e+00 -9.000000000000000000e+01
8.567547624672017248e-01 3.675034726796290886e-04 1.266358632969449394e+00 9.049564679433893710e-07 -1.778174354726893565e-07 0.000000000000000000e+00 7.654898180388944319e-09 0.000000000000000000e+00 inf 0.000000000000000000e+00 -9.000000000000000000e+01
-3.373722291966407383e+00 1.811020976525114623e+00 2.980616217501245041e-06 1.143126715678973060e+00 -2.996961426873712142e-01 -3.714091482589921833e-01 4.593415403683425576e-09 7.652955072195372077e-02 inf 0.000000000000000000e+00 -2.000000000000000000e+01
4.476404755611822829e-07 5.949578416107518238e-10 2.347790709997238170e-05 1.219232560676674071e+00 -5.218633527538164737e-05 1.213133550211191517e-08 0.000000000000000000e+00 -1.036152910990400411e+00 inf 0.000000000000000000e+00 -9.000000000000000000e+01
5.020334211483248009e-04 -2.934620928638063494e-05 1.547237759313827343e+00 1.041222418046458171e-09 -7.112302603297432357e-02 -2.330354935627787572e-09 7.668601125631368740e-03 3.504160785542740492e-02 inf 0.000000000000000000e+00 -9.000000000000000000e+01
1.057754834848629588e-01 1.397844300683117841e-06 6.686521634578836970e-01 1.168060133665218018e-09 -3.634143396872791865e+00 7.430551211749820723e-09 3.758327769259351829e-05 5.973491397246445529e+06 inf 0.000000000000000000e+00 -3.000000000000000000e+01
7.110920907119445272e-03 3.157358703933344315e-04 1.367053952923904969e+00 2.833386245616705337e-02 -6.448699238085773278e-01 1.910888398206615421e-02 1.427728863658717504e-06 2.768319345967372621e-06 inf 0.000000000000000000e+00 -9.000000000000000000e+01
3.664321064390269146e-13 3.692632200242282339e-11 2.021679891378758892e-06 2.277497282465077877e+00 -3.748374891543330926e-07 -4.565102566063502013e-09 2.764759360548128661e-15 0.000000000000000000e+00 inf 0.000000000000000000e+00 -2.000000000000000000e+01
5.924972223209562516e-01 6.854379630771847420e-01 4.002623698583666206e-02 2.069631859453138173e-05 -1.738100767072045527e-02 -4.137463316458947045e-08 6.145604507710988157e-09 3.423534499844859268e-06 inf 0.000000000000000000e+00 -9.000000000000000000e+01
8.206138623156795653e-01 1.027779763795737961e-03 6.347797813876894513e-02 9.641292911511571972e-01 -1.300896064664535615e-03 -1.224082105045186295e-05 -8.868517525474385321e-01 2.779452486226454978e-05 inf 0.000000000000000000e+00 -9.000000000000000000e+01
9.031129420749590686e-01 4.623835447432311176e-08 0.000000000000000000e+00 1.790275471945135342e-03 -7.598306003034510994e-03 -2.301201246633308994e-01 -1.064365880583802507e-02 1.936029807243300044e-06 inf 0.000000000000000000e+00 -9.000000000000000000e+01
1.003553709759385626e+00 1.110831833821237895e-02 0.000000000000000000e+00 3.643958018405303850e-03 -2.741958541809911753e-06 4.694012018723423151e-08 5.541948416744066840e-10 2.522002523264723294e-04 inf 0.000000000000000000e+00 -9.000000000000000000e+01
5.456914028854792376e-01 -4.796463489740178332e+00 2.968514391233240124e-01 2.107820869514726692e+00 -1.264692521708836059e+00 0.000000000000000000e+00 2.365752183055876208e-05 6.604093707382566484e-05 inf 0.000000000000000000e+00 -2.000000000000000000e+01
9.506519310440108006e-01 4.490593050354676231e-06 1.149237300386821796e-05 5.158036985838971612e-03 1.765773036888264258e+01 8.532126795673884755e-05 -2.850019638486321671e+00 9.370789362890617747e-08 inf 0.000000000000000000e+00 -3.000000000000000000e+01
1.191351365412615139e-02 5.019160804891387162e-01 1.829290987084523579e-05 1.435416051844734087e+00 -7.512756618786470275e-01 2.502587144954801501e-02 0.000000000000000000e+00 1.853213235086290100e-02 inf 0.000000000000000000e+00 -9.000000000000000000e+01
5.549338841260124131e-05 0.000000000000000000e+00 1.471474369967147755e+00 0.000000000000000000e+00 -1.836539085991771569e-02 0.000000000000000000e+00 3.928347758681509220e-04 6.001135342316663803e-06 inf 0.000000000000000000e+00 -9.000000000000000000e+01
8.780290188583705566e-03 1.780741584431635213e-03 1.299906094425500980e+00 8.985578921481083401e-08 -7.740760249790743508e-01 1.122356648594428034e-09 0.000000000000000000e+00 2.582681366653245594e-05 inf 0.000000000000000000e+00 -9.000000000000000000e+01
4.075783738498257036e-01 -8.088910519323028094e-04 5.007078409929310858e-01 1.735495011231515949e+00 -9.299471884039009403e-07 -1.476547158289124142e-03 0.000000000000000000e+00 3.531709546972118225e-07 inf 0.000000000000000000e+00 -9.000000000000000000e+01
5.699683536163777792e-02 6.551088545715214040e-02 5.203030613925440084e-01 4.674597817198637923e-04 -8.930292544628392060e-01 -1.134467612553345401e-03 0.000000000000000000e+00 8.570721510504234265e-09 inf 0.000000000000000000e+00 -9.000000000000000000e+01
3.219120955657024385e-01 -7.800238155492180249e-04 0.000000000000000000e+00 1.009904889653143742e-03 -6.860751536744034151e-01 1.227997190726098886e-07 0.000000000000000000e+00 5.372487709426682956e-08 inf 0.000000000000000000e+00 -9.000000000000000000e+01
