2.952206654110746675e-01 4.385866115531940057e-01 1.924121908749496235e-01 2.659815579741950931e-01 -4.904624473283030195e-01 1.909973953538102870e-02 -7.483863026860091783e-05 1.293211531041423999e-03 9.204562667055681231e+03 0.000000000000000000e+00 0.000000000000000000e+00
3.228861756477309219e-01 4.254500196770101272e-01 1.581192595451388072e-01 3.428291453200907335e-01 -4.738829460241698044e-01 1.697526585206820746e-02 -2.977394503542718756e-08 -5.136854585484823950e-09 9.209828904280073402e+03 0.000000000000000000e+00 0.000000000000000000e+00
3.041646471078496283e-01 4.294651778346681437e-01 1.688209440708662024e-01 3.175555435214027500e-01 -4.830287634888806303e-01 8.010625533107674709e-03 1.470894164143590794e-08 -4.033556671052676386e-09 9.228860197127500214e+03 0.000000000000000000e+00 0.000000000000000000e+00
3.057036125659781667e-01 3.906212827231942963e-01 1.573211573438951794e-01 3.879396720866506443e-01 -5.023550592458471131e-01 3.142512464699610553e-05 -1.358609820045302852e-08 -2.310968664488823972e-09 9.245774088228001347e+03 0.000000000000000000e+00 0.000000000000000000e+00
2.918169822084295539e-01 4.339600928970516747e-01 1.459084911042147770e-01 3.125265744941890800e-01 -4.989129050660247033e-01 1.297291221309651577e-02 2.597825426488208622e-08 -2.008685750934727232e-08 9.290985705160583166e+03 0.000000000000000000e+00 0.000000000000000000e+00
3.187430840807490284e-01 4.360718266871597137e-01 1.706155465401555382e-01 2.835444612988258228e-01 -4.732259285125230974e-01 2.199913923870200350e-02 4.749642075311378068e-09 -2.267007076436964501e-08 9.292538750982572310e+03 0.000000000000000000e+00 0.000000000000000000e+00
3.308162322572410496e-01 3.635807792220157042e-01 2.076849509218781642e-01 3.170762609494323092e-01 -4.935820462112829876e-01 9.644402937211899937e-03 1.606433521550997945e-09 -2.048171241281021290e-06 9.315686447606554793e+03 0.000000000000000000e+00 0.000000000000000000e+00
3.044553080944408241e-01 4.352149596478224747e-01 1.473485625713479574e-01 2.995762166185683695e-01 -4.820542378161979946e-01 7.898029326568526548e-03 -6.584085882529750097e-08 -1.459200941880798290e-06 9.318742210788563170e+03 0.000000000000000000e+00 0.000000000000000000e+00
2.760648832340825143e-01 4.674826942570178279e-01 1.209587423926337252e-01 3.222360135310719520e-01 -4.944158535969283008e-01 1.052076536715253544e-02 0.000000000000000000e+00 -1.648566358870776755e-04 9.322303563667393973e+03 0.000000000000000000e+00 0.000000000000000000e+00
3.221381682561834658e-01 4.197557950004814353e-01 1.718070230699645096e-01 2.625914159421616767e-01 -4.763740185121743131e-01 1.580185332923324248e-02 -5.760279326251448908e-08 -7.245058234928367633e-05 9.327955226574391418e+03 0.000000000000000000e+00 0.000000000000000000e+00
2.803249733719110348e-01 4.254227588848368269e-01 1.465783751610168772e-01 2.941438100874277928e-01 -5.231416756588480599e-01 2.430634672282855693e-02 -5.423699147836223662e-10 -7.301736057480420891e-05 9.328305138050109235e+03 0.000000000000000000e+00 0.000000000000000000e+00
3.063174103458439212e-01 4.472429921023983179e-01 1.644131787159801295e-01 2.603208663003018786e-01 -4.717092389351334458e-01 1.021465805266692090e-02 -5.286344574014238708e-10 -1.345283550214658152e-09 9.414468860711280286e+03 0.000000000000000000e+00 0.000000000000000000e+00
2.925600606022548122e-01 3.698585381526833249e-01 1.423661833365487406e-01 3.571385355178026688e-01 -5.420678045941443868e-01 2.005846569346562969e-02 1.170062344176461663e-09 -2.573956362508243292e-05 9.454879984539906218e+03 0.000000000000000000e+00 0.000000000000000000e+00
2.884101400599648479e-01 4.529257833336067796e-01 1.589302356316355525e-01 3.402021018312965661e-01 -5.057332737671214051e-01 4.074808757009186488e-02 -5.580130132734357394e-10 -7.512333609410189574e-05 9.606316431335966627e+03 0.000000000000000000e+00 0.000000000000000000e+00
2.703818199154092161e-01 4.226546138027877375e-01 1.581294398061238171e-01 3.299243867559867316e-01 -5.388114245245700928e-01 3.343168711950457450e-02 1.334516363950778363e-09 -6.181683429744749306e-09 9.654694483831644902e+03 0.000000000000000000e+00 0.000000000000000000e+00
3.090274234096291872e-01 4.293134141671747228e-01 1.999876838204720508e-01 2.254139908098719280e-01 -4.801660281459744772e-01 1.631928838021578024e-02 -3.402647308446392105e-09 -1.667544911349625437e-06 9.675401179563328697e+03 0.000000000000000000e+00 0.000000000000000000e+00
3.058134480030932356e-01 4.111389255630709672e-01 2.328247398694244519e-01 2.568463400146825393e-01 -5.155404954251541216e-01 5.589641572261976055e-02 8.484097105674612238e-10 -4.003750399811550591e-06 9.699221194733625452e+03 0.000000000000000000e+00 0.000000000000000000e+00
2.910896507002918021e-01 4.341842264654184325e-01 1.445647255161381928e-01 3.293135442265927582e-01 -5.272937106961514964e-01 5.745835276870238373e-02 1.288858210313036702e-09 -5.316083722990882908e-08 9.728031095784694116e+03 0.000000000000000000e+00 0.000000000000000000e+00
2.781383547431850456e-01 4.380436806408349870e-01 2.010930613561355274e-01 2.781383547431850456e-01 -5.058823037489288410e-01 1.841334055791120361e-02 5.343192507112611141e-10 -5.530926297903053830e-09 9.733306506983595682e+03 0.000000000000000000e+00 0.000000000000000000e+00
3.113286304970375173e-01 4.628109193657453102e-01 1.556643152485187587e-01 3.336327711893625758e-01 -4.646695977567723568e-01 2.189755479428789897e-02 1.257419570574609464e-08 -1.527958653512335994e-06 9.737738015342982180e+03 0.000000000000000000e+00 0.000000000000000000e+00
2.658876055093231661e-01 4.301123030297874239e-01 1.251235790632108935e-01 3.079213078508705737e-01 -5.356853228643716491e-01 2.162780614666828805e-02 6.172470355876210829e-10 -3.138303880083509760e-05 9.739522406465312088e+03 0.000000000000000000e+00 0.000000000000000000e+00
2.745983858056900706e-01 4.671104214061204685e-01 1.304586637190733867e-01 2.824161334442862326e-01 -5.003358488701541429e-01 1.820069372110668174e-02 8.882630727335171594e-09 -2.073584615692669559e-08 9.762841946412907419e+03 0.000000000000000000e+00 0.000000000000000000e+00
3.051642229952783447e-01 4.420968871598263128e-01 1.244620108209909259e-01 3.247260321616423639e-01 -5.027384955755547224e-01 4.389180931702921923e-02 -9.700909391888884182e-08 -3.744252535749358502e-04 9.811283668519670755e+03 0.000000000000000000e+00 0.000000000000000000e+00
2.883565860484208487e-01 4.609782157916931800e-01 1.338798435224811123e-01 2.932606096206729074e-01 -5.011912090841600387e-01 3.543157030952109876e-02 2.109255438886334109e-07 -7.243491848663313459e-06 9.813996631598001841e+03 0.000000000000000000e+00 0.000000000000000000e+00
3.059979778313511867e-01 4.433047627556754300e-01 1.007733725069594050e-01 3.256132328205403881e-01 -5.041120532221619044e-01 4.401172838199322174e-02 -4.957239696631557719e-08 -6.824154872947895529e-06 9.928182601831420470e+03 0.000000000000000000e+00 0.000000000000000000e+00
3.202683589111330331e-01 4.631573190407154428e-01 1.345127107426758728e-01 2.946468901982423616e-01 -4.582301135190056662e-01 2.063267312215952970e-02 7.544016351635391332e-10 -6.721377161267862506e-06 9.949217093492597996e+03 0.000000000000000000e+00 0.000000000000000000e+00
3.166645062634801944e-01 4.550225366924469106e-01 1.709988333822793083e-01 3.556385993420623781e-01 -4.608686506542342687e-01 2.040050184582035964e-02 7.422829079041308976e-10 -5.009048473876286425e-09 9.982661450681662245e+03 0.000000000000000000e+00 0.000000000000000000e+00
3.200794965653226409e-01 4.735972488364648680e-01 1.299382282294961888e-01 3.762690006645642571e-01 -4.505194167957049522e-01 1.994225703522190668e-02 7.270209057058666523e-10 -2.151114688857880854e-06 9.986864854754549015e+03 0.000000000000000000e+00 0.000000000000000000e+00
3.109479982406838094e-01 4.594455999646001598e-01 1.724166785116612310e-01 3.089547418417050717e-01 -4.564557153661320532e-01 9.592546420085197936e-03 -1.265298166818833763e-08 2.502379590480909398e-09 1.007256775595047293e+04 0.000000000000000000e+00 0.000000000000000000e+00
2.651504061889490282e-01 4.328190453966668239e-01 1.247766617359760133e-01 3.070675659908784771e-01 -5.342000830571472791e-01 2.077580158787491194e-02 9.848570527624308456e-09 -1.923231176780912154e-08 1.008200999865073391e+04 0.000000000000000000e+00 0.000000000000000000e+00
3.032818742458227024e-01 4.510094968623363232e-01 1.516409371229113512e-01 3.130651605118169867e-01 -5.204708293508957251e-01 8.438084404420066742e-02 8.437152097291037482e-10 -2.087602903381557732e-08 1.010911681464214053e+04 0.000000000000000000e+00 0.000000000000000000e+00
3.102326328032730673e-01 3.976082793839417207e-01 1.737695443233523152e-01 3.926995351940165135e-01 -5.438888562437128593e-01 8.860283262814998284e-02 -1.421958015146047202e-08 -2.344416704477828630e-06 1.014456723308230175e+04 0.000000000000000000e+00 0.000000000000000000e+00
3.149603900256437439e-01 4.631770441553584305e-01 1.331634001946655453e-02 3.594253862645581110e-01 -4.761460013917084289e-01 1.505325393504914830e-02 3.898179449721372509e-08 -1.119495297152843809e-04 1.015796150403823594e+04 0.000000000000000000e+00 0.000000000000000000e+00
2.888939869046724396e-01 4.701998683413978752e-01 1.429527142097258285e-01 3.108100824629578818e-01 -5.339557826927738837e-01 1.003657557953301638e-01 3.296628934134165199e-07 -9.193319559028671263e-05 1.018841817526330306e+04 0.000000000000000000e+00 0.000000000000000000e+00
3.431579062561526672e-01 2.169125226836550457e-01 1.681358972124627760e-01 2.765921585542903127e-01 -5.703995966866484135e-01 2.044314449895558508e-02 -8.865595791012424870e-08 -5.096349432333531752e-09 1.021308336993339617e+04 0.000000000000000000e+00 0.000000000000000000e+00
3.068882146804077227e-01 4.686663470199197712e-01 1.598171852808513149e-01 3.010053735044254664e-01 -4.578811381972856531e-01 1.188824154313081020e-02 -5.259669878466954508e-10 -1.538161235569447317e-07 1.021753812350532826e+04 0.000000000000000000e+00 0.000000000000000000e+00
3.024752743433676283e-01 4.620334287704515597e-01 1.404699089588131167e-01 2.995386211944028876e-01 -5.246820292816992692e-01 9.862260158606565852e-02 -3.090007121745195611e-07 -9.033649823475501804e-05 1.023115237299940236e+04 0.000000000000000000e+00 0.000000000000000000e+00
2.826449190822158397e-01 4.782469392083167903e-01 6.322682486497989505e-04 3.051391513967174340e-01 -5.046532119253404058e-01 2.084384026968763223e-02 8.161152248875537771e-08 -1.929529567412716524e-08 1.036167753863368125e+04 0.000000000000000000e+00 0.000000000000000000e+00
3.039616132661921433e-01 4.411731252108055390e-01 2.062936967778388753e-01 3.125373327627304909e-01 -4.802402918061468573e-01 2.352367500786557708e-02 8.732192202361220654e-10 -5.679474603161769524e-09 1.038441856099201323e+04 0.000000000000000000e+00 0.000000000000000000e+00
2.752227611843021116e-01 4.662136452801701747e-01 9.365899123931990117e-03 2.781610824780847424e-01 -5.191034285682567528e-01 2.173133456860036963e-02 -2.265112920577611450e-07 2.545333075700615202e-08 1.050066225750577723e+04 0.000000000000000000e+00 0.000000000000000000e+00
2.996513983365135525e-01 4.456106278488153327e-01 1.123692743761925926e-02 3.827804959395463835e-01 -5.277731080378593731e-01 5.860118072306817749e-02 1.486464099938263786e-08 -4.119464463007203717e-09 1.050755259688054321e+04 0.000000000000000000e+00 0.000000000000000000e+00
2.921844091525205855e-01 4.511963325008311321e-01 1.932988693202900010e-01 3.905730367242877255e-01 -4.770357700449315841e-01 1.015564432322217658e-02 7.878462152676768424e-09 -5.838355111036257864e-07 1.060472061211366236e+04 0.000000000000000000e+00 0.000000000000000000e+00
3.080005670814818242e-01 4.748342075839511178e-01 1.357374294028966255e-01 2.862825783770183707e-01 -4.659495758412161015e-01 2.579011158655036134e-02 -9.212230028191914570e-10 -4.795508166372158335e-09 1.062948806807508299e+04 0.000000000000000000e+00 0.000000000000000000e+00
2.920105245983291020e-01 4.429819522818189692e-01 3.091728937995502384e-06 2.800917276759483099e-01 -5.164811999698337708e-01 2.017504687382163167e-02 -7.873773528519488981e-09 -1.371575827885259551e-06 1.063230239808253828e+04 0.000000000000000000e+00 0.000000000000000000e+00
3.297365360341366625e-01 4.444724466917829853e-01 1.963948020266017835e-01 2.821883208066436333e-01 -4.444724466917829853e-01 9.722834771382752456e-03 1.805194961202594111e-08 -2.347369557058662990e-08 1.063273066159602058e+04 0.000000000000000000e+00 0.000000000000000000e+00
3.115229941823193238e-01 4.837066299444318651e-01 6.395458833739956330e-04 2.985843394718715182e-01 -4.647962884445466791e-01 9.175247931687719252e-03 -3.156003725509557369e-08 2.877895728043602473e-06 1.066161021486846585e+04 0.000000000000000000e+00 0.000000000000000000e+00
3.048035544119367390e-01 4.366897077632554969e-01 2.163909849430896981e-01 2.344642726245667053e-01 -4.972596448579352235e-01 4.738132175954785918e-02 -5.240684880865366750e-10 -1.532609178493071530e-07 1.073138874097678854e+04 0.000000000000000000e+00 0.000000000000000000e+00
3.030980630918324037e-01 4.302653892470807429e-01 1.362507065949088991e-01 3.356070036127229428e-01 -5.832486387571538256e-01 1.735403736629892169e-01 6.714217023143728418e-10 -2.515250417283688766e-05 1.074397983396671589e+04 0.000000000000000000e+00 0.000000000000000000e+00
2.632298518239927776e-01 4.947929545563773956e-01 1.425622200315562402e-02 3.898968481904253602e-01 -5.680223118307212715e-01 1.152867584116359367e-01 -1.041066127767570150e-08 -9.011609963355896047e-05 1.076238890562099186e+04 0.000000000000000000e+00 0.000000000000000000e+00
3.332040098806863804e-01 4.692873292313570754e-01 1.530937342695045389e-01 3.161935949618525088e-01 -4.302634361822677000e-01 9.412012666487105939e-03 1.747486020262912848e-08 -2.284256470173022362e-08 1.097462569815940333e+04 0.000000000000000000e+00 0.000000000000000000e+00
3.489120624598298082e-01 4.408888812171488647e-01 1.604595588103228943e-01 2.919264247514908317e-01 -4.938755268056043701e-01 1.082227242443454945e-01 3.754146450052507039e-08 -2.222693056935849263e-08 1.101545898226583813e+04 0.000000000000000000e+00 0.000000000000000000e+00
3.288124883886664462e-01 4.588081233330229547e-01 1.887804257464000546e-01 3.335917396733854012e-01 -4.425586689649783634e-01 1.875856129252203089e-02 -1.504090236623064346e-08 -2.028242894840192956e-08 1.107050051723998695e+04 0.000000000000000000e+00 0.000000000000000000e+00
3.157177953987440056e-01 4.086899069272085239e-01 1.312262615844472791e-01 1.476900730009461926e-01 -4.958512614851439682e-01 1.549535192141074900e-02 3.971458271865023573e-08 -8.724647306824595116e-05 1.109614076534986634e+04 0.000000000000000000e+00 0.000000000000000000e+00
3.189821254870709444e-01 4.049415943683271069e-01 1.947033752973030551e-01 2.879124379396289513e-01 -6.048232509235371701e-01 2.340583128573962279e-01 -7.608213007891621775e-09 -5.509395626404277923e-09 1.113707219677322428e+04 0.000000000000000000e+00 0.000000000000000000e+00
3.119400347841783661e-01 4.615539072668721210e-01 1.373905168877024019e-01 3.275859299457672957e-01 -5.847653316643846022e-01 2.258876113954395304e-01 -7.926828198045820814e-09 -1.675936646032012548e-04 1.115238007111734078e+04 0.000000000000000000e+00 0.000000000000000000e+00
3.306278115600023160e-01 4.382285786357427160e-01 1.628684338010070454e-01 2.768274280221321160e-01 -5.732186318762170218e-01 2.205815725052678034e-01 6.935205690428579602e-04 -5.294057266537291443e-08 1.118768325164317321e+04 0.000000000000000000e+00 0.000000000000000000e+00
3.315352909325584019e-01 4.468971006300943571e-01 1.974661607435300725e-01 2.837276941209668779e-01 -4.708008990358901191e-01 5.495275394375869621e-02 5.691366295535886583e-10 -5.188048187767406119e-09 1.120426126818499688e+04 0.000000000000000000e+00 0.000000000000000000e+00
3.107201344672854137e-01 4.250956440871451192e-01 1.625085365848839558e-01 2.764074815813275521e-01 -6.080964594789205480e-01 2.373291824612088208e-01 4.855002101051334590e-03 -2.119047695806009304e-08 1.125330608625133755e+04 0.000000000000000000e+00 0.000000000000000000e+00
2.839075127337966631e-01 4.542520203740746942e-01 1.982457632020476757e-01 3.553738866288558840e-01 -4.973276429957542155e-01 3.126653857908838485e-02 2.194051594321225328e-07 -2.659003804522063789e-06 1.125860516310686398e+04 0.000000000000000000e+00 0.000000000000000000e+00
2.804241655009134804e-01 4.833885090627634273e-01 1.941398068852477898e-01 3.019952551548298891e-01 -4.686809479350931285e-01 1.262398996791699521e-02 2.038185573925579451e-09 -1.643698043488370545e-09 1.133384219533005853e+04 0.000000000000000000e+00 0.000000000000000000e+00
3.498664057231130609e-01 4.528945497397353082e-01 1.749332028615565304e-01 3.294754188864899014e-01 -4.292839334025927434e-01 2.146419667012963717e-02 3.620605264691524281e-08 -1.604836481989062753e-06 1.134076476496643409e+04 0.000000000000000000e+00 0.000000000000000000e+00
3.148318446543267313e-01 4.683368123895109147e-01 1.901701670349892903e-01 2.923438557504462465e-01 -4.487820394296148097e-01 1.662155701591165949e-02 -2.004755109013393172e-08 -3.265494312638894886e-04 1.135223701477078976e+04 0.000000000000000000e+00 0.000000000000000000e+00
3.069001676127008360e-01 4.540573457739958685e-01 2.139587919318829135e-01 3.485301588030672026e-01 -4.647068784040895850e-01 2.039143463830445091e-02 1.139685616950289669e-09 -9.123578647052946514e-05 1.135500578606566887e+04 0.000000000000000000e+00 0.000000000000000000e+00
2.835985103569544363e-01 4.889989020493074601e-01 1.871541640039460497e-01 3.138351162406003425e-01 -4.681460704054137834e-01 2.065733634723220663e-02 -3.400644503694366871e-07 -9.469303432041576817e-05 1.138030363646305523e+04 0.000000000000000000e+00 0.000000000000000000e+00
2.738657112838430163e-01 4.994601281327640252e-01 1.551577321122491748e-01 3.044046934773650959e-01 -4.768021736020863766e-01 2.148811448697419274e-02 -6.482492789462373131e-08 -5.475475114287738816e-09 1.144009193137268448e+04 0.000000000000000000e+00 0.000000000000000000e+00
2.945659017460069418e-01 3.558514249280620989e-01 6.351731705801455475e-04 3.064276159102756747e-01 -6.049474223777056014e-01 1.030486418020846451e-01 -1.755749593651336084e-08 2.858218935812537724e-06 1.162067186717490222e+04 0.000000000000000000e+00 0.000000000000000000e+00
3.115309254292877861e-01 4.502061336141117698e-01 1.752971821772951466e-01 2.939523779129016301e-01 -5.156373938139935387e-01 9.424054640729238874e-02 1.651682078101425889e-09 -3.772063321224526644e-02 1.166377286870360149e+04 0.000000000000000000e+00 0.000000000000000000e+00
3.090536114280287849e-01 4.454007929403944188e-01 1.939159914842533416e-01 3.504627554428953462e-01 -5.918477656758982519e-01 2.277502920817662813e-01 7.160594167967118456e-04 -5.634668221984714284e-08 1.166419064947200241e+04 0.000000000000000000e+00 0.000000000000000000e+00
2.820305909556632962e-01 4.820868924986078108e-01 2.044477813329116100e-01 2.644646717957949700e-01 -4.733039329186736754e-01 2.165243507553210947e-02 -1.410555639620642887e-08 -3.969914325942634065e-09 1.177947824730493994e+04 0.000000000000000000e+00 0.000000000000000000e+00
3.043339672504626892e-01 4.691815328444632893e-01 2.024015968092019446e-01 3.355477074812793781e-01 -4.623535271689721560e-01 2.548309261031518613e-02 -9.102562824054131913e-10 -4.941910355574299068e-09 1.185392253400284608e+04 0.000000000000000000e+00 0.000000000000000000e+00
2.974150951574995871e-01 4.802916908854119593e-01 1.929829339128759369e-01 2.945275699617956877e-01 -4.774041656897080599e-01 4.559883538215709492e-02 -1.107957568606360209e-09 0.000000000000000000e+00 1.189260591932556054e+04 0.000000000000000000e+00 0.000000000000000000e+00
2.656787682557717467e-01 4.838377568235192605e-01 1.582192664612624144e-01 3.229185028799826940e-01 -5.291975465257241495e-01 7.262966327317336990e-02 5.612496342915852850e-10 -2.743822728263172036e-06 1.194863523486950908e+04 0.000000000000000000e+00 0.000000000000000000e+00
2.689765285441891307e-01 4.615172809912885254e-01 2.060863330212671929e-01 3.173536020233598265e-01 -5.011864812442085038e-01 2.340240929554882748e-02 9.227194495996609460e-10 0.000000000000000000e+00 1.203210827795219484e+04 0.000000000000000000e+00 0.000000000000000000e+00
2.886997696792077961e-01 4.632624211131474157e-01 1.510638329716784967e-01 4.527119311913159194e-01 -6.119284154662278929e-01 2.388247264123679325e-01 3.196337611705437031e-05 -2.584035529151745559e-08 1.206337306316191280e+04 0.000000000000000000e+00 0.000000000000000000e+00
2.703241659239908334e-01 4.631214012433653715e-01 1.984077368762875992e-01 3.998757473290732167e-01 -4.896437722396814740e-01 1.042405686994634338e-02 0.000000000000000000e+00 9.837305197889922390e-06 1.212084001892434389e+04 0.000000000000000000e+00 0.000000000000000000e+00
3.148295343189759787e-01 4.683333755863027803e-01 1.901687715063379580e-01 2.923417104390491073e-01 -4.487787461254967858e-01 1.698808434407517859e-02 -2.004740397488251563e-08 -2.224339101166677990e-02 1.218021716710222972e+04 0.000000000000000000e+00 0.000000000000000000e+00
2.774580214605345541e-01 4.581051505409545199e-01 1.691695490559733950e-01 2.265574491782062494e-01 -4.970291175803819850e-01 1.646783220898856079e-02 4.199883988245300906e-08 -1.085069177699635761e-06 1.229372451093636482e+04 0.000000000000000000e+00 0.000000000000000000e+00
3.411006472686121116e-01 4.720676579677353657e-01 1.539351058590441301e-01 2.853907994339103804e-01 -4.828186812340812817e-01 1.057998425983589091e-01 4.969925622561509265e-10 -2.685580321759244670e-08 1.238181171536066904e+04 0.000000000000000000e+00 0.000000000000000000e+00
2.685401694901014547e-01 5.001435870429026265e-01 1.010769225311255320e-02 3.374222204002018111e-01 -5.131213647506027709e-01 3.656239296496269220e-02 7.140330740690269938e-08 -1.073905743399816467e-06 1.249609085760974813e+04 0.000000000000000000e+00 0.000000000000000000e+00
2.984428548557770955e-01 4.673918608249797435e-01 1.932291026354353569e-01 3.257579636052889138e-01 -5.928390269338488228e-01 2.301550829819976052e-01 5.427024513386051400e-10 -3.889367567926670463e-09 1.249712335652774709e+04 0.000000000000000000e+00 0.000000000000000000e+00
3.973762651190449469e-01 4.492079518737029931e-01 1.427428198719550567e-01 3.504809294838781564e-01 -4.064262421714455731e-01 4.802658276671686877e-02 1.284188975311089365e-09 -3.273302686473134768e-09 1.250836071791366885e+04 0.000000000000000000e+00 0.000000000000000000e+00
2.711424851982426332e-01 4.906387827396771484e-01 1.961561935042231419e-01 2.870336198618759216e-01 -4.797136276584292869e-01 2.253313235507373516e-02 1.471097381380523424e-08 -4.040337878439465659e-09 1.252624496769549114e+04 0.000000000000000000e+00 0.000000000000000000e+00
3.452276229961463994e-01 4.566555589487930611e-01 2.188763027641273951e-01 3.422429461402719530e-01 -4.228292212488824475e-01 1.890295342053827446e-02 -5.763979561944761806e-08 -6.565718282906626077e-07 1.261762142930559276e+04 0.000000000000000000e+00 0.000000000000000000e+00
2.971750586751311651e-01 4.538328372099447172e-01 1.286492666149529340e-01 1.476380882555363983e-01 -4.813666285887907570e-01 7.684538757673619463e-03 -7.288933477721065061e-08 -1.980688445032897999e-08 1.262183466138547556e+04 0.000000000000000000e+00 0.000000000000000000e+00
2.837447955986465153e-01 4.817062809000277612e-01 2.088022333059807167e-01 2.262416974872928921e-01 -4.798209334209669885e-01 3.287574666612224500e-02 -2.792530349174751951e-08 2.273832164687554654e-04 1.312692768787942259e+04 0.000000000000000000e+00 0.000000000000000000e+00
3.241988619105147795e-01 4.954737323538056515e-01 1.243781797266754890e-01 2.609902787707288896e-01 -4.791618399306350473e-01 8.920566168921396921e-02 -6.989104297525469862e-04 -2.120752057316349460e-08 1.327703675214296345e+04 0.000000000000000000e+00 0.000000000000000000e+00
2.620862701233220293e-01 4.881234993746629836e-01 1.890138899774144177e-01 3.293128598575570942e-01 -5.007893785999536496e-01 3.568367897125156174e-02 6.968725218382610265e-08 -1.048096272844744474e-06 1.361775576914448357e+04 0.000000000000000000e+00 0.000000000000000000e+00
2.977043108996216825e-01 5.037280554668339683e-01 2.101442194585564915e-01 3.543608406556050250e-01 -4.378004572053260102e-01 1.970102057423966935e-02 5.968066445569106210e-08 -6.798192560220282662e-07 1.378555424861314168e+04 0.000000000000000000e+00 0.000000000000000000e+00
3.544396434084179370e-01 4.658624039378934656e-01 1.921082078094406009e-01 4.111115647122028927e-01 -4.802705195236015023e-01 1.267914171542308122e-01 0.000000000000000000e+00 -2.101183522915756551e-04 1.395549600734856722e+04 0.000000000000000000e+00 0.000000000000000000e+00
2.068360075634168849e-01 4.089171643782494869e-01 1.042600086017702460e-02 3.946526121324965830e-01 -6.387349505598238775e-01 5.329395214038232242e-02 -2.562037156057479435e-07 -1.098218360588797802e-09 1.429415191472128936e+04 0.000000000000000000e+00 0.000000000000000000e+00
2.728815015832584678e-01 5.808120033698711548e-01 1.152653131687693400e-02 3.004200017430368463e-01 -4.422850025661375639e-01 1.851546885742674786e-02 -9.823665079846941245e-10 -3.626489278853390675e-04 1.444035127726656719e+04 0.000000000000000000e+00 0.000000000000000000e+00
3.269728387718430218e-01 4.774012374400392056e-01 2.298211646319663626e-01 3.113032139105725848e-01 -5.035172788754899154e-01 1.378926987791798120e-01 0.000000000000000000e+00 -2.285153625601938254e-04 1.473027075052124019e+04 0.000000000000000000e+00 0.000000000000000000e+00
2.895579591816591636e-01 4.982393849367169891e-01 2.106783771976899478e-01 2.416311245584879808e-01 -5.831098212485825716e-01 2.276524644600630698e-01 2.269972147679493943e-03 -5.311605818716221908e-09 1.535849782681775832e+04 0.000000000000000000e+00 0.000000000000000000e+00
3.224011747383689341e-01 4.505606479262920239e-01 1.426775385099924576e-01 2.993725193999140499e-01 -4.605731067690985170e-01 1.946171687570511302e-02 -9.847019368786040554e-10 -1.662068167905877136e-01 1.563015395504292610e+04 0.000000000000000000e+00 0.000000000000000000e+00
3.729310341921696081e-01 4.932313678025468939e-01 2.154469611022211406e-01 3.149681461798968796e-01 -5.172914345246223400e-01 2.580988975640821637e-01 -5.377843988405643389e-10 2.843569231513046392e-05 1.682287063035175743e+04 0.000000000000000000e+00 0.000000000000000000e+00
3.662953061979904446e-01 5.229569910026694579e-01 1.972359341066102500e-01 2.547161206176795090e-01 -3.572788063531168179e-01 1.831476530989952292e-02 -9.299976358374137724e-10 9.404942231493484315e-10 1.785123429821687387e+04 0.000000000000000000e+00 0.000000000000000000e+00
3.620707813061571079e-01 5.345436872661847305e-01 2.122272991777643947e-01 3.730796901972227020e-01 -5.602311413453376909e-01 3.645172055041717152e-01 8.179492196880583962e-10 -5.032012663152538078e-05 1.974756209170891816e+04 0.000000000000000000e+00 0.000000000000000000e+00
3.785046841982399601e-01 5.351273121423392176e-01 2.242551263745057866e-01 3.974892451611610755e-01 -5.730964340681814484e-01 4.307122268462730275e-01 -1.761002719315648227e-08 -4.932929304107086601e-09 2.127787550567896324e+04 0.000000000000000000e+00 0.000000000000000000e+00
3.186618235930652743e-01 5.957114502908161802e-01 1.916351172810530079e-01 2.332473141763673763e-01 -3.471333267319646199e-01 1.779468946181206671e-02 -5.921760390311556980e-05 4.193631678072948513e-09 2.225285555806520279e+04 0.000000000000000000e+00 0.000000000000000000e+00
2.130478998649174560e-01 3.822160154758139639e-01 2.419161789794049278e-01 3.695139726654395051e-01 -6.050791302396572036e-01 2.612579259861115208e-02 -1.458279284806735736e-09 -7.106422945429874329e-09 2.234571696934097781e+04 0.000000000000000000e+00 0.000000000000000000e+00
3.051096181202738178e-01 3.897529315342853073e-01 1.274570824083079423e-01 1.851572480931500467e-02 -6.574620158204610432e-01 2.932989232252954936e-01 6.526409621369543883e-10 -5.166217859741909663e-06 2.234653058200418309e+04 0.000000000000000000e+00 0.000000000000000000e+00
2.009497069938410985e-01 4.970429487276232794e-01 1.300021573817298493e-01 1.788042290802341339e-01 -5.478955276403504326e-01 7.433088651557897934e-03 -8.017615869821320587e-09 -4.305264170487467817e-06 2.248793108071585812e+04 0.000000000000000000e+00 0.000000000000000000e+00
4.128654040429205474e-01 6.985447831437091581e-01 2.030084628884028589e-02 4.705882922858881101e-01 -1.946924535652634625e-01 1.045615878130026766e-02 -1.014671341269335063e-08 -2.664736874174915917e-06 2.396992172760423273e+04 0.000000000000000000e+00 0.000000000000000000e+00
2.198868720538252886e-01 5.818840369633979659e-01 1.521924420110537524e-01 2.078843135356034100e-01 -4.656992705070099325e-01 1.548330048850625820e-02 -9.472005056217790440e-09 -6.024721756216854489e-05 2.540557089492729210e+04 0.000000000000000000e+00 0.000000000000000000e+00
1.199188908355748595e-01 2.064300241410727266e-01 6.182928259297830464e-02 1.515814670021403687e-01 -8.077696596824585074e-01 2.212640657309203340e-02 -7.935309819793127501e-09 -4.175482754495250673e-05 2.625684974037924621e+04 0.000000000000000000e+00 0.000000000000000000e+00
4.648122775033487475e-01 7.864359387141967028e-01 2.285510606207224321e-02 5.297978802822529421e-01 -1.453915180816161834e-01 1.043624722593419207e-01 -1.276102767167405091e-09 -2.848753763237455344e-06 3.183108281388142495e+04 0.000000000000000000e+00 0.000000000000000000e+00
4.333898045115908149e-01 6.011535998064001518e-01 3.362266064033470614e-01 4.054291719624559254e-01 -1.880352538929321582e-01 2.874702533957931155e-02 3.159842450211033439e-07 -5.067864649530699241e-03 3.309659596741142013e+04 0.000000000000000000e+00 0.000000000000000000e+00
4.050659632682683808e-01 7.294070370595865382e-01 -3.776771614814459777e-01 6.256178934463647590e-01 -3.019975775968050669e-01 7.315693108848619897e-02 -1.847302406764915239e-09 -1.358459792572144049e-04 3.722812635654542828e+04 0.000000000000000000e+00 0.000000000000000000e+00
3.728531015969874240e-01 4.890067158016564441e-01 1.899111592246337799e-01 6.388448781256794717e-01 -6.899524683757337629e-01 6.690448178188933559e-01 -2.492386169056942232e-08 -5.414016622784801845e-08 4.734510745256447262e+04 0.000000000000000000e+00 0.000000000000000000e+00
5.344044957622985370e-01 3.051433525651795486e-01 4.230029543496139355e-01 7.006995503348566467e-01 -3.382409119703974065e-01 8.193664096657599094e-02 0.000000000000000000e+00 -4.115121477115981610e-04 5.415148453640360822e+04 0.000000000000000000e+00 0.000000000000000000e+00
2.991166411796154501e-01 4.322657416420147558e-01 4.857129157712877232e-01 2.653605312032324970e-01 -4.950896129869496454e-01 9.329813729583616433e-02 6.794063778393881492e-10 -2.010232481079865276e-06 5.547770585969090462e+04 0.000000000000000000e+00 0.000000000000000000e+00
2.945836755693667652e-01 4.374714384701227088e-01 1.957366615078848793e-01 1.045233772452105248e+00 -4.815121873093968219e-01 1.877848596341270479e-02 5.203399123699465873e-08 -1.015479506113904801e-06 7.258902995409026335e+04 0.000000000000000000e+00 0.000000000000000000e+00
4.909685486267457155e-01 5.165287333708713513e-01 1.741287585693555851e-01 5.836242183242009718e-01 -6.666948187426091632e-01 1.005367266602273268e+00 -5.237050953980190570e-10 2.769124018604914652e-05 7.949202004879392916e+04 0.000000000000000000e+00 0.000000000000000000e+00
2.674395662054079303e-01 4.611366049644717302e-01 5.506108715993692782e-01 2.772719031982537885e-01 -5.879737521721836169e-01 2.271269845347398120e-01 -1.274665174450861650e-08 -1.077812331491162008e-04 8.918011153609691246e+04 0.000000000000000000e+00 0.000000000000000000e+00
1.617918330460661192e-01 8.807017211681886781e-01 1.251783907053661271e-01 1.538754130805093656e-01 -2.315552839925349993e-01 1.137985370048783147e-02 6.340556936691335337e-10 -2.135655288559621756e-04 1.276185433688414487e+05 0.000000000000000000e+00 0.000000000000000000e+00
2.870243529364240875e-01 2.419068125082905474e-01 1.090500551624674852e+00 2.294274928154025617e-01 -2.467065508517090056e-01 1.883897299791746985e-02 3.570362003199006331e-08 -1.968276488943041960e-08 1.503064191500752640e+05 0.000000000000000000e+00 0.000000000000000000e+00
1.129906761656501862e-01 2.027095599502992396e-01 1.197884892032583970e+00 1.567783907772707097e-01 -2.872229112286717179e-01 8.535542271321134092e-03 -6.000149991366516602e-10 -1.273948195885575401e-08 1.635895664735906175e+05 0.000000000000000000e+00 0.000000000000000000e+00
3.099733535804632956e-01 4.306275386766562630e-01 1.692101376349048059e-01 3.266491352604249387e-01 -4.816358120506565310e-01 1.636924157555057213e-02 -1.169357698101270466e-09 -3.266567987630351910e-04 inf 0.000000000000000000e+00 -9.000000000000000000e+01
2.885011057333197182e-01 4.558908257833686473e-01 1.969290824118223038e-01 2.629003250197827768e-01 -4.844455427330828790e-01 1.889288384388420478e-02 5.235098049382731238e-08 -1.310887332186240963e-06 inf 0.000000000000000000e+00 -9.000000000000000000e+01
2.936625459034586383e-01 3.636748085029586908e-01 1.429417028073126372e-01 4.745275576188338063e-01 -5.425950351461255039e-01 1.823236005195314272e-02 1.808324284937979588e-08 -4.035808865666711323e-06 inf 0.000000000000000000e+00 -9.000000000000000000e+01
2.854480223903382852e-01 3.657302786876209244e-01 1.275595850056824299e-01 3.407535767284663453e-01 -5.477033929614615326e-01 1.000740625372377457e-02 -1.573797587818282246e-08 2.545298585271513722e-06 inf 0.000000000000000000e+00 -9.000000000000000000e+01
2.870182330411054084e-01 4.082252571294100463e-01 1.682353494345668332e-01 2.986541073535826096e-01 -5.216750316760632167e-01 1.993855546252611480e-02 2.191624809946304316e-07 -3.515003698560834663e-03 inf 0.000000000000000000e+00 -9.000000000000000000e+01
2.822138247071201977e-01 4.592120422934674040e-01 1.725732621466884997e-01 3.589130523278706852e-01 -5.024782732590189482e-01 3.552255894614884252e-02 2.105294325517810292e-07 -5.216347298749585863e-09 inf 0.000000000000000000e+00 -9.000000000000000000e+01
2.280067393620997251e-01 3.704162642792915849e-01 1.299108166132893760e-01 2.537616534428684956e-01 -6.029679884791740996e-01 9.752779964408750391e-03 1.512537321107795725e-09 -4.752076210346134001e-09 inf 0.000000000000000000e+00 -9.000000000000000000e+01
2.947460516260788088e-01 4.134226796735429033e-01 1.853106364183762789e-01 3.151739957981832818e-01 -5.097258450563211252e-01 2.243426011757901697e-02 1.298773712927784682e-08 -3.733343591721101991e-04 inf 0.000000000000000000e+00 -9.000000000000000000e+01
2.967774799760351523e-01 4.377714322570086525e-01 1.646572729435145099e-01 2.957915082817625940e-01 -5.008736206904513821e-01 3.148947098582931259e-02 2.762119151998130818e-08 -2.286094361972921110e-08 inf 0.000000000000000000e+00 -9.000000000000000000e+01
3.635199271519577446e-01 8.874998221483344053e-06 2.588512584719975251e-01 4.550266674350367802e-01 -6.405471819815531376e-01 2.671558085319344564e-02 1.542126576739428025e-07 -4.660375253106677511e-09 inf 0.000000000000000000e+00 -9.000000000000000000e+01
4.293601441759001824e-01 8.570296925352011318e-06 1.778599434449586458e-01 4.356008439458987636e-01 -5.778887987018657135e-01 2.426072035586936126e-02 -1.227516486704064102e-09 -8.215296181599652603e-04 inf 0.000000000000000000e+00 -9.000000000000000000e+01
3.187295418923951074e-01 4.579898340423031455e-01 1.593647709461975537e-01 4.854496099591864011e-01 -4.589705403250489701e-01 2.323048007254187308e-02 1.530781136715796706e-09 -3.901847861604942254e-09 inf 0.000000000000000000e+00 -9.000000000000000000e+01
3.094395549643234600e-01 4.695281575326170076e-01 1.693620277170666266e-01 4.412198070784675297e-01 -4.822181077362012180e-01 5.710477591612909271e-02 -5.643758268299797569e-09 -2.344777919716307657e-08 inf 0.000000000000000000e+00 -9.000000000000000000e+01
2.615427343889892287e-01 4.776855979029086541e-01 1.495234877733278012e-01 3.276686332722431039e-01 -4.974246721964172835e-01 1.057891012917727691e-02 1.595683068667117806e-09 -1.461154132273392208e-03 inf 0.000000000000000000e+00 -9.000000000000000000e+01
2.914240330685162750e-01 4.283346526309064761e-01 1.774948389326701514e-01 4.938561634214789220e-01 -5.007016943995984404e-01 1.919193506365648311e-02 -1.063197723805051682e-07 -2.080929755473703107e-08 inf 0.000000000000000000e+00 -9.000000000000000000e+01
3.856944178467663908e-01 4.041025605167257173e-01 1.516480324715695216e-01 2.717392489374945153e-01 -4.251404378538220508e-01 1.512097433603800008e-02 -1.112885244886458547e-08 7.314738698784234039e-10 inf 0.000000000000000000e+00 -9.000000000000000000e+01
3.281431353575346987e-01 3.957020161664389080e-01 1.380131422239042893e-01 3.696435907115758202e-01 -5.578433301078089546e-01 1.389782690926029129e-01 -2.070937590190811979e-08 -4.498536654247818764e-08 inf 0.000000000000000000e+00 -9.000000000000000000e+01
3.328504923695295714e-01 3.866939543704828730e-01 1.659357601665742976e-01 2.222266522584800119e-01 -4.875280741177226984e-01 1.633659585710742559e-02 -1.051630117206119389e-03 -1.060592873886853173e-06 inf 0.000000000000000000e+00 -9.000000000000000000e+01
2.784510702133863314e-01 4.523673532702521816e-01 1.586523539587898768e-01 3.099040150215429112e-01 -5.013969437064963452e-01 1.734537397508635614e-02 1.742406901082130569e-08 -5.555300483671667077e-09 inf 0.000000000000000000e+00 -9.000000000000000000e+01
2.878322571194776303e-01 4.421020639928667784e-01 1.630704334399918354e-01 3.261408668799836708e-01 -5.011180303806733738e-01 2.258396082164966165e-02 -6.813085590761842788e-08 -4.721023982728993999e-09 inf 0.000000000000000000e+00 -9.000000000000000000e+01
2.454965493209481653e-01 4.311158914904456019e-01 1.462001807947923004e-01 3.053737564723989495e-01 -5.488743988882988090e-01 1.596725524038687324e-02 -1.162886023333532198e-08 -5.398051489387112732e-09 inf 0.000000000000000000e+00 -9.000000000000000000e+01
2.617373311737301589e-01 5.174577122055354916e-01 8.241968163157449914e-03 4.823588363776405985e-01 -4.963983867087985447e-01 1.968044108921246718e-02 3.777655452188346014e-08 -2.056192208153150446e-08 inf 0.000000000000000000e+00 -9.000000000000000000e+01
2.305865912053652045e-01 3.655452984325856525e-01 1.623360449790280102e-01 3.593757575307698349e-01 -6.215812458579410560e-01 4.974192352088981778e-02 1.295685277655218791e-09 -4.545183512356471302e-07 inf 0.000000000000000000e+00 -9.000000000000000000e+01
2.964409646158776557e-01 4.244495629727339514e-01 1.847943675527549123e-01 3.474519098257527472e-01 -4.860476854903189037e-01 3.736153213613895593e-05 -4.382893964968148885e-08 -2.488324944116406445e-09 inf 0.000000000000000000e+00 -9.000000000000000000e+01
2.940728012449354556e-01 4.322278085412138426e-01 1.751608128220672744e-01 4.647929174039080458e-01 -4.973580262666022489e-01 2.109330914969964957e-02 -1.893976430782320176e-08 -2.058670033459043641e-08 inf 0.000000000000000000e+00 -9.000000000000000000e+01
3.040866456316135280e-01 3.868313111096035595e-01 1.520433228158067640e-01 5.047424594157394750e-01 -5.626637252503324804e-01 9.800071317549448324e-02 -1.140517228352141627e-09 -5.508020067561823913e-06 inf 0.000000000000000000e+00 -9.000000000000000000e+01
2.758070296015356915e-01 4.535920486826650055e-01 1.888365202672535326e-01 2.979100319737842395e-01 -4.939540530145970498e-01 1.060103238777679660e-02 -1.735586114238474163e-08 -5.370006541579436903e-09 inf 0.000000000000000000e+00 -9.000000000000000000e+01
3.206005637928422969e-01 4.069961702694848693e-01 1.967321641456077908e-01 3.237232965570582821e-01 -4.871463112176954713e-01 2.394095119232263896e-02 -3.970760045644119898e-09 -2.622607594947028056e-04 inf 0.000000000000000000e+00 -9.000000000000000000e+01
3.869679879801626865e-01 4.146685164039053961e-01 2.052357333213661317e-01 2.434288861480416177e-01 -4.129896964994361208e-01 1.930642890139640591e-02 -5.303469594530486126e-09 -2.926714692468446284e-06 inf 0.000000000000000000e+00 -9.000000000000000000e+01
3.040679986617723651e-01 3.901065320451677088e-01 2.048303720888788038e-01 3.245999214009916978e-01 -5.123203578738543262e-01 2.212070247499228065e-02 -1.234724728939675461e-09 -9.627210629891887085e-08 inf 0.000000000000000000e+00 -9.000000000000000000e+01
2.965070878946082789e-01 4.404977503865586397e-01 1.482535439473041394e-01 3.116639997358662262e-01 -4.869157929004110374e-01 8.644176284467414845e-03 1.439829364240457268e-09 -1.835754207458264596e-06 inf 0.000000000000000000e+00 -9.000000000000000000e+01
3.005695146411024865e-01 4.498783969141177397e-01 1.338778580838514629e-02 3.025212647361745777e-01 -4.996480243384561204e-01 1.628491485575778511e-02 -5.525835127587584856e-10 -2.559334164356355396e-09 inf 0.000000000000000000e+00 -9.000000000000000000e+01
2.971313742888030407e-01 4.491292720272996308e-01 1.260111603832052563e-01 2.588867419546006521e-01 -4.942383255496921590e-01 2.420934258334925607e-02 8.986717953718036161e-10 -5.845019807296283991e-09 inf 0.000000000000000000e+00 -9.000000000000000000e+01
2.963104615919090468e-01 4.027038152507488311e-01 1.759964822206976365e-01 4.623636397323412917e-01 -5.548363676788095056e-01 8.973831932439527148e-02 -1.440181071462925135e-08 -2.389633777834779326e-06 inf 0.000000000000000000e+00 -9.000000000000000000e+01
3.041176990007647407e-01 4.215302283618194701e-01 1.708256062425181632e-01 3.916958971307317738e-01 -4.927476642037706966e-01 1.672166145613382046e-02 -1.973300200026681808e-08 -8.670038609084671887e-05 inf 0.000000000000000000e+00 -9.000000000000000000e+01
3.345717356183176006e-01 4.431608077049645211e-01 1.721772674527014546e-01 4.177255295585426964e-01 -4.793571650671801798e-01 6.578932520564870212e-02 5.083905534999074734e-10 -2.418233466351043960e-06 inf 0.000000000000000000e+00 -9.000000000000000000e+01
2.857830729066849762e-01 4.599471678430822053e-01 1.400048387472143663e-01 2.607650261202411612e-01 -4.926630751792010487e-01 1.792158159221214631e-02 5.197663696961838154e-10 -6.581317619049609514e-09 inf 0.000000000000000000e+00 -9.000000000000000000e+01
3.416209407079331406e-01 4.249431213684046749e-01 5.985165320880222973e-04 2.888502262896345263e-01 -4.777138357867032892e-01 2.036764416144858786e-02 -4.828433730728928837e-09 -2.972240331177301081e-05 inf 0.000000000000000000e+00 -9.000000000000000000e+01
3.145771615167605173e-01 3.797262778072139078e-01 1.279714784276762551e-01 3.322604930813121693e-01 -5.156087203558737952e-01 1.907938405648991476e-02 7.922400891977013255e-10 -5.769310758971444756e-07 inf 0.000000000000000000e+00 -9.000000000000000000e+01
1.337565128286805349e-01 2.037993555086836106e-01 6.856603575602708556e-02 2.088626935337440649e-01 -7.898807319094320878e-01 1.010030449790706719e-02 -2.459657484545872496e-08 1.017777093253527116e-04 inf 0.000000000000000000e+00 -9.000000000000000000e+01
3.437051531782566172e-01 4.082685521178186505e-01 1.671052678435722971e-01 2.554052105109144710e-01 -4.633373335662686054e-01 1.637821517216830544e-02 -5.489456037508666333e-09 -2.280670910428858266e-08 inf 0.000000000000000000e+00 -9.000000000000000000e+01
2.615516697040902727e-01 3.230932390462291637e-01 2.532179155223422962e-01 3.833526923604068659e-01 -5.897733728621643579e-01 2.516152704873907825e-02 -1.986921830594056884e-08 -2.720554506505708626e-08 inf 0.000000000000000000e+00 -9.000000000000000000e+01
2.644644370883330042e-01 3.942327012496888994e-01 9.330173929575971137e-01 1.962950324972409510e-01 -2.110787587941042875e-01 1.083113280777140211e-02 -5.553261941672809906e-10 0.000000000000000000e+00 inf 0.000000000000000000e+00 -9.000000000000000000e+01
3.101226088033350869e-01 4.611823311559273830e-01 1.159833547036666530e-02 2.891143030456898022e-01 -4.801898458890350163e-01 1.072298939713144626e-02 3.607507258192526279e-09 -8.834516948327350215e-07 inf 0.000000000000000000e+00 -9.000000000000000000e+01
3.435517472579690534e-01 3.526725901055257628e-01 1.727893006120463926e-01 4.043573662416803938e-01 -5.087403454970514938e-01 4.053707932247422457e-02 -6.457627992654891354e-05 -1.389503402557466143e-03 inf 0.000000000000000000e+00 -9.000000000000000000e+01
3.020043078076095622e-01 4.424714277181256983e-01 1.610355196116987908e-01 4.735748614125970812e-01 -4.856149002620698818e-01 2.257507284276151494e-02 2.354763595749893645e-09 -2.725126794441426100e-06 inf 0.000000000000000000e+00 -9.000000000000000000e+01
1.428512368849362835e-01 3.095647571321418212e-01 9.577159673775637039e-02 1.167317105019118062e-01 -7.223177666416642495e-01 2.292512442954500792e-03 9.802357985165736047e-10 -2.479419960953685824e-09 inf 0.000000000000000000e+00 -9.000000000000000000e+01
2.634946190527380216e-01 4.126593694995422390e-01 1.706016008104168091e-01 2.876110757118021666e-01 -5.430668758781854732e-01 2.104607444552589537e-02 1.208525159095738346e-08 -1.461729813574123124e-06 inf 0.000000000000000000e+00 -9.000000000000000000e+01
1.254548986103190433e+00 1.958512210280215715e+00 6.587365365902332348e-01 1.411859203796380413e+00 -1.887722612318280202e+00 8.283366150407037165e-02 3.906327325757294602e+03 1.022029741320473712e-07 inf 0.000000000000000000e+00 -3.000000000000000000e+01
2.804310804393921885e-01 4.429998227230978469e-01 1.460578543955167764e-02 4.003255278736251310e-01 -5.222520845864043748e-01 1.670139813305257168e-02 -7.414023695946340975e-03 -1.227898062598179352e-04 inf 0.000000000000000000e+00 -9.000000000000000000e+01
3.170361703918369578e-01 4.526301017286533668e-01 1.351061833823674341e-01 2.482637088145307758e-01 -4.604340689998370761e-01 7.895420012642862667e-03 3.394161086196804581e-09 -1.801071242929888095e-06 inf 0.000000000000000000e+00 -9.000000000000000000e+01
4.826823428317245646e-01 6.824129674517485089e-01 2.859779397968524872e-01 5.068921155129396672e-01 -4.662272629624612807e-02 1.413812896813143073e-02 -1.369736800327722838e-09 -7.034697641189292521e-09 inf 0.000000000000000000e+00 -9.000000000000000000e+01
3.189848415629378819e-01 4.458433664496394000e-01 1.544364650794627369e-01 3.934452800833931341e-01 -4.596323365460200372e-01 9.479916941261663788e-03 -4.965565264163382650e-10 -4.684753987155522504e-09 inf 0.000000000000000000e+00 -9.000000000000000000e+01
1.959846880642931166e-01 3.378337455094283515e-01 1.356817071214337089e-01 2.110604333000079824e-01 -6.551096566065182092e-01 1.301996179448101053e-02 3.778139120621096269e-10 -3.910884549183459252e-09 inf 0.000000000000000000e+00 -9.000000000000000000e+01
4.757500306274564106e-01 7.492648565979452835e-01 2.279290216420740700e-01 4.890113555229952391e-01 -1.690041893425606049e-03 1.440097000374922567e-02 -1.719199517237961662e-08 -2.778878530018257210e-09 inf 0.000000000000000000e+00 -9.000000000000000000e+01
3.919001407216438637e-01 1.891062259916020559e-03 1.660532765373877104e-02 4.541431042480226221e-01 -6.616196493359517428e-01 1.342834305707985565e-01 -2.425220953624744486e-08 -8.611087076403307688e-05 inf 0.000000000000000000e+00 -9.000000000000000000e+01
2.966518172589783231e-01 4.395571777325725238e-01 1.488186857345705216e-01 3.025651425199546440e-01 -4.868637798203829803e-01 7.976829388504504126e-03 -2.954803512763067852e-08 -7.314660153551427822e-05 inf 0.000000000000000000e+00 -9.000000000000000000e+01
3.544506508639630460e-01 3.934012718380249241e-01 1.329189940739861353e-01 3.038148435976826267e-01 -4.829877000783672214e-01 4.613214171615453302e-02 -1.120915811600640229e-09 0.000000000000000000e+00 inf 0.000000000000000000e+00 -9.000000000000000000e+01
2.609160901801964583e-01 3.987585529169040410e-01 7.615180698065875976e-03 3.552725378868712980e-01 -5.727026130370350687e-01 2.102507802159601924e-02 5.560748531626386699e-04 -4.144704312418176428e-09 inf 0.000000000000000000e+00 -9.000000000000000000e+01
2.910821374642805215e-01 4.278321349307210864e-01 1.767982110101838089e-01 3.203857083499463965e-01 -5.059749906258299568e-01 2.356495492055626917e-02 -1.490456689741303833e-08 0.000000000000000000e+00 inf 0.000000000000000000e+00 -9.000000000000000000e+01
2.601479716659443331e-01 4.665059491904339772e-01 2.088029772581921351e-01 4.938899462079017755e-01 -5.007359454622687389e-01 1.925437290290706038e-02 4.809200239907620399e-10 -2.075242770190439988e-08 inf 0.000000000000000000e+00 -9.000000000000000000e+01
6.046520913927533680e-06 6.147184634414581961e-01 1.905119204880552364e-01 5.042215495583861617e-01 -6.934633905765210660e-01 7.699856786392231256e-02 2.053433991765378997e-09 -1.895196709021799422e-03 inf 0.000000000000000000e+00 -9.000000000000000000e+01
2.915044439541291110e-01 3.521530195419009246e-01 1.227644554236348995e-01 3.658478591907526334e-01 -5.986601332212315718e-01 1.012439931182965158e-01 7.925894706444136774e-10 -1.072297538074500262e-04 inf 0.000000000000000000e+00 -9.000000000000000000e+01
2.858824687266350306e-01 4.317408711381835462e-01 1.818368083397304547e-01 2.654622923890182506e-01 -4.998081255969061831e-01 9.997377998624885909e-03 1.582278563910831515e-08 -1.999582800546655273e-08 inf 0.000000000000000000e+00 -9.000000000000000000e+01
7.162375226331754718e-02 5.277226154286848159e-01 1.929820851003316851e-01 4.026416343451364455e-01 -6.408911221233236644e-01 1.113071825713718606e-02 -1.566523112090306380e-09 -6.461353119556617448e-08 inf 0.000000000000000000e+00 -9.000000000000000000e+01
3.306570518027041050e-01 3.991363228861043444e-01 1.354911292150133839e-01 2.827215620443239152e-01 -4.862028246921418217e-01 1.742552880247238631e-02 -5.329511316352898290e-08 -8.639172829659140313e-07 inf 0.000000000000000000e+00 -9.000000000000000000e+01
2.808067318439889104e-01 4.344187767900037911e-01 1.829646649993934837e-01 2.671088424857455679e-01 -5.029082235812205592e-01 1.005938749745996855e-02 9.987028805695157982e-10 -6.692038280020551066e-09 inf 0.000000000000000000e+00 -9.000000000000000000e+01
2.636641930269961187e-01 3.382701383208085444e-01 1.258975326833084440e-01 3.670951626388724298e-01 -5.917607933531938702e-01 2.172474259265844490e-02 8.179950033017101575e-10 -6.852208336538186918e-08 inf 0.000000000000000000e+00 -9.000000000000000000e+01
1.041449678842354789e-03 5.777577270255014330e-01 1.787437967985144871e-01 2.130481618406536437e-01 -6.740506815297516718e-01 6.827020016609928327e-03 8.519581219091799235e-10 -5.344916217451275690e-09 inf 0.000000000000000000e+00 -9.000000000000000000e+01
2.964887114969625981e-01 4.158670045749475186e-01 1.384592497584825332e-01 3.170374340759600229e-01 -5.127395538759352833e-01 2.256690068943465258e-02 1.329782107901405422e-08 -6.823415279280755653e-06 inf 0.000000000000000000e+00 -9.000000000000000000e+01
2.847510123538347648e-01 4.042206799975572307e-01 1.280032153325597888e-01 3.152921303980946166e-01 -5.479435884411331115e-01 4.749592989971297696e-02 1.385372227421971630e-09 -4.484055035617009148e-09 inf 0.000000000000000000e+00 -9.000000000000000000e+01
2.523838895814083938e-01 1.759039230415876953e-01 5.268619917187650215e-02 1.291661657116972284e-01 -7.019161373543547633e-01 4.981820042663322873e-02 4.226166147766042118e-10 -3.900345515811170030e-05 inf 0.000000000000000000e+00 -9.000000000000000000e+01
1.007263316614547544e-01 9.361623766182265438e-01 6.492898339941814700e-02 2.216966809607509303e-01 -2.444094812373534542e-01 6.511414209732523106e-03 -3.301698592734528419e-10 0.000000000000000000e+00 inf 0.000000000000000000e+00 -8.000000000000000000e+01
3.111510440845424719e-01 4.393296188489294596e-01 1.726986140909488876e-01 1.731878452923396594e-01 -4.706404157379400210e-01 8.194622623295733099e-03 3.528414688604211531e-09 -6.065374010162610993e-07 inf 0.000000000000000000e+00 -9.000000000000000000e+01
3.174638232766083257e-01 4.532406584626038626e-01 1.665464057497283712e-01 3.721652820565777842e-01 -4.532406584626038626e-01 7.906070214292456461e-03 1.164450364027053949e-09 -3.252859487299382250e-04 inf 0.000000000000000000e+00 -9.000000000000000000e+01
2.258499696946152102e-02 3.530434544323768353e-02 1.202630705052553858e-02 2.796625978528989587e-02 -4.533306250909965862e-02 2.792549264274574086e-03 1.114721694119621263e-10 -2.228168942893301363e+00 inf 0.000000000000000000e+00 -3.000000000000000000e+01
-5.834052785593868418e-01 8.059220354458196400e-01 2.776784739297081805e-01 5.572268365727476302e-01 -9.910410180656250567e-01 4.604600956578493859e-02 0.000000000000000000e+00 4.131467982336152250e-05 inf 0.000000000000000000e+00 -9.000000000000000000e+01
3.114046752825758158e-01 4.372525824026727848e-01 1.566209355034783868e-01 -3.610089598408622313e-01 -4.795080840634353136e-01 8.468324042068571880e-03 -2.967596300287515602e-08 -5.133065556309124666e-09 inf 0.000000000000000000e+00 -1.000000000000000000e+01
1.319355212639512498e-01 1.632702075641396799e-01 5.339265626150527244e-02 7.756365605556509758e-03 -8.114034557733001973e-01 9.482865590846496773e-03 -2.604940022151699834e-09 -1.437533693733828620e-06 inf 0.000000000000000000e+00 -8.000000000000000000e+01
1.009138248756293432e+00 3.301127629443727080e-10 1.441955971176084764e-10 2.108037155831027400e-10 -3.476797392429645750e-10 1.642329294581898578e-11 -6.631464753016750074e-18 -1.919634533768006763e-18 inf 0.000000000000000000e+00 -8.000000000000000000e+01
2.842001345459718165e-01 4.457659644590928338e-01 1.279873893588880096e-01 3.017193209220933592e-01 -4.983235235874574620e-01 8.120872851431343298e-03 -1.073231127388771021e-09 2.777174082721905075e-06 inf 0.000000000000000000e+00 -9.000000000000000000e+01
3.373757426766699763e-01 3.744500001136666922e-01 1.362478960809628825e-01 2.242992574938300621e-01 -5.171858912461040347e-01 5.653824259141997099e-02 2.107150178548054722e-03 -4.016528744547677611e-06 inf 0.000000000000000000e+00 -9.000000000000000000e+01
2.914615747120247180e-01 4.454230045432936436e-01 1.617079168668044131e-01 2.904932638325827821e-01 -4.948068593948327099e-01 2.063712561810640209e-02 1.489068310833103626e-08 -3.600024646830032524e-09 inf 0.000000000000000000e+00 -9.000000000000000000e+01
