1.740986799755656622e-01 3.127328140301827708e-01 2.047271514527485015e-01 -6.641337584517122735e-07 -6.770504221271997913e-01 8.627557445164447876e-10 7.148661983334402576e-08 6.506870996386158795e-04 3.689341928148193983e+04 0.000000000000000000e+00 0.000000000000000000e+00
6.020680120464879659e-01 2.012993353346920200e-02 1.086558912317939999e-03 1.660719516511209304e-01 -3.440388640265645281e-01 -1.317595649463438601e-01 1.228633638517407484e-04 -1.135168126816374010e-02 3.836317346377546346e+04 0.000000000000000000e+00 0.000000000000000000e+00
2.147423586164179110e-01 4.200107896468173729e-01 1.736886724103380020e-01 0.000000000000000000e+00 -5.715936310231123363e-01 4.705750736603358381e-10 -3.375086702519067977e-02 6.514867195789046032e-05 3.977881939902723389e+04 0.000000000000000000e+00 0.000000000000000000e+00
6.067023003282717708e-01 6.782675478107254295e-08 8.198221649506401816e-06 2.864196117015052869e-07 -4.014497808142295510e-01 3.710681213155493926e-09 2.039791238277188345e-03 1.338543913981909101e-06 8.959713002239928755e+04 0.000000000000000000e+00 0.000000000000000000e+00
3.868893595808867159e-01 6.890865210445643596e-01 2.179288378731783209e-05 1.207860304249926926e-06 -2.165425520042276453e-01 4.660840127294195194e-10 -7.988014140600396829e-02 1.638871853547621156e-05 1.129587159884182911e+05 0.000000000000000000e+00 0.000000000000000000e+00
6.156305177815509788e-01 -3.240188138909675349e-08 1.291662520326574803e+00 3.800048339048119593e-05 -1.939816914519226498e-01 0.000000000000000000e+00 2.550002586919454875e-03 0.000000000000000000e+00 1.666879498996541661e+05 0.000000000000000000e+00 0.000000000000000000e+00
1.615521094159854537e-02 -2.722653784264181351e-08 1.061557677750231132e+00 7.306841589997815911e-03 -8.326716357074304131e-01 2.926117760366861166e-07 -2.066880422757188251e-01 1.247674032047359227e-04 inf 0.000000000000000000e+00 -9.000000000000000000e+01
3.112875840273103892e-02 -5.599726056758518279e-08 1.074247348800130064e+00 3.767113838565796656e-05 -2.055718790203885094e-01 2.414052380726499681e-06 1.086454705036495050e-02 -9.121336579812012735e-01 inf 0.000000000000000000e+00 -9.000000000000000000e+01
3.393414623985237522e-01 1.512545130441818597e-01 4.758026198755102021e-01 6.434354908690869713e-03 -5.736199097483942744e-01 -1.768004145521230961e-09 6.950550648423160231e-10 3.598990627015228373e-10 inf 0.000000000000000000e+00 -9.000000000000000000e+01
1.274909962936444045e-07 4.502184523221937629e-01 2.745931304001421325e-04 1.388838087283956037e-05 -1.174560210960145650e-04 7.614583821185751870e-08 -1.088904861960914165e-07 -2.112938584905602379e+00 inf 0.000000000000000000e+00 -3.000000000000000000e+01
4.002926564066510706e-01 7.829253426777146307e-01 3.237661191524383586e-01 0.000000000000000000e+00 -3.127286378176961489e-03 7.358320889828144553e-04 -1.388308199135544416e-03 3.552689304620151086e-03 inf 0.000000000000000000e+00 -8.000000000000000000e+01
9.673397487104708485e-05 6.633186848300371904e-03 1.424209408460879844e+00 4.163572927629399876e-04 -4.181332750481301375e-01 4.846455593943867947e-10 1.930221710560524838e-04 8.714973312115071626e-05 inf 0.000000000000000000e+00 -9.000000000000000000e+01
4.134397329669743382e-01 -1.830414047346508136e-08 4.813490388166007469e-06 2.184300092091413514e+00 -1.228169365707811728e-04 -3.196102349209126495e-09 -1.958614252997236167e-08 -2.964876697758107166e-02 inf 0.000000000000000000e+00 -2.000000000000000000e+01
5.322105434421119385e-01 3.890055017011218724e-03 9.925889889963314117e-01 1.481537018937780781e-01 -3.069189637028130191e-01 4.312665053919488237e-07 1.498627752455141695e-04 -7.085256928033023538e-01 inf 0.000000000000000000e+00 -9.000000000000000000e+01
1.965482078113386655e-01 8.753587059773937386e-08 5.681471632046508369e-05 5.601623922623152202e-02 -8.113510018452060324e-01 0.000000000000000000e+00 -1.098415849470562604e-07 4.648585847588728781e-08 inf 0.000000000000000000e+00 -9.000000000000000000e+01
2.192433599500962876e-05 2.494052838814029467e-08 3.077089200903040389e-01 6.920231989478594324e-03 -9.965134064849175966e-01 1.408186742045062882e-02 -1.822595983275467069e-02 6.743202799050072860e-02 inf 0.000000000000000000e+00 -9.000000000000000000e+01
7.241425019327458752e-05 1.199569042788381390e+00 6.445427740767276364e-08 6.115503673886935748e-02 -3.381892450216352653e-06 1.314528026077536627e-08 9.687712748015592766e-09 2.353755393591936632e-07 inf 0.000000000000000000e+00 -9.000000000000000000e+01
4.405549735493090591e-01 2.102887701906009654e-01 3.995486633621418704e-02 -1.004128877660119684e-01 -4.784069521836172290e-01 1.341258330378283824e-05 1.227347634855726135e-06 3.462569282362074690e-09 inf 0.000000000000000000e+00 -1.000000000000000000e+01
2.997607652521984689e-01 2.536978324324565944e-08 1.004393213442431154e+00 0.000000000000000000e+00 -4.697549654601551605e-01 1.584064514700216701e-07 8.848485375083242172e-08 -8.564593292919955303e-01 inf 0.000000000000000000e+00 -9.000000000000000000e+01
8.322928995281037023e-01 -9.714544132755679184e-01 2.569135638414725142e-01 4.012069328216659808e-06 -4.429082793308719013e-01 3.947945128552891585e-09 8.927579082056377041e-03 1.653830104761065972e-06 inf 0.000000000000000000e+00 -1.000000000000000000e+01
1.894502348879811282e-01 6.456528089628447153e-01 4.037332701206870489e-01 -4.385792964108653491e-02 -3.340412175403303374e-01 -2.596231273575003790e-09 8.331813466461391181e-09 -2.747629199432453651e-01 inf 0.000000000000000000e+00 -9.000000000000000000e+01
2.594936387284990098e-01 5.433751172085221220e-09 9.427212868348121841e-04 1.673865921226584191e-06 -7.474627261334024775e-01 0.000000000000000000e+00 6.560630898975809396e-04 4.248156269044020382e-05 inf 0.000000000000000000e+00 -9.000000000000000000e+01
3.575738022979322306e-01 -1.986516140534028270e-08 7.051263560058831614e-09 2.246496279654400130e+00 -4.846193855872110712e-02 8.388227147147059564e-04 5.661281420909657379e-09 0.000000000000000000e+00 inf 0.000000000000000000e+00 -2.000000000000000000e+01
4.599233504703959530e-01 4.953197394523802559e-10 3.408318296149249679e-03 6.671727614848337040e-02 -5.450943412982470759e-01 3.920253026840191191e-09 -5.299528318177401665e-02 6.653983658425867247e-03 inf 0.000000000000000000e+00 -9.000000000000000000e+01
7.901557546945365829e-01 8.974195536333752835e-08 1.070717595896363294e-05 5.724698098377705574e-02 -2.162117736726343886e-01 1.728059845442856948e-09 1.618225533232505870e-09 -6.388075131236924387e-01 inf 0.000000000000000000e+00 -9.000000000000000000e+01
6.342797801175528556e-08 9.151063471829808116e-02 7.883993144961065624e-01 2.066733531711500716e-06 -9.146208796247935480e-01 2.574157355805542895e-07 3.443785490890859200e-03 3.802197086583795904e-04 inf 0.000000000000000000e+00 -9.000000000000000000e+01
6.170045850064994619e-01 1.388602879089421115e-03 5.860271181355354575e-03 -1.537813458061884520e+00 -3.907173704546234028e-01 3.118334865796556153e-06 -5.343980066839287835e-02 2.282186526242989586e-08 inf 0.000000000000000000e+00 -1.000000000000000000e+01
2.270453171107686963e+00 2.492106517532076939e-06 2.851623523339983178e-06 1.189674455582525936e-04 1.823216735138550249e+01 -6.716431335774974619e-06 -1.000110943429266341e-05 -2.398969388340197462e+00 inf 0.000000000000000000e+00 -2.000000000000000000e+01
8.916512617173364408e-01 0.000000000000000000e+00 1.360551851985681825e-05 8.950999026221590936e-05 -1.161004247027781766e-01 2.759891366418324007e-07 9.118830257963245240e-07 7.821502295766108795e-03 inf 0.000000000000000000e+00 -9.000000000000000000e+01
0.000000000000000000e+00 0.000000000000000000e+00 0.000000000000000000e+00 2.255520025477240509e+00 0.000000000000000000e+00 5.197402186946556961e-10 1.060732037442604070e-06 5.359821005288637060e-10 inf 0.000000000000000000e+00 -2.000000000000000000e+01
5.822289533486384450e-01 2.708569751593605623e-06 8.216122860843155795e-01 2.738799324714070013e-08 -5.051394055185051135e-01 3.073438551648736139e-01 1.141128175117104848e-01 2.371159348252230929e-05 inf 0.000000000000000000e+00 -9.000000000000000000e+01
3.665377466004860033e-09 6.533825631048970628e-01 1.865677130196473772e-06 -2.750452333658482199e-02 -6.533825631048970628e-01 1.202701981032844724e-08 7.788194039767126894e-04 3.888467000095779773e-03 inf 0.000000000000000000e+00 -9.000000000000000000e+01
3.284562172029640847e-01 4.606123418911312105e-05 6.549573378749581898e-02 4.515647326415088675e-09 -6.764633997156284106e-01 0.000000000000000000e+00 5.819467017965463361e-03 0.000000000000000000e+00 inf 0.000000000000000000e+00 -9.000000000000000000e+01
6.767197531812916278e-01 5.510432275904803695e-02 1.179425855544536939e+00 6.011929950137368146e-03 -1.614459982589653009e-01 4.861885238943056057e-10 2.122301904508292099e-03 -9.570750794992553823e-02 inf 0.000000000000000000e+00 -9.000000000000000000e+01
3.327311796712230652e-01 2.960628455850066176e-01 6.681785322377213898e-01 1.127211751539245466e+00 -3.571767357287006783e-01 0.000000000000000000e+00 -2.914137370285703322e-08 1.119360314263840445e-03 inf 0.000000000000000000e+00 -9.000000000000000000e+01
7.018160401566551077e-01 2.498130904843332001e-01 1.005936324224539158e+00 2.090777998164793539e-05 -4.525769447246961521e-06 -2.141374188288065217e-09 4.740902854070321077e-08 2.342563763187687968e-07 inf 0.000000000000000000e+00 -9.000000000000000000e+01
6.004533875172879398e-02 -4.394238751989471226e+00 3.711239095781369901e+00 1.319394826314386596e-07 -2.307952528037541390e-02 1.411330650197051609e-04 -5.775908354898965367e-05 6.807881111243005764e-07 inf 0.000000000000000000e+00 -2.000000000000000000e+01
7.424726732985617028e-01 4.310285066459988185e-08 9.437938970779981007e-01 2.890972773472707535e-01 -4.039007052074944024e-03 -2.278956253183220815e-01 4.439881610774486635e-10 0.000000000000000000e+00 inf 0.000000000000000000e+00 -9.000000000000000000e+01
3.420757426528969215e-10 1.516418240626243955e-10 6.374956454583834993e-06 7.421752808763517617e-01 -1.007237881189334550e+00 2.308717383403056793e-09 1.138729004160934321e-06 2.060940605112105643e-03 inf 0.000000000000000000e+00 -9.000000000000000000e+01
9.499276299721482733e-04 -1.337117471129575051e+03 8.921059481477566777e-02 1.492005897075819902e-03 -3.256517120349736949e+00 0.000000000000000000e+00 1.066087258637220866e-03 -7.591491209126983719e+00 inf 0.000000000000000000e+00 -2.000000000000000000e+01
1.008066393425306018e+00 -3.438679222727261046e-04 2.348935193739280086e-02 3.976776781894681741e-05 -9.840110743340479179e-05 3.624491873554986132e-09 2.219183472039442822e-07 2.044501282465583415e-13 inf 0.000000000000000000e+00 -9.000000000000000000e+01
4.548180394220723705e-02 -3.524775519459773678e-08 8.809107289859086434e-03 7.851595627917882028e-03 -9.621077179185227868e-01 0.000000000000000000e+00 -1.671437593476468838e-06 -1.129863761090621997e-02 inf 0.000000000000000000e+00 -9.000000000000000000e+01
2.907302958951151206e-01 -1.530342297187705424e-08 5.361519742481344331e-01 3.530296450154969401e-01 -7.777979344726456690e-01 9.599803472707801614e-10 2.212570823305681333e+00 6.637004522767948780e-05 inf 0.000000000000000000e+00 -3.000000000000000000e+01
7.345462102578446117e-01 7.213526962593465493e-03 1.290604556340885889e+00 6.543124828523440815e-03 -1.488829059342710870e-01 -3.311808638079383504e-09 4.966339009190742781e-02 1.233539926688845441e-02 inf 0.000000000000000000e+00 -9.000000000000000000e+01
1.838584586680165861e-04 4.262514470344221096e-02 7.768254392063838926e-07 3.333166244979030579e-01 -1.041254239065495302e+00 1.059203318493374273e-08 1.267947966389717740e+00 3.407771973877061203e-06 inf 0.000000000000000000e+00 -1.000000000000000000e+01
3.071372298573711856e-01 1.023790766191237378e-01 1.842171283114805991e-02 2.475111195656068396e-07 -6.599211817742243191e-01 3.206606055930051128e-09 3.614719553957512015e-09 1.223874078656066017e-06 inf 0.000000000000000000e+00 -9.000000000000000000e+01
5.118473920138192357e-01 2.892656069233190762e-06 5.251175095845478369e-01 1.270139824626884684e+00 -4.663498460570352777e-01 -2.591808538595168226e-09 3.874400397882381275e-02 0.000000000000000000e+00 inf 0.000000000000000000e+00 -9.000000000000000000e+01
4.408793504854016110e-01 4.486272302274919854e-02 -7.493233508201311790e-09 2.089882191647208112e-06 -5.498495300838341926e-01 2.036491040765710168e-06 -1.322880172698145300e-04 1.253563204239423190e-03 inf 0.000000000000000000e+00 -9.000000000000000000e+01
3.995464012105264251e-01 1.335869426539753983e-02 2.552193719738592419e-03 2.777792607841874227e-09 -6.023556686942891369e-01 1.897541799062150606e-05 -1.949427707630256199e-05 -6.339307642306832857e-01 inf 0.000000000000000000e+00 -9.000000000000000000e+01
7.266470717888784403e-02 4.628301842786213716e-09 4.169534133341589177e-01 8.590272291863906358e-09 -7.275534922526483150e-01 -3.480654580876457183e-01 9.007553358713487474e-03 7.026086358568033227e-06 inf 0.000000000000000000e+00 -9.000000000000000000e+01
0.000000000000000000e+00 5.434719007158973527e-06 1.412937119692247778e+00 2.700627735699864251e-01 -4.070664258548963043e-04 0.000000000000000000e+00 -1.899165543161047994e-05 1.347481841747520235e-06 inf 0.000000000000000000e+00 -9.000000000000000000e+01
1.001510800593858441e+00 0.000000000000000000e+00 1.294180998615911777e-04 4.561047828666835791e-07 -6.219709714381414616e-03 8.604430719724244923e-08 2.699086330103201805e-08 0.000000000000000000e+00 inf 0.000000000000000000e+00 -9.000000000000000000e+01
7.181461827320702040e-01 -4.374310604531692700e-10 2.345249308240839395e-02 1.140051747061519198e-03 -2.893005949394595877e-01 3.702315062386244436e-09 0.000000000000000000e+00 1.074241179738434464e-02 inf 0.000000000000000000e+00 -9.000000000000000000e+01
3.915512874228598839e-01 8.464014544408947349e-05 1.326923807377469622e+00 1.799640347371265368e-06 -2.508375435052696001e-01 3.478544016682579335e-04 -2.931536331616464014e-02 0.000000000000000000e+00 inf 0.000000000000000000e+00 -9.000000000000000000e+01
3.695518436765860004e-02 2.129078960974102944e-02 6.608456498687185210e-01 1.640211685289588182e-08 -9.186368321704477813e-01 2.003004559287291679e-04 6.543481228594394904e-05 5.990126243972087464e-07 inf 0.000000000000000000e+00 -9.000000000000000000e+01
8.169535925810732513e-01 -3.439374624766318167e-01 1.111056885910259640e+00 6.790926738330171387e-03 -2.671438247740109406e-01 0.000000000000000000e+00 -1.166226776976388986e-08 2.162054917865926173e-04 inf 0.000000000000000000e+00 -9.000000000000000000e+01
1.595006037772562224e-01 2.847526116514206285e-01 7.867391744595951808e-01 1.517010211946380516e-05 -6.164747262556529162e-01 7.855649949308260332e-10 6.509071252661173669e-08 9.460410140641995706e-04 inf 0.000000000000000000e+00 -9.000000000000000000e+01
1.167459559851967707e-05 -3.195771253590944236e-08 3.297197214037408397e-01 2.231967698671464932e-03 -1.185816920894165793e+00 6.046492220400944140e-01 2.209514256497330124e-06 -2.284556526640162677e-01 inf 0.000000000000000000e+00 -9.000000000000000000e+01
1.550889210577311772e+00 -2.613681309196281610e+00 2.243672208195603091e+00 2.883315600882946361e-01 -6.976879553651007268e-04 5.400066334418145847e-02 -6.114379636378034714e-05 4.108286514030035227e-05 inf 0.000000000000000000e+00 -2.000000000000000000e+01
5.704986268972327412e-01 1.218056124187546341e-09 3.919752470518402254e-01 2.049137925181897302e+00 -1.557683192859552141e-03 1.378606475432267876e-04 1.843447944055684184e-01 1.424944944806226170e-06 inf 0.000000000000000000e+00 -2.000000000000000000e+01
6.252966463414340315e-03 2.743335776841095315e-03 1.110528951213388570e-05 1.234752540095748834e-06 -1.000474634146294450e+00 0.000000000000000000e+00 5.306592249895135133e-04 1.044675482408282045e-05 inf 0.000000000000000000e+00 -9.000000000000000000e+01
3.283996585113770350e-01 7.891394779153985128e-01 4.625730781202413800e-09 5.444767542512409008e-05 -1.838057790175617601e-01 4.199676630302191307e-10 -6.780390959314500088e-02 1.391108190806741843e-05 inf 0.000000000000000000e+00 -9.000000000000000000e+01
6.266891626557897819e-08 9.171471639688182076e-02 7.772113080230603765e-01 1.976550567685598836e-06 -1.013589443066570173e+00 2.103765401887237596e-01 -1.896934533724166719e-02 1.132549047907441535e-06 inf 0.000000000000000000e+00 -9.000000000000000000e+01
1.725518888014372358e-05 6.083379531557383049e-03 7.101963481263372513e-01 1.660588030204142798e-06 -9.645366380889374147e-01 2.948010210924208938e-07 1.196041327498405032e-03 6.251513136700928563e-03 inf 0.000000000000000000e+00 -9.000000000000000000e+01
1.859425149377535447e-01 2.633634197339000393e-01 5.068753254175061285e-01 6.418656209595050566e-01 -6.537765293896814489e-01 0.000000000000000000e+00 -2.869362924812011839e-09 1.218102343255343054e-04 inf 0.000000000000000000e+00 -9.000000000000000000e+01
4.410748927431288344e-08 4.268494629223488698e-04 1.065601259672876028e-01 2.154882547338482723e+00 -3.835671200905838019e-02 4.594172097547989317e-03 -7.831675924679122949e-03 -4.606939039723432781e-06 inf 0.000000000000000000e+00 -2.000000000000000000e+01
7.245726158355372259e-01 6.956082827325876603e-08 1.134371882168750734e+00 1.383814913849837458e+00 -9.039721683388985502e-06 -8.495979025741528499e-09 4.701108394243645994e-06 8.255376524683579742e-01 inf 0.000000000000000000e+00 -9.000000000000000000e+01
2.069579602205861776e-02 1.113810113187154727e-01 1.107789517980737770e+00 2.289019224444959837e-06 -5.127540250798523491e-01 4.840810343815686580e-10 -1.745972609860945435e-01 -1.497623363819549385e-07 inf 0.000000000000000000e+00 -9.000000000000000000e+01
5.088397523085006480e-01 1.998482976600750305e-02 1.032033933427260602e-01 3.528668181401286349e-04 -4.870606189412107212e-01 0.000000000000000000e+00 -1.457690408840856565e-06 -1.670558525331896499e-02 inf 0.000000000000000000e+00 -9.000000000000000000e+01
8.808079598271875699e-02 1.091162135524653199e-04 1.117972505900797664e+00 5.139187644051774306e+00 -1.879886953129403793e-01 1.957164631331520531e-09 7.768539461938727797e+00 2.328217815631990054e-04 inf 0.000000000000000000e+00 -2.000000000000000000e+01
5.408233468910778968e-05 9.590052152416831591e-08 2.148589498674400855e-01 5.612981868630023685e-01 -9.960128063622416539e-01 6.734877205175547465e-06 6.528383328601768329e-07 1.774556751805909522e-09 inf 0.000000000000000000e+00 -9.000000000000000000e+01
1.104790674368988368e+00 2.589353143052316487e-03 1.616483197234624969e-01 1.535077568596910080e-01 -8.373150374164964327e-02 2.839203007732802999e-07 7.907975353378021488e+00 7.995195669775573277e-02 inf 0.000000000000000000e+00 -3.000000000000000000e+01
3.647470955252899993e-01 -1.010625977673863113e-01 0.000000000000000000e+00 0.000000000000000000e+00 -6.794566833611901391e-01 0.000000000000000000e+00 5.444966014986648268e-10 -2.883740574730632167e-01 inf 0.000000000000000000e+00 -9.000000000000000000e+01
0.000000000000000000e+00 2.755448732088303443e-09 7.518823821912899502e-04 5.368939000598123400e-06 -1.006391797497750984e+00 -7.808279271493196354e-09 1.443263172203796689e-08 1.360106407399085767e-09 inf 0.000000000000000000e+00 -9.000000000000000000e+01
9.502086937460813704e-03 1.988703061144815858e-03 1.523828930476474275e+00 1.413594710224504267e-04 -7.663560537683912835e-03 2.780259213771535168e-05 1.410750455274354352e-03 3.208119597092913854e-08 inf 0.000000000000000000e+00 -9.000000000000000000e+01
5.530743106948768917e-01 2.991794821754417821e-05 1.095627986482330786e-08 1.010716191309069201e+00 -4.533040428832520452e-01 7.191068642841256428e-10 -5.123117681499822154e-05 4.142973926620631235e-03 inf 0.000000000000000000e+00 -9.000000000000000000e+01
9.564572661920773822e-01 9.070696466187645746e-02 1.704766803418226453e-04 -7.373913892728286568e-01 -1.760350796672534995e-02 0.000000000000000000e+00 1.389599831357714104e-04 9.046873902068451199e-07 inf 0.000000000000000000e+00 -1.000000000000000000e+01
2.195133437491116057e-02 3.898043360447315999e-03 6.808061223231658806e-09 9.073527420426947247e-08 -9.920291055670158453e-01 2.629923436126319616e-08 1.638706855842950172e-01 8.743846283042608011e-03 inf 0.000000000000000000e+00 -1.000000000000000000e+01
6.784475591628550406e-01 6.209113703999273870e-01 2.604533284454630011e-04 2.015009924402390215e-10 -2.228778145438928531e-03 3.540919448179408094e-12 -2.017644508015459252e-07 2.455967774894879898e-11 inf 0.000000000000000000e+00 -9.000000000000000000e+01
9.710478150620822646e+00 8.521214226092789844e-09 2.006127381918364205e-02 1.300573066382788845e+01 4.996892866324955248e+05 -2.867118911871382320e-03 -3.697299611726678238e-03 3.476916590888803307e-05 inf 0.000000000000000000e+00 -2.000000000000000000e+01
2.402198549783292163e-03 1.024938047907538036e-01 9.255928875436188891e-03 1.924798910307715438e+00 -1.750212005537024607e-01 2.683865236201870650e-07 -3.100871890703313927e-01 3.870067402325660672e-05 inf 0.000000000000000000e+00 -9.000000000000000000e+01
1.557886557173054631e-01 1.364831336240616069e-07 1.324816914761338005e+00 -9.568122162165218492e-02 -6.411459636869685230e-01 9.857981765760792841e-07 1.161994002566639299e-04 4.951452107156813708e-05 inf 0.000000000000000000e+00 -9.000000000000000000e+01
6.723244785483417640e-02 7.373215764744984746e-01 4.711429849673801074e-02 8.468537229796888055e-03 -4.993427840676174512e-01 2.183040906870712527e-09 -1.380301713771621408e-04 1.616885133652223358e-07 inf 0.000000000000000000e+00 -8.000000000000000000e+01
3.928507917469888366e-01 2.300700480634128575e-01 2.306184173727405457e-08 2.184923295157056078e+00 -7.529846331107665353e-03 8.908594823523971292e-06 1.870865310193074987e-03 2.347943211962673850e-06 inf 0.000000000000000000e+00 -2.000000000000000000e+01
5.233468061531605375e-01 0.000000000000000000e+00 1.849807609785176967e-03 2.554873565031048253e-08 -4.842910743506858573e-01 1.358913388234054240e-08 -3.032158865524155894e-04 0.000000000000000000e+00 inf 0.000000000000000000e+00 -9.000000000000000000e+01
4.711726082617658795e-01 1.249413879532301937e-02 7.839842983940585874e-01 1.354677937100791349e-09 -4.848581197050536584e-01 8.972920529613843296e-09 1.993258084094931461e-03 0.000000000000000000e+00 inf 0.000000000000000000e+00 -9.000000000000000000e+01
5.462571319314097479e-02 5.599726789669169369e-01 5.793636247757375825e-03 1.013938303185177361e-06 -6.337528630199904534e-01 0.000000000000000000e+00 -2.307995501147428186e-01 6.110512679267371405e-01 inf 0.000000000000000000e+00 -1.000000000000000000e+01
3.356786623800878111e-01 -1.687991187296523915e-08 1.277361281623342892e-01 1.623932171986265383e+00 -6.634357044090231081e-01 1.112539646172708861e-08 2.116557937573562351e-02 -2.884635289479636792e-09 inf 0.000000000000000000e+00 -9.000000000000000000e+01
5.197829350600430970e-02 8.509485823163953633e-01 1.866876991816581732e-01 4.486293546225893908e-02 -1.403775722528747549e-01 7.030135662659720662e-09 -2.778607615727005098e-01 -2.817804887282832866e-09 inf 0.000000000000000000e+00 -9.000000000000000000e+01
4.788336247706186879e-06 3.055853795703257492e-03 8.729740879652650998e-01 9.528707744783792774e-03 -8.018560359925347436e-01 9.061214202458167972e-06 2.111317167940432536e-03 -1.123665221169139583e+00 inf 0.000000000000000000e+00 -9.000000000000000000e+01
3.355052570455057670e-01 -2.247252193418010011e-02 7.039280110086837405e-01 2.457313894376262671e-05 -6.431572474683657781e-01 3.714190197487706414e-10 -3.971884722356601010e-05 9.393623279406114393e-07 inf 0.000000000000000000e+00 -9.000000000000000000e+01
2.008471669945551486e-08 6.573180010730896132e-08 9.521110792979370374e-05 1.156993877688782923e+00 -9.944020700298705773e-01 9.797970887790326628e-07 -1.196655848107419338e-07 -1.043886533230409031e+00 inf 0.000000000000000000e+00 -9.000000000000000000e+01
4.920442900593900715e-02 1.816778917142363170e-01 2.396784625416058872e-06 2.202844437035115455e+00 -1.849897282819437661e-01 0.000000000000000000e+00 0.000000000000000000e+00 -2.757971766350839505e-08 inf 0.000000000000000000e+00 -2.000000000000000000e+01
4.119706334672631634e-09 -7.287216393878475807e-10 6.051015510846067258e-01 1.706803685473132104e+00 -1.110361906594935908e-06 1.408426024076239735e-01 2.632648181577693872e-03 1.958057555715801097e-06 inf 0.000000000000000000e+00 -1.000000000000000000e+01
3.788933022732846739e-02 1.337813202020120447e-02 4.880447317893982619e-06 -6.438436269375523387e-07 -9.703605091985939568e-01 4.711068812720679153e-10 1.180966136955692442e-01 1.163798975805488277e-06 inf 0.000000000000000000e+00 -1.000000000000000000e+01
2.179505901666600048e-02 7.801295497608860992e-03 2.801337641825895911e-06 -1.074587190647499686e-06 -9.830239431695149133e-01 2.390030130922887199e-07 2.315920669498921580e-09 5.928756913917239641e-08 inf 0.000000000000000000e+00 -9.000000000000000000e+01
5.198612260173592501e-07 8.189050392851573894e-09 1.445737143516307999e+00 1.562758900009943719e-01 -9.443211362619327587e-02 8.525662302530782259e-10 3.518059135093475065e-03 7.869342802182772989e-03 inf 0.000000000000000000e+00 -9.000000000000000000e+01
6.117593193379655334e-03 -4.283754669058319031e+00 3.631211395097822425e+00 7.754761592404511882e-05 -9.289145429320010416e-01 1.098200754211364045e-08 -2.773908678370676966e-04 4.915449339324952972e-10 inf 0.000000000000000000e+00 -2.000000000000000000e+01
9.659332308835596459e-01 8.505687356970616231e-02 8.537051306347705029e-09 8.095067967323759106e-01 -3.353086161736800082e-03 8.461295902264074222e-08 2.489991090492475485e-03 -1.321803368577502580e+00 inf 0.000000000000000000e+00 -9.000000000000000000e+01
8.083349385522609065e-01 2.010745392320337221e-03 3.449398360459228591e-06 7.828909816486788117e-03 -1.986585865933522543e-01 0.000000000000000000e+00 5.906086751207074471e-04 2.898997201617012816e-08 inf 0.000000000000000000e+00 -9.000000000000000000e+01
4.311559817236305103e-01 1.222097453865165877e-02 5.416335915530414713e-01 1.306177758691089208e+00 -5.377228797006730066e-01 1.991577271618647821e-06 -1.847467635335231192e-04 7.454794468577511692e-03 inf 0.000000000000000000e+00 -9.000000000000000000e+01
9.975620541863359225e-01 5.396202518145678281e-05 1.976148383109989605e-08 1.944268003649447074e+00 -6.433419497739697665e-03 2.333976974109469400e-05 1.524307826364690787e-03 1.226322837752044561e-03 inf 0.000000000000000000e+00 -9.000000000000000000e+01
2.817816522415356739e-01 6.091166290418124815e-05 9.607971614624585266e-01 2.621829066808993667e-03 -6.653177900147370094e-01 8.514383026970800255e-09 0.000000000000000000e+00 2.476596552904122145e-02 inf 0.000000000000000000e+00 -9.000000000000000000e+01
6.496445374373465955e-08 9.507418998176490887e-02 8.017596639699350325e-01 2.108774210731876570e-06 -1.050716821241773014e+00 3.097262271570898062e-01 1.198381985514353166e-03 6.248432589007745300e-03 inf 0.000000000000000000e+00 -9.000000000000000000e+01
4.470985777641586778e-01 3.613230196367882329e-06 1.068068824658823524e-01 1.357854939876333766e+00 -5.547334205592339140e-01 -2.263944155080537140e-09 3.384287845575923576e-02 0.000000000000000000e+00 inf 0.000000000000000000e+00 -9.000000000000000000e+01
4.057348272187110694e-01 -5.122089209159822681e-08 -8.970789945011806204e-09 2.511107801705094162e-06 -5.888540855209611902e-01 0.000000000000000000e+00 -2.920333269656799624e-01 7.827450648998142135e-01 inf 0.000000000000000000e+00 -1.000000000000000000e+01
2.425315894938315509e-01 7.001110694732473050e-01 1.851533406871397891e-01 2.891431764366067726e-06 -3.191966446221003451e-01 2.354346474801887285e-07 6.874507773103166523e-08 1.775177242000623061e-04 inf 0.000000000000000000e+00 -9.000000000000000000e+01
3.896784413586874193e-08 4.234026603842493694e-04 1.076570556787400657e-01 2.137481905476075195e+00 -6.087517148379665288e-01 4.557074231855758051e-03 -7.630805509047058031e-03 1.209636550900260977e-06 inf 0.000000000000000000e+00 -2.000000000000000000e+01
5.430383025503079386e-01 2.490162791339943668e-06 2.204831638165575277e-08 2.088899951273658573e+00 -4.607311033832752201e-01 8.517078532698939188e-06 1.518869381180426364e-03 8.768575952295318956e-09 inf 0.000000000000000000e+00 -2.000000000000000000e+01
8.835107195148973747e-02 4.248082231938636877e-01 1.464232599093742815e+00 3.198772026376666376e-03 -1.406612334777553909e-02 3.796158590243037256e-01 1.465221182059952025e-03 7.315513949947520002e-03 inf 0.000000000000000000e+00 -9.000000000000000000e+01
1.009138249209939442e+00 4.574188338528716797e-11 1.169226121795623922e-13 1.217435340804942356e-14 -1.476300539586624879e-12 3.995186464577622757e-16 -4.827119684230122851e-17 -4.889132453640530449e-10 inf 0.000000000000000000e+00 -9.000000000000000000e+01
5.189976103082244441e-01 1.736622310435833455e-03 1.537714028183270959e-03 -1.923228880462929613e+00 -4.886411463090640783e-01 3.899869416159764542e-06 -6.683318283686097427e-02 2.457263266587734865e-08 inf 0.000000000000000000e+00 -1.000000000000000000e+01
9.317661710998411599e-05 4.819264455223350521e-03 1.427760721689909085e+00 1.188728064808430412e-04 -4.109388231017750970e-01 4.480074755528012752e-05 1.463565568514138969e-05 2.422145154609658848e-04 inf 0.000000000000000000e+00 -9.000000000000000000e+01
1.059977353882602703e-02 7.984469936926141820e-03 1.507523347744146092e+00 3.235355714138401367e-02 -2.355505230850228181e-03 6.170211312429365897e-04 2.354422737637521326e-04 2.675923221811472592e-03 inf 0.000000000000000000e+00 -9.000000000000000000e+01
1.004531941968003661e+00 8.747498486988304800e-10 2.075303608674307701e-03 9.646407818176496729e-01 -1.316985545180474755e-05 1.384739142727878305e-09 -2.142591609638150676e-04 5.456082972890538731e-05 inf 0.000000000000000000e+00 -9.000000000000000000e+01
3.877550315961680871e-01 5.235181283011236530e-01 3.345241771327143315e-02 7.462697199721591602e-03 -3.545467921143803935e-01 1.535463537069191806e-09 -4.208736118835828714e-05 5.123063175813796486e-09 inf 0.000000000000000000e+00 -9.000000000000000000e+01
3.630873094894083997e-02 -6.843866235421193320e-08 4.102530629279834903e-03 8.436440426371547355e-03 -9.591200457728058515e-01 2.824452732078587585e-06 -2.386409140016660657e-01 1.440557799597989787e-04 inf 0.000000000000000000e+00 -9.000000000000000000e+01
4.442178251731379590e-01 4.375452377695316693e-10 9.834946088195400948e-01 6.398199128008159875e-02 -4.954034181972032380e-01 2.481444416275486054e-04 -5.118559302406527900e-02 6.426762516972482110e-03 inf 0.000000000000000000e+00 -9.000000000000000000e+01
1.957582947986545238e-02 8.789747722971169683e-05 1.162010091545038204e-01 3.973074822147959354e-04 -9.496715568310527544e-01 0.000000000000000000e+00 -5.751531963906376665e-01 -1.783420764001977105e-02 inf 0.000000000000000000e+00 -9.000000000000000000e+01
1.003958211408688683e+00 0.000000000000000000e+00 1.297343613108418699e-04 1.828877498875740038e-06 -3.768519897560690390e-03 0.000000000000000000e+00 -6.447821693377864934e-06 4.930711240019189937e-10 inf 0.000000000000000000e+00 -9.000000000000000000e+01
2.292401957528357737e-01 3.246889605324862482e-01 6.249038788137800671e-01 7.374844731692652422e-01 -2.985833154645476384e-01 0.000000000000000000e+00 -3.671229263077236328e-09 -5.384289295262334463e-01 inf 0.000000000000000000e+00 -9.000000000000000000e+01
8.529818044065194949e-01 -2.681040225739440559e-08 1.061427518666633540e+00 6.564665949076183380e-10 -8.399539472652624295e-02 4.046082047990923858e-09 8.828087404930818130e-03 -6.403108753766001154e-06 inf 0.000000000000000000e+00 -9.000000000000000000e+01
4.518125098699392050e-01 -3.354392178285165588e-03 7.156036647008353624e-01 1.873399941278288471e-06 -5.149540096964835278e-01 1.421776741148701081e-07 -2.999221241760853876e-02 5.789341075675990715e-05 inf 0.000000000000000000e+00 -9.000000000000000000e+01
3.749060280192181849e-01 2.453118333540819118e-05 5.370880261825622471e-06 0.000000000000000000e+00 -6.319376716830490404e-01 0.000000000000000000e+00 1.304599306016657146e-03 1.541786121672326090e-08 inf 0.000000000000000000e+00 -9.000000000000000000e+01
9.034137124435692723e-01 1.758773504012480782e-01 3.040912180349447940e-04 -8.673732717875758114e-02 -3.315720540351398127e-02 0.000000000000000000e+00 0.000000000000000000e+00 3.063437455759443831e-02 inf 0.000000000000000000e+00 -1.000000000000000000e+01
4.920065711459366276e-02 1.032350629983403989e+00 8.471535841585566082e-05 4.204157712428657876e-05 -5.098094404966119729e-03 1.379653885892549752e-06 -1.666944581701917268e-07 -1.453577308438170679e+00 inf 0.000000000000000000e+00 -9.000000000000000000e+01
7.283707543763097381e-10 2.823328665807632354e-16 4.398419523201457110e-09 6.128495863435078834e-11 -1.009138248196483678e+00 -2.506221950542141057e-10 -1.615720785681235675e-14 1.204022700868228493e-15 inf 0.000000000000000000e+00 -9.000000000000000000e+01
2.584080987419642679e-04 2.400845643964918432e-08 5.024601919982637847e-06 5.518089608552361350e-06 -1.007477667107040675e+00 1.332586161872255594e-09 5.634732153123386952e-05 9.346357738062943841e-09 inf 0.000000000000000000e+00 -9.000000000000000000e+01
4.700596605116462157e-01 1.246462663052796266e-02 8.094388344910090627e-01 1.351478078416741047e-09 -4.837128456717355030e-01 1.357290887356167899e-08 -2.571400664916373858e-04 3.987586932446814700e-08 inf 0.000000000000000000e+00 -9.000000000000000000e+01
1.673543616034362247e-01 5.879358767700893634e-02 5.813033013967752955e-04 1.630448552841877514e-06 -8.177431779806387802e-01 -6.325316785158183279e-09 2.029917754501338618e-08 -7.806617450889153341e-03 inf 0.000000000000000000e+00 -9.000000000000000000e+01
6.111660055098287072e-08 0.000000000000000000e+00 5.585273152843330793e-05 1.246944703890604054e-03 -9.866733366058016985e-01 0.000000000000000000e+00 8.533261209005154605e-09 7.841375165031764496e-09 inf 0.000000000000000000e+00 -9.000000000000000000e+01
4.109250408985608456e-03 -2.877442168739099415e+00 1.712026523335808070e+00 1.500601561116627014e+00 -4.807167531670583030e-07 0.000000000000000000e+00 -1.611470748621807387e-04 -1.878760328474196885e-08 inf 0.000000000000000000e+00 -2.000000000000000000e+01
5.366378426829728453e-03 -3.084789460775430925e+01 5.335887640313650288e-03 3.501676263955832811e-05 -3.114450897898271453e+00 6.208212777311947959e-09 2.459510709207073328e-05 -1.751390777483520511e-01 inf 0.000000000000000000e+00 -2.000000000000000000e+01
1.691224920840508732e-03 1.847268606870059671e+01 6.384230752027086897e-01 1.734553912213581555e+02 -3.154445968511161524e+01 3.949923664121775655e+05 -1.112195371671385533e-02 4.739251755575662681e-03 inf 0.000000000000000000e+00 -2.000000000000000000e+01
1.134160305343511754e+04 1.025954198473282668e+04 1.482927162228650231e-01 2.029492299406583357e-06 2.231450381679389626e+06 -2.942922461123867548e-03 1.889585538674857235e-01 0.000000000000000000e+00 inf 0.000000000000000000e+00 -2.000000000000000000e+01
5.220755558189329459e-01 4.735209550595296544e-10 5.417994923960475079e-02 4.354215678708318836e-08 -4.831146934443856789e-01 3.889766006312764447e-08 -2.054576726782764249e-04 1.932110637165504774e-06 inf 0.000000000000000000e+00 -9.000000000000000000e+01
4.069049090155937853e-01 3.620623272057120201e-01 8.835175360864946056e-09 4.166282625294190172e-05 -4.367999635555149252e-01 0.000000000000000000e+00 -3.563768212785860672e-08 4.656657131373524541e-07 inf 0.000000000000000000e+00 -9.000000000000000000e+01
2.059786548431965722e-02 3.657698954388239904e-03 1.105284904428785131e+00 8.514074547005599347e-08 -9.308628680156048052e-01 2.467768393765761693e-08 2.125194812086908247e-01 7.946530277376804077e-03 inf 0.000000000000000000e+00 -9.000000000000000000e+01
2.148103687073790180e-01 2.399507420282314886e-08 1.056548776457034489e+00 -1.519584460115162572e-01 -7.239905019396848385e-01 9.711840309759251031e-07 -4.574276785896607100e-05 7.587375241999414868e-09 inf 0.000000000000000000e+00 -9.000000000000000000e+01
1.013786458630643283e-05 1.679375051907019412e-01 9.334007444221682809e-09 1.199006366895294384e-02 -4.596829521643300970e-02 -1.024786528025013244e+00 1.430897861351369282e-06 3.972889665593377573e-09 inf 0.000000000000000000e+00 -9.000000000000000000e+01
4.929005337913135443e-01 4.924621697347848793e-08 7.716721471650892505e-01 2.203918717561247640e-06 -3.464128687474171252e-03 8.741504528788602112e-08 2.572450915983097528e-03 -1.365576888700524405e+00 inf 0.000000000000000000e+00 -8.000000000000000000e+01
6.537546802942313384e-01 5.492068670487975507e-02 5.777974159074751725e-09 5.650875475417748151e-01 -3.381261554963079230e-01 0.000000000000000000e+00 1.151349335740852742e-01 -9.875800200903193609e-08 inf 0.000000000000000000e+00 -9.000000000000000000e+01
7.887594769211432322e-01 7.371583896459282803e-03 5.233824566486090513e-01 4.496666176840162787e-01 -1.898182853338265252e-01 9.439818428486133763e-10 5.332880225094762533e-02 1.324581481395027335e-02 inf 0.000000000000000000e+00 -9.000000000000000000e+01
3.206193501453504235e-01 -1.768332696414320136e-08 1.565621761748724028e+00 6.083179634454192498e-03 -7.224345097430947549e-01 -3.986504412091932568e-09 2.440038171236043496e+00 7.319333784771088253e-05 inf 0.000000000000000000e+00 -3.000000000000000000e+01
2.181641112424286906e-06 -3.196286484152143448e+00 2.901367282372519174e+00 3.696453508791911480e-01 -1.243443121016793995e+00 0.000000000000000000e+00 7.601536977088108333e-09 3.175861336731594653e-02 inf 0.000000000000000000e+00 -2.000000000000000000e+01
5.561730851849268353e-02 1.166987736633636086e+00 3.087309477794618535e-04 -8.806073848761342138e-02 -3.366310778750872951e-02 0.000000000000000000e+00 -1.330672668681973576e-07 -1.439219825697837102e-02 inf 0.000000000000000000e+00 -1.000000000000000000e+01
1.804439506687827849e-02 1.447076401871976750e-09 9.658672559434482441e-01 8.153879370826936368e-01 -5.326492684425628009e-06 -5.045212320040134998e-09 -1.789129110873506900e-01 0.000000000000000000e+00 inf 0.000000000000000000e+00 -9.000000000000000000e+01
8.459924209992859545e-01 -6.916288749875679209e-02 5.512983786132787806e-02 1.323001091698348081e-06 -1.849355470075453312e-01 2.564633792554670520e-04 -2.198928760150691344e-02 5.573125427436054213e-01 inf 0.000000000000000000e+00 -1.000000000000000000e+01
5.805517953114344709e-02 9.547450406420991964e-01 3.977083790958787581e-07 5.010795077862033320e-02 -1.567893943718119965e-01 1.098373942061176344e-05 2.559277055897275083e-03 -1.362074188907012928e+00 inf 0.000000000000000000e+00 -8.000000000000000000e+01
9.257942038115064831e-05 2.134239046174444404e-02 2.050804205275840175e-01 1.678370422713953980e-01 -9.886424046188247994e-01 4.410927073674431577e-09 5.362303501329701376e-09 1.815572179030856154e-06 inf 0.000000000000000000e+00 -9.000000000000000000e+01
4.442166369673541948e-02 1.994703552536099822e-01 7.299608573963996033e-05 3.804138868260094342e-03 -8.815991718275182354e-01 4.296208659515989039e-10 1.955460856842469383e-03 5.051068432876872471e-08 inf 0.000000000000000000e+00 -9.000000000000000000e+01
2.846272048769425966e-01 -5.942680451169789560e-03 1.267771829582888365e+00 3.318937266884679725e-06 -5.754689775459581602e-01 2.518836318617837537e-07 -1.167659026557462754e-03 1.186472659521746074e-04 inf 0.000000000000000000e+00 -9.000000000000000000e+01
1.758768598221279537e-05 3.096510293827367445e-08 5.990353237881475001e-01 1.689692740892085210e+00 -2.881566471325744394e-01 1.322008990429015263e-01 -1.590732127087458578e-07 1.946307543730537803e-06 inf 0.000000000000000000e+00 -9.000000000000000000e+01
2.191382944732893356e-02 7.843808033375398656e-03 1.198174105292782574e-05 9.269456386717795957e-06 -9.883808535129529060e-01 2.412368573311805540e-07 1.171993106932355255e-01 1.844204546392809025e-06 inf 0.000000000000000000e+00 -1.000000000000000000e+01
2.916178959040080509e-02 1.857429414363761671e-09 1.067042612871214491e+00 3.741848651315072253e-05 -2.046781739234784236e-01 3.031371059293222950e-05 -5.636455563373336385e-05 -9.060161822015584399e-01 inf 0.000000000000000000e+00 -9.000000000000000000e+01
1.624335154951042290e-02 -2.737508208669169625e-08 1.730970897947828324e-01 4.537878078085503063e-09 -9.840247167703414233e-01 2.894781898411286153e-07 1.503439981204686242e-02 2.883429812535163395e-06 inf 0.000000000000000000e+00 -9.000000000000000000e+01
2.364782054835279812e+00 -1.730595107195942717e+02 1.461607478174850598e+02 4.983724476877594411e-06 -3.058518974562117965e+00 3.184247409826709179e-08 1.263917774918385248e+02 1.265943284173062094e-03 inf 0.000000000000000000e+00 -2.000000000000000000e+01
6.791135649686532716e-01 7.354059176633281382e-03 2.943262458213565247e-01 1.882639149218120034e+00 -3.287817542756661833e-03 -1.855107518205877382e-01 3.614135964473727023e-10 9.352797799955658493e-10 inf 0.000000000000000000e+00 -9.000000000000000000e+01
3.382865223783846823e-07 5.328817077207061915e-09 9.407768190372027828e-01 1.224166557558655222e-01 -1.168259738394559211e+00 5.956967973001959793e-01 2.289287853702209712e-03 5.165958775130644574e-03 inf 0.000000000000000000e+00 -9.000000000000000000e+01
1.219744498978841057e-05 -3.338894588397163163e-08 3.444862933308319719e-01 3.889206807587981384e-03 -9.895036556209060308e-01 1.331292824023321476e-08 2.308467849729775798e-06 -2.386870904829354878e-01 inf 0.000000000000000000e+00 -9.000000000000000000e+01
3.782464240391230498e-02 1.335529175787487921e-02 4.827141642012068511e-06 -1.086856425608307227e-06 -9.667389123493430603e-01 6.221316091413069461e-07 3.929832977029849850e-02 8.754815897313812981e-05 inf 0.000000000000000000e+00 -9.000000000000000000e+01
6.347230381826647269e-04 1.423532486491735456e-07 1.381797051942859289e+00 -9.979645375142873198e-02 -6.704274585352391069e-01 0.000000000000000000e+00 3.630007840553925068e-08 5.206061664884060695e-08 inf 0.000000000000000000e+00 -9.000000000000000000e+01
0.000000000000000000e+00 0.000000000000000000e+00 0.000000000000000000e+00 2.255898645498105815e+00 -7.304384492933556483e-06 0.000000000000000000e+00 4.201647565813764309e-04 2.720661430566344980e-05 inf 0.000000000000000000e+00 -2.000000000000000000e+01
7.675347003361996528e-08 5.434798899401856535e-06 1.412957890354980428e+00 2.700667435858549736e-01 -3.879610291265324926e-04 8.608519891308744498e-08 2.787854002740907625e-08 1.347501650195103100e-06 inf 0.000000000000000000e+00 -9.000000000000000000e+01
5.816212075301054052e-02 -4.507482149357458604e-08 8.424324016436053331e-01 8.081473620418307482e-03 -8.992476101265461930e-01 3.312275380054260086e-05 2.028021315729973059e-03 2.901837601335047630e-08 inf 0.000000000000000000e+00 -9.000000000000000000e+01
8.083410670620748695e-01 2.010760637081243554e-03 3.464357086226001729e-06 9.786211465642553550e-03 -1.986600927525438431e-01 0.000000000000000000e+00 8.352684395480070544e-04 1.866571705940733633e-09 inf 0.000000000000000000e+00 -8.000000000000000000e+01
8.796280762762215266e-01 8.671976844563904569e-09 5.037349504054717819e-01 8.719957285428052707e-01 -2.134672256689854400e-02 1.309014717462135709e-04 -5.357177669329024871e-05 -8.281097290756619378e-01 inf 0.000000000000000000e+00 -9.000000000000000000e+01
0.000000000000000000e+00 2.707800150165777242e-01 1.880628911829655746e-04 1.041696583039858001e-02 -8.934762950366500478e-01 3.001369187204282717e-03 1.125266629437603690e-09 5.826623323948756127e-10 inf 0.000000000000000000e+00 -9.000000000000000000e+01
2.000186271534742932e-01 -6.188434230930540640e-08 1.355039485687120626e+00 3.110116225681189839e-01 -5.941778954768551563e-05 -1.546247138713853043e-09 -1.295574204248264546e-08 1.530431485529013753e-06 inf 0.000000000000000000e+00 -9.000000000000000000e+01
5.704846352054663283e-01 4.645374886673082904e-02 9.942732213580984801e-01 5.692112320018826582e-03 -3.439207372238668459e-01 3.388695048599015651e-07 4.138715856373798307e-08 -3.610352762800308479e-01 inf 0.000000000000000000e+00 -9.000000000000000000e+01
3.284096873967515262e-01 4.605470905672567043e-05 6.450904573864761626e-02 1.155841953334274402e-06 -6.763675704718811188e-01 4.915532500634042473e-10 5.818642619892221493e-03 -9.651921616199170273e-02 inf 0.000000000000000000e+00 -9.000000000000000000e+01
5.646971265046798333e-02 5.788756690749272682e-01 6.050326355407284300e-03 4.094397674592930285e-09 -6.551464497976372536e-01 1.098639091332053321e-08 2.090112740958879889e-02 -2.826737184594407572e-09 inf 0.000000000000000000e+00 -9.000000000000000000e+01
2.392485493390107687e-01 7.689167130207693209e-08 4.057655396789622282e-01 8.230150097261970665e-02 -7.407135087535773321e-01 1.046712403358172026e-02 -1.818288974976481898e-01 3.995263861032308315e-05 inf 0.000000000000000000e+00 -9.000000000000000000e+01
5.944042728018086308e-01 1.223906042552190822e-09 2.042001073230703123e-01 2.135003102308536960e+00 -7.167063636899996711e-04 5.294544861903865279e-02 1.431043450144660507e-02 5.294544861903865279e-02 inf 0.000000000000000000e+00 -2.000000000000000000e+01
9.564577077592656407e-01 9.070700653851931916e-02 1.618812922030726147e-04 -7.373917297039737084e-01 -1.760351609372881598e-02 0.000000000000000000e+00 1.389600472893632189e-04 9.214758290504917140e-07 inf 0.000000000000000000e+00 -1.000000000000000000e+01
6.496812315461271137e-01 1.319727667356339912e-07 1.384521525155382848e+00 -9.958116128349728258e-02 -4.292291434633503503e-05 0.000000000000000000e+00 1.503769093920673267e-06 1.309903391916962739e-09 inf 0.000000000000000000e+00 -9.000000000000000000e+01
8.204245497080941973e-01 3.916107635838158574e-01 7.489555853540477703e-02 1.367578213452856975e-02 -7.562749826977034226e-07 2.939610513379383468e-09 2.283121813120960587e-09 5.532011447510979141e-08 inf 0.000000000000000000e+00 -9.000000000000000000e+01
6.888932278336736047e-06 -3.043432646564494082e+00 2.612585253827954368e+00 3.357401225313993987e-01 -1.839659641110350137e-03 1.661736354652597412e-04 -2.916240996049185852e-01 1.682892720278961484e-06 inf 0.000000000000000000e+00 -2.000000000000000000e+01
8.828565087477009410e-01 4.652057955256116780e-10 1.955704969409400643e-05 2.238118693228820621e+00 -1.149552745765235612e-01 0.000000000000000000e+00 3.493385387200326592e-06 6.322540101708795657e-03 inf 0.000000000000000000e+00 -2.000000000000000000e+01
6.018953469102514831e-01 1.465308254252117208e-03 4.185986052874411945e-01 4.569097556440692397e-03 -3.844968859157555374e-01 3.195025929055712268e-09 -2.997221429152058074e-05 1.244980282494869974e-09 inf 0.000000000000000000e+00 -9.000000000000000000e+01
1.592178467167001843e+00 7.534290699333075428e-07 1.313472793152195512e-09 3.677366510461856919e+00 5.338081390834829563e+02 0.000000000000000000e+00 0.000000000000000000e+00 1.452723490420480059e-09 inf 0.000000000000000000e+00 -2.000000000000000000e+01
0.000000000000000000e+00 8.876298562762876967e-09 1.907269188882714393e-06 0.000000000000000000e+00 -6.493870134307866415e-02 -6.124122161178090980e-06 -9.119130809345477550e-06 -2.187408887345807518e+00 inf 0.000000000000000000e+00 -3.000000000000000000e+01
1.796389698406112845e-01 8.332862370536167846e-04 9.509149816562793012e-01 1.128601353998623047e+00 -2.538376747747768045e-02 6.430209385113725255e-09 7.560296862569911197e-07 9.747149972909945152e-09 inf 0.000000000000000000e+00 -9.000000000000000000e+01
1.395085260597875524e-08 0.000000000000000000e+00 1.790863757868355814e-04 1.178199840702865613e-03 -9.909194777572218893e-01 3.632782842167169140e-06 1.200291087716044441e-05 1.194411870510937168e-01 inf 0.000000000000000000e+00 -1.000000000000000000e+01
9.807604640255238732e-03 -2.439671789544650747e-08 5.814669644177119188e-09 1.357635385681719737e-04 -9.976161191487000757e-01 1.582585927620072210e-09 -8.594472935109598668e-05 0.000000000000000000e+00 inf 0.000000000000000000e+00 -9.000000000000000000e+01
6.868853781161169403e-01 4.230481743094374573e-03 1.703972613570052942e-05 3.744080449738885859e-09 -3.171050595290662577e-01 5.566042617439912762e-07 2.164623926914047321e-03 -1.099859409130714782e+00 inf 0.000000000000000000e+00 -8.000000000000000000e+01
4.421175716304112657e-01 1.573728022827297346e-01 1.463198629919694460e-01 4.368542672062397103e-01 -6.294912091309189384e-01 1.295025388180029940e-07 3.579047008436662569e+00 3.618521791617949207e-02 inf 0.000000000000000000e+00 -3.000000000000000000e+01
1.783946884628623351e-04 3.163351537812885585e-07 1.351528890302221564e+00 3.626053120323033951e-01 -1.488019605364570617e-05 -7.040585720805076634e-09 1.558752931675914659e-07 2.264137098686553554e-03 inf 0.000000000000000000e+00 -9.000000000000000000e+01
7.119416871866285357e-01 3.173334388616556034e-01 8.512897042516269774e-01 7.113379777376963714e-06 -9.742237521190188934e-05 -3.709289885823320081e-09 -8.487006273110253044e-08 -3.115969619872735480e-05 inf 0.000000000000000000e+00 -9.000000000000000000e+01
2.225254622402566250e-04 6.612767327578191028e-08 5.174315183812418387e-06 8.404523506654853129e-06 -1.007511068332797466e+00 1.332630341522769242e-09 5.054677838521958155e-06 3.037666970265599975e-07 inf 0.000000000000000000e+00 -9.000000000000000000e+01
8.059624977120785069e-09 -3.591729961003997107e-01 4.102349113354479321e-06 -1.007453122140098066e-06 -1.124000199561250746e+00 -8.720766088525223843e-09 2.795682413938772223e-08 -9.253986605410298161e-01 inf 0.000000000000000000e+00 -9.000000000000000000e+01
3.709252723939547303e-01 4.110976845665852419e-01 2.661160767295020360e-04 1.685701499553433379e-06 -4.552873379564787437e-01 1.209203490446710078e-08 7.532327282368214694e-02 1.565148301403551651e-05 inf 0.000000000000000000e+00 -9.000000000000000000e+01
3.981210969875637606e-01 9.263196607359598273e-06 1.712087763987542861e-06 3.558098198821606349e-10 -6.095456547045619011e-01 1.311775232394036736e-07 -1.240264675203881645e-02 7.404897491626562908e-07 inf 0.000000000000000000e+00 -9.000000000000000000e+01
2.782179990732473797e-05 9.808676639991360802e-03 1.356456186595790037e+00 2.310460891957763718e-06 -6.088280093325290077e-01 0.000000000000000000e+00 1.256890725225023571e-03 1.485403730994981695e-08 inf 0.000000000000000000e+00 -9.000000000000000000e+01
9.108791088727232527e-09 3.793787079442688392e-02 5.296398940408132266e-05 2.274777254270118472e-06 -9.917280027388211128e-01 1.879086273548624785e-09 1.062957701350599317e-09 -6.946370708838724983e-01 inf 0.000000000000000000e+00 -9.000000000000000000e+01
5.987014764512400621e-08 8.775228896321951577e-02 6.067051205603271047e-01 4.490717659736560563e-01 -9.311365596514989962e-01 5.360180873793606565e-10 -9.688300914111978716e-05 1.359970069135955412e-06 inf 0.000000000000000000e+00 -9.000000000000000000e+01
6.250742768237271645e-03 3.699888182669855939e-03 2.776036369952691909e-09 6.559066783459760073e-05 -1.000118842917963491e+00 4.967644030441659009e-10 5.304705106622929506e-04 1.044303972366540198e-05 inf 0.000000000000000000e+00 -9.000000000000000000e+01
6.655126284466487130e-01 2.218375428155495988e-01 4.000493905073405909e-02 8.230596731850804704e-02 -3.158005784667218818e-01 3.746107848751941747e-07 1.282984005582923803e+00 5.533243846352221135e-04 inf 0.000000000000000000e+00 -1.000000000000000000e+01
9.773593498020858306e-01 -4.114682862666781404e-01 1.578435349930368548e-01 3.917659299027340319e-09 -1.597982536926410291e-01 0.000000000000000000e+00 -1.395211006865498842e-08 1.430746652551843502e-07 inf 0.000000000000000000e+00 -9.000000000000000000e+01
9.291277879085526603e-01 2.177643252910670211e-03 1.261657733054771524e-01 6.572356562889972720e-01 -7.041810603096398946e-02 7.909477275511618148e-06 7.666969717536025930e-07 2.084049326352744132e-09 inf 0.000000000000000000e+00 -8.000000000000000000e+01
