2.803207833782426772e-01 9.815099252263054241e-02 1.099600862975426974e-01 5.674656742247746917e-03 -6.829915219326243569e-01 1.971778267970817183e-07 6.750294281150093831e-10 0.000000000000000000e+00 1.187405545313901348e+04 0.000000000000000000e+00 0.000000000000000000e+00
7.980587975745131457e-01 5.121373462078375427e-09 6.407771367386602135e-01 4.918370319649324919e-05 -2.009710110680343331e-01 6.177188685605644602e-02 1.909664680774987380e-08 2.115676991791925454e-07 2.726797346849992755e+04 0.000000000000000000e+00 0.000000000000000000e+00
5.443265312976026671e-01 5.509424638836366130e-10 3.169354066370180713e-03 7.287132322300900207e-06 -4.631910671985260408e-01 1.786737018289293647e-09 1.958906538252930216e-08 4.603430364894385661e-07 3.535677519227972516e+04 0.000000000000000000e+00 0.000000000000000000e+00
5.858471808114522617e-01 2.556264710156353577e-04 4.311160721493849471e-06 8.967755309111473394e-02 -4.210343805358900404e-01 -5.811613717700042948e-07 5.489663525952455183e-09 -2.258604422106152990e-07 3.833334213499061298e+04 0.000000000000000000e+00 0.000000000000000000e+00
9.982525672314450371e-02 0.000000000000000000e+00 2.292929477570917474e-01 3.046425070896743888e-06 -8.927603745371176514e-01 3.192759899629775416e-06 4.469032411591156775e-09 1.396832456088026639e-07 4.004299265736118105e+04 0.000000000000000000e+00 0.000000000000000000e+00
5.815257055865703517e-01 3.976591469725130973e-08 5.415880173319674579e-10 0.000000000000000000e+00 -4.261866472449522547e-01 3.251546075782411611e-06 1.026791528749921893e-08 3.086309797398609084e-08 4.320367288650319097e+04 0.000000000000000000e+00 0.000000000000000000e+00
5.847196432120081999e-01 1.168532998107424925e-08 7.907558961756379245e-06 -2.273366505799195858e-02 -4.263173318401932699e-01 8.677904403857144081e-03 8.742142130479488417e-09 -9.194402283362960745e-07 4.548411536355335556e+04 0.000000000000000000e+00 0.000000000000000000e+00
5.918468983246062409e-01 2.136516281667490136e-02 1.468419526845634288e-08 1.370756595000989821e-06 -3.717265001792477430e-01 -9.183831180899061641e-02 3.514475326736817491e-06 1.607441493884274310e-09 4.631834764280155650e+04 0.000000000000000000e+00 0.000000000000000000e+00
3.176041523482036610e-01 1.304526440170874994e-05 2.496887990158833670e-01 7.610514594004125222e-01 -7.031236580287275606e-01 6.991286372444734110e-02 2.285969229271393152e-07 7.069240780624425867e-10 4.788124546988476504e+04 0.000000000000000000e+00 0.000000000000000000e+00
4.520158755347115087e-01 5.182039144522943008e-01 3.503123035394014040e-01 3.909031183293388256e-10 -2.324653074178516243e-01 4.510420596107755919e-10 8.323229473350846135e-09 3.107980485424650625e-08 4.868358054153941339e+04 0.000000000000000000e+00 0.000000000000000000e+00
5.573637059779199543e-01 1.174766204867699676e-04 8.620815798343606229e-01 1.291153988942142232e-06 -3.982546895655379449e-01 1.339922870691492620e-09 -5.241864485021517997e-07 2.436639322721581411e-05 6.450951357756229118e+04 0.000000000000000000e+00 0.000000000000000000e+00
6.212368308175511000e-01 8.096904124004992196e-10 6.412230023183838057e-01 8.494122887853915449e-01 -3.480924869728369009e-01 3.881550360136033049e-08 3.462620883926977974e-07 1.662812494431676729e-08 8.229793654264646466e+04 0.000000000000000000e+00 0.000000000000000000e+00
2.550538318333805954e-01 1.577671371108940344e-03 8.357828082045790641e-01 4.613178345344287392e-06 -7.027112437697717873e-01 3.896265494378620393e-09 5.198731388213759588e-07 1.708964664387051369e-09 8.647905552339478163e+04 0.000000000000000000e+00 0.000000000000000000e+00
4.650542676991878954e-01 1.135607812863994931e-09 9.783153802208526262e-01 4.884698164356383887e-08 -4.792327514705046476e-01 -3.046158622743823288e-03 3.552075600702496002e-10 1.347940064385542014e-08 9.053952675938900211e+04 0.000000000000000000e+00 0.000000000000000000e+00
4.122518227478806918e-01 6.508351884690468658e-01 0.000000000000000000e+00 -3.797433243115333706e-05 -2.427986195324941532e-01 1.204064199036569253e-05 0.000000000000000000e+00 5.024974121246365781e-10 9.705295044021922513e+04 0.000000000000000000e+00 0.000000000000000000e+00
4.183701584677530505e-01 6.588352495496858641e-01 3.364720724942631056e-09 -3.684718192550577717e-04 -2.297125870091634714e-01 1.098268150046209372e-08 2.183625094678612978e-05 -1.327477004278664956e-06 9.955175701898965053e+04 0.000000000000000000e+00 0.000000000000000000e+00
4.977808560103482716e-01 0.000000000000000000e+00 1.176975179544467842e+00 3.035080497063095614e-02 -4.236668174488075200e-01 1.598886086974004369e-09 3.601614536121854992e-09 0.000000000000000000e+00 1.063370237043888628e+05 0.000000000000000000e+00 0.000000000000000000e+00
6.750989575344599203e-01 1.916111202896347989e-06 1.294549844816621720e+00 1.104037577990702812e-03 -1.160555149340693065e-01 1.073622804100996789e-08 7.792930402450161930e-07 1.121735071549815321e-05 1.063824603880671784e+05 0.000000000000000000e+00 0.000000000000000000e+00
3.011448868531045875e-01 7.989135829917414222e-01 0.000000000000000000e+00 -4.661427427680496049e-05 -2.980403003907014514e-01 8.201282571514961761e-02 -4.046377975417097089e-07 2.324397416512767573e-05 1.085337066430742998e+05 0.000000000000000000e+00 0.000000000000000000e+00
2.203966389695788120e-01 7.521917082047287835e-05 1.089018686673212999e+00 3.607355036254113613e-06 -7.138105677353833167e-01 0.000000000000000000e+00 0.000000000000000000e+00 0.000000000000000000e+00 1.092086218064602290e+05 0.000000000000000000e+00 0.000000000000000000e+00
5.094378297384338783e-01 8.093196336960841266e-06 1.286491734592627223e+00 -6.750857316549657705e-02 -3.433868915641974939e-01 1.383715179191632999e-08 0.000000000000000000e+00 0.000000000000000000e+00 1.095529485482012242e+05 0.000000000000000000e+00 0.000000000000000000e+00
4.556834281448855495e-01 5.749259871694765789e-10 1.272474478593265346e+00 7.523075464656129273e-03 -3.877608039497045245e-01 1.495768445727830530e-09 2.037063664845610548e-09 0.000000000000000000e+00 1.104512670802876819e+05 0.000000000000000000e+00 0.000000000000000000e+00
4.248645876643917796e-01 2.628059699154025337e-03 1.392233614497503380e+00 8.263956510634622513e-03 -1.020841686607806276e-01 5.229936453067377556e-09 0.000000000000000000e+00 4.842162017949974467e-05 1.151404061737787124e+05 0.000000000000000000e+00 0.000000000000000000e+00
1.549994471062561274e-01 5.587469374252603592e-09 1.326622014354543522e+00 8.308548519020638040e-07 -5.680219259223279193e-01 0.000000000000000000e+00 4.176771660951203724e-09 1.903058875983065172e-08 1.158439434008653916e+05 0.000000000000000000e+00 0.000000000000000000e+00
6.741151767678762452e-01 3.797745503807990733e-07 9.372736615933968435e-05 -1.486209229022898293e-07 -3.331534464335449974e-01 2.007080574163230129e-09 3.971498566073715789e-07 2.782763887849503054e-09 1.258980317175715172e+05 0.000000000000000000e+00 0.000000000000000000e+00
7.227974713557610009e-01 2.390396382429740004e-09 0.000000000000000000e+00 0.000000000000000000e+00 -2.870292679618540732e-01 6.530376813907280177e-03 8.357228731674857547e-10 5.930197921928186642e-10 1.309843444366367476e+05 0.000000000000000000e+00 0.000000000000000000e+00
7.043982514288520402e-01 0.000000000000000000e+00 1.883393990808093202e-07 0.000000000000000000e+00 -3.037182744015090585e-01 1.223866131211035182e-08 0.000000000000000000e+00 3.455110073534442485e-05 inf 0.000000000000000000e+00 -9.000000000000000000e+01
1.713864221097708695e-01 3.926062383145412118e-04 5.287453448067399586e-01 4.776940701357443309e-01 -8.022343162585019449e-01 5.946960707349513431e-04 1.571315216837109298e-04 7.933256990106354907e-08 inf 0.000000000000000000e+00 -9.000000000000000000e+01
3.718019741522375545e-03 9.503147473667266200e-04 2.752964710665471604e-05 3.314771829257759705e+00 -2.173543242327588221e+00 1.098610091982571824e+01 3.953864277365212905e-04 0.000000000000000000e+00 inf 0.000000000000000000e+00 -2.000000000000000000e+01
2.161458635577052142e-03 -1.888836672939090132e-08 1.022203175207990116e-05 3.513749254939264599e-01 -1.001582731548108063e+00 4.713283635686351512e-07 1.578108360162840819e-09 -5.355292370115389876e-07 inf 0.000000000000000000e+00 -9.000000000000000000e+01
1.622731688769570111e-03 5.607185553682646380e-03 1.525154470601679746e+00 4.940559263468046700e-09 -3.347955453832464556e-08 2.580752861834234471e-04 1.008106586653997840e-06 0.000000000000000000e+00 inf 0.000000000000000000e+00 -9.000000000000000000e+01
6.928981530462835492e-01 1.409548701228156495e-02 2.976546991423287703e-03 2.234164681844526434e+00 -1.743191877848650868e-04 4.027030967812323379e-07 3.775341532324053168e-09 0.000000000000000000e+00 inf 0.000000000000000000e+00 -2.000000000000000000e+01
1.163611113818492093e+01 -2.578462132642095185e+03 3.863089552220342619e-06 6.935662709584785275e-06 -1.638283120597944231e+00 1.191484395253770760e-08 9.784504811801331988e-06 8.054317985324266901e-07 inf 0.000000000000000000e+00 -2.000000000000000000e+01
6.418553983993157130e-01 0.000000000000000000e+00 1.283710796798631426e+00 -3.907233647457763158e-03 -1.869363120972626358e-01 1.715181708536401016e-06 0.000000000000000000e+00 3.650975557120056567e-07 inf 0.000000000000000000e+00 -9.000000000000000000e+01
6.416024603654940650e-01 8.362340012050603421e-10 7.723311118072568870e-01 8.531764620409787447e-01 -3.190811163479869705e-01 2.627205114809276314e-03 4.396348073155308839e-07 0.000000000000000000e+00 inf 0.000000000000000000e+00 -9.000000000000000000e+01
1.330651907018049473e-01 9.121404201333404016e-01 1.378061411391708004e-04 3.358822958843947770e-01 -2.543262112607078684e-01 4.375009307939900024e-08 2.788748623189760939e-08 3.543501690933779023e-08 inf 0.000000000000000000e+00 -9.000000000000000000e+01
3.772088895681916052e-03 3.226214978604285966e-01 3.546626740177999393e-01 7.535200737699051521e-01 -9.744937024414315196e-01 3.380896518674354478e-01 -2.585391455456859111e-01 0.000000000000000000e+00 inf 0.000000000000000000e+00 -9.000000000000000000e+01
4.997413131148267622e-04 1.011429383267880899e+00 1.528620487174764246e-04 1.613470682832095715e+00 -3.363905761315050258e-02 1.552137725438991304e-03 0.000000000000000000e+00 0.000000000000000000e+00 inf 0.000000000000000000e+00 -9.000000000000000000e+01
4.576039750049069599e-01 1.693618797326344304e-03 1.299808956239618896e+00 -1.540184585133247130e-01 -4.015163282630603847e-01 2.124630870619226823e-05 1.212531354740682277e-08 -9.982821055168089626e-10 inf 0.000000000000000000e+00 -9.000000000000000000e+01
4.813970306839038260e-01 5.957148770254298549e-06 1.064363544764851177e+00 6.281966746561932005e-03 -4.549466443825904149e-01 8.947011367079826002e-10 2.475208431068779816e-09 3.846820746374409379e-08 inf 0.000000000000000000e+00 -9.000000000000000000e+01
8.888566878940085125e-01 7.904698679794229437e-09 4.515250041297907968e-01 1.191150848551200048e-06 -8.143417559747503365e-01 3.789616537607988445e+00 5.955754242756000238e-07 -3.912693660901491859e-09 inf 0.000000000000000000e+00 -3.000000000000000000e+01
5.349838955286160408e-02 5.109845203251352315e-10 7.521347357464608363e-01 1.448140013601394882e+00 -7.841194685296192464e-10 2.676461119247766939e-08 2.368040794959450312e-09 1.078948388696756126e-08 inf 0.000000000000000000e+00 -9.000000000000000000e+01
7.857333410858123868e-01 4.973202317736722946e-10 6.617705566912059911e-01 4.882226585387571816e-01 -1.864209565318887263e-01 6.838812264077440140e-03 2.473528741347453637e-07 4.671257891302707480e-10 inf 0.000000000000000000e+00 -9.000000000000000000e+01
2.985507624677443683e-01 9.561383451822358078e-04 4.000781261352264750e-01 -1.403289105740643583e+00 -6.915923386458185940e-01 0.000000000000000000e+00 0.000000000000000000e+00 0.000000000000000000e+00 inf 0.000000000000000000e+00 -1.000000000000000000e+01
1.433537442105437302e-05 2.026287596981459494e-06 1.541059468749449879e+00 1.943283044815954037e-06 -1.306198693842120591e-04 8.349281423706736442e-07 -8.562163686907680227e-05 1.774930282541446053e-03 inf 0.000000000000000000e+00 -9.000000000000000000e+01
4.555400545423486380e-01 9.003447161362577888e-06 1.431184895766906218e+00 -3.261864071649198810e-02 -1.990883832793700445e-06 -7.816977033560962112e-10 0.000000000000000000e+00 0.000000000000000000e+00 inf 0.000000000000000000e+00 -9.000000000000000000e+01
1.401100122140057792e-04 3.362640293136138700e-03 3.982098110402306212e-01 1.443452247281244174e-09 -9.857644832123355627e-01 0.000000000000000000e+00 -2.066354612531175604e-07 -5.322957405591288875e-09 inf 0.000000000000000000e+00 -9.000000000000000000e+01
3.653754241112200929e-01 2.899829581595860794e-08 1.386653900670075323e+00 -5.305822364957408360e-02 -2.496567924856989140e-01 7.102821444799577663e-09 7.117496695718584764e-10 9.425220993435071072e-05 inf 0.000000000000000000e+00 -9.000000000000000000e+01
6.237317086511687814e-01 -5.750026689127962255e-03 2.906339155824363583e-04 1.051155000070608031e-03 -8.183360017503334305e+00 7.463680551155654257e+02 0.000000000000000000e+00 -3.296867602870463543e-01 inf 0.000000000000000000e+00 -3.000000000000000000e+01
4.087902613272883894e-04 6.076275698503221530e-07 1.749834677058107087e-03 -1.913605611881797897e-01 -1.005512766970617555e+01 1.113370537822137067e+03 -6.880417904937217175e-04 1.527622661757912503e-01 inf 0.000000000000000000e+00 -3.000000000000000000e+01
5.467273270099544114e-01 2.284907602503866153e-01 3.404151281382735150e-01 3.153111242521295038e-04 -3.373204451551983230e-01 3.072520539837044883e-04 0.000000000000000000e+00 1.690860232404239495e-08 inf 0.000000000000000000e+00 -9.000000000000000000e+01
0.000000000000000000e+00 6.338537723581058938e-10 2.281651884374945316e-01 8.066833568211355689e-08 -3.724747947996705499e-01 2.485272860835088934e-04 -4.758443792487786109e-10 -2.035935527596104855e+00 inf 0.000000000000000000e+00 -3.000000000000000000e+01
4.630866091051848987e-01 2.489632075328355836e-03 1.317052975583977048e+00 7.822408937587583405e-03 -2.772743106492583376e-01 4.752182888206860899e-10 0.000000000000000000e+00 4.618699988689783535e-05 inf 0.000000000000000000e+00 -9.000000000000000000e+01
1.333740454687537567e+05 2.109618315347114694e+05 2.761378536177787162e-03 4.719389301202055998e+06 -8.340887383769343160e+02 3.442531030189389038e+11 1.624340315398698203e-04 1.506956347293714259e-06 inf 0.000000000000000000e+00 -2.000000000000000000e+01
5.683124434475664843e-01 3.928768630789699068e-01 4.683457172858356318e-08 8.553936874201676950e-07 -2.569760613849865760e-01 3.380042204940229049e-08 3.546466940956893527e-07 -2.995994946435540651e-01 inf 0.000000000000000000e+00 -9.000000000000000000e+01
1.112617563807073934e-05 4.788801191850356603e-02 2.490664029552704661e-01 2.004229058614622527e+00 -1.525224089756835425e-09 1.901155513022615291e-07 -8.438281998362270192e-03 7.814957717039785539e-09 inf 0.000000000000000000e+00 -2.000000000000000000e+01
6.482513653927883368e+00 9.380381518577010265e-08 2.440705441990919983e-04 -1.792393058962081943e-04 -1.405846334586769997e+00 5.238495852966879056e+02 -1.259404008067314673e-01 -5.613622516579115651e-02 inf 0.000000000000000000e+00 -2.000000000000000000e+01
8.403616103119309066e-01 2.715961574396969794e-07 1.472258951804259111e-05 1.606024410818357007e+00 -1.634036464495421392e-01 8.371432106875905504e-09 0.000000000000000000e+00 0.000000000000000000e+00 inf 0.000000000000000000e+00 -9.000000000000000000e+01
4.406471991690156242e-01 2.244514421996742226e-01 3.374511337898550289e-01 6.525337141895163186e-05 -4.458070024379736651e-01 1.436078058254919960e-04 1.669125813322604369e-05 1.264151800894716855e-02 inf 0.000000000000000000e+00 -9.000000000000000000e+01
3.790226637552405187e-01 5.907063080151244997e-06 5.707847240399583910e-01 4.501456814195255629e-04 -5.977934649251299692e-01 0.000000000000000000e+00 4.413662230581757826e-09 6.791539526541078378e-10 inf 0.000000000000000000e+00 -9.000000000000000000e+01
4.484717528156278554e+00 3.596534480653725977e-06 8.786012216522565664e-04 5.383585916986865967e-07 -1.881699662163473508e-01 5.140576830456209808e-07 2.357024837241225856e-01 2.808386266049380600e+07 inf 0.000000000000000000e+00 -2.000000000000000000e+01
1.952544335866883852e-03 4.767883571402920005e-12 4.095580802062244452e-03 2.273714067600695277e+00 -8.976941641729454732e-03 3.801936439051013528e-06 0.000000000000000000e+00 0.000000000000000000e+00 inf 0.000000000000000000e+00 -2.000000000000000000e+01
4.183661191947983249e-01 6.588288886385376131e-01 1.591308182437276422e-09 -3.842188480576133646e-05 -2.297103691840598483e-01 9.555131969600488054e-09 9.322079970341939716e-10 -6.299686854957638569e-10 inf 0.000000000000000000e+00 -9.000000000000000000e+01
6.074199472542065603e-01 -7.354712986749586782e-03 9.550750939141703366e-01 -3.613269782701871574e-02 -1.980462464680917689e+00 2.933656799602739283e-07 3.242482385237110097e-03 3.860467748179004993e+05 inf 0.000000000000000000e+00 -3.000000000000000000e+01
8.970699943132047771e-01 2.969719174171398398e-09 0.000000000000000000e+00 -2.378997521124131211e-05 -1.106647482067599775e-01 1.074060595670834972e-08 0.000000000000000000e+00 9.558555572885827229e-10 inf 0.000000000000000000e+00 -9.000000000000000000e+01
1.357907699664589185e-01 4.122219802553217516e-01 1.047528796884111602e+00 7.280771260879260838e-10 -1.508247480698882981e-01 7.326009601418322708e-06 1.079938915360592357e-07 7.400009698402346014e-09 inf 0.000000000000000000e+00 -9.000000000000000000e+01
6.402662497758732085e-02 5.022103898993791685e-06 1.685472972532080314e-07 2.252043933095964068e+00 -6.640157952624588364e-05 2.947054538798607610e-07 8.659495870853443192e-07 1.412971354218510559e-08 inf 0.000000000000000000e+00 -2.000000000000000000e+01
2.177912561562619689e-05 4.363678079011839017e-01 1.144188499647251334e+00 -4.852585154753968205e-02 -3.101276226722460630e-02 1.660379965134038140e-04 1.408517070744741253e-06 0.000000000000000000e+00 inf 0.000000000000000000e+00 -9.000000000000000000e+01
5.473003936118059354e-01 6.274408083906776179e-01 4.241578050491496277e-01 -6.487047228707874652e-07 -2.315554304428322635e-09 1.776714623523618662e-08 5.219463287466106222e-06 2.311476598734989802e-06 inf 0.000000000000000000e+00 -9.000000000000000000e+01
4.309583667061189511e-05 2.010347431185247370e-09 1.254136457753413536e+00 0.000000000000000000e+00 -8.775592908140508186e-01 -8.692717241386676328e-09 1.985486760896047826e-05 8.611301301805965472e-10 inf 0.000000000000000000e+00 -9.000000000000000000e+01
3.723662147260917848e-03 2.431467274802816877e-03 -1.531671460655661399e-01 6.765027242320632420e-06 -1.017851961074688782e+00 2.067511795932961555e-02 3.756792860146322597e-08 7.242909961424959779e-07 inf 0.000000000000000000e+00 -1.000000000000000000e+01
2.184869028320674644e+00 5.713142421218682723e-09 4.504191535307236371e+00 8.539773635051839742e-05 -1.844533660447646328e+00 3.607888570112072299e-09 -2.668679260953699920e-06 9.058266386827347800e+06 inf 0.000000000000000000e+00 -2.000000000000000000e+01
6.615364871678923731e-01 1.046282894034187228e-09 9.218452232428323567e-01 -1.624635996708315592e-05 -2.896668642036925312e-01 4.934663851444863905e-08 6.911392663643846183e-03 -1.969441095303821679e-02 inf 0.000000000000000000e+00 -9.000000000000000000e+01
1.073856476455206455e+01 -2.676939479965771625e+03 9.040118296689236832e-01 -3.793086026051841440e-04 -2.684641191138016136e+00 3.373887916749512564e-06 0.000000000000000000e+00 1.399566337147198317e-06 inf 0.000000000000000000e+00 -2.000000000000000000e+01
1.279563126987531309e-02 2.063638588682136123e-05 1.501719985174428285e+00 9.330862480981461787e-03 -9.440637333698891076e-02 0.000000000000000000e+00 6.420408143340180694e-10 8.403782633480300221e-10 inf 0.000000000000000000e+00 -9.000000000000000000e+01
1.767491376356579713e-01 3.746845910363345321e-07 1.488828390557743075e+00 1.003137515132738501e-02 -1.568604363075421372e-05 2.900175177952779310e-03 2.199652095347142921e-05 -3.115572803901526773e-04 inf 0.000000000000000000e+00 -9.000000000000000000e+01
1.003264488467206839e+00 1.861454426485660823e-09 9.539796084403645571e-02 6.626777758288952391e-06 -9.516685755407940781e-08 4.363249175682388565e-06 4.365110630108874708e-07 1.983612373223782364e-08 inf 0.000000000000000000e+00 -9.000000000000000000e+01
1.006502573181666360e+00 4.418304506154250634e-04 1.035085780092799748e-09 7.707144904657939321e-07 -1.756916375182713912e-04 1.464763993888093898e-04 3.676917812526465417e-06 3.243879447700857361e-08 inf 0.000000000000000000e+00 -8.000000000000000000e+01
7.653235395581018174e+00 1.321655406188779887e-05 -7.292988918054624228e+05 1.316723856165687439e-06 -1.427224979175919506e+00 4.154830894455399067e-07 1.319288262177695356e-04 5.005523273438848841e-07 inf 0.000000000000000000e+00 -2.000000000000000000e+01
9.722422421125774816e-01 5.635476705793669543e-03 5.214041056490839043e-01 1.309390761554842131e+00 -1.488309490066093226e-04 -2.082676173880269009e-03 1.932170278502202821e-05 4.626665479192097571e-08 inf 0.000000000000000000e+00 -9.000000000000000000e+01
7.483102491946256012e-11 8.303805240969866497e-03 1.518410101205918350e+00 1.803015246090987751e-10 -6.832845455426632408e-02 0.000000000000000000e+00 3.827577463597077185e-09 2.422875389518346947e-09 inf 0.000000000000000000e+00 -9.000000000000000000e+01
1.009138786583338776e+00 3.100322198554500182e-12 2.029878472710874801e-09 2.149560028169780223e-14 -2.679932604464642881e-17 7.936824828299520465e-10 1.339719791989177464e-10 2.745741585727648677e-04 inf 0.000000000000000000e+00 -8.000000000000000000e+01
1.189767470316806339e+03 3.033124307551068988e+00 2.183232826171102375e+07 -1.985592801907191992e+09 -6.787936514860095940e+02 1.434695857198152840e+08 0.000000000000000000e+00 -1.026957184905032818e+03 inf 0.000000000000000000e+00 -2.000000000000000000e+01
3.006151244685587365e+00 -4.603152806227659312e+03 4.660930474732328577e+01 0.000000000000000000e+00 -1.332758075043269841e+01 1.108838198564609384e-02 1.278672539228307831e-07 4.848415615121653442e-07 inf 0.000000000000000000e+00 -2.000000000000000000e+01
6.213403176480289392e-02 5.400012215195596488e-01 5.723555196424230305e-10 6.032649629528135105e-01 -6.913823170919886074e-01 3.615070939043077414e-02 3.778569935980999778e-05 8.821008596842048888e-09 inf 0.000000000000000000e+00 -9.000000000000000000e+01
3.324803565156685460e-06 2.630724161496135860e+00 4.682529085021693760e+01 -4.437911718612910590e+03 -1.005512350480666006e+00 1.128359022773175275e-03 8.443904907416168726e+00 6.686210472315095232e-05 inf 0.000000000000000000e+00 -2.000000000000000000e+01
5.275673902671756821e+01 -2.733141984732824937e+07 1.122052639097203022e-06 9.525083858548231584e-05 -2.559562857824428050e+01 -3.860196994461176801e-03 1.113748049918022152e-04 -7.721401736822748975e-07 inf 0.000000000000000000e+00 -2.000000000000000000e+01
6.116228529682528059e-01 7.770176064201808646e-10 2.889523999959173707e-06 8.495080910853057454e-07 -3.967707225665844661e-01 5.191810575827265255e-04 3.131439376249751516e-09 9.429185649927229740e-02 inf 0.000000000000000000e+00 -1.000000000000000000e+01
7.698846715098440763e-01 9.071434598471670526e-08 1.136197183458576724e-05 2.645549643412205554e-01 -2.385453470604825543e-01 2.328092975351769324e-03 2.458358776185822856e-05 1.335315172895030003e-04 inf 0.000000000000000000e+00 -8.000000000000000000e+01
1.263943492400750046e-01 1.588620908465184813e-03 3.705977347255408403e-04 2.249757609945589376e+00 -3.770198192491234779e-01 -3.623407689095059503e-02 6.299564984157448599e-09 1.499370145352094399e-08 inf 0.000000000000000000e+00 -2.000000000000000000e+01
2.417468071525158413e-01 0.000000000000000000e+00 4.211252287593006963e-09 2.245143463575300036e+00 -3.042760220371787949e-01 9.600942442920690906e-03 2.945000624143090448e-06 1.709445614998555261e-09 inf 0.000000000000000000e+00 -2.000000000000000000e+01
1.563516513915138018e-01 4.443678513232497407e-01 6.711234626980767670e-01 -1.198972293024629040e-08 -4.050513541897111658e-01 -6.743236426973182873e-02 8.665299754132546956e-09 2.493317382085307995e-09 inf 0.000000000000000000e+00 -9.000000000000000000e+01
9.227389514556409988e-01 1.439942949723770904e-01 3.849643396200285728e-01 1.221380180569269988e-02 -6.390052949720178383e-04 1.454024024487226099e-04 5.090521546814769404e-10 7.488343300453334467e-06 inf 0.000000000000000000e+00 -9.000000000000000000e+01
9.851995674369792844e-02 3.950457089036514824e-01 8.866796106932813837e-01 2.564444818444860129e-06 -4.703844993547146025e-01 4.677647752753342198e-10 8.602385928907447859e-04 7.070444487815628983e-10 inf 0.000000000000000000e+00 -8.000000000000000000e+01
0.000000000000000000e+00 4.875447018114666060e-07 4.712154534254366212e-07 0.000000000000000000e+00 -4.170956587745944358e-06 -7.464799262185135307e-07 7.655206345419848901e+01 4.388485503745557424e-08 inf 0.000000000000000000e+00 -3.000000000000000000e+01
3.403125406244174034e-01 1.182572659405630366e-03 7.042429862763969206e-01 -2.697272108261352525e-02 -1.229204602570845295e-01 2.904012647653897070e-04 1.959633668631556438e-09 -1.502957592663042297e+00 inf 0.000000000000000000e+00 -9.000000000000000000e+01
8.058819685061542337e-01 5.070550770405535995e-09 4.585952678129015698e-08 3.751971180786790579e-06 -2.026602784973645655e-01 1.400477707326455235e-03 6.997123673846334198e-08 7.832760274604598852e-03 inf 0.000000000000000000e+00 -8.000000000000000000e+01
6.959455823826472126e-05 4.689477068789322038e-06 3.055479484892774433e+00 9.260018124964422141e-07 -1.302810130220315443e-01 0.000000000000000000e+00 0.000000000000000000e+00 5.647737590151658438e+00 inf 0.000000000000000000e+00 -2.000000000000000000e+01
1.349770992366412829e+05 2.583656602233421959e-02 1.227337786259542440e+02 0.000000000000000000e+00 -8.928138791149812237e-01 3.442531038778627319e+11 0.000000000000000000e+00 1.051808131560114934e-01 inf 0.000000000000000000e+00 -2.000000000000000000e+01
5.996746303243876775e-13 1.227588382578387316e+00 2.327719653891023815e-06 1.682909297901565189e-05 -3.772826551002150588e-07 2.069899647284463118e-15 0.000000000000000000e+00 7.042609561870680816e-07 inf 0.000000000000000000e+00 -9.000000000000000000e+01
5.491170348986509353e-01 3.655364877283919477e-03 1.380915620307258340e+00 3.958578008634954686e-07 -2.633639625126435002e-04 5.691675997072942890e-05 3.098691200497029326e-08 4.775454982909981536e-04 inf 0.000000000000000000e+00 -9.000000000000000000e+01
4.914543289002595294e-01 8.424562332423934973e-04 5.816294351204905899e-01 6.988570732067910241e-01 -2.434727867946239743e-01 5.808762752978117132e-10 -5.019747579592864772e-01 3.448865403213995137e-08 inf 0.000000000000000000e+00 -9.000000000000000000e+01
1.767378170576911704e-04 1.243142114264879083e+00 1.773472578061659633e-04 7.694189449494314315e-05 -1.743000540637919986e-04 2.238841533597014932e-02 2.932933602034961320e-05 0.000000000000000000e+00 inf 0.000000000000000000e+00 -9.000000000000000000e+01
6.435898099664687511e-01 1.023340220507136869e-02 2.640624239517347940e-06 7.392366582990169688e-01 -3.590809645027023267e-01 -5.303511353185193206e-05 8.183103969705993442e-10 5.072920542105560560e-10 inf 0.000000000000000000e+00 -9.000000000000000000e+01
5.639634125294441525e-01 2.022321301073149078e-09 3.184283213601623586e-01 7.912064115011273295e-08 -4.277681666464831500e-01 2.856758224740255634e-04 0.000000000000000000e+00 1.572122566205274837e-08 inf 0.000000000000000000e+00 -9.000000000000000000e+01
5.365733452425194283e-01 2.131107342897176349e-01 0.000000000000000000e+00 4.846368959466224078e-10 -3.826881594371176476e-01 -6.821853040561217535e-05 6.882975370448138124e-10 0.000000000000000000e+00 inf 0.000000000000000000e+00 -9.000000000000000000e+01
0.000000000000000000e+00 3.926770001938906541e-06 1.240249327058107642e+00 2.955132572887716151e-05 -9.544648065055683084e-01 0.000000000000000000e+00 0.000000000000000000e+00 7.014206485017664860e+00 inf 0.000000000000000000e+00 -3.000000000000000000e+01
1.163611113816467224e+01 -2.578462132637608192e+03 2.535618625005078841e-05 2.381803524591167777e-07 -1.638283120595093179e+00 1.191484395251697184e-08 9.784504811784303237e-06 2.873303364241049118e-04 inf 0.000000000000000000e+00 -2.000000000000000000e+01
2.675181842825119505e-01 0.000000000000000000e+00 4.705003106316416744e-02 3.639810848657852337e-10 -7.383790315506529867e-01 6.601622982776042237e-07 9.240553003234695605e-10 2.888210054964518743e-08 inf 0.000000000000000000e+00 -9.000000000000000000e+01
5.436714509131088325e-05 3.627911862017332671e-03 1.485992698682299551e+00 -5.488041216724401372e-02 -2.675420093153145773e-01 0.000000000000000000e+00 -2.234431688809059520e-07 -5.755926225394959337e-09 inf 0.000000000000000000e+00 -9.000000000000000000e+01
1.444701948554655627e-02 0.000000000000000000e+00 9.088445670186219301e-06 0.000000000000000000e+00 -9.611635661453857837e-01 4.434899004865454353e-02 0.000000000000000000e+00 0.000000000000000000e+00 inf 0.000000000000000000e+00 -9.000000000000000000e+01
1.359924189298558137e-05 2.269789808640148079e-02 1.226612941485533126e+00 5.831275759726146334e-07 -8.690052410222282031e-01 1.292069344094472098e-05 1.094159378915887692e-05 0.000000000000000000e+00 inf 0.000000000000000000e+00 -9.000000000000000000e+01
7.286106158576883818e-01 3.198425570934732725e-04 1.362553918777392658e-06 7.286847822477390824e-03 -2.812389510721045038e-01 6.786224689635432517e-03 2.661733236681418245e-06 3.918474205786313703e-08 inf 0.000000000000000000e+00 -8.000000000000000000e+01
4.298943288947562991e+01 4.059046900055399698e-01 9.089194382346275347e+01 5.373679111184452850e-01 -8.606282951506350962e-03 6.427092174708164384e+04 1.455060036996991534e-07 0.000000000000000000e+00 inf 0.000000000000000000e+00 -2.000000000000000000e+01
9.836751259319266583e-02 2.505201724047006681e-03 1.353831462301321176e-01 6.241035863876669903e-08 -9.063717584470475375e-01 8.103560678805112050e-03 -4.007915218833299131e-08 2.296701197906614906e-06 inf 0.000000000000000000e+00 -9.000000000000000000e+01
3.110828986527501561e-02 2.509428893070677485e-04 2.930063822138398623e-05 1.619839945647456522e-02 -9.777942944635554801e-01 3.100834412999225627e-06 -6.399403194363619668e-05 1.293110865701520631e-02 inf 0.000000000000000000e+00 -9.000000000000000000e+01
9.211204644525752272e-01 1.437417285292235114e-01 3.842891109658833071e-01 1.219237875917520905e-02 -2.498062565319732545e-03 2.587824752299876219e-04 1.010869043867139148e-06 0.000000000000000000e+00 inf 0.000000000000000000e+00 -9.000000000000000000e+01
6.975753394584208733e-01 1.087170221567479188e-05 1.057133174761217376e+00 0.000000000000000000e+00 -2.386005911686760461e-01 2.491895279946296552e-04 1.475719802150014500e-03 1.212918721259593280e-09 inf 0.000000000000000000e+00 -8.000000000000000000e+01
1.007151657658032384e+00 2.208289780713073181e-03 8.575882643545915780e-05 -6.297913816354032261e-05 -3.676574688004547890e-05 1.432105402389015261e-05 -9.399167377326324291e-02 1.931974841938023824e+00 inf 0.000000000000000000e+00 -1.000000000000000000e+01
1.134649487851524313e-03 1.181449598937812873e+00 1.254389312976418296e+04 3.878196491680014397e-08 -7.248181059156370054e+01 1.434694351144259274e+08 0.000000000000000000e+00 -1.026956106869671430e+03 inf 0.000000000000000000e+00 -2.000000000000000000e+01
1.327430919825583144e+00 1.119515172144853028e-06 3.469872438136849269e+01 6.015487518990871931e-06 -1.842410144143459760e+01 6.865229621555007725e+03 -1.650492420795182769e+00 -7.356846061683953719e-01 inf 0.000000000000000000e+00 -2.000000000000000000e+01
6.261502445845408271e-01 8.517249214565973088e-08 1.007094522513515093e-06 -6.516673391914343583e+00 -3.935521129755499281e-01 3.878624257710042966e-06 1.189979892725322522e-02 9.406412594108574325e-08 inf 0.000000000000000000e+00 -2.000000000000000000e+01
2.117668434103521513e-01 3.056860366742654156e-01 3.397840877318644703e-01 1.570304982915746855e-02 -6.125684961926570749e-01 -6.092927920946458089e-07 2.036859243235407221e-09 -1.296922363032891212e+00 inf 0.000000000000000000e+00 -9.000000000000000000e+01
5.492875522255603604e-01 2.415763489467190599e-04 1.386853677959570819e+00 3.843980618082636276e-06 -2.505799818995888863e-03 2.472828768745942928e-04 2.694749299274425133e-06 0.000000000000000000e+00 inf 0.000000000000000000e+00 -9.000000000000000000e+01
8.900460375073980523e-02 3.389348810863212873e-03 6.833413566655159588e-02 2.167026898761688574e-06 -9.143642352535017448e-01 2.745296542431246013e-04 8.551917475581898809e-10 8.831376744953456470e-07 inf 0.000000000000000000e+00 -9.000000000000000000e+01
9.729662704974189058e-01 2.678360255933214614e-07 5.826373361491393732e-01 -2.445134092358935128e-04 -6.842656623483560699e-03 8.806201567613625852e-03 6.135544548152094118e-10 3.711117812246445803e-08 inf 0.000000000000000000e+00 -9.000000000000000000e+01
6.191793893129719436e+03 4.072794477448174878e-04 9.486820133587707460e+01 1.585050393606857000e+01 -3.013740458015242475e+05 8.352087938931227922e+08 1.606424801222227250e-04 1.488294352898148479e-06 inf 0.000000000000000000e+00 -2.000000000000000000e+01
4.865147826471964004e-03 3.334549002856212722e-11 1.513060974032780726e+00 5.610123587400483308e-02 -1.277101304448890508e-02 -1.195203857516458437e-05 2.290884723015339201e-07 1.014948927918188319e-09 inf 0.000000000000000000e+00 -9.000000000000000000e+01
1.073856951213305422e+01 -2.676940663456048696e+03 4.275469093296414558e-01 -3.977009461895363664e-05 -2.684642378033263554e+00 2.507068547270494864e-03 9.330446372689948684e-10 -6.268893656651059014e-10 inf 0.000000000000000000e+00 -2.000000000000000000e+01
7.574423707718958010e-01 9.697290210824579569e-10 2.753155476396512234e-07 -1.110594920987067611e-07 -2.505235748289474373e-01 1.509277498977960670e-09 2.501171754828017805e-07 1.176775776296130060e-01 inf 0.000000000000000000e+00 -1.000000000000000000e+01
5.126591468180773381e-01 2.855084305070405292e-07 9.229423899433868801e-04 1.071123131444714268e-06 -4.950487181105862056e-01 4.048621508680229635e-05 4.665170433121577782e-09 2.033722735688937812e-09 inf 0.000000000000000000e+00 -9.000000000000000000e+01
0.000000000000000000e+00 9.053580933764618582e-10 3.245045246122673643e-01 4.257054561914887908e-04 -2.713024952552347102e+00 4.183843934090422876e-07 4.624276520929910400e-03 5.534825827276251512e+05 inf 0.000000000000000000e+00 -3.000000000000000000e+01
7.714248812678797806e-01 4.800815416847704716e-07 1.382529975824603593e-03 -2.533519737251397111e-04 -7.944473610206405745e+00 7.195658865770341208e+02 0.000000000000000000e+00 -3.178476682284137045e-01 inf 0.000000000000000000e+00 -3.000000000000000000e+01
4.431859054209654203e-01 -5.366147669134478659e-03 6.968421471088491748e-01 -2.636314871475196192e-02 -2.472435838924035290e-01 1.816084727235605593e-04 -3.477178394827193560e-10 -1.487736608551408102e+00 inf 0.000000000000000000e+00 -9.000000000000000000e+01
1.032175286327638225e-03 8.583857730017754872e-03 1.504306664739755828e+00 -2.525228840038779878e-03 -1.774381329426488740e-02 6.937178087178777659e-04 2.161011519084510324e-09 2.231628980250526126e-06 inf 0.000000000000000000e+00 -9.000000000000000000e+01
1.807073584604478375e-05 4.712311585333700585e-14 2.898078970686793210e-01 2.095271240103614652e+00 -4.654576735828002548e-02 2.121058049838114066e-12 0.000000000000000000e+00 8.768254646085779647e-02 inf 0.000000000000000000e+00 -2.000000000000000000e+01
4.320075159289381572e-01 5.358006885959177776e-03 1.417233289666156804e+00 8.287913974655888166e-03 -2.315616414320437799e-09 3.106260482826007708e-06 2.149880028826142918e-06 1.605494047262170119e-08 inf 0.000000000000000000e+00 -9.000000000000000000e+01
9.313192842800970261e-01 5.398272061099352974e-03 9.755029675627905749e-04 1.611608374218954888e-06 -7.440227145080412219e-02 6.882910764893453100e-09 4.995985960078759665e-07 7.134053069875906529e-06 inf 0.000000000000000000e+00 -9.000000000000000000e+01
1.009138235071386447e+00 4.894964683487518763e-12 2.519462335625322321e-07 8.806769245248875049e-07 -6.889893686569225059e-11 5.429629900242272766e-14 3.382244539187462601e-16 1.853188153763130424e-16 inf 0.000000000000000000e+00 -8.000000000000000000e+01
9.917371533553663854e-01 3.092584607205231539e-02 4.251043312525670822e-08 1.409532805194435578e+00 -1.602135215952870144e-04 -2.340868945752360829e-03 9.432788415367614083e-09 -9.920778002722632168e-07 inf 0.000000000000000000e+00 -9.000000000000000000e+01
3.341715731587104332e-01 -6.944765295782230818e-09 3.183988236466756341e-03 5.077028055111565408e-01 -6.980913575778402436e-01 6.941249294097842637e-02 1.210457814958468773e-07 0.000000000000000000e+00 inf 0.000000000000000000e+00 -9.000000000000000000e+01
8.319552585061210648e-01 1.043557402290708968e-07 6.616102141073849463e-08 2.233028735624784655e+00 -8.415785502344426893e-10 2.971419650443147656e-08 3.117724844560827757e-07 -1.020343299561042149e-03 inf 0.000000000000000000e+00 -2.000000000000000000e+01
-1.104062746699890907e-01 -6.865516429688657551e-02 6.134586290655882346e-01 4.916728657142910297e-01 -3.733888730872766959e-01 -5.037861047970692008e-01 -1.178577915150910427e-01 -4.418655659161070948e-01 inf 0.000000000000000000e+00 -9.000000000000000000e+01
6.823026780776612066e-01 3.943186930069423285e-09 8.685528685799417392e-01 -1.530714939732928648e-05 -2.729210712310645159e-01 4.627405428736522353e-08 4.123996477106753106e-07 4.473524963172837525e-08 inf 0.000000000000000000e+00 -8.000000000000000000e+01
6.088014002662732738e-01 4.163108237173490477e-08 5.106797884219347441e-10 3.169103179468271692e-01 -3.982228337358157400e-01 2.125049279273632517e-08 3.330486589738792382e-08 0.000000000000000000e+00 inf 0.000000000000000000e+00 -9.000000000000000000e+01
1.166228473217781059e-01 7.994308082541241589e-01 1.340957008330676957e-04 -6.242682990409294671e-07 -4.091204724594635356e-01 2.241051438580035551e-03 5.022848383087938397e-06 2.224404283938944292e-06 inf 0.000000000000000000e+00 -9.000000000000000000e+01
7.746863691335954538e-01 7.825114839733287447e-03 3.186534916463960529e-06 8.920630917295947482e-01 -2.283955393847153237e-01 6.853661984263469380e-05 2.310424379712510779e-05 0.000000000000000000e+00 inf 0.000000000000000000e+00 -9.000000000000000000e+01
1.444135333700766299e+00 1.048961695325200544e-09 2.054685397284283511e-05 8.593094208104042856e-05 -1.946633618627925547e-04 1.851169616944611462e+00 1.407270393233313482e-09 8.801931057307994039e-10 inf 0.000000000000000000e+00 -1.000000000000000000e+01
9.990660572565011888e-02 4.006058994293225650e-01 8.991594515308510838e-01 2.600538874048438118e-06 -4.525181553455917549e-01 7.005762052932214901e-10 6.963465932164645232e-03 4.812491479560902876e-06 inf 0.000000000000000000e+00 -9.000000000000000000e+01
1.003205033961699577e+00 0.000000000000000000e+00 9.539230746085228252e-02 6.626385048490833321e-06 -1.100519707842754378e-07 4.392772110797293847e-06 5.016904059272598469e-10 -3.055725449992774401e-02 inf 0.000000000000000000e+00 -9.000000000000000000e+01
4.545128006113929517e-04 1.227646778058162462e-02 4.760828996234590742e-04 1.123321453464946718e+00 -1.022348738546749125e+00 6.665776883271629094e-02 1.211211614447071384e-07 1.583861556028854029e-03 inf 0.000000000000000000e+00 -9.000000000000000000e+01
4.230715733525332264e-13 1.227591139766522010e+00 -7.033169923151822084e-11 2.228641424720780712e-15 -4.619871361661388384e-10 1.407897932899301313e-12 1.475703491076652412e-14 8.075225051542127633e-14 inf 0.000000000000000000e+00 -9.000000000000000000e+01
1.090422548434521605e-01 3.247901447837110989e-01 1.221273254246664219e+00 -5.179507105063977518e-02 -3.310211307747654846e-02 1.776043980604497712e-04 8.672089749045398984e-08 1.216320939105939357e-08 inf 0.000000000000000000e+00 -9.000000000000000000e+01
8.173665833559183580e-02 6.411238928517506946e-06 1.459100677726267614e+00 -3.290140620551106342e-05 -2.100834772096616676e-01 1.018376858742009138e-05 2.607786895361622764e-06 -1.803805164775826101e-08 inf 0.000000000000000000e+00 -9.000000000000000000e+01
1.965489590305323497e-02 2.694358646710214369e-02 1.514737310928636171e+00 -1.310908403766525823e-13 -4.368687698178235472e-06 9.215981628736980443e-08 9.474292554494437411e-14 3.470927932700005660e-14 inf 0.000000000000000000e+00 -9.000000000000000000e+01
1.338486995706229088e+01 3.804120935165072126e+01 5.682699174752762161e+01 4.719389301202055998e+06 -8.340887383769343160e+02 3.442531030189389038e+11 0.000000000000000000e+00 3.755092611480520103e-03 inf 0.000000000000000000e+00 -2.000000000000000000e+01
4.495780583929043228e-01 3.059085484282152989e-01 1.417148227542850414e-01 1.280320122814575245e-01 -4.104843141848256716e-01 1.906078026426334729e-07 -8.460130582529517412e-03 7.456539956680037620e-09 inf 0.000000000000000000e+00 -9.000000000000000000e+01
0.000000000000000000e+00 4.293900662426434934e-09 9.221081458697136801e-01 0.000000000000000000e+00 -3.736740869155492529e-08 4.392664566833620306e-04 6.901754567408984187e-01 -2.052252885624667567e+00 inf 0.000000000000000000e+00 -3.000000000000000000e+01
2.322696393264842718e-05 1.221444594152094332e-01 1.651098471492027098e-01 -1.630229568878373314e+01 -9.845211703617886556e-01 9.702876868638615662e-06 2.976887578712390792e-02 2.353134954870127697e-07 inf 0.000000000000000000e+00 -2.000000000000000000e+01
6.895434498315659022e-01 1.264615150289473126e-06 1.097557325471545830e+00 1.298662481258805104e-07 -1.412748044403430159e-01 -1.195990672969690916e-01 2.079319141341344942e-08 2.073239260811107107e-08 inf 0.000000000000000000e+00 -9.000000000000000000e+01
2.797126702904980874e-02 2.347266652167102020e-09 1.472171948897358362e+00 8.573592536862566035e-07 -2.551764711422087606e-01 8.342307710418363220e-03 1.934861407445665382e-05 1.038354718404138614e-09 inf 0.000000000000000000e+00 -9.000000000000000000e+01
5.822751661185558980e-01 1.163647832746594101e-08 7.874500645738547787e-06 -2.069121618732326640e-02 -4.255087752404831947e-01 -1.006947127089945556e-08 2.299948490491183527e-05 4.492086895490592826e-08 inf 0.000000000000000000e+00 -9.000000000000000000e+01
1.095233934212629601e+00 6.891132307117411343e-09 6.348194610193009358e-08 -1.495727350786129932e+02 -3.388918977048183817e-02 4.645130773554022920e-05 2.845883451103683459e-01 1.476841033337896458e-01 inf 0.000000000000000000e+00 -2.000000000000000000e+01
5.699870662131945043e-01 0.000000000000000000e+00 1.866201308159951555e-01 3.862602707586876849e-01 -4.426803103077094348e-01 3.752294296930135109e-02 0.000000000000000000e+00 5.960087185682985014e-07 inf 0.000000000000000000e+00 -9.000000000000000000e+01
8.155293193937260439e-06 -2.700311450381679833e+07 4.195002199129294618e-01 3.254652478312718773e-05 -1.249939430760973469e+00 1.382026963561546196e-01 6.904939317521249629e-06 1.183170683056343885e-05 inf 0.000000000000000000e+00 -2.000000000000000000e+01
9.299305285201499016e-01 1.756425406707700021e-07 9.521169417781631753e-06 1.038623707178349287e+00 -7.573297864842130911e-02 0.000000000000000000e+00 5.886244639111785580e-10 7.479654812119752929e-10 inf 0.000000000000000000e+00 -9.000000000000000000e+01
8.584677221065815100e-01 3.992646874292893026e-09 0.000000000000000000e+00 9.858992895981221767e-10 -1.487835162546682632e-01 1.444023636107896331e-08 6.719811078355360043e-10 1.004538181640275752e-08 inf 0.000000000000000000e+00 -8.000000000000000000e+01
6.575045233445001025e-02 5.714312039248564679e-01 0.000000000000000000e+00 -5.734485473487543547e-03 -2.743587056501141652e-01 2.517301364455927653e-06 -7.985691301711383971e-01 5.486645297302604908e-08 inf 0.000000000000000000e+00 -8.000000000000000000e+01
1.475597239645180803e-03 5.627148022688358356e-03 1.522755186661406190e+00 5.198995455744678633e-03 -3.873188896868611841e-08 5.559688505011891877e-10 2.689066387735587725e-08 1.019628643332279173e-07 inf 0.000000000000000000e+00 -9.000000000000000000e+01
7.117122429914024551e+00 -1.555963735641809762e+03 1.708950105520398065e+05 -1.554245148599604145e+07 -1.754772610130317378e+00 1.225399867409439477e-03 3.003750416470360669e-09 4.622032365769361930e-10 inf 0.000000000000000000e+00 -2.000000000000000000e+01
2.355019839537461912e-01 5.074479933400497245e-10 6.882797290705210125e-02 2.187146734886115329e+00 -1.875382397676471635e-01 6.879799556693578198e-03 2.488353427623545218e-07 6.789797093986581170e-10 inf 0.000000000000000000e+00 -2.000000000000000000e+01
7.092352702490416494e-01 0.000000000000000000e+00 1.282576345429984699e-08 6.558704804972933511e-01 -2.711275608354952737e-01 -6.713634839736074000e-02 2.574182028331796660e-06 1.173557356068436041e-09 inf 0.000000000000000000e+00 -9.000000000000000000e+01
1.961680778345003699e-05 1.423262011522651656e-04 8.506889632610905139e+00 3.461907457001021093e-01 -4.113942767667781482e+02 1.039724633435424999e+06 1.288005165302986214e-06 5.706351998177786937e-09 inf 0.000000000000000000e+00 -2.000000000000000000e+01
1.032560930357001805e+00 8.783667802954141645e-08 3.035444383605920723e-07 3.654898115139064430e-02 -2.396568906926900555e-02 1.328294400701968414e-01 5.991218310949219055e-06 2.839816067954809263e-10 inf 0.000000000000000000e+00 -9.000000000000000000e+01
4.992706171347918893e-03 5.122424618059802050e-11 1.558902931507557321e+00 6.933870074994108235e-07 -8.644701355430446879e-10 2.534003001064451949e-02 2.198056796107642206e-08 -1.253774406515589561e-10 inf 0.000000000000000000e+00 -9.000000000000000000e+01
7.171769567643333509e-01 8.758416164188609744e-04 6.296782430850247358e-01 7.265518189442592423e-01 -2.531212788580000095e-01 0.000000000000000000e+00 2.441370359355709901e-05 3.812545741505599180e-10 inf 0.000000000000000000e+00 -9.000000000000000000e+01
4.106083852857159933e+00 9.876222849822524630e-02 1.004435228292771976e-03 2.085373295348715406e+00 -1.129160015382866359e-09 4.034865121634775657e-08 6.668344839777869126e-02 1.003496165905268304e+07 inf 0.000000000000000000e+00 -2.000000000000000000e+01
8.186986963345609103e-02 1.975702639088361967e-01 5.976726020073240553e-02 2.009788654671592029e-06 -8.444098950624231437e-01 8.344862745007921440e-03 5.814115964425457401e-10 3.441418929232178078e-08 inf 0.000000000000000000e+00 -9.000000000000000000e+01
1.144450394747884014e-02 1.845733084693093639e-05 1.343149074543790178e+00 7.760468651550508269e-06 -6.755018737471693013e-01 6.905581117903595189e-09 4.734185509440078698e-06 7.340983859574804919e-07 inf 0.000000000000000000e+00 -9.000000000000000000e+01
4.696937800494268012e-01 2.942416576324859026e-07 2.830885762374649173e-01 3.138577681413182820e-06 -5.237668788813021337e-01 2.019043786806006403e-04 2.459091791622699941e-06 5.193940342927391588e-10 inf 0.000000000000000000e+00 -9.000000000000000000e+01
3.892857565123733488e-01 1.283016392049564131e-06 8.668226920829673610e-01 8.216092842008823919e-04 -5.000900146632504262e-01 -1.176682387442942179e-01 1.746847390924625305e-06 2.169824323744536692e-09 inf 0.000000000000000000e+00 -9.000000000000000000e+01
3.265871465672818275e-01 9.427257839055558364e-01 1.424785527201012148e-04 6.531742931345636549e-01 -2.491662189996962185e-06 9.553278203096573953e-10 1.322036570912477611e-05 0.000000000000000000e+00 inf 0.000000000000000000e+00 -9.000000000000000000e+01
1.558109976117315609e-01 1.246933817924005093e-07 3.595638406424574440e-01 1.240283504228410494e-05 -8.346239452488558586e-01 4.028586635057210649e-10 5.357918748892209590e-09 5.935924529075733145e-08 inf 0.000000000000000000e+00 -9.000000000000000000e+01
2.387698092208829781e+00 2.539979127122582552e-09 5.932973775128276474e-04 4.422738482194175958e+03 -2.000360401694952994e+00 6.777580522155271341e-03 1.595114975489509701e-01 1.900573519275124371e+07 inf 0.000000000000000000e+00 -2.000000000000000000e+01
1.980193588396600979e-01 4.843172866507842178e-01 1.289868225153169830e-07 2.112206494289707859e+00 -5.081617381393852559e-05 2.263062215388495345e-07 6.626987647792931695e-07 0.000000000000000000e+00 inf 0.000000000000000000e+00 -2.000000000000000000e+01
2.211502398690634092e-05 3.840483361235911069e-07 1.526035710691442615e+00 8.389663918731889505e-03 -1.607805365064778503e-05 3.480498204067432519e-06 0.000000000000000000e+00 3.459553613104902653e-04 inf 0.000000000000000000e+00 -9.000000000000000000e+01
2.551447543723907654e-02 3.200672764914937597e-04 1.520444560022455871e+00 0.000000000000000000e+00 -1.981765669353248785e-02 -4.805743870397428220e-05 0.000000000000000000e+00 1.314359111746134234e-03 inf 0.000000000000000000e+00 -9.000000000000000000e+01
7.644989431103931254e-01 9.470913246122057705e-02 1.630807879230535566e-08 1.384389757271127454e-06 -2.059141498556267269e-01 8.401813699300635289e-06 1.618737866652446811e-06 -1.112068574610427614e-08 inf 0.000000000000000000e+00 -8.000000000000000000e+01
6.032970896004421178e-04 1.239935673729384516e-07 1.714644201757469011e+00 6.872875767262623944e-09 -8.699297788328335113e-01 5.085096774819944931e-01 1.368312852070053110e-08 0.000000000000000000e+00 inf 0.000000000000000000e+00 -9.000000000000000000e+01
4.791988972529855895e-01 4.784445613023191471e-04 9.476694609853819617e-02 4.126638908358563673e-07 -5.244963054510289879e-01 9.720224055655389279e-05 2.568292733268227808e-05 2.986360048501134285e-10 inf 0.000000000000000000e+00 -9.000000000000000000e+01
7.389770320130495396e-01 2.640764728950418562e-03 7.016865634891701875e-09 -2.287903924651009282e-04 -2.675003609574051477e-01 -9.622137529034660771e-09 4.255277427100165479e-09 6.209231347707384857e-10 inf 0.000000000000000000e+00 -8.000000000000000000e+01
2.900469794039663429e-01 1.987968095625810942e-09 1.373191168115653227e+00 2.084712664466008003e-01 -2.719190431912184291e-02 1.087262380962227113e-08 2.212882838470202201e-06 0.000000000000000000e+00 inf 0.000000000000000000e+00 -9.000000000000000000e+01
2.888350500233409848e-03 2.470365864913590948e-01 8.510918014051618297e-01 5.023218261275495464e-03 -3.815530839301470856e-01 1.993176653836699382e-05 -1.933145890865601291e-01 -4.585405132819062590e-01 inf 0.000000000000000000e+00 -9.000000000000000000e+01
4.667116143539675908e-10 1.727326697701712984e-12 2.932837576582324991e-10 2.277499016076214744e+00 -2.324478079272678801e-10 -2.814797674119259363e-10 2.124248179873745844e-18 3.301379336873847115e-17 inf 0.000000000000000000e+00 -2.000000000000000000e+01
4.459258356866278583e-01 2.861634691430600368e-09 2.886040688385474451e-01 1.346050462040687852e-02 -5.479137397122799680e-01 2.020928454400141662e-09 3.920601201536274530e-10 5.191787833752652863e-05 inf 0.000000000000000000e+00 -9.000000000000000000e+01
1.319475481581613985e-01 1.658417762226280061e-03 4.787534510188545811e-01 1.785969747197021062e+00 -1.387223611442772730e-01 2.734132384866049807e-10 4.393840878712210056e-09 -3.617467463053542790e-10 inf 0.000000000000000000e+00 -9.000000000000000000e+01
4.207496973425952080e-01 5.234875948194660930e-06 -6.368023551164939988e+01 -2.103748486712976040e-01 -1.124465125205704963e+00 3.714945237831875170e-08 1.179610860563540875e-05 4.475572007595671733e-08 inf 0.000000000000000000e+00 -2.000000000000000000e+01
5.832894596668668497e-01 9.820792928082203166e-03 1.056707220559919502e+00 8.441716286188911044e-05 -3.490042196344688152e-01 1.124247262413009222e-04 1.306690897102839660e-05 9.896531691023710553e-03 inf 0.000000000000000000e+00 -9.000000000000000000e+01
5.726975823296091006e-01 1.472569146483566991e-03 8.253015664547901364e-01 -8.460305193505587851e-02 -3.856549375956963566e-01 0.000000000000000000e+00 4.666325588937184701e-08 4.633282027192863532e-10 inf 0.000000000000000000e+00 -9.000000000000000000e+01
1.136247716481459252e-01 9.337078798705296086e-04 3.906925193603635327e-01 2.238017959441058450e-09 -8.736591513334762693e-01 1.393275886514776505e-09 -5.336136938588875714e-07 2.480461128506155540e-05 inf 0.000000000000000000e+00 -9.000000000000000000e+01
