4.533881747038161492e-01 2.525199960375684727e-01 1.306240983290925944e-02 1.903222256475444439e-05 -4.466925687482745655e-01 -1.510609689763869011e-06 0.000000000000000000e+00 4.461247291063660590e-09 2.187051319196480472e+04 0.000000000000000000e+00 0.000000000000000000e+00
4.767258057094082568e-01 1.194872285424693897e-04 1.490362135548632056e-06 5.565318895155654410e-08 -5.303221980672707669e-01 -8.212594814806614034e-05 6.335922205133824169e-05 1.988928622655052568e-03 2.400997233378100645e+04 0.000000000000000000e+00 0.000000000000000000e+00
4.045418703959036133e-01 3.902441327727635967e-01 0.000000000000000000e+00 -6.714384482374187847e-05 -4.247269117462189603e-01 -6.455665080301053755e-04 3.308586103520824261e-08 -4.774891308490280904e-09 2.542470615964246099e+04 0.000000000000000000e+00 0.000000000000000000e+00
5.627341489073005576e-01 1.192589121728050654e-07 6.936479960489295715e-01 7.644782491666018975e-02 -4.054421385356419272e-01 6.894655859990293217e-08 0.000000000000000000e+00 2.623696067801711200e-04 3.004503096718426241e+04 0.000000000000000000e+00 0.000000000000000000e+00
5.284170617770878042e-01 2.792174699615486769e-03 2.443902909092172303e-05 4.059091858181882143e-09 -4.782379221897287147e-01 -1.672467923521557298e-08 5.720357908954364166e-04 3.240202731645478763e-03 3.248506878006628540e+04 0.000000000000000000e+00 0.000000000000000000e+00
3.934878719782435308e-01 3.484960416551498019e-01 5.032984409024044981e-01 -1.654486154864008029e-08 -3.950130187688568606e-01 6.441660028713598596e-05 4.048150361746585738e-10 8.636054105059383046e-10 3.673063500571250188e+04 0.000000000000000000e+00 0.000000000000000000e+00
4.520639474615589237e-01 4.481499738904631824e-01 3.120267183387615081e-09 4.502516384252783397e-08 -3.434511808636518948e-01 -8.777574039249272508e-09 7.644479631046383256e-06 1.625746686671584483e-09 3.816594396930081712e+04 0.000000000000000000e+00 0.000000000000000000e+00
5.647429008040114606e-01 2.508802105802206972e-01 1.473463968044593692e-08 -1.055826091751699308e-09 -3.369562660930998099e-01 -5.318235128823374507e-09 0.000000000000000000e+00 2.050210925897462755e-06 3.854448269583026558e+04 0.000000000000000000e+00 0.000000000000000000e+00
4.547727660987731513e-01 4.772669029165619303e-01 4.364351545625323042e-02 -9.729917579450713996e-06 -3.168739273462419792e-01 3.677073146589962549e-05 7.760348433691862608e-10 1.210568886572150086e-04 3.861193425151264091e+04 0.000000000000000000e+00 0.000000000000000000e+00
6.185700187232062719e-01 4.066331626460266413e-02 9.725614790559610712e-07 -1.255976124549300763e-09 -3.747642681003209297e-01 3.863885779960906253e-03 5.958101615630566594e-09 -2.183945261199775837e-08 6.584929252378884121e+04 0.000000000000000000e+00 0.000000000000000000e+00
4.727042559490942097e-01 6.128591566348094988e-01 1.430217054724685355e-01 3.113720052954460321e-09 -1.822013708914298480e-01 5.197444295709045984e-10 4.575649590012347374e-09 3.049641972596403222e-10 7.996876866839764989e+04 0.000000000000000000e+00 0.000000000000000000e+00
4.569744976345782583e-01 1.871302378306471947e-01 8.091233040554898226e-01 3.343708742473352747e-09 -3.947342434764636310e-01 -1.156874411629466601e-08 0.000000000000000000e+00 1.327110677897726791e-09 8.012305301283209701e+04 0.000000000000000000e+00 0.000000000000000000e+00
6.170436564687420411e-01 6.745325439486519017e-10 1.027151940341259673e+00 6.386929654577074011e-07 -3.235716735140964362e-01 1.496235824758827746e-09 2.312683007823949495e-09 5.362150379662909607e-05 8.791038028894408490e+04 0.000000000000000000e+00 0.000000000000000000e+00
5.285714464166643145e-01 -7.445511688573104581e-02 9.549417672421911529e-01 1.025205041086098223e+00 -3.593008321563428420e-01 2.794549844559093477e-07 4.578264561420040803e-08 -5.255398456453451959e-04 1.093182925991003431e+05 0.000000000000000000e+00 0.000000000000000000e+00
6.632394406907536899e-01 5.022859362553406815e-01 2.323630380536648905e-06 0.000000000000000000e+00 -9.955529261414555742e-02 8.482362420575882082e-04 4.005938445232201513e-10 2.599925382504788017e-05 1.129111018749843061e+05 0.000000000000000000e+00 0.000000000000000000e+00
4.492468119511667801e-01 7.881523016687136396e-01 1.372996843066072708e-06 5.120551638715850416e-08 -4.781457296790196376e-01 5.937414005904309011e-01 0.000000000000000000e+00 -1.440840926488117131e-02 1.163075894567234791e+05 0.000000000000000000e+00 0.000000000000000000e+00
2.537522510256032815e-01 4.462539587001988495e-01 9.581334995621916262e-01 1.336459750251746089e-09 -1.151182087088135492e-01 -4.956098652843814092e-04 1.122365417577271227e-06 1.348507445951576376e-04 1.169011323164198693e+05 0.000000000000000000e+00 0.000000000000000000e+00
6.351947945575376897e-01 2.169434529104205811e-01 4.534313610379961390e-01 3.873426532568954958e-09 -2.438170788340087158e-01 -1.095771979608322909e-09 1.047514327243911092e-06 2.430531463925373919e-06 1.174243015806815674e+05 0.000000000000000000e+00 0.000000000000000000e+00
2.401063646455560974e-01 7.203190939366683754e-01 3.837357050345212028e-07 8.897635757390603479e-06 -3.575210154887126790e-01 1.006519882057760498e-08 -4.059499133689991443e-09 3.720741656809999683e-03 1.213243823452919314e+05 0.000000000000000000e+00 0.000000000000000000e+00
6.668509512121526539e-01 4.120158775044139588e-09 7.214617972336762747e-03 -9.662434784379593739e-05 -3.406542122045820298e-01 7.531542524211405559e-07 3.366142790068741542e-09 0.000000000000000000e+00 1.245701865161193127e+05 0.000000000000000000e+00 0.000000000000000000e+00
7.004098248098020729e-01 1.470354383502720137e-03 1.010577824895560283e-05 2.527580553498900209e-08 -3.073226782328723483e-01 -3.088476238123656451e-08 3.505598028904724448e-09 5.058711079685299189e-09 1.265610745793846581e+05 0.000000000000000000e+00 0.000000000000000000e+00
7.073753664140879360e-01 1.228333245924832714e-09 1.252346761355586750e-03 2.504693522711173501e-03 -3.000640667208147594e-01 0.000000000000000000e+00 1.717116371465856196e-09 -2.726984811714092423e-08 1.270630521286435105e+05 0.000000000000000000e+00 0.000000000000000000e+00
6.174310355171738207e-01 4.005177638289035280e-01 8.980930461110206908e-04 9.781519768619936950e-08 -2.063519513438975550e-01 0.000000000000000000e+00 3.401741404680943445e-09 1.007205995976706500e-08 1.284039065614277206e+05 0.000000000000000000e+00 0.000000000000000000e+00
3.629216947842722491e-03 6.977896956932370109e-01 3.665355985804363281e-01 4.159150693972331351e-08 -6.076258586092794234e-01 1.080495982446339626e-01 1.442121246593285562e-09 8.324142891728332691e-09 inf 0.000000000000000000e+00 -9.000000000000000000e+01
1.666760728950942294e-01 1.107627294629651512e-04 3.771490788165480183e-05 1.131447236449643919e-05 -7.626446652468213960e-01 7.999530461214149585e-05 7.840730849080865966e-06 1.309016962737081513e-01 inf 0.000000000000000000e+00 -1.000000000000000000e+01
2.072194600968243507e-05 0.000000000000000000e+00 1.264144721089720091e+00 9.673439302359470565e-08 -8.617644385147428254e-01 2.092660720483979333e-05 6.728236790798124481e-06 0.000000000000000000e+00 inf 0.000000000000000000e+00 -9.000000000000000000e+01
5.206712412122247446e-01 1.392613699050661014e-01 2.949571159971128297e-05 2.543608677738542971e-05 -4.312945411238987559e-01 4.583926953920184047e-09 0.000000000000000000e+00 2.638756134511805363e-04 inf 0.000000000000000000e+00 -9.000000000000000000e+01
5.395619855108612084e-01 0.000000000000000000e+00 6.650850863067907515e-01 7.329987042747376780e-02 -4.327736758785032389e-01 4.010416233452039105e-03 2.938265755721788951e-09 4.496349879257176274e-02 inf 0.000000000000000000e+00 -9.000000000000000000e+01
2.917309949337156261e-01 8.035220483295419935e-01 6.161192684687643917e-06 1.594449278752173342e-09 -2.276309320330549002e-01 0.000000000000000000e+00 0.000000000000000000e+00 4.392256503732402302e-09 inf 0.000000000000000000e+00 -9.000000000000000000e+01
4.221227949892521480e-01 2.080318080569041606e-01 1.843000241280825791e-01 0.000000000000000000e+00 -1.449153614376978150e-01 -4.867540363273194504e-01 3.220300573470631051e-09 -8.878398777325571443e-09 inf 0.000000000000000000e+00 -9.000000000000000000e+01
5.416256344329622996e-01 5.236682857789154259e-04 4.058823939625121752e-02 5.159723078480677781e-09 -4.634806424003458103e-01 4.962970992219547290e-08 8.753460164270722721e-09 4.013035858356009942e-05 inf 0.000000000000000000e+00 -9.000000000000000000e+01
4.714291803066267827e-01 5.571097319169579336e-03 5.452494853989137598e-09 5.167189890699008507e-10 -5.343998650407248974e-01 1.746421421512130106e-06 0.000000000000000000e+00 2.142957279823637744e-09 inf 0.000000000000000000e+00 -9.000000000000000000e+01
4.458729453886637328e-01 4.698446091192370333e-01 3.057680152858906781e-09 4.412203884125376239e-08 -3.365621587772493761e-01 -8.601511458042345038e-09 1.404589671713280408e-05 -2.092838610852787592e-04 inf 0.000000000000000000e+00 -9.000000000000000000e+01
4.616265298930541938e-01 4.556313801541833630e-01 4.458892618285182491e-02 -3.883081306759301284e-08 -3.237380858990250299e-01 3.756726317489047801e-05 7.928453971814908255e-10 6.166885799098905090e-04 inf 0.000000000000000000e+00 -9.000000000000000000e+01
8.549465887734304381e-01 3.433481151710229828e-01 5.254002608174819554e-04 3.778180142597304771e-08 3.393365498443875128e-08 1.194091501857913522e-07 4.937725784355080786e-10 -3.626586494900499214e-08 inf 0.000000000000000000e+00 -9.000000000000000000e+01
1.218036481129533427e-10 0.000000000000000000e+00 2.258424320245950942e-09 2.770263476937206203e-10 -4.388449126957669443e-10 -1.227591138505802704e+00 -5.142284402331820699e-14 2.719247489999543342e-18 inf 0.000000000000000000e+00 -9.000000000000000000e+01
-1.615725773750787818e-06 2.598151997991216631e-05 6.942262138632529977e-04 -2.417869348633003401e+00 -3.098959305994413160e+00 3.078526607273570903e+01 0.000000000000000000e+00 -7.470705469807960020e-01 inf 0.000000000000000000e+00 -2.000000000000000000e+01
3.140253411584901566e-06 8.302231876723512071e-05 6.400135524563513699e-06 1.401397600198705795e-01 -1.007438274828160507e+00 1.065443121787734535e-06 4.402336211288548229e-05 5.527803034000577063e-03 inf 0.000000000000000000e+00 -9.000000000000000000e+01
4.225474276368883508e-01 5.079921287988747869e-02 4.489035046122274442e-01 -5.736481592748217956e-08 -3.759460576623472119e-03 -6.631529045407905665e-01 3.400784125850207871e-03 1.363174512764373324e-08 inf 0.000000000000000000e+00 -8.000000000000000000e+01
2.611913832427956716e-01 9.440891870966513770e-06 5.223827664855913711e-02 1.304091123726485693e-09 -7.435474182704001622e-01 0.000000000000000000e+00 6.975371126909109715e-10 0.000000000000000000e+00 inf 0.000000000000000000e+00 -9.000000000000000000e+01
5.854939403590031510e-01 1.243696278540366157e-02 3.085323460225139133e-02 -2.685789636430889175e-08 -4.161599085885071547e-01 1.706132185180726315e-07 8.781562717841973192e-09 4.260257684903898286e-04 inf 0.000000000000000000e+00 -9.000000000000000000e+01
5.908183056678223410e-01 1.894874578102951660e-09 4.352883212287763509e-02 4.044886730168319794e-06 -4.176811531790730614e-01 0.000000000000000000e+00 5.979100816878416685e-02 1.052384188761793311e-08 inf 0.000000000000000000e+00 -9.000000000000000000e+01
8.342880534553807070e-01 5.246832575526811297e-07 0.000000000000000000e+00 0.000000000000000000e+00 -1.736731528600521934e-01 1.025383791579166866e-08 1.054750391815324309e-08 0.000000000000000000e+00 inf 0.000000000000000000e+00 -9.000000000000000000e+01
9.093316747379566189e-01 2.213188203065926118e-01 3.419786603756724450e-08 0.000000000000000000e+00 1.505566429326859920e-08 9.750334970878711677e-08 1.405195334038402592e-07 1.296038200436704091e-01 inf 0.000000000000000000e+00 -1.000000000000000000e+01
4.930429656023599394e-01 5.474227044555614041e-01 1.686090535731588329e-04 1.989675340852814067e-03 -2.383645219731997389e-01 0.000000000000000000e+00 1.472083612034459713e-09 2.572283789747994089e-05 inf 0.000000000000000000e+00 -9.000000000000000000e+01
4.815152733777022243e-01 6.151516708349499263e-01 5.215407737769276021e-09 6.459993675191489908e-10 -2.004545961858716085e-01 6.104397693070857132e-10 6.384923412299356138e-09 -2.572934483966176093e-08 inf 0.000000000000000000e+00 -9.000000000000000000e+01
3.232653822663283938e-01 3.264038811232830017e-01 4.168318794392886933e-04 0.000000000000000000e+00 -6.088687782492010481e-01 1.404478238487203434e-01 2.531278887877913414e-09 0.000000000000000000e+00 inf 0.000000000000000000e+00 -9.000000000000000000e+01
2.472633270111574966e-01 1.010254047730507207e-06 3.762079339291277293e-09 2.891262689917677262e-05 -7.600093840763998410e-01 2.117624040467048776e-08 3.800863662376754569e-08 2.463580202389504375e-07 inf 0.000000000000000000e+00 -9.000000000000000000e+01
2.704941102488742644e-01 4.747833683389331982e-01 9.760486775413925731e-01 0.000000000000000000e+00 -5.290477025191050661e-03 1.493887034661946818e-08 0.000000000000000000e+00 4.354821638778693807e-09 inf 0.000000000000000000e+00 -9.000000000000000000e+01
1.274275443285232789e+00 5.383529866937237672e-04 1.416696524640309286e-08 0.000000000000000000e+00 2.669258618991039445e-01 4.094327128803406899e-07 4.190160492370111761e-03 -5.956986368333760754e-10 inf 0.000000000000000000e+00 -9.000000000000000000e+01
2.614466043831420450e-01 2.823313923072391929e-01 6.152228294901325092e-07 1.354965579385461992e-05 -2.011127726024169449e-01 -5.785859765638764474e-01 9.249781187534310054e-10 8.925894768382017875e-08 inf 0.000000000000000000e+00 -9.000000000000000000e+01
4.838548694251609827e-01 2.245323343840103603e-04 4.766510748431486144e-01 -2.132585431575449193e-08 -4.982624585891856084e-01 -7.514143299175241045e-09 0.000000000000000000e+00 0.000000000000000000e+00 inf 0.000000000000000000e+00 -9.000000000000000000e+01
3.855254924130045724e-03 7.705878911414288934e-01 6.403788019573871021e-10 3.959451003160587360e-03 -3.986310436866238316e-01 -7.507889402259021596e-09 -3.593606992342240902e-01 1.338630181989599059e-05 inf 0.000000000000000000e+00 -9.000000000000000000e+01
5.406235236082059803e-01 0.000000000000000000e+00 7.660657217120327989e-01 5.688065369920156760e-08 -4.224305265440638224e-01 -5.675019348429514468e-08 2.087363438502809851e-09 9.151001314396317856e-06 inf 0.000000000000000000e+00 -9.000000000000000000e+01
1.497724649672643293e+00 3.164038840587136883e-03 2.137653992633310461e-05 8.289482102114968608e-08 4.916000975966329234e-01 -7.627538110077949048e-07 8.532397328550571449e-08 5.860329837758933585e-08 inf 0.000000000000000000e+00 -9.000000000000000000e+01
5.734328321063153489e-01 5.120830312914474991e-01 3.337949542103576975e-04 1.583386321254260873e-04 -1.821713473176176379e-01 1.032840528388133167e-07 7.707851250337344542e-03 1.315304502372893716e-09 inf 0.000000000000000000e+00 -9.000000000000000000e+01
3.661284479266109226e-01 1.032556988104676658e-06 7.138102122742547641e-10 3.675193843865586587e-10 -6.425055642603172412e-01 9.320185445260634335e-07 3.843285799934880890e-05 2.264930056938999157e-03 inf 0.000000000000000000e+00 -9.000000000000000000e+01
2.601194201802077061e-05 7.952368861525087472e-06 2.637108125692835277e-05 2.239334534465372784e+00 -6.388149129564318762e-09 1.149240554191227821e-09 1.365310304161785757e-09 1.183686456360447307e-09 inf 0.000000000000000000e+00 -2.000000000000000000e+01
5.237233957964896325e-01 2.986561335518302882e-05 5.770036500221361470e-02 3.115580785212693771e-01 -4.807169125650260222e-01 4.913156799096176381e-09 1.334327940429319923e-06 8.691360136566935818e-06 inf 0.000000000000000000e+00 -9.000000000000000000e+01
3.354071969646364448e-01 4.478913178978986553e-01 3.547330248527018461e-08 4.175122371548123072e-09 -4.601623129087999975e-01 -1.447578924441867479e-08 6.689338398210313565e-09 6.436393028255208986e-08 inf 0.000000000000000000e+00 -9.000000000000000000e+01
9.089716805228507113e-01 2.301750868420767149e-01 3.433078524555390615e-02 1.864221389366171810e-09 -1.379523828130967040e-07 3.795554748749525785e-06 1.222929231424208734e-06 3.000650748323790097e-05 inf 0.000000000000000000e+00 -9.000000000000000000e+01
6.058566590042052669e-01 4.146882957261793234e-01 8.078088786722735781e-01 7.961557307803029147e-10 -2.359250468275576495e-09 8.527631336568840573e-10 -1.420663207676779046e-09 3.551856108581110511e-04 inf 0.000000000000000000e+00 -9.000000000000000000e+01
1.300427736442002269e+00 2.942961462372831738e-01 2.592355945194841027e+00 6.889914069928075355e-06 1.553713661579072003e+01 0.000000000000000000e+00 2.081855928758138392e-09 1.070216431817871993e-08 inf 0.000000000000000000e+00 -2.000000000000000000e+01
4.754189856690617111e-01 7.123738451930068383e-01 -3.584508225282607985e-02 3.795158003609055742e-10 -1.388525291477894497e-01 2.822473063424809037e-09 0.000000000000000000e+00 3.724877299838517730e-10 inf 0.000000000000000000e+00 -9.000000000000000000e+01
5.241261997017760965e-01 3.442178017882696617e-01 1.253581267355065487e-06 1.133526900148682515e-01 -3.296587406854425417e-01 1.510880310115690508e-09 8.473574642627912073e-06 3.443381455899357241e-06 inf 0.000000000000000000e+00 -9.000000000000000000e+01
2.137909400347188238e-01 7.327579670209578566e-01 6.746258666629193402e-09 1.973905313569282456e-08 -1.890582626581533143e-01 -2.504860856776209640e-09 -4.409962135618121781e-01 -1.002963777353441192e-04 inf 0.000000000000000000e+00 -9.000000000000000000e+01
7.384124192494336825e-01 8.117116588604379728e-10 1.924714338699343441e-01 -5.223815475688508068e-08 -2.596548589000057805e-01 0.000000000000000000e+00 5.794719342420349683e-10 3.629172206544187631e-04 inf 0.000000000000000000e+00 -9.000000000000000000e+01
6.451832278430638112e-01 5.417884797912907863e-02 2.331551568567482441e-02 -5.007280873779392612e-10 -3.407890895786439556e-01 -3.919545397813776899e-09 5.592747560559752122e-10 2.976635891735934327e-09 inf 0.000000000000000000e+00 -9.000000000000000000e+01
6.876806737443136308e-01 1.866845345803381568e-05 0.000000000000000000e+00 9.903116818894268303e-10 -3.202333883704863160e-01 5.266163989315327919e-07 5.404579921917763118e-03 7.891904677296436450e-09 inf 0.000000000000000000e+00 -9.000000000000000000e+01
6.649920153487834940e-01 2.422732291260048474e-05 1.085553301460729469e-09 3.651912644914043601e-08 -3.427697607205105745e-01 -7.684336773220106322e-05 2.939344323955205745e-08 6.384584321091148528e-10 inf 0.000000000000000000e+00 -9.000000000000000000e+01
5.571569979663891850e-03 1.069741436095467346e+00 5.698835247324806250e-07 9.805733566544453281e-06 -2.101277820901810700e-01 -1.652428662902582226e-08 4.908384610432802013e-10 4.237990214613846841e-04 inf 0.000000000000000000e+00 -9.000000000000000000e+01
2.420842726659714911e-03 9.403561198421787060e-01 2.194490113353109451e-01 6.059415403844077807e-09 -2.541503026600482884e-01 5.844568343251048171e-10 8.684919313802960031e-10 5.513717503622441937e-03 inf 0.000000000000000000e+00 -9.000000000000000000e+01
6.460435239397739338e-01 1.561756867181735842e-01 4.559166009785191320e-02 -8.979952980796866131e-10 -2.958607729754220150e-01 1.102167267260782477e-09 8.455393634844160830e-07 -1.056924204355520104e-07 inf 0.000000000000000000e+00 -9.000000000000000000e+01
7.485424119160634104e-01 5.128001588126278598e-01 1.520441173630682315e-05 7.213983464825455346e-08 -5.677104838750582534e-03 1.607030704074445609e-09 6.631830933715669718e-10 9.732721165521290453e-10 inf 0.000000000000000000e+00 -8.000000000000000000e+01
2.210279256805408321e-01 0.000000000000000000e+00 1.431791518567751220e+00 4.057215280070147233e-08 -1.882649366969208482e-01 1.214739581784680373e-05 0.000000000000000000e+00 1.843526339543367944e-09 inf 0.000000000000000000e+00 -9.000000000000000000e+01
4.974675182738046986e-01 8.613737184118408496e-01 5.537999946584642894e-08 0.000000000000000000e+00 3.573855965529289318e-06 3.532600081127212216e-02 1.481847641957218764e-09 2.197478378804786173e-05 inf 0.000000000000000000e+00 -9.000000000000000000e+01
3.557743837847912594e-01 5.388716607953741855e-01 2.487201452817694542e-06 -7.722817296420238166e-05 -3.825691072497546252e-01 9.100204475405306677e-04 4.408633782351569420e-10 3.937270421974357494e-09 inf 0.000000000000000000e+00 -9.000000000000000000e+01
3.349123280301021799e-01 7.828752309226861827e-01 1.486962822440479582e-04 0.000000000000000000e+00 -2.027844686595766388e-01 1.584562614262430471e-09 8.159707814308196829e-10 5.295795666928390639e-05 inf 0.000000000000000000e+00 -9.000000000000000000e+01
-8.519717134987428997e-01 2.474048050741963867e-04 1.682776427904349337e+00 2.315130432600106205e-07 -3.840151637180693854e-08 5.829193109633285831e-03 1.123658333261291201e-08 0.000000000000000000e+00 inf 0.000000000000000000e+00 -1.000000000000000000e+01
7.103837464160381865e-01 1.410338610565837981e-04 7.041386145794136242e-01 1.328892746970027999e-07 -2.576116882607610847e-01 1.128349058614256876e-09 1.058554271483478228e-08 3.500689134982880313e-03 inf 0.000000000000000000e+00 -9.000000000000000000e+01
9.321694579319306229e-01 1.624281504944086192e-09 8.128292148297579581e-03 2.213150713025486827e+00 -3.852716509597697153e-02 -3.756683072400336537e-07 2.778081470525057980e-08 1.751983637056931566e-08 inf 0.000000000000000000e+00 -2.000000000000000000e+01
5.308679128267802527e-01 7.903146371406202242e-01 6.521939805706403297e-07 3.065565480658885392e-06 -1.468705316168319293e-07 4.029898992786680047e-06 1.204425593375073034e-09 3.737188878209073707e-09 inf 0.000000000000000000e+00 -9.000000000000000000e+01
7.314361916509235506e-01 3.518730286874028056e-05 6.390756134791165666e-01 3.445139270699902633e-08 -2.413292526424635764e-01 7.476307386415768296e-08 5.576153252576130751e-08 7.963554854146843316e-10 inf 0.000000000000000000e+00 -9.000000000000000000e+01
3.297872337813614885e-01 1.501494796139592747e-01 1.480261310815615313e-05 3.273800276953661159e-01 -6.162447580148068260e-01 8.080830977157205737e-05 0.000000000000000000e+00 5.899924889572163993e-07 inf 0.000000000000000000e+00 -9.000000000000000000e+01
8.382222155572314204e-01 3.723700920412236215e-01 2.186995586982535532e-08 -1.567114672200861360e-09 -6.291675202465680703e-09 -7.893614645159894749e-09 0.000000000000000000e+00 9.319294316130420202e-06 inf 0.000000000000000000e+00 -9.000000000000000000e+01
3.733831404976751256e-01 6.531483507247960452e-01 1.137813873917860111e-06 4.243443621933625812e-08 -3.516115288068485389e-01 9.443436570896010518e-02 1.328833721363924337e-07 1.464140886208084580e-01 inf 0.000000000000000000e+00 -1.000000000000000000e+01
1.176680007380566662e-01 6.181492305439243440e-01 3.202858786009503324e-09 2.501502847467276128e-09 -3.082901619337084509e-01 -2.769120284035600510e-01 9.545921894185404460e-07 1.340618497992182035e-05 inf 0.000000000000000000e+00 -9.000000000000000000e+01
1.253275190227913375e-03 9.903045030689099359e-01 5.211700471174147731e-05 4.015425042509667154e-07 -3.149437790372213719e-01 2.256668873890433101e-07 2.814009869790774910e-06 3.674916998904847813e-06 inf 0.000000000000000000e+00 -9.000000000000000000e+01
1.608428206002761929e+00 1.134575833659020443e-06 8.885520213076959772e-04 8.789976984979358022e-05 6.007146706117371115e-01 1.130843676311457906e-06 7.464314695125134406e-09 9.875348056168114369e-03 inf 0.000000000000000000e+00 -9.000000000000000000e+01
2.376294951190253968e-02 7.987370634999402373e-08 3.572064580168353982e-08 1.077475217624552807e-07 -9.844124200899780908e-01 -7.349083685428335417e-09 9.486758913666517093e-03 4.321612557646304054e-08 inf 0.000000000000000000e+00 -8.000000000000000000e+01
6.041258631673334101e-01 5.000072075056539479e-04 1.352320748668011385e-01 3.438375923345993179e-01 -3.995371400025095054e-01 8.703054323110965065e-03 1.274861473111957689e-05 5.746070341550290215e-08 inf 0.000000000000000000e+00 -9.000000000000000000e+01
8.961221975939653861e-01 1.509258438052994422e-01 6.390766198630648542e-01 2.545834410005792365e-06 -2.433456173985494837e-09 1.030045979782668898e-09 7.115882674831230405e-09 2.227007726011996175e-09 inf 0.000000000000000000e+00 -9.000000000000000000e+01
5.103490458296326841e-08 1.222616790531178887e+00 2.592657237783183716e-04 4.773573741026599177e-09 -2.262703149416277899e-09 2.745729251822042849e-04 1.065076269557494399e-06 0.000000000000000000e+00 inf 0.000000000000000000e+00 -9.000000000000000000e+01
2.841487236792295534e-01 6.040958208373971242e-10 5.774791034624950063e-07 2.241835447510611257e+00 -3.145232424173540764e-01 -2.067431256328107286e-08 5.176754422624955073e-07 7.104674950559938655e-05 inf 0.000000000000000000e+00 -2.000000000000000000e+01
1.062351318883365120e-01 1.904689051015737433e-01 3.321171544212613392e-07 1.221459751143176967e-08 -8.247366451922928388e-01 -5.908568003566700336e-06 2.116947114711334114e-09 4.554714754550381912e-10 inf 0.000000000000000000e+00 -9.000000000000000000e+01
-7.344560526400576883e+00 3.543277443649926806e+00 7.363910949333131450e-02 2.171830915892010102e-05 -8.234679981298070883e-01 1.265042297836795992e-04 9.291077074807089520e-09 5.511595073562804380e-06 inf 0.000000000000000000e+00 -2.000000000000000000e+01
4.591139475808470038e-01 2.922215515939374231e-01 2.103739397689396440e-01 6.784161042817685654e-09 -4.028437144511610168e-01 4.246244509963874986e-04 1.070982726422342520e-08 0.000000000000000000e+00 inf 0.000000000000000000e+00 -9.000000000000000000e+01
7.051228597586248083e-08 9.253526453376011984e-01 3.339059554455144432e-09 1.453234421473392717e-09 -3.919140615547487272e-01 9.138478780614080283e-09 1.946658201787614461e-09 1.470132496141688142e-09 inf 0.000000000000000000e+00 -9.000000000000000000e+01
7.830633352851419371e-01 1.654697347518864709e-03 1.117377447802072480e-05 5.400190391265148616e-08 -2.244959732558086118e-01 -1.091188913869211406e-08 1.368964193950881007e-09 -2.166448062572448885e-08 inf 0.000000000000000000e+00 -8.000000000000000000e+01
1.264377212562162178e+00 3.457564995678704750e-07 7.161155721703190422e-05 1.181479496010813607e-07 2.577944893048212394e-01 -3.366347828707281511e-08 1.017684738587385082e-03 5.764507959830643229e-03 inf 0.000000000000000000e+00 -9.000000000000000000e+01
4.172300074187296204e-01 2.050671294966205094e-01 5.250853834861562985e-01 1.689051444055513626e-05 -2.902161106024837012e-01 -1.937139320158387523e-01 -1.575256150458468896e-01 2.497703445771986830e-01 inf 0.000000000000000000e+00 -1.000000000000000000e+01
9.396143979650448466e-03 2.080786458585051971e-02 1.144877164712929151e-03 0.000000000000000000e+00 -9.864469136995802634e-01 2.268482997566212677e-09 1.901002885810938384e-09 1.637656009071568721e-03 inf 0.000000000000000000e+00 -9.000000000000000000e+01
8.458639826628425068e-08 9.969054819993016237e-01 5.989351977790874931e-10 5.184703474999516891e-09 -3.078678694409607841e-01 3.178323428938490455e-04 8.847492587253389559e-10 2.745271362464632024e-09 inf 0.000000000000000000e+00 -9.000000000000000000e+01
5.045497385683691549e-01 2.574389260803361390e-03 7.646470844195052408e-01 -1.205708712181511031e-09 -4.576148791666603821e-01 -1.320087121735890018e-08 0.000000000000000000e+00 -2.345850183217199564e-09 inf 0.000000000000000000e+00 -9.000000000000000000e+01
9.543041510656543602e-01 4.965031244385951565e-05 8.765304647453256992e-01 4.861192170395644655e-08 -9.998018948391042234e-08 3.239458370045097769e-06 3.921528735396486416e-08 0.000000000000000000e+00 inf 0.000000000000000000e+00 -9.000000000000000000e+01
9.906958154871542410e-01 4.503162797668883166e-02 6.958222436153555661e-09 6.692001137495688736e-10 -2.841638848139858828e-08 1.222429853563245263e-08 8.314856999177204524e-09 0.000000000000000000e+00 inf 0.000000000000000000e+00 -9.000000000000000000e+01
8.929851920334882509e-01 1.835150500884411603e-04 1.248216664029227596e+00 1.197878917026378266e-07 7.731670866426971204e-10 2.702414836811509614e-04 1.260463411226486853e-08 2.643383363780449358e-02 inf 0.000000000000000000e+00 -9.000000000000000000e+01
2.839818807298386538e-01 6.037411152903928480e-10 5.771400263919182074e-07 2.240519114171968695e+00 -3.848444107821606952e-01 1.354116187747345058e-03 5.173714799694541938e-07 1.430009167334344437e-09 inf 0.000000000000000000e+00 -2.000000000000000000e+01
4.697221392439018262e-01 1.132801832687996141e-01 6.730197416531091819e-10 2.711985799187170863e-05 -4.931594185408948450e-01 -6.999903566077831773e-04 2.956921329814308717e-08 3.213852182245544075e-04 inf 0.000000000000000000e+00 -9.000000000000000000e+01
5.961254260984016895e-01 2.929936192898607294e-01 5.190752009564314484e-01 -6.484875805405857104e-05 -2.281092191703067984e-01 1.977214191026803633e-07 3.988268233733772533e-08 -5.755796200956694706e-09 inf 0.000000000000000000e+00 -9.000000000000000000e+01
3.977745256195828194e-01 2.003389946551183687e-01 -1.379145253060597431e-01 1.416928110553545796e-09 -5.356890509256425625e-01 0.000000000000000000e+00 1.384479375197357816e-09 7.116223988514418917e-07 inf 0.000000000000000000e+00 -1.000000000000000000e+01
4.566304931334293493e-01 3.723180001202308076e-01 9.176321028804007240e-06 2.029468858370797046e-01 -3.820176674580323950e-01 5.009406020687051376e-05 3.655100828526429333e-10 7.365792544178736543e-10 inf 0.000000000000000000e+00 -9.000000000000000000e+01
6.516155465519953838e-01 1.575226771694763495e-01 7.016735979130325180e-07 -9.057403646598061425e-10 -2.925421147433132640e-01 6.469574033284329294e-10 5.339676596485375610e-10 1.767620297721341795e-05 inf 0.000000000000000000e+00 -9.000000000000000000e+01
7.765918592671449152e-08 1.017283133741527790e+00 8.453890359890090448e-10 5.290969311448453645e-09 -2.826873323570207042e-01 1.293590981793526814e-09 4.755313327438175877e-10 7.834424255932627067e-10 inf 0.000000000000000000e+00 -9.000000000000000000e+01
5.447531708450396026e-01 4.483625293550325686e-01 1.504231840324511261e-06 3.495619782293469632e-10 -2.511998535800182286e-01 2.863959927469700168e-08 0.000000000000000000e+00 8.830398025608704043e-07 inf 0.000000000000000000e+00 -9.000000000000000000e+01
1.001467027964125567e+00 8.871614074290464294e-03 4.297606013877390552e-02 6.802516975050472146e-09 -1.074797682057974665e-07 -7.495176463518011829e-04 0.000000000000000000e+00 3.826415798465890169e-09 inf 0.000000000000000000e+00 -9.000000000000000000e+01
7.084409751575166947e-01 9.451556279144753383e-04 5.024481377655618530e-01 0.000000000000000000e+00 -2.719323435412314138e-01 -1.169345704668787883e-09 0.000000000000000000e+00 4.742346468934528152e-09 inf 0.000000000000000000e+00 -9.000000000000000000e+01
1.427920064772283413e-05 4.914245373778534927e-07 1.179265019010213359e-04 1.090919196845406140e-08 -5.828592445357937413e-01 1.333596125620245078e-09 9.654484627729662279e-10 -2.218495394426896805e+00 inf 0.000000000000000000e+00 -3.000000000000000000e+01
4.492596763684333361e-01 4.092446444651720583e-01 6.929875979610247150e-01 7.639233363349878791e-02 -2.264487032707285519e-01 -4.309409093192045099e-09 1.097679674680992521e-08 2.289678491779018615e-06 inf 0.000000000000000000e+00 -9.000000000000000000e+01
2.438137415324090618e-01 0.000000000000000000e+00 4.577116865577740557e-01 5.287546430561223129e-07 -7.399173669408896092e-01 -7.322681207791622236e-08 8.469822013882354088e-09 1.482218852429412007e-09 inf 0.000000000000000000e+00 -9.000000000000000000e+01
6.658130130535216962e-01 4.897746707679522665e-02 1.253075052656908994e-01 0.000000000000000000e+00 -3.151390244368494908e-01 1.633127191300153366e-08 2.011923518674755481e-06 4.734098846325075077e-03 inf 0.000000000000000000e+00 -9.000000000000000000e+01
3.760131053634767073e-01 4.669968949316371642e-05 1.183567277264759759e-09 0.000000000000000000e+00 -4.886860219532292993e-01 -3.262273980331208967e-01 5.017349117641950910e-09 1.191481803849553740e-05 inf 0.000000000000000000e+00 -9.000000000000000000e+01
1.005760909268336389e+00 2.456471161734496891e-03 2.164477656124209795e-06 0.000000000000000000e+00 9.645404717611268801e-09 -2.632504925767587510e-03 0.000000000000000000e+00 1.238518803233528043e-06 inf 0.000000000000000000e+00 -9.000000000000000000e+01
5.378435877648740648e-01 5.577637206450545282e-01 6.098625297162959535e-01 0.000000000000000000e+00 -5.443462590340279829e-08 0.000000000000000000e+00 0.000000000000000000e+00 0.000000000000000000e+00 inf 0.000000000000000000e+00 -9.000000000000000000e+01
3.673936239926242631e-01 5.466410322381606290e-01 3.836120979323938288e-04 0.000000000000000000e+00 -3.635798493491022021e-01 1.037141490642390136e-09 9.130633762367709103e-09 0.000000000000000000e+00 inf 0.000000000000000000e+00 -9.000000000000000000e+01
5.815847745488904597e-01 4.298691371855217075e-03 5.513534773485507911e-06 2.064959302027347443e-08 -4.248233797917771448e-01 1.195994527871042905e-08 -5.582865081273032388e-09 3.257697734796261534e-03 inf 0.000000000000000000e+00 -9.000000000000000000e+01
7.080620101578033454e-01 1.559364577178836613e-04 1.226334203159906711e+00 1.227091352978428368e-09 -2.048452593819933554e-01 -3.165283844580367096e-08 4.588845779836228215e-10 1.398972792097584689e-04 inf 0.000000000000000000e+00 -9.000000000000000000e+01
9.829264497593506178e-01 3.111950144030069255e-06 4.640211158762416743e-01 1.867645919773397717e-07 -3.999974143463726283e-08 -1.379173240915466865e-08 4.925618717555239039e-09 2.174558433978197897e-06 inf 0.000000000000000000e+00 -9.000000000000000000e+01
2.457242329955540427e-01 0.000000000000000000e+00 1.359956530889186999e+00 1.972832114817526968e-09 -3.940060977342504378e-01 2.838353020230272099e-07 3.870665043958150529e-06 1.732146596809788556e-09 inf 0.000000000000000000e+00 -9.000000000000000000e+01
6.584721634661094836e-02 3.879518306053035270e-01 8.329554010055045810e-01 1.497608169616061469e-01 -2.372401513137824269e-01 -1.545151286111809408e-01 -2.541978152482618960e-05 7.399593937021322978e-06 inf 0.000000000000000000e+00 -9.000000000000000000e+01
9.119867082686364812e-01 2.289773079362651675e-01 6.845682107788433672e-07 0.000000000000000000e+00 -1.384099661137552169e-07 3.808144473075751300e-06 1.226985645548965000e-06 3.010603803468924166e-05 inf 0.000000000000000000e+00 -9.000000000000000000e+01
4.984825160163592339e-01 4.550102035730720917e-01 3.393255499045468720e-02 8.709148906399382637e-10 -2.888493649009523656e-01 8.160492678698649674e-05 5.128321153561620394e-10 9.464901497450568887e-10 inf 0.000000000000000000e+00 -9.000000000000000000e+01
1.604618916984733090e+01 1.666143195319722123e-04 5.673247439260702325e-05 1.701974231778210697e-05 8.046576812977100701e+01 1.953985854869581037e-03 1.029545114240573798e-03 -3.746979317151522590e-08 inf 0.000000000000000000e+00 -2.000000000000000000e+01
4.662644817288342548e-03 5.216945250112831056e-01 1.126860174024371553e+00 0.000000000000000000e+00 2.238069512298404562e-01 3.432934019639828932e-07 2.143838438718241330e-03 0.000000000000000000e+00 inf 0.000000000000000000e+00 -1.000000000000000000e+01
7.947641928258420974e-01 4.721027415185440304e-07 7.686587996308326398e-02 -2.086196196651769378e-08 -2.102934451820202555e-01 9.110107590240654799e-07 4.668151908135363508e-03 2.138062952922117161e-08 inf 0.000000000000000000e+00 -9.000000000000000000e+01
1.414239247871717708e+01 1.312794534376539094e-08 2.105600826909415774e-02 2.082959957802863176e-03 1.316865398018255284e+01 -1.098601741925630027e-07 1.567580315719354327e-08 8.308607513619937851e-08 inf 0.000000000000000000e+00 -2.000000000000000000e+01
9.935901778912967774e-01 3.083555724490231673e-02 2.762352003189165808e-02 0.000000000000000000e+00 -1.455454362145454372e-03 1.527534380170168576e-07 7.862309309699397956e-09 3.814294190450156163e-04 inf 0.000000000000000000e+00 -9.000000000000000000e+01
9.951660688098940000e-01 8.370747305777802814e-04 2.143272696177363445e-08 5.456656431889394994e-08 -1.087248085430731273e-02 3.070093321551358376e-08 0.000000000000000000e+00 8.949611663767638971e-09 inf 0.000000000000000000e+00 -9.000000000000000000e+01
4.096266670836966606e-01 7.781929045313187299e-01 2.744808761247081924e-06 -3.086045176537989218e-07 -1.344240255942918683e-01 4.752748483976204062e-10 0.000000000000000000e+00 -2.345417642667184106e-09 inf 0.000000000000000000e+00 -9.000000000000000000e+01
3.765280439728654893e-01 -3.000280108696171469e-02 9.327885077273405656e-01 6.753187017443929235e-08 -4.994542124073603206e-03 -3.105503202555657816e-01 -2.235279777663687906e-01 -1.239440348181476205e-07 inf 0.000000000000000000e+00 -9.000000000000000000e+01
2.458667090221172913e+00 1.850416136829517028e-02 2.774137612999042268e+00 1.198537120771674799e-09 1.826724550942329728e+01 1.872889135026866108e-08 0.000000000000000000e+00 1.261028939520081193e-08 inf 0.000000000000000000e+00 -2.000000000000000000e+01
4.017228871372245935e-01 4.865020678642363317e-01 3.899842313442537511e-01 4.186787232826269523e-01 -2.823798865753543441e-01 7.409788703041169753e-10 5.983027814673295510e-07 -2.295559355069854979e-01 inf 0.000000000000000000e+00 -9.000000000000000000e+01
5.511434794569909368e-01 2.520847834297142707e-05 5.429378693410059631e-01 -2.111249188621947244e-08 -4.266917260312187987e-01 1.125199629348525943e-04 4.304013789932000746e-08 0.000000000000000000e+00 inf 0.000000000000000000e+00 -9.000000000000000000e+01
7.007336625523096219e-01 4.329504132048845297e-09 7.551520880740294865e-03 -1.015338330600518547e-04 -3.066896653176097720e-01 1.177172365315241630e-07 4.414396369932155781e-08 3.542836060996833087e-08 inf 0.000000000000000000e+00 -9.000000000000000000e+01
1.316593411707685513e-01 4.933760574399326249e-01 4.850607306291472853e-01 3.172045444788124528e-08 -6.070188571873328387e-01 7.639706507409069203e-02 0.000000000000000000e+00 5.794269679146307541e-06 inf 0.000000000000000000e+00 -9.000000000000000000e+01
8.790035240352378487e-03 1.516691083571317127e-06 0.000000000000000000e+00 1.361767880538612669e-09 -9.969457690323709764e-01 4.810400824759774372e-08 6.932636482742027499e-08 0.000000000000000000e+00 inf 0.000000000000000000e+00 -9.000000000000000000e+01
3.260775298367258879e-01 3.678420882108691217e-06 2.542905060873863975e-09 1.266725941104452522e-09 -6.826058795803834345e-01 3.637842091746060474e-03 1.030396474480487554e-09 8.933253838385878303e-10 inf 0.000000000000000000e+00 -9.000000000000000000e+01
5.095273108936316797e-01 4.641443115427819066e-01 1.392432934628345664e-01 5.469094111501624766e-07 -2.568265190536726528e-01 -7.574105154417717999e-08 8.760632991108156136e-09 1.533110773443927200e-09 inf 0.000000000000000000e+00 -9.000000000000000000e+01
6.323756006366833911e-05 7.924506273642648442e-06 2.117428076317315723e-04 -1.856642084259264580e-01 -9.789567353367031322e-01 1.739429127064561311e-05 1.981126568410662280e-05 0.000000000000000000e+00 inf 0.000000000000000000e+00 -1.000000000000000000e+01
3.931454964083330728e-01 5.230393828868572514e-01 1.619445264364412261e-04 1.042626900222376050e-07 -3.550432897079660033e-01 -2.163708893926831972e-07 3.625967313892174142e-09 1.073596016070565506e-08 inf 0.000000000000000000e+00 -9.000000000000000000e+01
4.700736166847107600e-01 6.799949890524632121e-06 3.444926192959679029e-02 2.521392788038573363e-01 -5.355516464516039132e-01 0.000000000000000000e+00 0.000000000000000000e+00 4.787476713503059561e-10 inf 0.000000000000000000e+00 -9.000000000000000000e+01
2.490282639466781522e-01 8.535321674093988564e-01 2.671783418083314145e-08 2.299247168067340293e-08 -2.202191118430428529e-01 -2.837678466918552532e-09 1.591474860068241333e-05 3.233614650138655312e-06 inf 0.000000000000000000e+00 -9.000000000000000000e+01
7.531704526566966873e-01 4.895607942268528356e-01 5.760267442193486159e-03 5.434350092506416134e-09 -1.573234333674350047e-02 0.000000000000000000e+00 1.831139705083683480e-08 1.134125236696991035e-08 inf 0.000000000000000000e+00 -9.000000000000000000e+01
3.904932612435067507e-01 2.113265126358496184e-05 1.062901353644538398e-08 8.301492324085081538e-09 -1.051263747582736861e-08 -9.189608081263859196e-01 2.711096708157280988e-06 2.847334283120770770e-08 inf 0.000000000000000000e+00 -9.000000000000000000e+01
3.225427910475003324e-01 8.257872662360701277e-01 5.645910323228333291e-10 1.899342139506557191e-08 -1.782728980639045335e-01 -2.492307490376897165e-07 2.906953336106753855e-03 8.301514912184758152e-06 inf 0.000000000000000000e+00 -9.000000000000000000e+01
5.605794853039880454e-01 2.865357536303114183e-01 0.000000000000000000e+00 8.667406027850647333e-10 -3.240118195002159585e-01 -1.250898652502686676e-06 0.000000000000000000e+00 0.000000000000000000e+00 inf 0.000000000000000000e+00 -9.000000000000000000e+01
9.833064856950984867e-01 1.581401548292018719e-02 3.654179507650703873e-01 -1.204533577229495106e-08 -3.720853721441796958e-09 3.661039554079372988e-10 2.367816004553870566e-09 -1.003227965692511050e-08 inf 0.000000000000000000e+00 -9.000000000000000000e+01
5.768638486608048677e-01 2.636927499696165695e-04 1.403165057414080923e-02 2.035128704784446008e-05 -4.776514491570848508e-01 -8.821721089892627099e-02 2.094711280243489959e+00 1.375677085902096697e-01 inf 0.000000000000000000e+00 -3.000000000000000000e+01
3.473998053785775642e-01 6.956687201719452800e-05 1.748577036414502732e-09 1.327145323918161424e+00 -6.577176090594417657e-01 3.408452867655380125e-08 1.049756951458093737e-06 2.424119598544364053e-05 inf 0.000000000000000000e+00 -9.000000000000000000e+01
1.528612918557410236e-05 4.673274208607466872e-06 1.573838152834256709e-05 4.729364098775040181e-10 -1.007719524212919104e+00 2.585375892826389121e-06 1.066109522686193705e-04 4.600190230016083098e-03 inf 0.000000000000000000e+00 -9.000000000000000000e+01
7.643755217157944815e-01 1.629826354641005457e-06 6.358669733050604789e-01 7.531101619525157331e-02 -2.082005378472606139e-01 -3.954199072081296899e-09 1.007201650435802034e-08 2.100948035279421288e-06 inf 0.000000000000000000e+00 -9.000000000000000000e+01
2.719988518502311492e-01 7.252477288275172589e-10 4.138387439193700890e-01 1.392475639348833236e-09 -7.142055741834290039e-01 -3.859146771909623517e-08 5.594768193812275584e-10 2.602603278306747864e-09 inf 0.000000000000000000e+00 -9.000000000000000000e+01
7.587889630101053440e-01 1.561266655074000046e-04 1.314191193666986557e+00 7.049870933892059266e-07 -3.135607277144451067e-08 -1.081143401320252160e-08 6.585940935266226255e-09 1.416997247687257725e-09 inf 0.000000000000000000e+00 -9.000000000000000000e+01
-3.343595456211431394e+00 1.613069470678114348e+00 3.352404694825571185e-02 1.956533234409526337e-06 -2.623195498432855821e+00 1.840037362437051008e-05 3.865109934984229723e-09 1.706365817032735990e-06 inf 0.000000000000000000e+00 -2.000000000000000000e+01
4.536555458637874239e-01 8.697767820205802114e-05 4.445555649448994852e-08 2.052823162868414587e-09 -5.536135474947914137e-01 1.294710794813753558e-08 1.789221572726688268e-06 1.157616580387103188e-05 inf 0.000000000000000000e+00 -9.000000000000000000e+01
8.531206837834904855e-01 3.426148283844452358e-01 5.242781662088366081e-04 1.709861746612910445e-05 -2.219126492607585016e-03 1.740767348740277737e-07 1.167250833359018188e-09 1.126378872714297421e-07 inf 0.000000000000000000e+00 -9.000000000000000000e+01
4.925325289412972873e-01 5.893317391356519573e-10 3.628757870511213623e-02 1.267610041786210578e-07 -5.137342603195650392e-01 0.000000000000000000e+00 5.297910067281324982e-09 2.319337539032634700e-05 inf 0.000000000000000000e+00 -9.000000000000000000e+01
5.249543183484657316e-01 2.859013527664044929e-04 1.235295757041514796e-06 5.998738388510953272e-08 6.161667085482855947e-06 -7.951970739479717887e-01 7.839786377731810457e-10 -5.313697276242727204e-08 inf 0.000000000000000000e+00 -9.000000000000000000e+01
1.922383575277921905e-02 4.579030952240945029e-01 3.955209539884876083e-07 1.776168447650903560e-06 -7.708806316903947797e-01 7.737654350797086163e-08 5.771077116746520602e-08 8.241934377519164950e-10 inf 0.000000000000000000e+00 -9.000000000000000000e+01
5.474195882283194869e-01 1.150015894977664068e-07 3.214395600881484015e-09 1.551341089999194952e-07 -4.597192924398031399e-01 -6.555259225404206900e-09 1.079193801738570367e-08 1.427782033250542433e-02 inf 0.000000000000000000e+00 -9.000000000000000000e+01
6.639875421765720764e-01 5.929495736904323300e-01 3.865068039842986265e-04 1.854666348789125335e-04 -3.497532632098210303e-02 -8.682687761208631699e-07 8.902398474187800739e-03 6.671014084049625975e-08 inf 0.000000000000000000e+00 -9.000000000000000000e+01
1.012358339905046201e+00 1.030438978010859638e-03 1.613603325325939722e-08 4.067781406170508193e-08 -1.636959295318564516e-05 2.374743766448058287e-05 1.539313520564575821e-01 2.709352560198438174e-08 inf 0.000000000000000000e+00 -1.000000000000000000e+01
5.028180767341239310e-01 8.706383040727048162e-01 1.340430093927771653e-05 1.665275415966781950e-07 3.612294907912257417e-06 4.976822889853804027e-02 1.497785792984828835e-09 4.386818702051725576e-03 inf 0.000000000000000000e+00 -9.000000000000000000e+01
6.449339539713822012e-01 1.809260685848725449e-04 3.755438396572489523e-03 0.000000000000000000e+00 -3.625249865491309564e-01 2.316014127524894022e-08 1.357972201061632440e-08 2.310474794766277662e-05 inf 0.000000000000000000e+00 -9.000000000000000000e+01
5.419886066935649671e-01 3.657107588854637270e-01 9.576886060022214986e-01 1.873483131608662676e-06 -1.809970798882532090e-09 7.661338489854761177e-10 5.985318598470755772e-09 4.999523556921402922e-05 inf 0.000000000000000000e+00 -9.000000000000000000e+01
8.165543353091080370e-01 2.100478586222771227e-01 8.853168056509276296e-01 3.514197245247058329e-09 -2.569606641741015121e-09 9.345843471129705387e-10 -1.556973494762079290e-09 3.892650832643902497e-04 inf 0.000000000000000000e+00 -9.000000000000000000e+01
7.983912394303873672e-01 3.746297354250279210e-01 1.351123635959117220e-01 -2.762534321990375598e-07 -1.797659761858484348e-02 0.000000000000000000e+00 0.000000000000000000e+00 1.227494543795717855e-03 inf 0.000000000000000000e+00 -9.000000000000000000e+01
5.323626073599563302e-01 3.966167804209151659e-02 2.568881908332956709e-01 -4.018339827619256602e-10 -1.430475584614346596e-01 -5.177591443151695616e-01 4.190198203191677039e-03 -1.064303668804509596e-08 inf 0.000000000000000000e+00 -9.000000000000000000e+01
4.906594359789125392e-01 1.596357047196861056e-01 6.037315388006965608e-05 2.396993535238409149e-05 -4.524643900643864347e-01 -2.620553530794310598e-04 2.896830292097053466e-09 6.718754946653296130e-05 inf 0.000000000000000000e+00 -9.000000000000000000e+01
1.432739839080903431e-03 1.155217004109326817e+00 2.743969426061277411e-05 3.011315483632558508e-07 -1.013221580687555384e-01 -4.362147541558656131e-04 1.075994435005292245e-06 4.620868016437307269e-02 inf 0.000000000000000000e+00 -8.000000000000000000e+01
3.249104193995156487e-01 4.120815075310930720e-01 -5.980630052209072456e-02 3.199575166647669611e-01 -4.962808540218212050e-01 5.092476139927823473e-09 6.479991378053085693e-09 6.282196652618208211e-08 inf 0.000000000000000000e+00 -9.000000000000000000e+01
3.131664710947101304e-01 2.122114902812838599e-01 4.141214519081364287e-01 1.627150233640839087e-09 -2.384803883500835608e-01 -4.151516047735795412e-01 1.552239920997751458e-07 2.591478302130362319e-03 inf 0.000000000000000000e+00 -9.000000000000000000e+01
4.384217270458101723e-01 2.325124935910425350e-01 1.117129087753730731e-04 -1.278203514360082575e-04 -5.533478108345177837e-01 1.904793425757282110e-01 3.425064199826345687e-09 5.629156439529411046e-09 inf 0.000000000000000000e+00 -9.000000000000000000e+01
2.402936806648381913e-05 0.000000000000000000e+00 1.526209066666109226e+00 1.167879794362364235e-07 -1.483322389477795961e-02 1.860886151678213454e-06 3.227353770577814267e-09 -8.897844507667806848e-09 inf 0.000000000000000000e+00 -9.000000000000000000e+01
1.113835124704355195e+00 2.264556534201873743e-03 5.208034542132990996e-01 6.163143743825540421e-08 1.349527198873877454e-01 -1.305702787639510223e-08 1.018731407067633449e-06 2.363746894690736717e-06 inf 0.000000000000000000e+00 -9.000000000000000000e+01
3.551132382525615250e-01 1.450900910716734790e-06 5.347300653747180010e-09 8.946980911543133737e-10 -6.971433572010813373e-01 1.275604132144069758e-01 0.000000000000000000e+00 1.253273590721995398e-08 inf 0.000000000000000000e+00 -9.000000000000000000e+01
3.111004260562008072e-01 3.137257461073079678e-01 8.286166411307036017e-02 2.100256040885743747e-01 -5.513172107325077231e-01 1.619581134853322033e-08 1.916895546082434089e-08 4.853364360935755164e-10 inf 0.000000000000000000e+00 -9.000000000000000000e+01
2.379170133130444897e-01 5.139810582965349539e-01 5.411482699960466552e-04 1.819758109022031651e-05 -5.159887968055058005e-01 1.125651022792277332e-09 5.964828509480672384e-10 0.000000000000000000e+00 inf 0.000000000000000000e+00 -9.000000000000000000e+01
2.551186927570614227e-08 1.222349291693483497e+00 2.592089984983270189e-04 4.772529321027407259e-09 -2.262208087948770916e-09 -4.188733685427724389e-09 1.064843239333821609e-06 7.101943962546414420e-05 inf 0.000000000000000000e+00 -9.000000000000000000e+01
7.305518946405552549e-01 4.220966502367652917e-01 5.021094767926356228e-01 1.875583729381230939e-06 5.149284634393488319e-09 0.000000000000000000e+00 0.000000000000000000e+00 0.000000000000000000e+00 inf 0.000000000000000000e+00 -9.000000000000000000e+01
5.971119817190969625e-01 2.231477109014451404e-07 1.428145349769248856e-06 1.291373135067094557e-01 -3.755644805653843843e-01 1.769822627996034535e-09 -6.231763936195336973e-01 -1.344987519276355926e-04 inf 0.000000000000000000e+00 -9.000000000000000000e+01
5.958500814862833783e-01 2.867635838853294650e-01 3.374764412011283177e-05 6.939326570214389835e-08 -2.884807310942236747e-01 -1.586424215904469647e-08 1.759139755539230388e-09 -3.050028492513109197e-08 inf 0.000000000000000000e+00 -9.000000000000000000e+01
8.940941850771702212e-03 8.830804297177421436e-01 1.392792425796711119e-05 4.909517769890792567e-08 -4.247102066691831324e-01 -3.339888290574746023e-08 1.762882732878454713e-09 8.229379004516515841e-03 inf 0.000000000000000000e+00 -9.000000000000000000e+01
4.537650936845358252e-01 9.308166210732238678e-10 -5.718191209329872248e-05 5.225877627967108301e-03 -5.261328025911212736e-01 -9.909280662697333793e-09 -4.703901078928054980e-01 -1.017059692741201005e+00 inf 0.000000000000000000e+00 -8.000000000000000000e+01
6.423524006256692287e-01 0.000000000000000000e+00 5.307240871023058970e-01 6.648896805331132434e-07 -3.368433320354118909e-01 1.557605631076848675e-09 2.487791663687144449e-09 9.221608982113052283e-09 inf 0.000000000000000000e+00 -9.000000000000000000e+01
7.447514551662773874e-01 3.397766329645799527e-02 8.693091898282331864e-02 7.902733677854518195e-10 -2.452230401157254602e-01 7.467720814853351989e-10 8.371580874644663500e-09 9.548615401331572022e-03 inf 0.000000000000000000e+00 -9.000000000000000000e+01
2.210147917594070810e-01 0.000000000000000000e+00 1.431706438653858271e+00 4.056974192228658242e-08 -1.882537496180790304e-01 8.714567092456225518e-06 8.743478862561763025e-10 -2.392327733326339080e-04 inf 0.000000000000000000e+00 -8.000000000000000000e+01
3.981324548671934527e-01 4.244794555569342265e-01 3.598841622312220171e-09 0.000000000000000000e+00 -1.364921007954624510e-01 -3.644668428747469546e-01 5.670901950310165569e-09 7.236419867177328085e-06 inf 0.000000000000000000e+00 -9.000000000000000000e+01
1.332064730804139119e+00 0.000000000000000000e+00 1.000396791757764525e+00 1.755096996890050622e-07 3.923389035060774188e-01 3.047311269325582457e-07 1.812957337446865603e-07 2.832745839760727504e-09 inf 0.000000000000000000e+00 -9.000000000000000000e+01
-1.953071934969429803e-03 -7.214089707224224934e-01 7.774505098278608960e-06 6.761721045715115563e-01 -1.223776273766749689e+00 1.316943036507474473e-06 5.144308736357322158e-09 3.051674898389733982e-06 inf 0.000000000000000000e+00 -1.000000000000000000e+01
