3.361667216113478629e-01 4.284477824458354789e-01 9.687709023151778803e-05 4.508347056064204523e-09 -4.719517111249511010e-01 -4.655678659203557028e-09 0.000000000000000000e+00 1.503646697426485725e-06 1.076186818055969889e+04 1.000000000000000000e+00 0.000000000000000000e+00
5.849607305565324156e-01 8.769504203679091470e-06 0.000000000000000000e+00 6.835003672412060579e-05 -4.233567933210701240e-01 -4.758107231303111477e-06 2.734534639625722545e-10 2.252069458246796537e-08 3.084621438483338352e+04 1.000000000000000000e+00 0.000000000000000000e+00
1.591444867026263199e-01 4.465043195826335909e-01 4.600006718118315741e-01 2.496825162401628551e-01 -5.421034812061193975e-01 -1.363693923158547198e-02 1.235627950671202919e-06 5.623480095499163627e-04 7.243867434884546674e+04 1.000000000000000000e+00 0.000000000000000000e+00
1.389254751488503414e-01 2.788292987142418355e-01 6.535367422495212963e-01 -6.359882603825602763e-10 -6.731037105803452381e-01 3.941100799055125208e-06 6.312502389585068384e-09 2.325275129650850865e-09 8.712865346996206790e+04 1.000000000000000000e+00 0.000000000000000000e+00
6.453767763318281059e-01 3.792565837983343947e-09 1.225826311583995576e+00 3.189550718038335758e-02 -2.558133298538634581e-01 -1.684208829275868609e-05 2.665012794560050915e-06 2.471940233685572327e-09 9.559386616396231693e+04 1.000000000000000000e+00 0.000000000000000000e+00
4.215258219578348897e-01 5.247914018308319741e-10 4.400904306969105062e-01 1.777834295718536906e+00 -4.728515049423381300e-01 1.350625933394078994e-09 0.000000000000000000e+00 1.354694083795868532e-09 1.012576752239372145e+05 1.000000000000000000e+00 0.000000000000000000e+00
1.897362721329241830e-02 4.207839793352213036e-08 1.872462948083451414e-02 1.019894712147581872e+00 -7.569531066720335266e-01 -4.653269624173342889e-01 2.016881632909036520e-02 0.000000000000000000e+00 inf 0.000000000000000000e+00 -9.000000000000000000e+01
9.911396164261069286e-01 7.832914220396795411e-10 8.600569774233238034e-04 1.941085813539407936e-08 -1.592902954970528903e-02 1.481132870765939466e-08 2.379939997470056716e-08 3.207011344108587083e-08 inf 0.000000000000000000e+00 -9.000000000000000000e+01
3.102178984186164737e-02 4.823835160198266637e-07 3.169801414359160133e-03 5.860830740091155466e-05 -7.681908067652279959e-01 -3.522753952216982344e-08 2.596701318643024337e-01 -2.439817280641674468e+00 inf 0.000000000000000000e+00 -3.000000000000000000e+01
2.293147685900527241e-02 1.163305996668907882e+00 8.934097365508123431e-06 2.828817355310361478e-02 -6.103022975073844197e-02 -8.150710744128762281e-09 2.841268886157561459e-09 1.099197963028632333e-08 inf 0.000000000000000000e+00 -9.000000000000000000e+01
6.301658558549986244e-01 2.227986052693505069e-08 8.048313919887210843e-02 1.404447752587947596e-07 -3.737940325102631633e-01 -3.371141200148811336e-08 1.281080315450322018e-05 9.078051652608342867e-05 inf 0.000000000000000000e+00 -9.000000000000000000e+01
2.902232227302319334e-01 4.922240263054409569e-10 1.301831963940081938e+00 1.525376350992861368e-08 -4.840144481315689640e-01 -9.536033953105516243e-06 1.127345972379002298e-04 -2.196377823777114630e-02 inf 0.000000000000000000e+00 -9.000000000000000000e+01
2.934093261440598595e-06 2.738487044011225016e-07 1.212700961591702820e+00 1.971343910030402055e-08 -9.152943832732303164e-01 0.000000000000000000e+00 7.521479307892159329e-10 6.638003960615936977e-10 inf 0.000000000000000000e+00 -9.000000000000000000e+01
2.605989018059467477e-01 9.926110220265131417e-06 1.294580037763494584e-05 2.249379994535540384e+00 -4.317259987368328504e-05 -1.485407030826397010e-09 6.916084332717499472e-10 0.000000000000000000e+00 inf 0.000000000000000000e+00 -2.000000000000000000e+01
3.340117195833886554e-01 2.137008818539276754e-09 3.602925174858147099e-05 4.169235269201789103e-08 -2.276090942313396259e-01 -7.679493829756580681e-01 1.636518639925536520e-02 1.389486580602654809e-11 inf 0.000000000000000000e+00 -9.000000000000000000e+01
5.076297742919875233e+00 4.003854277527141726e-04 4.049401981744679802e+01 2.243272966130274854e-08 -1.390527404650831222e+01 -2.206114829191784476e-04 3.184884084396590379e-05 1.279415104732026825e+11 inf 0.000000000000000000e+00 -2.000000000000000000e+01
4.115378009856829333e-01 3.403528840584296722e-01 4.004151577157995939e-02 4.838349822399244937e-01 -4.382321448334028924e-01 -5.537051951293081423e-07 9.101131368217363962e-07 1.412936059769322187e-09 inf 0.000000000000000000e+00 -9.000000000000000000e+01
1.062643129524330630e-04 3.504200801360233264e-01 8.528118160784062818e-01 1.930768533644207623e-03 -2.611551755118994844e-01 6.541559061749777342e-04 -2.604174490274026033e-01 -6.399777253010531519e-02 inf 0.000000000000000000e+00 -9.000000000000000000e+01
1.564773794247553002e-02 2.535176147269291302e-02 4.015039735627442402e-02 2.212517364889563520e+00 -1.113536700092444681e-01 -1.133673555804852868e-08 0.000000000000000000e+00 5.523072474321112306e-06 inf 0.000000000000000000e+00 -2.000000000000000000e+01
2.797669343305402845e-01 6.194389596534900769e-07 1.495012197563700470e-04 2.847926590406889448e-05 -7.277853116850419024e-01 -4.709527242165523014e-04 0.000000000000000000e+00 -2.925543038363471321e-05 inf 0.000000000000000000e+00 -9.000000000000000000e+01
1.166336874318407192e-04 0.000000000000000000e+00 1.989107520196088133e-07 2.562468785862192511e-01 -1.007109825141187187e+00 -5.637699028670055266e-06 3.210457425358775657e-04 -2.216434093932783730e-07 inf 0.000000000000000000e+00 -9.000000000000000000e+01
1.650557935535723955e-02 3.489608919112456353e-09 2.157802569383288072e-01 2.120075530856757151e+00 -6.888721103976808881e-08 0.000000000000000000e+00 4.596137169691533575e-08 5.808583675578680300e-02 inf 0.000000000000000000e+00 -2.000000000000000000e+01
5.851057396163055974e-07 3.155846057503164936e-01 9.291124417742236963e-01 5.625638624244772013e-01 -4.253531642721657402e-01 -8.108294394842573304e-08 7.028308136739893112e-10 1.215806030926952924e-09 inf 0.000000000000000000e+00 -8.000000000000000000e+01
1.704341890651641744e-04 1.808810658256738702e-09 1.017897723046079062e+00 9.184479455070942988e-01 -5.401487917313484433e-01 1.601778113034581852e-09 8.484702204192252831e-09 1.190182884533269378e-07 inf 0.000000000000000000e+00 -9.000000000000000000e+01
9.872262693023019231e-02 1.067489583671515817e-06 6.474254250041763248e-01 1.552260958744952735e+00 -3.022618701073714886e-01 1.301816565453068017e-08 0.000000000000000000e+00 5.641701047083467438e-05 inf 0.000000000000000000e+00 -9.000000000000000000e+01
3.146946878505695998e-04 4.947862356774805918e-09 9.231951404878980805e-01 9.101310583111824615e-01 -9.449686107824238901e-01 -3.860954888237389430e-09 0.000000000000000000e+00 8.435699755812784342e-10 inf 0.000000000000000000e+00 -9.000000000000000000e+01
3.575704407526983930e-01 4.547254344586136310e-01 3.533469059707422077e-05 0.000000000000000000e+00 -4.397014663597607620e-01 -4.241140994572008965e-03 1.019125836038853178e-01 -4.947893493888879668e-01 inf 0.000000000000000000e+00 -9.000000000000000000e+01
4.554386882622439847e-01 3.494574673373178204e-09 4.768025499717735705e-01 7.846363755136314122e-01 -5.224435272603139557e-01 -3.037602962461687683e-07 1.309561109483530508e-09 -7.768676985283479164e-01 inf 0.000000000000000000e+00 -9.000000000000000000e+01
2.702309326582371107e-01 2.222422199781542319e-06 5.593489735130175999e-01 1.667876939202452613e+00 -1.888710819654345341e-01 -2.383145999765743824e-07 2.781924609101544859e-09 -8.823182399132707053e-06 inf 0.000000000000000000e+00 -9.000000000000000000e+01
2.387654402866043191e-01 8.342420129879169576e-10 1.249665932872597160e-03 2.234719676407956879e+00 -4.125726357893530483e-02 -1.395247965972822667e-07 9.137944011811340340e-07 -2.745847997034514979e-07 inf 0.000000000000000000e+00 -2.000000000000000000e+01
1.910988611119394503e-05 0.000000000000000000e+00 0.000000000000000000e+00 1.448529367228501043e-02 -6.975108430585790376e-04 0.000000000000000000e+00 -4.680079224924664768e-08 0.000000000000000000e+00 inf 0.000000000000000000e+00 -9.000000000000000000e+01
4.781611510386684638e-01 0.000000000000000000e+00 0.000000000000000000e+00 2.232060101427989718e+00 -5.156828510195700099e-01 0.000000000000000000e+00 0.000000000000000000e+00 0.000000000000000000e+00 inf 0.000000000000000000e+00 -2.000000000000000000e+01
2.135215753731940502e-01 1.082604375470776370e+00 1.807613671115041593e-02 -2.356592637898128062e-01 6.844421158668110365e-08 1.021555396816135870e-08 3.990450768813030582e-12 9.373402587159774217e-12 inf 0.000000000000000000e+00 -1.000000000000000000e+01
8.046576812977100701e+01 5.015412004280637056e-07 0.000000000000000000e+00 5.841205422659867943e-06 3.442531038778626709e+11 0.000000000000000000e+00 5.584019760579895881e-08 1.619861439894174323e-05 inf 0.000000000000000000e+00 -2.000000000000000000e+01
4.395615786304313266e-01 6.371345529974196120e-01 6.049715106586075475e-01 2.855516514204913148e-07 -1.529329928917193011e-04 2.134630488558061576e-02 9.572334029408347119e-05 -1.720028770909312263e-04 inf 0.000000000000000000e+00 -9.000000000000000000e+01
9.507242535442270714e-01 3.398469777538764308e-06 1.020532677755516371e+00 -2.759094861684295186e+00 -3.672376296922485469e-05 3.828033821248188274e-07 1.038245197895471443e-07 2.181107469166669460e-06 inf 0.000000000000000000e+00 -2.000000000000000000e+01
9.740427078058845264e-03 6.160240339546144626e-06 9.067873779811923968e-03 1.157719332706422799e+00 -8.371201328800287333e-01 1.375862502306721599e-06 1.960462516146923306e-07 0.000000000000000000e+00 inf 0.000000000000000000e+00 -9.000000000000000000e+01
1.567574890453025949e-02 6.186356403378108215e-01 5.433411709545904467e-01 6.898601384030192962e-01 -3.734198684275930602e-01 4.275634555814264780e-09 5.894159338910621331e-10 7.088153031358753992e-10 inf 0.000000000000000000e+00 -9.000000000000000000e+01
-2.234255725191069359e+03 1.111492127862709545e+01 2.636271469465919495e+02 1.873686113430536038e+00 -2.770169090678958335e-01 -2.551735448473544565e+01 6.242358957538809427e+00 1.959983301526918922e+02 inf 0.000000000000000000e+00 -2.000000000000000000e+01
9.997628763757705483e-01 2.096444570784999819e-03 5.675613478712806526e-01 3.451437108809306138e-06 2.411838886743804949e-02 1.309292702447756025e-09 9.041196904740584921e-09 0.000000000000000000e+00 inf 0.000000000000000000e+00 -9.000000000000000000e+01
2.725562748173636059e-04 1.237405487670830834e-01 7.069428378075368752e-03 1.913084204345508742e-07 -3.793983345457701550e-01 -8.154883742535519175e-01 3.040705940931212603e-03 6.377816830726308617e-02 inf 0.000000000000000000e+00 -1.000000000000000000e+01
1.032450714225701527e-09 3.030413681596311193e-01 1.503615333499901824e-04 5.381258268085475203e-09 -5.240586061845999843e+00 -8.212676135886263088e-10 1.177369250840654570e-06 6.387528006602798402e+07 inf 0.000000000000000000e+00 -3.000000000000000000e+01
3.778190186711232693e-03 9.557022034195270521e-01 8.405573596340419229e+00 1.496882969211307568e+01 -6.931719595886208118e+00 -9.679363430717348449e-02 8.477384510268646942e-06 4.605434838493217230e+08 inf 0.000000000000000000e+00 -2.000000000000000000e+01
9.946787582370399949e-01 3.329566068068743473e-02 1.124165116950657378e-03 5.631739809189701546e-03 -6.875961394940914703e-04 -2.350196328641180384e-03 0.000000000000000000e+00 5.585957000295887558e-10 inf 0.000000000000000000e+00 -9.000000000000000000e+01
1.024314990945235371e-01 6.084993235802171274e-08 1.952560090032305947e-08 2.253004046909615532e+00 8.050667535394395532e-10 -1.209421548303592383e-09 0.000000000000000000e+00 0.000000000000000000e+00 inf 0.000000000000000000e+00 -2.000000000000000000e+01
3.771260413244091891e-01 0.000000000000000000e+00 3.937352193101992248e-01 1.840687725013437692e+00 -4.230455334027699021e-01 2.518855117330291390e-04 0.000000000000000000e+00 3.610530443468453752e-09 inf 0.000000000000000000e+00 -9.000000000000000000e+01
5.897359091644269885e-04 9.156824913504214153e-04 4.608733069048478255e-04 1.409593137413395647e+00 -1.005965146524097298e+00 4.402552905433151746e-03 7.865149063695017686e-10 3.562449870026566846e-09 inf 0.000000000000000000e+00 -9.000000000000000000e+01
3.690473040074671117e-08 3.554904642684173075e-08 -4.155103252025287598e+07 5.177959622553748230e-09 -2.070264295691808698e+01 6.190956814166080543e-08 2.319725910904079035e-08 -1.052733795203014804e-05 inf 0.000000000000000000e+00 -2.000000000000000000e+01
3.233144895093820594e-05 1.009802773612238076e-09 4.562396849033760658e-06 2.234749751488848801e+00 -8.442387950068984681e-01 3.367037034456684398e-08 5.183911185146794724e-10 -8.108121182227471862e-05 inf 0.000000000000000000e+00 -2.000000000000000000e+01
1.555778176782007609e-04 2.947923900735497192e-07 5.535486617674146848e-01 6.491356729489011768e-02 -9.777457462146087463e-01 -3.891767498935290838e-04 9.909559574010864580e-08 1.498005399112848912e-01 inf 0.000000000000000000e+00 -9.000000000000000000e+01
2.791303901315257778e-09 1.130549871241221666e-01 4.332986117393133885e-01 1.706704575497208332e+00 -9.271455011015876657e-01 1.432034764336994627e-04 0.000000000000000000e+00 8.787814141029692217e-07 inf 0.000000000000000000e+00 -9.000000000000000000e+01
6.991464046781784014e-02 1.654908343657710557e-01 1.086291073984894729e-07 1.344874881807911704e+00 -6.105705002053029007e-08 0.000000000000000000e+00 8.954877926707376427e-10 -8.651609442159929886e-01 inf 0.000000000000000000e+00 -9.000000000000000000e+01
2.589712035537488966e+00 1.551230187504923716e-08 1.066653670082767791e+00 6.610496377841672440e-03 -2.468920238087836654e-03 -3.051720628975203658e-06 1.339060607365443730e+03 -3.950272380940538647e-02 inf 0.000000000000000000e+00 -2.000000000000000000e+01
5.030208639928049992e-04 1.015243329156210192e-03 1.538998467786767410e+00 2.075152763994708306e-05 6.855727114230462911e-12 3.834000487750038271e-07 8.980088422693342207e-10 -9.140257162796091434e-04 inf 0.000000000000000000e+00 -9.000000000000000000e+01
4.678961050713788239e-04 1.213914991490440576e+00 1.652788196814255345e-02 2.017563716814276544e-06 -6.015466727623378501e-06 -7.037742439302568302e-09 5.016572606527656491e-10 0.000000000000000000e+00 inf 0.000000000000000000e+00 -9.000000000000000000e+01
7.226902804681638315e-02 9.156702463697442840e-02 1.058632955802956133e+00 8.097281834564277192e-01 -1.622607060233697551e-01 -5.230643208429319393e-05 2.704261769063871255e-08 2.674214416074272660e-07 inf 0.000000000000000000e+00 -9.000000000000000000e+01
7.284003919266425298e-08 6.865466690920189741e-02 6.474088157636531400e-05 2.203814807785380747e+00 -7.122921691829696700e-01 -1.646806890583272988e-04 7.987851488993293931e-06 -1.436340098686806283e-07 inf 0.000000000000000000e+00 -2.000000000000000000e+01
4.357119737669347681e-01 2.011437388470818240e-08 3.089296242208345126e-08 7.595934441693596655e-09 -5.724059263212671889e-01 5.962172005910337118e-09 3.870107380348916425e-08 3.842948732065765693e-07 inf 0.000000000000000000e+00 -9.000000000000000000e+01
1.460864082552588603e-04 1.891904920086928954e-01 1.790274610971309459e-07 2.205755813806776100e+00 -3.764255267356422102e-02 -3.497003073430624611e-05 0.000000000000000000e+00 7.976687414606055078e-10 inf 0.000000000000000000e+00 -2.000000000000000000e+01
6.683120850096944121e-01 2.849506472349026542e-01 6.506862717786694450e-01 1.167595375167177277e-03 -1.413737102905122667e-01 -2.411572143120167908e-05 1.847270425034689497e-08 8.229545969348853945e-08 inf 0.000000000000000000e+00 -9.000000000000000000e+01
2.678922704813261335e-01 1.014373104468525161e-01 1.436964911732991777e-04 2.733097714176537359e-05 -7.000396557103267803e-01 -6.905705835705506362e-09 5.736543613521188005e-10 2.178123724179991571e-05 inf 0.000000000000000000e+00 -9.000000000000000000e+01
5.863557896856694818e-01 4.495394387590132546e-01 8.160118073125566251e-02 -4.031196054088977132e-03 -1.978950790189134279e-01 -1.166848260063263763e-06 9.319874281655461824e-10 -2.214402129321337536e-06 inf 0.000000000000000000e+00 -9.000000000000000000e+01
5.634661808805569404e-04 2.263949813132564437e-01 1.322185808792754713e+00 2.285953645009662985e-02 -2.817712915372873328e-02 -7.158042469309908141e-08 4.823518032047189731e-09 -1.819327245046543961e-04 inf 0.000000000000000000e+00 -9.000000000000000000e+01
0.000000000000000000e+00 4.170527027264157070e-09 1.715415343949359798e-04 2.828151282601658600e-01 -7.633072665845307414e-01 -4.951711242202211927e-01 -1.228027140376004031e-04 2.463819043799132670e-07 inf 0.000000000000000000e+00 -9.000000000000000000e+01
7.907269302338103961e-04 4.923464203758453010e-06 1.126280523785661902e+00 6.833783178104895217e-01 -5.159582399504586414e-01 -3.120709916886991260e-08 2.397866410556888023e-06 2.188579265840077432e-09 inf 0.000000000000000000e+00 -9.000000000000000000e+01
3.060690567714574040e-01 1.468387984915696387e-01 3.482000200517389454e-01 3.750645025822694124e-10 -6.195729894159056617e-01 -3.899747591156937774e-08 1.547343030960944205e-08 4.281505552554521462e-10 inf 0.000000000000000000e+00 -9.000000000000000000e+01
5.793065165502702119e-01 3.257269545072842809e-08 5.773754948284359756e-01 7.035356923765990294e-09 -3.958594529760179892e-01 -1.258157768590115349e-05 5.575052777012927220e-10 -3.755837248967585085e-01 inf 0.000000000000000000e+00 -9.000000000000000000e+01
1.037871117029126947e-02 1.206602396099710470e-07 4.032870626170321771e-01 2.973068303989686656e-04 -9.765872986902641717e-01 7.106758497535525908e-10 3.770632487811595217e-09 0.000000000000000000e+00 inf 0.000000000000000000e+00 -9.000000000000000000e+01
4.370183967218718712e-01 8.685823427376894386e-06 1.512968605929527388e-08 7.509045892865419125e-01 -5.692341241365721505e-01 8.796706279641279753e-05 5.057014848347947838e-10 -3.665294283183866705e-06 inf 0.000000000000000000e+00 -9.000000000000000000e+01
5.475596559476210694e-04 5.459296524219201975e-09 5.163653482754534951e-02 6.487859637477892831e-10 -1.004589448778568705e+00 0.000000000000000000e+00 2.854658240490272598e-08 -2.873858557882665379e-02 inf 0.000000000000000000e+00 -9.000000000000000000e+01
2.267039984529581054e-01 2.882658601018217581e-01 2.999986088768214084e-05 0.000000000000000000e+00 -6.566598575878787036e-01 -4.146973811822363361e-08 1.665778806434263893e-08 2.206749210425922871e-06 inf 0.000000000000000000e+00 -9.000000000000000000e+01
2.820312694301195244e-01 4.366935784724431668e-01 8.229994363519120837e-01 4.478908497153263335e-01 -1.539624795896434306e-01 8.051626698621655468e-06 7.024483670672490947e-08 -2.162406374629821381e-07 inf 0.000000000000000000e+00 -9.000000000000000000e+01
1.638471040703335125e-06 2.532636639135947871e-07 3.836829215877487348e-02 2.254431801383850242e+00 6.966529497770727886e-02 4.543958149861733464e-02 0.000000000000000000e+00 -2.762222398375963764e-05 inf 0.000000000000000000e+00 -2.000000000000000000e+01
4.987264774682166335e-01 6.356317850085113630e-01 2.190475370888330894e-05 -8.360554086442943313e-10 -1.171029326996449876e-01 5.333268489129615975e-09 5.304124945473170560e-09 -1.916674305564126657e+00 inf 0.000000000000000000e+00 -9.000000000000000000e+01
2.536094833999530591e-07 1.874447685917702917e-08 4.209286031534490703e-09 7.345204125027686360e-07 -1.486404129885616957e-08 -3.775939629947786841e-14 7.707432919069502020e-13 -2.277498255857992149e+00 inf 0.000000000000000000e+00 -3.000000000000000000e+01
1.572996182805106855e+03 9.417351873195632661e-02 3.564441646784727112e-06 4.821984731595171033e+05 -3.398473281576383743e+05 3.442531037901030273e+11 3.892776176748700072e-08 1.122635826253370397e-07 inf 0.000000000000000000e+00 -2.000000000000000000e+01
-9.803041289870883982e-10 4.756111987601117919e-02 2.210724170587147430e+00 7.724342461614954088e-03 6.332225011229517087e+00 3.509437050685175913e-07 3.199547137530333917e-06 -4.714564490731783501e-07 inf 0.000000000000000000e+00 -2.000000000000000000e+01
4.627935517316539848e-01 5.485699427853657495e-01 3.584405876154378359e-03 3.401133645269267536e-01 -2.463577743054278790e-01 1.693126501877439558e-06 4.261352094612881751e-07 -1.053254290147902061e+00 inf 0.000000000000000000e+00 -9.000000000000000000e+01
1.462064863577968755e-02 1.343424973477282587e-10 3.866348791036598815e-06 1.566150692764305865e-09 -9.945599850902790973e-01 2.210335129078001718e-04 4.552734306748714468e-05 3.427854879693613678e-08 inf 0.000000000000000000e+00 -9.000000000000000000e+01
7.869163436753483194e-08 1.013652470229127118e-09 1.257358616359195436e+00 1.112456140612471484e-09 -8.703279172611305681e-01 8.270233150605873464e-10 2.473751154782995721e-09 0.000000000000000000e+00 inf 0.000000000000000000e+00 -9.000000000000000000e+01
2.956583250170806532e-09 1.255276623168342445e-08 2.203707849562201188e-07 2.019484382180550882e-09 -7.605016989066569755e-01 -5.440512153716854371e-01 2.578837970050703704e-09 2.808006272886118371e+00 inf 0.000000000000000000e+00 -3.000000000000000000e+01
3.561313779993898754e-01 4.538397271787811350e-06 1.414516912835181380e-06 0.000000000000000000e+00 -6.516030157900923880e-01 -2.522174162274142543e-09 0.000000000000000000e+00 5.505792479721529313e-05 inf 0.000000000000000000e+00 -9.000000000000000000e+01
1.008016458723631992e+00 1.742530828015350473e-08 1.944115269870113835e-02 0.000000000000000000e+00 -5.271155754746435471e-10 0.000000000000000000e+00 0.000000000000000000e+00 -1.050963905646758285e-10 inf 0.000000000000000000e+00 -9.000000000000000000e+01
3.235687352484519007e-06 5.316644232006907293e-05 2.617809566044497216e-01 1.984505417752509659e+00 -7.384737902466136372e-01 2.950329817271303740e-08 7.713102432219666753e-08 7.495064200920171286e-10 inf 0.000000000000000000e+00 -9.000000000000000000e+01
1.213248449427481113e+01 1.431725170989414446e-07 -4.212814167938932419e+09 1.146593166671636702e-04 -5.344652947578723001e-01 2.611174838233540907e-01 1.497625351975892726e-06 -6.784009569473850587e-04 inf 0.000000000000000000e+00 -2.000000000000000000e+01
4.651506312308882722e-06 5.711179975877150872e-02 1.084417435459962374e-06 2.428588486077591639e-11 -9.872444871484102880e-01 -9.723329460067363123e-07 3.275173909041259122e-11 8.688189795263496448e-11 inf 0.000000000000000000e+00 -9.000000000000000000e+01
1.069242021089549799e-01 9.179833937159062041e-01 4.440893690378896475e-01 0.000000000000000000e+00 -4.330208785701342088e-10 0.000000000000000000e+00 0.000000000000000000e+00 -1.826459859609925110e-09 inf 0.000000000000000000e+00 -9.000000000000000000e+01
0.000000000000000000e+00 2.758828886723604379e-01 0.000000000000000000e+00 0.000000000000000000e+00 -8.890898333633275863e-01 -4.466422175585656364e-08 2.513260066647877209e-09 -2.064745111302506754e-04 inf 0.000000000000000000e+00 -9.000000000000000000e+01
7.411970744444394080e-05 2.487601049990937618e-01 1.726466753799547752e-05 0.000000000000000000e+00 -9.014210256418774270e-01 -2.977849039177659892e-04 2.431351395855782859e-09 -1.471161911284963042e-01 inf 0.000000000000000000e+00 -9.000000000000000000e+01
2.685099106169739347e-01 1.019798106399737711e-05 2.721455357254432117e-05 9.747228338380695624e-10 -7.408521621402637258e-01 4.287320209960408098e-08 0.000000000000000000e+00 8.349286271739481124e-01 inf 0.000000000000000000e+00 -1.000000000000000000e+01
1.167804716112873231e-01 2.731091713755384671e-10 3.379064572085860122e-06 1.513814328558973087e-07 -8.927218274285075861e-01 -2.191318425196060987e-09 1.378658345411030994e-02 -6.531056004927550396e-02 inf 0.000000000000000000e+00 -9.000000000000000000e+01
4.492282537788899077e+00 1.678830159836537206e+01 1.572904058472424910e-06 9.400702855306010408e-03 -1.442664449278492178e+01 -8.197412889826841825e-03 1.252738519332974687e-08 9.966835858349980164e+10 inf 0.000000000000000000e+00 -2.000000000000000000e+01
1.556719400414970740e-03 9.694769435199694918e-01 4.205537334044136544e-01 1.945899250518713305e-02 -3.245161211634284976e-02 -1.450800034660323869e-06 0.000000000000000000e+00 -6.632750788182589007e-07 inf 0.000000000000000000e+00 -9.000000000000000000e+01
1.387124558254016100e-02 3.477149323145962506e-05 1.779545555731955053e+00 4.491641426727290692e-02 -1.726199450271664604e-01 1.122281275249507881e-01 2.189203384455317980e-01 -3.194554148473322506e-05 inf 0.000000000000000000e+00 -9.000000000000000000e+01
4.760305293950468641e-01 9.688556792577092221e-08 1.029409159211316090e-08 5.790737232579991067e-01 -4.919949678808563931e-01 -9.868925609409508193e-02 8.163906672316634739e-10 -2.201551521170419643e-08 inf 0.000000000000000000e+00 -9.000000000000000000e+01
1.768368320649063207e+03 1.192456893364379940e-02 6.998249308450434446e-07 2.875477099299042948e+03 2.914257632020319285e-03 3.118900763426463120e+06 3.442531038853333740e+11 4.392366412309060979e+04 inf 0.000000000000000000e+00 -2.000000000000000000e+01
1.126718138636068687e-06 4.833457522264875079e-06 1.005944404893249211e-01 0.000000000000000000e+00 6.065149400525422172e-08 -6.726679911140268087e-02 2.239439778655540433e-07 9.219027088798641278e-06 inf 0.000000000000000000e+00 -8.000000000000000000e+01
1.053679060352861845e-02 5.941820236205607527e-08 5.947723789122241200e-01 1.579078780633158541e+00 -8.523674585115325053e-01 5.692163923759993536e-07 7.989001998259640359e-09 1.163398415996560093e-07 inf 0.000000000000000000e+00 -9.000000000000000000e+01
5.534106708757720039e-01 -3.871347480495136462e-07 1.103649933895522350e+00 7.044344895157547802e-10 -3.789832387945830661e-01 -2.443788097062554786e-05 2.703138133353537749e-08 0.000000000000000000e+00 inf 0.000000000000000000e+00 -9.000000000000000000e+01
1.311224215540042904e-06 1.893129814329969629e-01 1.353980401769637076e+00 3.152262885684083116e-04 -6.979280421492975450e-02 1.127353307142613030e-07 7.166207455746833814e-10 0.000000000000000000e+00 inf 0.000000000000000000e+00 -9.000000000000000000e+01
2.238467579549905523e-02 3.480778726901705326e-07 2.287262513164072409e-03 4.229053084235655268e-05 -9.915130510398709740e-01 -2.541945694612375233e-08 1.566317369014756933e-01 -5.543104458569357851e-01 inf 0.000000000000000000e+00 -9.000000000000000000e+01
1.514657349476968839e-01 1.787410528893412476e-09 -5.259409104920361191e+07 1.066126674407006779e-06 -2.107621271839952470e+01 3.259872420497307143e-03 2.329822277987340145e-08 -2.855430183901283841e-06 inf 0.000000000000000000e+00 -2.000000000000000000e+01
7.443580839017120525e-04 3.040586014235546877e-07 1.218777749828172871e-02 1.156680328354037890e+00 -8.363688528098427444e-01 1.357657011007500006e-06 4.516684457192919924e-08 0.000000000000000000e+00 inf 0.000000000000000000e+00 -9.000000000000000000e+01
3.445461290138266963e-01 1.217144643936721681e-09 4.625507030133538949e-03 2.083117975416929113e+00 -6.574098553597153005e-01 -1.397127436986405464e-04 6.601910574860068657e-06 -1.321892849657336476e-07 inf 0.000000000000000000e+00 -2.000000000000000000e+01
3.046074308495965929e-02 1.202118088156136189e+00 0.000000000000000000e+00 9.722492243200661278e-09 1.215818278480637381e-05 1.832778174136444803e-06 4.080500532373610697e-09 1.660925758213446322e-09 inf 0.000000000000000000e+00 -9.000000000000000000e+01
3.103282736362490413e-01 1.175056875538716683e-01 2.536979205823542303e-05 -3.166039444869706525e-05 -1.356270465983241691e-01 6.176920058456821429e-09 6.143166396935199138e-09 -2.210805803423204541e+00 inf 0.000000000000000000e+00 -3.000000000000000000e+01
6.499340023180850689e-01 3.893086298579369311e-09 2.676955890735875365e-01 1.111041263244870025e-03 -3.449154705371224039e-01 0.000000000000000000e+00 -3.847539106662492489e-10 0.000000000000000000e+00 inf 0.000000000000000000e+00 -9.000000000000000000e+01
1.005959050306728830e+00 0.000000000000000000e+00 0.000000000000000000e+00 3.654222939405704098e-04 1.133313354059763487e-09 6.337947645581709210e-05 1.484489385371082189e-07 -1.510966718706679424e-01 inf 0.000000000000000000e+00 -9.000000000000000000e+01
2.640781493619420162e-01 1.334387821864229939e-01 1.332521545190294088e+00 2.257028352541333091e-02 -2.755674151358604527e-03 -9.418865088770680266e-03 6.051388446218826362e-08 2.238680008826358314e-09 inf 0.000000000000000000e+00 -9.000000000000000000e+01
6.918779980949838621e-04 4.016845977511449006e-01 2.414324747638114943e-01 1.830247930960597236e+00 -6.810715226961668867e-01 2.720997884615289630e-08 0.000000000000000000e+00 1.449649138865680359e-03 inf 0.000000000000000000e+00 -9.000000000000000000e+01
0.000000000000000000e+00 1.174113470471022325e+00 2.405817949778439602e-01 -7.709764086162567143e-01 -7.145673592193703936e-10 6.473182948848842447e-03 1.901316067935422379e-03 6.094688612328778006e-07 inf 0.000000000000000000e+00 -1.000000000000000000e+01
2.094852234218774756e-01 1.074179651666880009e+00 5.716615764514038326e-10 0.000000000000000000e+00 -5.867053021474934099e-10 0.000000000000000000e+00 0.000000000000000000e+00 -2.474692877006734736e-09 inf 0.000000000000000000e+00 -9.000000000000000000e+01
3.515897388366887588e-01 4.471197238987582590e-01 3.474368466461884585e-05 4.358575141834635230e-09 -4.323470457963763947e-01 -2.018932673992190202e-02 1.797728804292063373e-09 0.000000000000000000e+00 inf 0.000000000000000000e+00 -9.000000000000000000e+01
5.852371511031762008e-01 0.000000000000000000e+00 3.979612627501598054e-01 3.048110161995709334e-05 -3.999120532538370520e-01 -1.271038124191570225e-05 0.000000000000000000e+00 -7.803162014709016381e-01 inf 0.000000000000000000e+00 -9.000000000000000000e+01
4.565084485146537752e-01 1.696964634618165416e-05 1.248447466271901840e+00 6.782459299936357500e-10 -4.287053799410697752e-01 -6.692062147808732517e-06 1.847501819947196103e-06 -2.721002391068063826e-08 inf 0.000000000000000000e+00 -9.000000000000000000e+01
2.473308865731961015e-01 4.287011348206002500e-09 2.082262654842915405e-08 1.171335593385225415e+00 -7.574049701588675410e-01 -1.939618913983424232e-05 7.923096891704807486e-07 0.000000000000000000e+00 inf 0.000000000000000000e+00 -9.000000000000000000e+01
2.569743409355614849e-01 4.047122024490375503e-01 1.060131078981549679e+00 2.151012898456150513e-04 1.387590494788191094e-09 -1.517950565739787597e-03 8.805862755386597126e-10 2.109137552078050446e-07 inf 0.000000000000000000e+00 -9.000000000000000000e+01
5.869475217246663545e-01 8.799289405643345426e-06 2.743822355855487135e-10 0.000000000000000000e+00 -4.213689406933889270e-01 -2.116784502749907509e-08 1.157084776422778955e-09 -9.785506792493668909e-05 inf 0.000000000000000000e+00 -9.000000000000000000e+01
1.018152946540957643e-01 8.019912440445696733e-01 1.982601122275359229e-01 2.846073140399517278e-03 -3.446056126754010185e-01 -1.357113428306349410e-09 5.251728868753072532e-10 4.634859128613822424e-10 inf 0.000000000000000000e+00 -9.000000000000000000e+01
2.600716689259444103e-01 1.157692443655675749e-05 9.249165368569300938e-01 1.503526953442958330e-08 -6.902654069989351271e-01 -6.421015821512924063e-05 0.000000000000000000e+00 7.976560145445927622e-10 inf 0.000000000000000000e+00 -9.000000000000000000e+01
8.115696788466007783e-02 1.872385476290285011e-01 1.740163449961344352e-02 2.183639165855423059e+00 -7.087507014970881859e-08 0.000000000000000000e+00 0.000000000000000000e+00 4.127856846347049680e-07 inf 0.000000000000000000e+00 -2.000000000000000000e+01
2.565086977993674466e+00 1.725850077541918326e+00 2.284213337923127196e-01 4.705902478591627788e-03 3.857782526270170376e+00 2.138054934429693953e-07 2.775437348844583849e-06 -7.858360400507629321e-07 inf 0.000000000000000000e+00 -2.000000000000000000e+01
0.000000000000000000e+00 2.132689298163208125e-01 7.218333009167781089e-01 1.342422450536137957e+00 -2.478372453634717157e-02 -8.381418991206274636e-08 5.229190106073250757e-03 -1.649463257469394753e-07 inf 0.000000000000000000e+00 -9.000000000000000000e+01
2.866053919081105184e-01 4.104285615392170059e-10 9.991703430936312025e-03 2.233649816309651913e-07 -7.211361473816974010e-01 -6.869942691610278855e-08 4.511384826362257706e-07 9.014201842271217513e-02 inf 0.000000000000000000e+00 -1.000000000000000000e+01
7.420843310114861842e-04 8.546369673345649912e-03 -3.211808096572754905e+07 4.002454723920232988e-09 -2.025343103388518884e+01 5.379634481882752560e-04 1.131603108308356607e-09 1.360834606132879150e-09 inf 0.000000000000000000e+00 -2.000000000000000000e+01
2.006569084175847104e-04 2.706031596033275912e-08 7.729686315880444081e-01 1.326766410675174868e+00 -7.181759184628159209e-01 4.793874939524467053e-08 1.796245111160019447e-08 -8.151686904464378354e-06 inf 0.000000000000000000e+00 -9.000000000000000000e+01
1.189975873291830438e-01 3.798497243062239348e-01 6.833524816923383649e-02 -4.153133617181883550e-03 -7.088014706657081998e-01 0.000000000000000000e+00 5.752900068126501134e-08 -3.428544347801214948e-02 inf 0.000000000000000000e+00 -9.000000000000000000e+01
1.437810125128391181e-01 2.885745673673179579e-01 6.763782842153277519e-01 -6.582164712851113353e-10 -6.561274373825334294e-01 4.156095732133218042e-06 6.533128528743913446e-09 3.756926105443959096e-09 inf 0.000000000000000000e+00 -9.000000000000000000e+01
2.008495401816321912e+00 5.625691707089724167e-04 1.171224753315693645e+00 1.927392262075520168e+00 -4.845316252897154119e-02 -7.824067598524389044e-01 1.816350940726680369e-08 7.722637149500787200e+04 inf 0.000000000000000000e+00 -2.000000000000000000e+01
1.933221133285881965e+00 1.130177422260559052e-07 1.970319193412903180e+00 2.396369240382736598e-05 2.217639594259710911e+00 -2.663287664631404105e-07 4.194141797693784479e-01 -1.574936634624244899e-04 inf 0.000000000000000000e+00 -3.000000000000000000e+01
2.066464115879814920e-02 5.958959640620729026e-01 1.139305311036399940e-02 8.423002023662211624e-01 -4.450362263248392458e-01 1.114751317264063742e-03 -4.437790618436956436e-01 -1.090590187392084937e-01 inf 0.000000000000000000e+00 -8.000000000000000000e+01
3.575645777961939387e-01 2.524695836466369497e-02 3.974281962667156054e-02 2.203370911825195400e+00 -1.108933386543601574e-01 -1.128986997347490395e-08 0.000000000000000000e+00 -2.890206713209575581e-05 inf 0.000000000000000000e+00 -2.000000000000000000e+01
1.385785815315967084e-04 3.004460104753448046e-01 1.131321133907161602e+00 7.524850576498508301e-09 -5.449131551552833130e+00 -3.192850518487988509e-02 1.646367307527859832e-06 8.931961895964881778e+07 inf 0.000000000000000000e+00 -3.000000000000000000e+01
2.444794579275102412e-03 6.843449230391074334e-01 3.395548026770975271e-04 2.685569802991589518e-03 -6.227064657676866233e-01 -4.627278250260517819e-07 1.293226299258476936e-06 2.007713104818348620e-09 inf 0.000000000000000000e+00 -9.000000000000000000e+01
1.101159725415528670e-05 1.697956145941827936e-06 2.572326265583430582e-01 2.022743930342738583e+00 -6.572463385425715235e-08 0.000000000000000000e+00 0.000000000000000000e+00 -5.015501231089706976e-05 inf 0.000000000000000000e+00 -2.000000000000000000e+01
1.955702111180993366e-02 0.000000000000000000e+00 2.188733964998991364e-07 2.346297389971566449e+00 5.800326261453873089e-01 3.783295512640025837e-01 5.445840447354972390e-08 9.025278297478025960e-07 inf 0.000000000000000000e+00 -2.000000000000000000e+01
3.749553744394896748e-01 7.497605723972462980e-06 2.015117093533307265e-03 5.866336127872734396e-02 -6.396297563967764388e-01 2.684080914471516521e-09 1.954424255656816989e-01 0.000000000000000000e+00 inf 0.000000000000000000e+00 -1.000000000000000000e+01
-1.442763353148971106e+01 2.803681325146510227e-04 1.657883897957057595e+00 1.160518728569940317e+00 -1.784878815445383902e-03 -1.658207209800010294e-07 1.935679746178246074e-09 -6.139222972096782328e-06 inf 0.000000000000000000e+00 -2.000000000000000000e+01
4.066583764670925194e-02 2.591778303963788587e-04 4.399004055569438520e+01 6.458800924448929913e-08 -2.614980916164836344e+03 3.118900763518961146e+06 3.442531038955429688e+11 9.714503817292816530e+04 inf 0.000000000000000000e+00 -2.000000000000000000e+01
9.663002591843603550e-01 1.236372028463523171e-05 5.576204925671633648e-06 1.657108241934472390e-09 -4.277178909279215346e-02 -2.692163543819696718e-09 1.083493850495616571e-09 2.955707489219659842e-11 inf 0.000000000000000000e+00 -9.000000000000000000e+01
1.988632017395532475e-08 1.215470660779806301e-07 1.976049314941158777e-03 7.208351100223099129e-04 -1.015673970064075116e+00 -3.988996377076584919e-08 2.509659519053674126e-01 -1.188889685888956160e+00 inf 0.000000000000000000e+00 -9.000000000000000000e+01
1.476429495481994258e-01 3.909250566984713848e-01 3.072781528425962399e-03 0.000000000000000000e+00 -4.447220828496371570e-01 -3.347370516072537550e-01 1.719068495295941189e-09 2.365723276427989545e-08 inf 0.000000000000000000e+00 -9.000000000000000000e+01
3.290764178619186020e-01 3.990532746367043247e-07 3.246535115688441538e-05 1.260251668443511262e-09 -6.780108954224012274e-01 -4.372000622460434993e-05 4.835984599410907922e-08 0.000000000000000000e+00 inf 0.000000000000000000e+00 -9.000000000000000000e+01
1.102268968766776658e-01 4.181020226356739200e-01 8.818151750134213263e-01 0.000000000000000000e+00 -4.257038775926861307e-01 -2.688428128457428899e-08 1.079902310026439211e-08 0.000000000000000000e+00 inf 0.000000000000000000e+00 -9.000000000000000000e+01
0.000000000000000000e+00 5.437573353929133659e-09 2.236575066940433480e-04 3.687370913705204090e-01 -1.004393904245237579e+01 -3.388808701315232241e+01 7.017487898054886042e-01 5.611497848500879288e+09 inf 0.000000000000000000e+00 -3.000000000000000000e+01
9.308657615792790274e-01 4.332280002887878034e-09 1.004108386074211990e-04 1.161934787470770910e-07 -6.285277822297763439e-02 -4.077372536003420755e-02 -2.258456949869113128e-05 -1.499080309930543841e-05 inf 0.000000000000000000e+00 -9.000000000000000000e+01
3.231541229158562209e-05 1.036267984680716141e-09 2.419778072393931334e-01 2.667960438793308686e-01 -9.947976519841718046e-01 -4.231299296929492602e-04 5.181339923403580703e-10 -1.274944000566463891e-04 inf 0.000000000000000000e+00 -9.000000000000000000e+01
1.045243702185111659e-04 3.329095589029394140e-09 7.904519681285537358e-06 6.074843397780713833e-02 -1.007578421434105254e+00 -5.052373404533024053e-06 2.877136510796440166e-04 -3.682734733819443412e-02 inf 0.000000000000000000e+00 -9.000000000000000000e+01
6.435538778297871243e-01 8.676954924871441062e-10 2.451446041978253346e-02 1.396469852545681789e+00 -1.140283882796855157e-02 -6.141102363604503678e-01 2.661757766759229732e-02 0.000000000000000000e+00 inf 0.000000000000000000e+00 -9.000000000000000000e+01
6.312858379839016987e-01 2.257654087485915405e-09 4.042275889974782403e-08 1.157958594244756778e+00 -3.742623182333131848e-01 -8.652878568906019431e-05 3.756736401576563657e-06 -7.547015092452918439e-08 inf 0.000000000000000000e+00 -9.000000000000000000e+01
3.097750201004655183e-06 2.142610555694886290e-07 1.292794417219275936e-05 3.940338255677921207e-05 -1.006950219578283789e+00 -6.516014289473258175e-04 0.000000000000000000e+00 6.381365414069589382e-06 inf 0.000000000000000000e+00 -9.000000000000000000e+01
2.801184628540982491e-01 6.202172877409116136e-07 2.070778491310378726e-04 2.248783184311222261e+00 -4.363938506514365728e-05 0.000000000000000000e+00 6.914249342697121586e-10 0.000000000000000000e+00 inf 0.000000000000000000e+00 -2.000000000000000000e+01
4.165665317966346648e-01 3.193676743774199189e-01 5.797217567503166330e-02 -2.863894906101863320e-03 -1.353841228339062730e-01 -4.332291930685000514e-01 8.147114112721130474e-10 -1.546699870867631628e-05 inf 0.000000000000000000e+00 -9.000000000000000000e+01
3.795592724406225934e-09 5.806156426224868300e-06 2.829068817876837294e-07 2.592567020601796058e-09 -1.013864923403779983e+00 -1.332169114240738529e-06 3.310652130624595514e-09 3.334489081416875944e+00 inf 0.000000000000000000e+00 -3.000000000000000000e+01
2.680442089773553693e-01 2.783907311113832425e-06 2.716735284840308623e-05 9.730322816314527912e-10 -7.395672335287616361e-01 4.279884312913776091e-08 1.778426042832018644e-09 -6.260886633047717253e-02 inf 0.000000000000000000e+00 -8.000000000000000000e+01
2.365394340976874734e-07 0.000000000000000000e+00 0.000000000000000000e+00 2.255518935365289579e+00 -8.633689344565593032e-06 0.000000000000000000e+00 0.000000000000000000e+00 -7.940471725691412681e-10 inf 0.000000000000000000e+00 -2.000000000000000000e+01
1.183970009704226334e-01 1.360522057652561601e-06 9.916114254115396820e-01 9.775791882594896398e-01 -3.812091092973607931e-01 1.603074145799637240e-08 0.000000000000000000e+00 7.806274101285190098e-08 inf 0.000000000000000000e+00 -9.000000000000000000e+01
4.424267536528567746e-01 0.000000000000000000e+00 2.265757516578082553e-08 6.687254954638007787e-01 -5.644755132812310228e-01 -4.485078370742818995e-05 2.119354723199190983e-06 -4.925559818648006089e-10 inf 0.000000000000000000e+00 -9.000000000000000000e+01
3.070983855740436739e-04 1.838563620341218603e-08 8.852346933137580779e-15 3.094517470080804223e-07 -6.634889960937299935e-02 6.720904574241608498e+04 0.000000000000000000e+00 -6.640298022188478910e+01 inf 0.000000000000000000e+00 -3.000000000000000000e+01
5.080957757954391945e-06 3.731105125478345347e-04 1.415755304529332727e-04 2.277289599178915935e+00 -6.322969654343243008e-05 4.120069147946690510e-05 0.000000000000000000e+00 -2.545632025796266238e-10 inf 0.000000000000000000e+00 -2.000000000000000000e+01
9.697860611256909225e-04 5.978661928768697224e-09 1.918440369863518961e-09 2.275124104268122505e+00 -7.686230081986900400e-03 1.241545887123614552e-08 0.000000000000000000e+00 1.062873231781101784e-08 inf 0.000000000000000000e+00 -2.000000000000000000e+01
1.576188762976107788e-06 8.522762335666345421e-13 2.340904268075520998e-05 2.277478794248867899e+00 1.241779058664466146e-14 -3.888623592868687413e-09 0.000000000000000000e+00 5.596434128641666709e-14 inf 0.000000000000000000e+00 -2.000000000000000000e+01
3.562315110195782841e-01 3.225557364169483676e-06 1.414914630810456498e-06 9.333209965768182391e-10 -6.517862262061514533e-01 -2.522883318871711770e-09 6.161376891464152157e-10 1.448413836013670020e-01 inf 0.000000000000000000e+00 -1.000000000000000000e+01
6.406971626634605510e-01 1.303998475727285839e-07 9.219788438327847224e-01 2.398951838097751477e-02 -2.280530296980457783e-01 -1.352691418123312117e-01 1.095154969849087825e-09 1.757341695804350071e-09 inf 0.000000000000000000e+00 -9.000000000000000000e+01
2.728626050472399871e-06 2.851416521114657174e-09 7.885574541142589267e-01 4.280189604238764933e-01 -9.293024275869750106e-01 -9.543666009451300114e-02 2.058154235371568164e-01 5.171334748621040528e-10 inf 0.000000000000000000e+00 -9.000000000000000000e+01
1.386705668401634400e-03 2.947999580511287196e-05 1.508735767220978241e+00 3.808107104764488215e-02 -2.890747970283407201e-02 -3.173917392887041593e-07 1.998754132546300975e-06 -2.875080862972138741e-05 inf 0.000000000000000000e+00 -9.000000000000000000e+01
3.756769889296014296e-04 8.618382084120225217e-01 4.697979784350474992e-08 5.829160245986770850e-01 -4.324860827667604268e-01 -5.650651629288344823e-09 3.925685145347532696e-10 -2.845313243547770665e-06 inf 0.000000000000000000e+00 -9.000000000000000000e+01
7.869163434846411012e-08 1.013652469983471020e-09 1.257358616054477851e+00 1.112456140342870575e-09 -8.703279170502088435e-01 8.270233148601604500e-10 1.873610341630097919e-09 6.586911357293312642e-10 inf 0.000000000000000000e+00 -9.000000000000000000e+01
6.754816201590047183e-08 7.544522886990745469e-01 7.188945961961901870e-05 7.146605013204313517e-01 -5.395766368544013813e-01 -3.263562883914292377e-08 2.446913194823180954e-06 2.288763214373032060e-09 inf 0.000000000000000000e+00 -9.000000000000000000e+01
3.445127711340658094e-01 1.757433569347865987e-01 4.184365641304442773e-01 7.440660891865643691e-09 -5.607049959347953916e-01 5.840295281045379949e-09 3.790995940436573713e-08 3.764392460152808110e-07 inf 0.000000000000000000e+00 -9.000000000000000000e+01
9.862630988866150084e-01 5.766321500048635801e-10 0.000000000000000000e+00 1.222745922615623008e-06 -2.579808568846932854e-02 -4.449763139860540735e-09 9.017914908801225038e-02 1.309754441013996955e-09 inf 0.000000000000000000e+00 -1.000000000000000000e+01
5.034829595905920829e-01 3.721282248011378163e-02 7.980518280647559415e-01 1.533429428794583549e+00 -9.392777536594614674e+00 -4.912745423909758470e-03 5.097639921354521532e-10 4.055701934364178181e+09 inf 0.000000000000000000e+00 -3.000000000000000000e+01
1.587776915979388040e-04 1.504277920048102623e-07 1.529786563375235886e+00 0.000000000000000000e+00 -2.950698997017432226e-09 3.158983632101015536e-08 7.405675914082967009e-09 -6.978981696377014626e-10 inf 0.000000000000000000e+00 -9.000000000000000000e+01
-1.565738426477760364e-09 2.223275909522945065e-09 2.818250945547864372e-01 2.106374409129199599e+00 -9.439677907579004934e-01 0.000000000000000000e+00 1.016022559436891051e-07 1.487139339778717206e-01 inf 0.000000000000000000e+00 -2.000000000000000000e+01
5.348298716079836351e-05 6.562338963842663242e-01 1.245776628249873708e-05 0.000000000000000000e+00 -6.504435972985228576e-01 -2.148743801350136797e-04 0.000000000000000000e+00 2.183425280249121428e-02 inf 0.000000000000000000e+00 -9.000000000000000000e+01
1.004375098029305358e+00 2.102731069069144302e-05 3.658409295241152326e-02 3.572665327383937818e-05 -1.351284856298352829e-05 1.882570511994193212e-04 0.000000000000000000e+00 7.333192207960573208e-07 inf 0.000000000000000000e+00 -9.000000000000000000e+01
6.289543721479180505e-01 2.223702785395916002e-08 8.569991639127300109e-02 1.763827078468488246e-08 -3.730754195038892829e-01 -3.364660235494344137e-08 1.187415374678762558e-04 -8.653005803153034359e-01 inf 0.000000000000000000e+00 -8.000000000000000000e+01
5.233667649400534916e-02 1.030777226070958980e-01 9.254656209305824055e-02 5.624597092724659825e-03 -9.088710649690684429e-01 0.000000000000000000e+00 7.791163969310533287e-08 -7.946239296955689979e-02 inf 0.000000000000000000e+00 -9.000000000000000000e+01
4.338817293696761168e-01 9.785800567111462257e-10 4.491299690599842798e+00 -4.442948908745483436e+02 -7.235982834855301249e-01 -1.425630541890600523e-05 1.793671661013693182e-05 2.762952366980114060e-07 inf 0.000000000000000000e+00 -2.000000000000000000e+01
3.702091190372077012e+00 1.205195627123107904e+01 3.678339159764541364e+03 -7.559963445685553840e-02 -2.823531802062861917e-02 -3.490039942965631668e-05 1.531390180799931477e+04 -4.517650883300579068e-01 inf 0.000000000000000000e+00 -2.000000000000000000e+01
1.882209025815557079e-03 3.223699341438624973e-09 8.791907294832613113e-09 2.257790392566866977e+00 3.673188532522706732e-05 7.329091471951189318e-03 1.044818071473125470e-03 5.139162877406157145e-07 inf 0.000000000000000000e+00 -2.000000000000000000e+01
3.268729935930751451e-01 1.193491054416775078e-08 3.936731033385159500e-04 1.204059546379359968e+00 -6.789410657998152798e-01 5.738241758321713207e-08 9.706994709970873203e-10 3.043006993049393317e-09 inf 0.000000000000000000e+00 -9.000000000000000000e+01
2.982254765706582113e-06 4.325585841109192975e-01 1.127033375114688818e+00 0.000000000000000000e+00 -1.261835892582741786e-02 1.078607370845654597e-06 2.607817163064329499e-08 0.000000000000000000e+00 inf 0.000000000000000000e+00 -9.000000000000000000e+01
2.995706106870229632e+03 1.142175572519084199e+04 1.030087070610687192e+02 1.648227677090477700e-04 3.442531038778626709e+11 0.000000000000000000e+00 3.805298061387344059e-08 7.261756722253698976e-03 inf 0.000000000000000000e+00 -2.000000000000000000e+01
6.176225997156534837e-05 7.583250644659117468e-01 1.439879193312999453e-05 9.192557855422789359e-01 -5.315590484037581165e-01 -1.291054470489950394e-05 4.348744876192304878e-10 1.153609606843702773e-09 inf 0.000000000000000000e+00 -9.000000000000000000e+01
1.461042171471036116e-04 1.882357077388043531e-01 1.432394285755917782e-06 2.206024709915546111e+00 -3.764714154776086646e-02 -3.497429381054032409e-05 4.919192615470355756e-08 2.191488653337504489e-07 inf 0.000000000000000000e+00 -2.000000000000000000e+01
2.165916681161765057e-04 6.961946369755707131e-01 5.082371215933971786e-01 7.588784683555255262e-03 -3.683967301490600477e-01 5.690120094577517945e-05 3.213901056364835998e-10 -3.105058154113506386e-01 inf 0.000000000000000000e+00 -9.000000000000000000e+01
3.983903796233508876e-01 6.821075978662831663e-01 4.806881441485220258e-02 3.954246944152366161e-02 -2.174835819283801597e-01 1.137352827411988936e-05 2.657421487290735764e-08 -2.675295198153085363e-02 inf 0.000000000000000000e+00 -9.000000000000000000e+01
4.412721918262968598e-09 2.149953714298661472e-02 1.551138613692437314e-07 2.237447482845772218e+00 -4.309255053442100081e-02 -1.094711619318570796e-07 7.332250056103619538e-09 3.765522703584399870e-07 inf 0.000000000000000000e+00 -2.000000000000000000e+01
1.725378485238700417e-04 3.171408156889501395e-01 9.279305347935948856e-01 5.618482352020289783e-01 -4.248120802747048508e-01 -2.572917270785993513e-08 8.518048107364060790e-09 1.194860446841205225e-07 inf 0.000000000000000000e+00 -9.000000000000000000e+01
1.074206760201498532e-06 1.005038456967757955e-09 1.103536069938096994e-03 2.425628168196932322e-08 -1.006481669343412655e+00 9.393894803173386596e-09 1.302827629402649171e-09 1.285907790059757634e-09 inf 0.000000000000000000e+00 -9.000000000000000000e+01
2.175637998939808013e-02 1.084803507118549873e-07 9.538545179603818980e-01 8.606618351711492476e-01 -9.209629828582998057e-01 9.557380296149874218e-09 1.535715808270236191e-08 1.394124989068015850e-08 inf 0.000000000000000000e+00 -9.000000000000000000e+01
8.974661808765303783e-02 1.137116550701870871e-01 1.314653457327582320e+00 1.256941735614540978e-01 -2.015019436082454984e-01 -6.495625457638375642e-05 3.591474898309360988e-08 8.636156157663540618e-10 inf 0.000000000000000000e+00 -9.000000000000000000e+01
2.829282965865768571e-04 4.185878708316058245e-09 6.499092373915227316e-01 1.558216123384494223e+00 -2.995063654244065621e-01 -3.383706830415768516e-09 0.000000000000000000e+00 3.058684287422452582e-05 inf 0.000000000000000000e+00 -9.000000000000000000e+01
1.161533803754059457e+00 1.516446910456688668e+00 9.662643766761925060e-03 9.168588589817923129e-01 -5.312941657912086946e+00 4.564237088367289716e-06 3.959091047437694273e-06 2.150820906678249240e+08 inf 0.000000000000000000e+00 -3.000000000000000000e+01
9.576915242700075881e-01 3.721366878015479329e-02 1.110385260100627642e-03 5.828646917373642156e-01 -3.373889850248973366e-02 -3.769004857628628982e-03 6.841391833230404837e-08 -2.367327363364063741e-01 inf 0.000000000000000000e+00 -8.000000000000000000e+01
2.797423216485317443e-01 1.940240489949533081e-07 3.863574022768183069e-01 9.118197494834945699e-08 -7.081588841732061601e-01 1.119369513432423003e-07 9.817803440730210407e-08 -3.022297686267542266e-07 inf 0.000000000000000000e+00 -9.000000000000000000e+01
5.044284257351738018e-04 4.548207740476614662e-09 1.150463667713094607e+00 3.916963154382978221e-05 -9.254580184154654887e-01 4.719494410190077217e-10 0.000000000000000000e+00 -5.493301984805396351e-05 inf 0.000000000000000000e+00 -9.000000000000000000e+01
1.009138238262689002e+00 2.703139362904039759e-08 2.035016016032752805e-13 6.573238310041900894e-10 -7.915857198901523934e-10 -1.893956285894576394e-16 6.602171559984615703e-17 2.406124746305504126e-15 inf 0.000000000000000000e+00 -8.000000000000000000e+01
2.369808606884814955e-02 8.594978209948155891e-06 9.263139060191475299e-06 7.414782162678883574e-09 -9.832528729038099158e-01 7.155264786985123120e-10 4.597164940860907617e-09 -3.871309388254879358e-01 inf 0.000000000000000000e+00 -9.000000000000000000e+01
