5.006503415728830175e-01 4.736832271556082885e-01 2.954657753544883692e-01 1.342493304686068201e-01 -2.257030228402341632e-01 -4.787153102997383365e-09 1.157477711947359922e-09 -2.175506003431639979e-05 1.543652793607023159e+04 1.000000000000000000e+00 0.000000000000000000e+00
3.273714141068192474e-01 5.633399832493413140e-01 7.647993150073839619e-02 4.115459728622050672e-02 -3.740055186804401854e-01 -2.054687148381508736e-07 -2.308388176394238211e-02 -2.967094903496634434e-02 2.205391422474188948e+04 1.000000000000000000e+00 0.000000000000000000e+00
5.683900124547645039e-01 1.824561009010517272e-08 2.223035020338179487e-04 6.794698907689281321e-10 -4.397246116254521775e-01 -9.217614797252901193e-10 3.191928324077290410e-09 -4.608807398626450596e-10 2.816561637961700035e+04 1.000000000000000000e+00 0.000000000000000000e+00
6.405484583338235671e-01 1.338274441473851296e-06 5.449752960173968874e-02 2.724163116250470594e-09 -3.647053361033619767e-01 -2.613817268503615812e-09 4.165555752443757598e-09 -1.072423707789742062e-09 3.498270265712654509e+04 1.000000000000000000e+00 0.000000000000000000e+00
1.360803432884633013e-01 4.581870020174192426e-01 2.859182597445514284e-01 1.073350063498245678e-05 -6.113147729266350527e-01 2.695354512132871306e-08 -5.252551712095904213e-03 -8.411559681292373738e-05 3.909862407868798618e+04 1.000000000000000000e+00 0.000000000000000000e+00
5.433998057895146339e-01 3.986752343983373525e-01 2.100615568338004358e-09 1.623526608749372719e-08 -2.785265336207562448e-01 -2.693670714265876881e-08 -3.063450538292018452e-02 3.255191195487464167e-08 4.501355895502483327e+04 1.000000000000000000e+00 0.000000000000000000e+00
6.477662065546564429e-01 4.087865088015869212e-04 1.293628192410085269e-03 1.451844094854608302e+00 -3.563376473685124224e-01 -3.052962534087801105e-04 -1.642301416145615959e-06 1.688960968010607203e-02 5.525223759361771226e+04 1.000000000000000000e+00 0.000000000000000000e+00
3.630248036600925987e-01 5.762628688472530847e-01 3.151762622034615102e-01 4.687192302840316841e-08 -3.016538483135440263e-01 4.652392999986636559e-04 9.751740785998190553e-02 -9.413680438750253454e-02 5.820764868697634665e+04 1.000000000000000000e+00 0.000000000000000000e+00
5.569962783433749509e-01 4.911694454482488092e-01 4.337110728548193269e-05 5.291809501225573125e-08 -2.118273725214956382e-01 -1.971852970038426515e-08 0.000000000000000000e+00 -1.956871394558637456e-02 8.345453349577111658e+04 1.000000000000000000e+00 0.000000000000000000e+00
1.001662103872760917e-01 6.182672985973248769e-01 1.303887738661956008e-01 2.129518243143038919e-09 -5.232820990921492887e-01 -3.367657073365316889e-02 7.724425327635220897e-07 5.725894974009983401e-10 9.486592870705810492e+04 1.000000000000000000e+00 0.000000000000000000e+00
6.469055730705141061e-01 4.608237657982116491e-10 0.000000000000000000e+00 0.000000000000000000e+00 0.000000000000000000e+00 0.000000000000000000e+00 0.000000000000000000e+00 -2.241065735279994975e+00 inf 0.000000000000000000e+00 -3.000000000000000000e+01
4.013201057712534325e-01 3.905660580966398288e-03 5.962487750824442372e-03 1.907996080263821559e-01 -5.896546025828244275e-01 -3.845573495105376882e-02 8.820626523944275988e-07 6.538477483933906478e-10 inf 0.000000000000000000e+00 -9.000000000000000000e+01
2.068728025657483456e-08 4.072346306653872872e-01 1.974470936559453438e-01 0.000000000000000000e+00 -7.959585963005296749e-01 0.000000000000000000e+00 0.000000000000000000e+00 2.865694004608553150e-06 inf 0.000000000000000000e+00 -9.000000000000000000e+01
2.753174771765585227e-01 4.784205341100852826e-01 2.256700632594741962e-01 9.929482783416864189e-01 -4.964741391708432094e-01 -6.712040994553424111e-09 2.581665523688384534e-01 -5.068761186492095743e-05 inf 0.000000000000000000e+00 -9.000000000000000000e+01
4.437515442738914073e-01 -1.381632648477712912e-06 2.355581802657628822e-08 -3.680958296044845114e-08 -5.224033497141216120e-01 -1.133654109277392186e-01 5.559031927719974148e-02 2.048224100005994824e-04 inf 0.000000000000000000e+00 -9.000000000000000000e+01
5.649841606325317622e-01 5.716412485908043545e-03 3.002925546394732016e-03 3.398621413447840860e-09 -4.561552444451178467e-01 -3.303736044036860331e-09 3.612193813880120730e-01 -9.001540674012160903e-02 inf 0.000000000000000000e+00 -1.000000000000000000e+01
8.373910885858812381e-02 5.747658254409758749e-01 2.106827434471144622e-01 -1.284701732041632767e-08 -5.708822725663746933e-01 9.536884929750499014e-08 3.194393495887303042e-08 -5.941835898139817829e-01 inf 0.000000000000000000e+00 -9.000000000000000000e+01
2.064211129649061727e-01 7.210977546240722180e-01 4.321081964732035874e-01 2.155819457776933528e-05 -7.884139731298499265e-03 -2.866959902290363673e-05 0.000000000000000000e+00 -1.005500176931276357e+00 inf 0.000000000000000000e+00 -9.000000000000000000e+01
1.045291826918731237e+00 2.364788728152411312e-01 7.802882651646866341e-01 2.696043180344966927e-01 1.096820297259795352e+00 -1.070580036573722408e-07 2.920401935833892028e-06 -9.385542812122410483e-01 inf 0.000000000000000000e+00 -1.000000000000000000e+01
7.650682488160357453e-01 1.608139266016946622e-01 3.352516243938983426e-02 1.063613231890344528e-08 -1.757733616344104299e-01 -1.027182886462723144e-05 1.011069464446659700e-09 -1.714992373393487979e-01 inf 0.000000000000000000e+00 -9.000000000000000000e+01
1.500103154205341682e-01 5.105435819736146019e-01 6.474115762432974535e-08 8.845533446200558599e-06 -6.061433762077176324e-01 -2.801085591296843641e-06 -1.315191157132451523e-06 0.000000000000000000e+00 inf 0.000000000000000000e+00 -9.000000000000000000e+01
1.506519804606472199e-08 8.865543550179898202e-02 2.979207046672919801e-01 9.177879772814963311e-02 -9.552683239977040053e-01 -2.823038935355387698e-03 2.210379421725069612e-02 3.721046635256138324e-07 inf 0.000000000000000000e+00 -9.000000000000000000e+01
1.036520222671149100e-01 2.575355745453845571e-06 5.025196803435064652e+01 1.815439180563406312e-04 -5.948831106870170515e+01 3.442531038778591919e+11 1.060598679171253144e-03 -1.925542700381660310e+01 inf 0.000000000000000000e+00 -2.000000000000000000e+01
6.181326769511781560e-03 6.709550610827316647e-08 1.312689030325411066e+00 2.235735339819904891e-10 -6.265617589096032607e-03 -3.034469505033056316e-03 6.724999793231689560e-12 -5.016989581654652808e-01 inf 0.000000000000000000e+00 -9.000000000000000000e+01
3.779859342007115819e-01 1.965705153095681779e-01 1.116128277403988012e+00 1.031640007802926093e-04 -5.512873051487588740e-10 -1.221322476073053998e-01 4.666016046590398081e-10 -4.178794968315650127e-05 inf 0.000000000000000000e+00 -9.000000000000000000e+01
7.914412315474686119e-10 4.611337101437284480e-01 3.010544364795484373e+00 3.544141943676084594e+00 4.251076390387496795e-02 -1.873355697458897046e-02 7.081696262921544083e-02 1.198947646373694020e+01 inf 0.000000000000000000e+00 -2.000000000000000000e+01
8.700237707398639220e-02 5.942077242712687779e-01 2.441157122687650019e-02 2.854918554475203300e-09 -4.377885569786761910e-01 -1.675258537275695347e-01 -8.630820917180033469e-02 6.531832982606069467e-08 inf 0.000000000000000000e+00 -8.000000000000000000e+01
2.913252182617414271e-06 1.123774138681123747e+00 9.669799476767591828e-02 1.125257995378325937e-01 -2.062560809111041449e-01 1.485134782822136570e-09 2.260408368737999718e-01 -2.602931956342171421e-02 inf 0.000000000000000000e+00 -9.000000000000000000e+01
3.966565676717175373e-03 4.388595417543602606e-01 3.889097203743557607e+00 3.271289889327094432e-08 -1.315550851160611490e-01 5.854201287664721143e+00 1.727535110094083714e-08 -1.875687737006340727e-01 inf 0.000000000000000000e+00 -2.000000000000000000e+01
6.307514606508517196e-03 0.000000000000000000e+00 3.833000809649757758e-10 1.107757252768058337e-01 -1.006048579738108462e+00 1.385928502406656672e-03 1.887326636166220331e-02 1.614723739266180402e+00 inf 0.000000000000000000e+00 -1.000000000000000000e+01
2.906966451202482316e-01 1.420615514469554808e-01 4.893636990717746549e-02 5.368392818175438813e-02 -6.515110739880940471e-01 -4.858489251529107727e-08 -1.026202980889318606e-01 -3.651967903520706490e-03 inf 0.000000000000000000e+00 -9.000000000000000000e+01
4.582598533276001085e+00 1.542976033621721577e+01 9.628492742443640395e+00 3.516223762976842040e-04 -8.016006620492660724e-04 1.186036930282597410e+02 -1.444651598058849240e-01 -7.302926276951903200e-04 inf 0.000000000000000000e+00 -2.000000000000000000e+01
4.053271919519562672e-01 1.764365423790868470e-01 5.639084288882375931e-06 1.831186511013416814e-06 -4.609603359453620097e-01 -1.450435539828078824e-01 -7.202505249146281402e-03 -2.250138640137036849e-08 inf 0.000000000000000000e+00 -9.000000000000000000e+01
4.166685977545644404e-01 1.202657088973402011e-01 2.639474482328256888e-06 3.598501526062147793e-01 -5.568207624538270561e-01 3.480129765336419101e-02 1.025888592956314058e-02 -5.760759021985455836e-02 inf 0.000000000000000000e+00 -9.000000000000000000e+01
4.400772688469264867e-05 1.000844508748401918e+00 8.312868712577899839e-08 1.723347645241330994e+00 -1.884109046295362721e-05 -2.002104128626444607e-09 -5.661928414002102020e-07 -1.509023938270510428e-08 inf 0.000000000000000000e+00 -9.000000000000000000e+01
4.520284756166804696e-01 7.233675309186479799e-08 9.369212664248798353e-04 1.829639067972278210e-01 -5.289040667079526470e-01 -2.558362783548850315e-09 -4.920037829841420463e-01 -3.203149628803007978e-05 inf 0.000000000000000000e+00 -9.000000000000000000e+01
4.679692297065376344e-02 1.193196410289182552e+00 1.312618338939828428e-08 8.758782374186533867e-03 -3.065573830965286854e-03 -3.880844422491131645e-04 0.000000000000000000e+00 1.407125927086153012e-11 inf 0.000000000000000000e+00 -9.000000000000000000e+01
1.020467918346945613e-02 4.523668352924925209e-05 9.535833169571645423e-03 5.213176931180650564e-02 5.390267175621057504e+03 -6.011450381733521198e+01 1.346564885508308653e+05 1.703244274824497552e+04 inf 0.000000000000000000e+00 -3.000000000000000000e+01
3.894995511311586389e-01 5.181497445571677796e-01 2.730125491215328012e-09 2.110063091515575335e-08 -3.619950270193911801e-01 -3.500906683166192693e-08 -5.415299763689095547e-07 -2.287422620182274135e-04 inf 0.000000000000000000e+00 -9.000000000000000000e+01
-2.019507938869059480e-02 -2.933915733913503883e-05 1.759132047927391171e-05 9.765442833286829938e+00 1.237157214650763309e-09 7.597897482839634904e+02 2.667504144502246444e-09 4.755439143402333410e-08 inf 0.000000000000000000e+00 -2.000000000000000000e+01
1.965648052571307772e-02 4.559492905448909485e-03 2.231787342163436549e-01 2.874844711939342212e-01 -9.726918198291006901e-01 -3.776554130016500749e-09 7.948768737074560515e-06 1.335830099231964940e+00 inf 0.000000000000000000e+00 -1.000000000000000000e+01
5.245062077728299688e-01 3.289625909764033740e-02 4.522751333538643764e-09 4.919004471522391517e-09 -4.413440123060367809e-09 -4.053002514608231022e-01 -4.879652435750212835e-07 -2.112696333406643756e+00 inf 0.000000000000000000e+00 -3.000000000000000000e+01
7.715616517394104134e-04 1.299472255561112122e-01 3.882395038167712755e+02 1.756274973163065578e+00 8.355759482346840628e+00 1.187541984732755227e+06 -6.873091603053034305e+03 -1.086444417938867986e+02 inf 0.000000000000000000e+00 -2.000000000000000000e+01
4.629772167604088474e-03 1.259483684612576981e+00 1.414169130142226387e-05 1.292158968883186265e+00 -2.581765181182731333e-03 -3.796046943891392893e-07 3.081873402796105332e-01 1.406916980756881550e-04 inf 0.000000000000000000e+00 -9.000000000000000000e+01
2.234265395248341291e-08 1.850208968961745970e-02 2.629699604716538630e+00 9.875790730432175424e-02 -4.402055624854439575e-01 2.045321914779529848e+00 3.852675585396178212e-09 -1.154943342774527182e-06 inf 0.000000000000000000e+00 -2.000000000000000000e+01
6.349473708922678261e-01 5.863544598545943343e-01 2.947969936285529391e-01 4.238344817467271267e-08 0.000000000000000000e+00 -2.332537831207500382e-07 0.000000000000000000e+00 0.000000000000000000e+00 inf 0.000000000000000000e+00 -9.000000000000000000e+01
8.753046187704701664e-01 2.823286466426320751e-01 2.975003251986796382e-04 5.306733250468167826e-09 0.000000000000000000e+00 3.490935367175445176e-09 0.000000000000000000e+00 -6.158368032350528977e-08 inf 0.000000000000000000e+00 -9.000000000000000000e+01
5.913375277331713864e-01 4.458312463027650496e-01 4.059625251908337285e-02 9.964270152354226529e-01 -1.920682914881363945e-01 -2.728242776820119216e-05 2.740620668650174705e-09 6.793963946182913335e-07 inf 0.000000000000000000e+00 -9.000000000000000000e+01
8.139530632503586549e-01 1.854009354641446618e-06 2.329183869011873520e-01 1.540456623837455741e+00 -1.589226538784274667e-01 -4.740351646770554761e-02 1.471499639172601467e-07 -2.976679379078309032e-05 inf 0.000000000000000000e+00 -9.000000000000000000e+01
5.130521710698539989e-02 1.024918094345326880e+00 1.648884434189819836e-01 1.493308151801241061e-06 -1.548053371667420797e-01 3.076830216676147700e-02 -6.193834947811966234e-08 -1.348430110019215164e-03 inf 0.000000000000000000e+00 -9.000000000000000000e+01
2.473461354961307990e+01 3.769723627402693794e-06 2.479723282442222626e+03 4.007633587785410327e+02 1.717903672671391907e+11 7.054235302763456729e-06 -1.374688767294556024e+00 -4.659754629352543254e-01 inf 0.000000000000000000e+00 -2.000000000000000000e+01
9.910667611856557313e-01 4.506950056697827875e-03 4.911419933580966858e-04 3.564581892950605049e-11 -1.183363296938096457e-02 -3.097083628705174334e-03 0.000000000000000000e+00 -1.709959964075549399e+00 inf 0.000000000000000000e+00 -9.000000000000000000e+01
6.940710635601493594e-02 6.031557803859365031e-04 1.189766221376763440e+02 7.827409351162917517e+01 -2.880242034685729924e-01 -1.511621850595942226e-05 3.277727665799471390e-01 4.398377862605466362e+03 inf 0.000000000000000000e+00 -2.000000000000000000e+01
6.487735130892396951e-02 1.596649595579032388e-03 3.850058878635748949e-06 2.354163842415273322e+00 -8.953022996382168520e-10 -3.440147773794213215e-01 4.349249076546749333e-09 1.756033619724223782e-01 inf 0.000000000000000000e+00 -2.000000000000000000e+01
5.007910798892529831e-08 3.180896830110516902e-09 2.774574364606711696e-01 5.556475950246715645e-02 -9.925942093100066366e-01 1.908130477419888468e-04 -1.551287717238337012e-07 -4.767578485662236631e-01 inf 0.000000000000000000e+00 -9.000000000000000000e+01
4.011389747481559631e-01 4.150743237468512148e-01 -2.799512075630740914e-03 3.792405691787777422e-01 -2.697485413318865266e-01 -1.512980748429769429e-01 -1.995741053027426104e-01 -1.978321866779057109e-02 inf 0.000000000000000000e+00 -9.000000000000000000e+01
8.943572930507378074e-03 1.089414336082685257e-03 3.299044901678964566e-05 1.149072740201498950e-03 -5.317379497546439711e-04 -1.104935896528206118e+00 -3.766260990457283037e-03 -8.739024040841852767e-07 inf 0.000000000000000000e+00 -9.000000000000000000e+01
2.383869526229158442e-05 6.353323779685468020e-01 2.326080290923094873e-01 -1.417491862384525635e-08 -5.849918343590171377e-01 -3.590289607645477594e-08 0.000000000000000000e+00 -5.693689070319216672e-01 inf 0.000000000000000000e+00 -9.000000000000000000e+01
5.495323711010545731e-01 1.627069773607271584e-06 5.891557949552312936e-09 7.674498112871376402e-08 -4.584761351918682504e-01 4.182849035970154033e-05 -2.010985113447189765e-06 2.980295172864442924e-08 inf 0.000000000000000000e+00 -9.000000000000000000e+01
8.833852629737670714e-01 2.825852798335562082e-08 2.610547482293401611e-01 8.352362384953845047e-09 -4.092858351549654716e-01 -1.310086819481518509e-09 -6.493549322874211894e-04 1.005369245373970784e+03 inf 0.000000000000000000e+00 -3.000000000000000000e+01
5.678473428524418720e-01 4.671651898644202383e-01 5.208015420980731566e-06 7.604624287272750232e-07 -4.520628669162169988e-01 1.130707772814695756e-04 4.768306765512702938e+00 -4.980932890180226458e-09 inf 0.000000000000000000e+00 -3.000000000000000000e+01
2.769112152336068590e-08 9.765449465000629603e-01 1.137242216177288601e+00 2.781298898259673136e-01 4.988699830982385562e-10 -4.003750584155634710e-04 7.540410346392890650e-01 1.803606861970554748e-09 inf 0.000000000000000000e+00 -9.000000000000000000e+01
5.510496183116441671e+01 1.367574552307757885e-07 9.421173852665313056e-03 2.388735763860373634e-05 3.442531038722609863e+11 1.851847328214142006e+06 0.000000000000000000e+00 -3.077862595369765040e+04 inf 0.000000000000000000e+00 -2.000000000000000000e+01
-1.652455413887062325e-05 -5.048798746911929573e-11 1.061960194906013238e-08 2.277498725246914546e+00 -6.211219998334273764e-06 -3.168496182950895224e-07 0.000000000000000000e+00 -1.874154322855419688e-14 inf 0.000000000000000000e+00 -2.000000000000000000e+01
7.104789970559738377e-01 1.484377755645873651e-06 6.044718345617117877e-02 1.764647075419010017e-02 -2.946639771026943189e-01 1.732562583138664517e-03 4.620321592647735115e-09 -1.545189148221445818e-01 inf 0.000000000000000000e+00 -9.000000000000000000e+01
6.002303433236515495e-01 3.706779649989812575e-01 4.090855613723696771e-01 -2.411720524990968204e-08 -8.731029175578414181e-02 -1.263877880659177166e-01 9.703954161835623394e-05 -4.791497731770135355e-10 inf 0.000000000000000000e+00 -9.000000000000000000e+01
3.673047378276719233e-01 3.065029579155091334e-07 1.876748887128694692e-04 2.626167384719334052e-05 -6.401596859282282503e-01 -3.863188302216703050e-06 -1.541368096241123309e-02 -4.275528608049159834e-05 inf 0.000000000000000000e+00 -9.000000000000000000e+01
4.831251728346257395e-09 9.775546672620393606e-08 1.188504949266177668e+00 1.598538733425854610e-05 -8.308697213714919538e-01 -4.526885302581090675e-02 -2.336821091357321051e-02 2.002479825008142272e-08 inf 0.000000000000000000e+00 -9.000000000000000000e+01
2.422178064593832544e-03 -7.254851782936178283e-07 6.400482179881395121e-08 0.000000000000000000e+00 0.000000000000000000e+00 3.219022095658397475e+00 4.096891782566450742e-08 0.000000000000000000e+00 inf 0.000000000000000000e+00 -3.000000000000000000e+01
3.909554849832085760e-02 9.699557316324147749e-01 2.413305462859312336e-05 1.779281851656913771e+00 0.000000000000000000e+00 -3.711180743084565487e-10 4.683567635458660586e-09 0.000000000000000000e+00 inf 0.000000000000000000e+00 -9.000000000000000000e+01
3.218591898266517926e-01 8.245001818131552085e-01 3.894411719424841767e-01 1.459819693492511493e-06 -8.920821639289876481e-01 -1.166845159968668728e-02 2.378885770477300454e+01 -1.111406815264275039e-02 inf 0.000000000000000000e+00 -3.000000000000000000e+01
3.082355907911930037e-01 6.855906776991990137e-01 6.314159374995347296e-01 4.231190121558700127e-09 -4.834424216362816315e-05 -2.678088584762496147e-03 -7.326433076570970301e-03 -2.066602333056038729e-07 inf 0.000000000000000000e+00 -9.000000000000000000e+01
2.163808740790919196e-03 5.951689660063112092e-02 1.531101340000549760e+00 -9.958382699190566900e-02 -1.081904370395459598e-03 -1.989373088792317091e-08 9.564293696116909291e-11 -2.034586113537597063e-09 inf 0.000000000000000000e+00 -9.000000000000000000e+01
5.811851443225164893e+00 -4.359442769116098656e-04 1.202290076335872584e+02 4.126051154684342616e-08 2.276335877862585403e+04 3.328228250381665039e+11 1.193679926049613016e+01 -8.512307669370191121e+00 inf 0.000000000000000000e+00 -2.000000000000000000e+01
6.827092882878692537e-01 4.768461798195271495e-01 1.901082787386220441e-01 1.705234663128880228e-05 -6.380706040536623935e-02 -6.470756534194410825e-07 -9.014985883552584351e-09 -2.147569970481860212e-06 inf 0.000000000000000000e+00 -9.000000000000000000e+01
2.299338239255898086e-01 7.581601761870799816e-01 5.945135807805790318e-01 0.000000000000000000e+00 6.057726497236270510e-10 -5.116579588187944252e-07 1.253216284269006674e-08 0.000000000000000000e+00 inf 0.000000000000000000e+00 -9.000000000000000000e+01
5.690743840930645447e-01 2.765315279232299136e-03 4.216723851205052970e-03 2.224474611360346618e-02 -3.608048930074584382e-01 -1.833358196176109733e-01 -1.370244276829540419e-04 -4.360948029304239637e-01 inf 0.000000000000000000e+00 -9.000000000000000000e+01
6.721417694510616325e-01 2.378265206603996096e-01 1.546140811516819147e+00 1.821010289119809222e+00 2.180971196801068795e-02 -9.629826668952411878e-03 2.566164263559165271e-01 3.066512609508357912e+00 inf 0.000000000000000000e+00 -3.000000000000000000e+01
6.601668582503089784e-10 2.407183042623411604e-04 5.260583059063366051e-09 1.609880499213111715e+00 -6.179796466486317530e-02 -4.861965749931466746e-05 2.791118033309754241e-09 -6.503582985575460107e-01 inf 0.000000000000000000e+00 -9.000000000000000000e+01
1.007581944963091836e+00 4.896526657645458874e-07 1.831852979227695591e-04 9.996683400928281645e-05 -1.128552281845633833e-05 2.124341223469617541e-09 3.598282637768687840e-06 4.804525112929782084e-08 inf 0.000000000000000000e+00 -8.000000000000000000e+01
2.393956863671630776e-03 1.052955416225396013e+00 7.569323870343878160e-09 -1.173704875441986024e-08 -2.344471043939358179e-01 3.317325137509007233e-09 0.000000000000000000e+00 3.148777439991228710e-09 inf 0.000000000000000000e+00 -9.000000000000000000e+01
2.785085472237836153e-03 7.582505717432280745e-01 8.490412267590129319e-06 1.277897418796112017e-01 -2.904740996230276706e-01 -4.604969365472612939e-07 -4.960694039016641521e-01 -6.059402889863482744e-02 inf 0.000000000000000000e+00 -9.000000000000000000e+01
1.107384279008597741e-04 2.619339863697151750e-05 1.633845657553668776e-05 7.423624118646630022e-06 -1.248076543964608168e-05 -2.782422572465741397e-13 2.074724644512595379e-05 -2.277483334571522189e+00 inf 0.000000000000000000e+00 -3.000000000000000000e+01
4.508587786014996709e+03 1.147204682964970468e+00 4.295902397563389208e-02 1.025954198417634907e+05 3.442531038591903687e+11 4.005432128688996007e-02 3.776138689064615795e-08 -7.261756721859821337e-04 inf 0.000000000000000000e+00 -2.000000000000000000e+01
6.206891008915793595e-02 2.128076917342557550e+00 3.644637479126909274e-01 4.701031983353710572e-03 -1.033874697812641094e-05 1.427269618929797657e-04 7.990219465648856385e+02 -7.835053305589517259e-04 inf 0.000000000000000000e+00 -2.000000000000000000e+01
7.993909814997565144e-01 1.780441810494934633e-03 5.273458315768822030e-07 5.597675691840207078e-10 -1.748041682602851088e-01 -5.509586965223885885e-02 -2.153747631860246092e-01 -1.455395679878453820e-09 inf 0.000000000000000000e+00 -8.000000000000000000e+01
5.087816078244210871e+01 1.679999999999979045e+05 5.236108794467074327e-03 2.434324308206076282e+01 6.027480916030459048e+04 -3.837265131127694934e-02 3.442531038778582764e+11 2.168972073620485056e-03 inf 0.000000000000000000e+00 -2.000000000000000000e+01
1.979186043371757107e-03 2.936948283659414425e-06 1.539806741743227070e+00 -3.550857299893491900e-08 -3.829357762138958988e-05 -8.824610321449383770e-11 7.579487758078300828e-09 -4.783677204438572909e-04 inf 0.000000000000000000e+00 -9.000000000000000000e+01
3.027795681445177300e-01 8.287620230622375628e-01 3.755271054852299644e-05 1.626469731442986122e+00 -8.345847070650168342e-02 -3.857149070851446817e-04 -8.074906337141737712e-08 -1.243859497664010936e-06 inf 0.000000000000000000e+00 -8.000000000000000000e+01
7.203393828563861567e-02 1.180078169867117222e+00 9.753555430267666211e-06 4.585095389171194719e-02 -1.411714607507049443e-04 -3.929557428155915662e-07 3.179283933519941590e-07 1.322670948726060447e-01 inf 0.000000000000000000e+00 -1.000000000000000000e+01
1.682251693021619741e-08 3.386820002422728515e-01 5.162983377855443906e-08 1.472112103325788277e-02 -8.148894187647414133e-01 -7.286794550667083370e-02 1.252818715384828047e-07 2.575795278831206469e-04 inf 0.000000000000000000e+00 -9.000000000000000000e+01
1.594534853162004329e-01 1.077535498041217954e+00 3.507602532686256315e-05 4.244836810465404398e-01 -3.333285315910333550e-03 -2.192251582928910451e-05 0.000000000000000000e+00 5.575184079307328418e-10 inf 0.000000000000000000e+00 -8.000000000000000000e+01
6.406003313523062965e-08 6.926160305206827683e-01 7.490674938233089497e-01 3.245465693877687874e-10 -2.562027949888419087e-01 -5.645146330262618140e-02 1.595839443362701560e-01 1.017754747042539265e-04 inf 0.000000000000000000e+00 -9.000000000000000000e+01
4.732682732225375539e-05 4.562858549010663570e-06 1.127483280560442717e-02 6.983669622239608486e-08 -4.036007946684161407e-01 0.000000000000000000e+00 2.023660424983001329e-07 0.000000000000000000e+00 inf 0.000000000000000000e+00 -9.000000000000000000e+01
3.462667812144247146e-04 1.115748517246479546e-03 7.724875240634300949e-06 -4.620867067887159021e-11 -1.313529369710968796e-05 0.000000000000000000e+00 8.026319969034767281e-12 -2.277173470343822004e+00 inf 0.000000000000000000e+00 -3.000000000000000000e+01
3.256202290076337249e+03 4.023288406488551061e+01 8.516221374045804282e+01 -1.859009720896947215e-01 -3.344610687022902071e+06 3.442531038778627319e+11 1.603053435114504452e+02 2.723485355812858426e-07 inf 0.000000000000000000e+00 -2.000000000000000000e+01
8.154554918262349461e-02 5.033328725410208815e-01 1.061498097118633438e-01 1.754596249822069277e-09 -6.832954638406038006e-01 -1.806972257279444482e-09 1.300510913688391890e-01 -3.502907378749253538e-08 inf 0.000000000000000000e+00 -9.000000000000000000e+01
4.141669896812030656e-08 1.419738490253015517e-01 7.120138652024186054e-01 2.757022726371662906e-07 -8.921619515789341870e-01 -3.438608648896407848e-09 1.047177771440868842e-06 2.288144788670843961e-09 inf 0.000000000000000000e+00 -9.000000000000000000e+01
5.402160930604171796e-01 1.875591037263411534e-05 2.500456735089431337e-01 2.648283025594610772e-08 -4.550733392628514840e-01 -4.398249782595455153e-08 -7.167863836675457227e-07 2.931194317976414197e-09 inf 0.000000000000000000e+00 -9.000000000000000000e+01
6.597712617275904856e-01 2.184640829761712033e-01 1.591763550011687290e-04 4.668381157870097866e-05 -2.559289702571627134e-01 -2.409977530047545564e-03 5.075184768030792528e-10 -1.268089123066027182e-02 inf 0.000000000000000000e+00 -8.000000000000000000e+01
7.170985339756094090e-01 2.552384612455558810e-01 -5.331933710595798983e-07 1.376450278550545789e-08 -1.071089971298314764e-01 -1.462303684219330435e-01 3.250958223681881535e-08 -8.379759748854281182e-03 inf 0.000000000000000000e+00 -8.000000000000000000e+01
9.333748297608781552e-01 1.191876888407590318e-01 4.050494544245319961e-01 0.000000000000000000e+00 8.997327520785094599e-10 3.627722456380550460e-06 1.709492228949168139e-08 0.000000000000000000e+00 inf 0.000000000000000000e+00 -9.000000000000000000e+01
5.598454242162658190e-01 6.721600926547142141e-01 2.315410087808012773e-01 2.470922705645864359e-01 -6.707494096196398817e-05 -2.298780037390422814e-07 -7.197900504173022859e-06 -1.776515669050457435e-02 inf 0.000000000000000000e+00 -9.000000000000000000e+01
1.151597875236027280e-09 2.335867281245524095e-06 3.509982022284888140e-09 2.259708483566456927e+00 1.019239141189066222e+00 4.706697221152271113e-03 1.445200145024637469e-08 -1.950578782798842795e-02 inf 0.000000000000000000e+00 -2.000000000000000000e+01
5.838422420041662342e-01 4.840281220072770868e-03 1.106349993159490425e-01 5.127403997206752611e-08 -4.270122780615577263e-01 -5.772957117793703214e-09 2.096242092302192384e-01 -4.359589131487849693e-05 inf 0.000000000000000000e+00 -1.000000000000000000e+01
4.455137266662826390e-01 4.335754365398596620e-03 6.619080628833360659e-03 2.118105801226675411e-01 -5.692067269446363653e-01 -2.813687702725419623e-09 2.025062393937648308e-01 -1.459855358805362776e-09 inf 0.000000000000000000e+00 -9.000000000000000000e+01
1.991833571291162439e-02 8.689673414272279918e-05 2.181220666539756792e+02 -5.029984034030685054e-06 -2.586344556404788619e+01 -1.677775405371032669e-05 1.505184998095690310e+08 9.483441658845229444e-07 inf 0.000000000000000000e+00 -2.000000000000000000e+01
2.876765424636923158e-03 1.225502070895329254e+00 1.514410509490567774e-06 7.989064137022704840e-06 -1.320390380448587680e-04 -6.584393519524207416e-05 -3.278479273263095020e-07 -1.562696061967078524e-04 inf 0.000000000000000000e+00 -9.000000000000000000e+01
1.008945908390640245e+00 2.290208845032182921e-06 7.243981470366683828e-02 8.561724350477368437e-10 -2.627378480550809754e-05 1.260530948305713453e-02 1.858806658077335809e-07 -8.570470433409324009e-04 inf 0.000000000000000000e+00 -9.000000000000000000e+01
4.108632181114065668e-04 9.227563166242122028e-01 3.847969476086622320e-01 3.899969063601306518e-02 -6.098133444903861000e-02 -4.916324637751950249e-02 -1.458795246328140158e-04 -8.597659072030153227e-03 inf 0.000000000000000000e+00 -9.000000000000000000e+01
3.145419139520171936e-01 7.705057737119180850e-01 8.972978630569172775e-01 2.586955279502714146e-08 -1.080983838646467354e-01 -3.159007634672330450e-04 5.949474961573038012e-01 -1.483304891375791523e-01 inf 0.000000000000000000e+00 -9.000000000000000000e+01
4.083287836504494216e-08 5.438430950088050109e-01 2.734238764961395285e-01 3.931060000494458656e-08 -6.790527042651377521e-01 -2.163426187060275952e-07 -6.021954100985246904e-09 -1.805243043507250191e-06 inf 0.000000000000000000e+00 -9.000000000000000000e+01
2.093642921427323788e-07 4.236273588091387133e-06 8.390982837899177582e+01 -3.036824432356528006e+06 -7.514312989163443035e+01 3.328228255725139160e+11 1.193679927966067744e+01 -8.512307683036711481e+00 inf 0.000000000000000000e+00 -2.000000000000000000e+01
2.985590500701116191e-03 8.212051174962170519e-02 2.099708771009935582e+00 3.536606905242766568e-11 4.877851050853347026e+00 -9.879105242359554319e-08 -3.941650380139113865e-04 -1.093355896252850220e-06 inf 0.000000000000000000e+00 -2.000000000000000000e+01
-6.684607585625478521e+01 -2.800792683066115471e-04 4.295902397634202008e-02 1.025954198434546561e+05 3.442531038648649902e+11 3.459714933075481724e+01 -4.060850798475391292e-05 3.117938931179989231e+04 inf 0.000000000000000000e+00 -2.000000000000000000e+01
2.967912490953652230e-05 1.854945306846032644e-06 2.678644796249690427e-06 3.450457703643669046e-06 -1.167448095217782878e-05 -1.227558492929668121e+00 0.000000000000000000e+00 -1.577352093094248949e-05 inf 0.000000000000000000e+00 -9.000000000000000000e+01
1.988193550104423724e-01 6.945422801698120097e-01 4.161951831551927161e-01 3.981787162036218736e-08 -2.553724159911904268e-01 -1.407319483724970479e-07 -2.187012905114866027e-02 -2.811084769453199225e-02 inf 0.000000000000000000e+00 -9.000000000000000000e+01
8.227189931747489471e-01 3.547828323002857331e-01 1.785700966561238612e-01 1.384863265389071659e-05 -5.414563574350290259e-03 4.215289971760567597e-10 0.000000000000000000e+00 -3.606762348301907894e-01 inf 0.000000000000000000e+00 -9.000000000000000000e+01
4.885603663865172308e-01 4.639818674615281587e-03 9.169911907601147657e-04 1.820815328524699739e-01 -4.474290008385763406e-01 -1.685382783427821218e-01 0.000000000000000000e+00 -2.467881932876452578e-01 inf 0.000000000000000000e+00 -9.000000000000000000e+01
4.264942055672543697e-01 3.225841761637342233e-08 6.294466206302926636e-01 1.525262137295917403e-08 -5.059103679832258615e-01 -3.148409871525576574e-09 -4.706142957983496244e-01 -1.309815178735641069e-03 inf 0.000000000000000000e+00 -9.000000000000000000e+01
8.706047152977247627e-02 5.975628886449310118e-01 2.190390993850507562e-01 -1.158171167890659312e-08 -5.551682242478244156e-01 -6.497991715627945628e-03 3.537686476466014066e-08 1.892618946299401460e-04 inf 0.000000000000000000e+00 -9.000000000000000000e+01
4.618078508913556008e-07 4.506996967492527491e-08 1.060135635851862324e+00 5.406120099896339971e-10 -3.605072191081260535e-01 -7.943379404077353934e-02 2.635063360006429864e-02 -8.371099833527673173e-01 inf 0.000000000000000000e+00 -9.000000000000000000e+01
0.000000000000000000e+00 0.000000000000000000e+00 0.000000000000000000e+00 0.000000000000000000e+00 0.000000000000000000e+00 -2.149862187509318833e-04 1.643755963740458403e+00 3.030708500447164841e-05 inf 0.000000000000000000e+00 -1.000000000000000000e+01
1.132939971025145182e-01 3.817431631183031415e-01 2.381094176391830575e-01 7.316103880687802041e-02 -4.577845577837196811e-01 0.000000000000000000e+00 0.000000000000000000e+00 -1.788124916980703638e+00 inf 0.000000000000000000e+00 -9.000000000000000000e+01
7.950106897521995730e-01 3.863498204731470432e-07 1.445383879515405934e-04 5.061321379240233537e-03 -2.122847692848958412e-01 -1.976110772774969302e-08 0.000000000000000000e+00 -3.137754956362404646e-01 inf 0.000000000000000000e+00 -9.000000000000000000e+01
3.683974322695117154e-01 6.181845116758421339e-04 7.298766029001593214e-01 4.445761936545565671e-09 9.046159070884019821e-09 -9.401820025807665803e-08 6.544986291649967712e-06 -1.442457551703158591e+00 inf 0.000000000000000000e+00 -9.000000000000000000e+01
3.512260514450275817e-02 1.138760636764340139e+00 1.233348246658446667e-01 7.199482026062213635e-05 -1.550831820079439258e-05 -1.941192886105365625e-07 1.177273790425267721e-03 1.182345123676330385e-02 inf 0.000000000000000000e+00 -9.000000000000000000e+01
4.289332406229332754e-05 1.452684248348438045e-03 1.985380649567688343e-05 2.462170665876834115e-07 -1.002883690007687623e+00 -8.592317859905548817e-04 -3.150156259879964074e-06 4.430462784379005239e-09 inf 0.000000000000000000e+00 -9.000000000000000000e+01
6.464952084808107680e-01 5.700912292967149630e-01 3.154112986830622245e-01 0.000000000000000000e+00 0.000000000000000000e+00 2.847320954654449659e-06 0.000000000000000000e+00 3.524995953027854595e-09 inf 0.000000000000000000e+00 -9.000000000000000000e+01
1.315676158915459566e-04 1.147212942874552140e-06 3.818910199099180169e-06 2.260558311815673793e+00 -7.911954091354858054e-01 9.940401505082314959e-02 1.371458425835769035e-08 0.000000000000000000e+00 inf 0.000000000000000000e+00 -2.000000000000000000e+01
8.320889139175589033e-01 1.284046003154539206e-01 6.964557317365562071e-05 1.327752826512818588e-09 -1.202734382902009014e-01 -2.685796592033534075e-09 3.560030248686624405e-04 -1.265750888597720003e+00 inf 0.000000000000000000e+00 -9.000000000000000000e+01
3.277500094033284620e-08 7.712205611369125080e-01 4.132983169425022818e-06 2.684217026164208556e-06 -2.639420821489150103e-03 -4.485195106309838309e-01 9.832500282099852536e-08 -3.298331662427563665e-08 inf 0.000000000000000000e+00 -9.000000000000000000e+01
3.334476383587603721e+01 5.595374653357279571e-02 6.606333492366050564e+01 9.330999077730905620e-08 2.107720305343396068e+08 8.808463129377974905e-06 5.924064694469797360e-04 -1.039479961832004165e+02 inf 0.000000000000000000e+00 -2.000000000000000000e+01
4.496273512621079549e-01 1.294381768784856335e-01 3.378408932776829135e-08 4.937674594058442174e-08 -3.842270092603468079e-01 -2.486575503191960912e-01 -1.256061255893199322e-02 -3.006031344612199174e-02 inf 0.000000000000000000e+00 -9.000000000000000000e+01
3.533618746652619214e-01 8.495336846133030802e-07 2.594055808182687394e-07 2.821329579896578691e-07 -2.531359595296096874e-07 -4.584660567331940372e-08 -6.846426447215697058e-06 -1.045293731567937590e+00 inf 0.000000000000000000e+00 -9.000000000000000000e+01
2.958497491339496264e-08 1.819782990246774539e-04 2.422068696071423277e-01 4.082976719169696678e-02 -8.664865476086500706e-01 1.669869517366033356e-04 1.584371989863735756e-06 -1.964945871742450612e+00 inf 0.000000000000000000e+00 -9.000000000000000000e+01
2.310967200591963755e-02 1.733817329684524080e-09 2.977385649134762224e-01 1.969159028597431194e+00 -2.031501399590144863e-01 -3.358963954348784291e-05 0.000000000000000000e+00 0.000000000000000000e+00 inf 0.000000000000000000e+00 -8.000000000000000000e+01
4.474272552392580097e-10 1.191742901452190889e-01 0.000000000000000000e+00 0.000000000000000000e+00 -9.608427142958289036e-01 -8.435217711177329649e-07 -2.391828179945677064e-08 -3.307315676904559385e-05 inf 0.000000000000000000e+00 -9.000000000000000000e+01
1.938059754895863823e-09 4.685530483687890269e-01 3.048095987253189865e+00 3.588349324162398268e+00 4.304101623138564814e-02 -1.896722749179706458e-02 7.170028854041966826e-02 1.232577983466935301e+01 inf 0.000000000000000000e+00 -2.000000000000000000e+01
4.001889528470414237e-01 1.396005629171893099e-06 1.856057032643507892e-04 5.673031948184671086e-10 -6.091371671654082220e-01 2.812906310341713699e-03 8.637081198631546400e-09 -6.326733537358740153e-03 inf 0.000000000000000000e+00 -9.000000000000000000e+01
7.715549086342902152e-01 1.033332466920924425e-01 8.952984665775284218e-07 5.309604709112050191e-10 -1.658082900944379823e-01 -5.226049257990882102e-02 -1.216244190950605264e-01 2.909663380593403471e-09 inf 0.000000000000000000e+00 -9.000000000000000000e+01
4.158846919238994855e-01 2.475924240797395632e-10 1.628662361569068462e-01 1.135128312608744694e-01 8.032780744796936627e-08 -1.377782553347570594e-03 0.000000000000000000e+00 -2.005722374974755695e+00 inf 0.000000000000000000e+00 -3.000000000000000000e+01
5.088709942605492698e-01 2.532945307754303488e-01 4.787685357394061807e-06 7.939804907326089842e-09 -3.913514597115883564e-01 5.975031326027789515e-05 2.263269441677193101e-06 -5.148610676234817440e-02 inf 0.000000000000000000e+00 -9.000000000000000000e+01
6.198073286833288842e-01 1.835141700461285547e-06 5.826102367159687993e-09 2.567515823760882498e-01 -3.972892906240523825e-01 2.483058066400327391e-02 9.290353309661087897e-03 3.060717372609236835e-08 inf 0.000000000000000000e+00 -9.000000000000000000e+01
1.140368674771010005e+00 3.871068615073048561e-05 1.290867237184755193e-04 7.877084061854377239e+01 -2.612396403993851837e-04 -5.626464086066569799e-05 -2.103653667666785868e-02 2.810029171453357435e+02 inf 0.000000000000000000e+00 -2.000000000000000000e+01
3.137850478207248293e-04 2.655921875031778678e-01 2.446053388993844890e-01 1.644520108082420286e-09 -2.162139551937870765e-09 -8.307897309363709848e-01 4.330749346923934547e-08 -8.005847398297631875e-08 inf 0.000000000000000000e+00 -9.000000000000000000e+01
4.413580082388443571e-01 7.987384283157656748e-10 1.016310665722214637e-03 1.007438036369265227e-07 -5.629822321001168861e-01 -1.026596219447596138e-02 3.736787968728728276e-10 3.123954741857216861e-08 inf 0.000000000000000000e+00 -9.000000000000000000e+01
6.149888654596261387e-08 2.108143297567326990e-01 7.849808502271089783e-02 6.981657298902841388e-05 -9.120426592496714280e-01 -5.105926074340723358e-09 1.243947848356853704e-06 -2.467547916967635762e-09 inf 0.000000000000000000e+00 -9.000000000000000000e+01
1.603481798769740285e-02 8.534178775628379343e-01 3.506058648087204133e-02 3.872519227006697508e-09 -4.386727408033279096e-01 -6.507004951694723613e-05 6.259417267182181449e-09 9.381202587776838933e-08 inf 0.000000000000000000e+00 -9.000000000000000000e+01
2.555082071736114170e-05 6.287578025903247658e-01 5.725307667189967475e-02 1.411832141586629952e+00 -3.882538389363232589e-01 -1.485707079227790994e-01 -7.654264372264724114e-02 9.581557769010428138e-07 inf 0.000000000000000000e+00 -9.000000000000000000e+01
3.969723414350387891e-01 6.557758643847372282e-02 4.464729732134121332e-08 6.121529064942543684e-06 -6.971563734742554086e-01 -6.780770656551740800e-05 3.321662560134882813e+00 -2.675493472439922846e-09 inf 0.000000000000000000e+00 -3.000000000000000000e+01
2.150377846185180233e-08 6.389271783846368624e-01 7.122839351272315940e-06 1.040060613238878072e-06 -6.595821518237953152e-01 -4.055690097168104975e-03 -1.780709837818078985e-06 1.069546233133611882e-09 inf 0.000000000000000000e+00 -9.000000000000000000e+01
5.442377183432319798e-01 7.602946241969219150e-05 2.607855816627834661e-06 2.562600184235160556e-06 -4.626762074198593755e-01 -1.875393406352407119e-04 4.339944434531815334e-08 -5.656954049084239966e-08 inf 0.000000000000000000e+00 -9.000000000000000000e+01
1.101973087884463354e+00 2.444376667670991488e+00 1.916765310441460368e+00 0.000000000000000000e+00 1.313654289107874987e-08 -4.612425235273984875e-02 4.338434653877256864e+01 1.747807079731595200e-09 inf 0.000000000000000000e+00 -2.000000000000000000e+01
-2.147645440799817340e+00 -2.302741276484001134e-03 1.380689271584805691e-03 7.664599236924577781e+02 -4.211146231071714396e+01 5.963358778846416681e+04 1.872031690039073528e-07 7.069465649116317218e+04 inf 0.000000000000000000e+00 -2.000000000000000000e+01
9.797180554547458842e-01 3.134010860976840706e-08 3.294568189199043595e-01 1.278993799467004531e-07 1.730648402659679651e-09 -1.452951237762997541e-09 -1.836971353977648602e-01 -3.431841863749003890e-04 inf 0.000000000000000000e+00 -9.000000000000000000e+01
5.038368349370785440e-03 1.370638230862412321e+00 8.661668645730633432e-05 0.000000000000000000e+00 9.543691163974529587e-10 -4.131063491343625225e-07 3.289208490336095192e-01 0.000000000000000000e+00 inf 0.000000000000000000e+00 -1.000000000000000000e+01
2.274592757647431098e-03 1.000454436007933268e+00 4.018153767366160013e-09 -1.115183255725535659e-08 -3.009179358305111851e-01 -8.068918637771812926e-07 7.825208876664170307e-10 -1.426735757977839440e-09 inf 0.000000000000000000e+00 -9.000000000000000000e+01
5.811851443216602853e+00 -3.738371470496790389e-04 7.313931297699115930e+03 1.815439180560741615e-04 -5.948831106861437945e+01 3.442531038773538818e+11 9.387731552110151071e-04 -2.795324427476785331e+03 inf 0.000000000000000000e+00 -2.000000000000000000e+01
1.321682007509867316e-03 5.477992513866070175e-06 1.510774744956395299e+00 0.000000000000000000e+00 -8.753838040437447732e-02 -1.609629307156537110e-06 9.262872615484151761e-09 -6.430514810195682891e-10 inf 0.000000000000000000e+00 -9.000000000000000000e+01
6.214036179576901686e-01 1.524806799261075804e-02 1.084211359620606686e-08 3.306498696938840798e+00 -1.510967215490208918e-05 1.002055938852637140e-04 4.165766722960437854e-08 1.079204435806427220e+00 inf 0.000000000000000000e+00 -2.000000000000000000e+01
8.907843005939550998e-10 3.257264624427902563e-04 1.428131617642124596e+00 2.348900686911389035e-01 -3.457288198547700617e-03 -1.814469868086075877e-07 3.154041449710116960e-06 6.608254457844350842e-08 inf 0.000000000000000000e+00 -9.000000000000000000e+01
4.074448709585302975e-02 1.010865694664521586e+00 7.663170316060321515e-06 7.002015560176224618e-01 7.726361997435834961e-02 3.309860803589048661e-02 4.182521170945445508e-10 -1.117103172129264355e+00 inf 0.000000000000000000e+00 -1.000000000000000000e+01
2.275414744262912391e-08 8.034931442295882575e-03 2.685016479526294297e+00 1.008353228330872570e-01 0.000000000000000000e+00 2.088346150742673490e+00 0.000000000000000000e+00 6.708525153795701770e-10 inf 0.000000000000000000e+00 -2.000000000000000000e+01
7.875684752917460063e-01 2.325259685485599886e-02 8.080371776367876601e-05 3.756653310057254669e-01 1.914564468308922462e-01 -4.412041500839554436e-07 3.789517420668876311e-05 -1.855376039951107225e+00 inf 0.000000000000000000e+00 -9.000000000000000000e+01
4.140669969956873864e-01 4.284514584297807183e-01 -2.889735555956255038e-03 4.654400735460207938e-01 -2.784420749028071462e-01 -1.561741527130136031e-01 0.000000000000000000e+00 -3.411172282942139256e-01 inf 0.000000000000000000e+00 -9.000000000000000000e+01
1.491269598441012256e-05 2.405119608365664519e-01 1.365628004387216210e+00 1.262253195823285286e-04 6.684271919892080009e-10 -2.255992565303393815e-08 2.514195327565921234e-01 -5.322895096972536377e-01 inf 0.000000000000000000e+00 -9.000000000000000000e+01
1.581501771825100988e+00 1.841151316453102815e+00 1.817546812396011735e-01 1.456180912201955816e-08 -2.143288968383868287e+00 5.559332795526086812e+01 -6.771542101377997502e-02 -1.065890886328018164e-02 inf 0.000000000000000000e+00 -3.000000000000000000e+01
7.098670937086669352e-02 5.697866538834900352e-01 5.182029784073268613e-02 3.768533218680934085e-08 -6.227900635470704493e-01 -3.639455314424317546e-05 3.582363164464660660e-09 -6.114321900477317495e-01 inf 0.000000000000000000e+00 -9.000000000000000000e+01
4.208034465307914918e-01 9.002554570379998067e-01 1.845743762227781874e-06 5.691602583160578399e-05 -1.226021311152514578e-05 -1.534624075034083784e-07 6.343094199597826624e-04 8.657385958602729009e-10 inf 0.000000000000000000e+00 -9.000000000000000000e+01
1.594804341708755402e+00 1.689039589452769616e-03 1.132086462283398154e+00 1.645343915917835687e-01 6.693685828580409058e-01 -6.533546504452804729e-08 1.782265800558928979e-06 -1.063875585564406792e-04 inf 0.000000000000000000e+00 -9.000000000000000000e+01
7.787278590311690063e-04 1.162370288645061933e+01 3.882395038168018004e+02 1.756274973163203912e+00 -1.305587419116796821e-01 1.187541984732848592e+06 -7.033396946565028884e+03 3.991978769084050782e+01 inf 0.000000000000000000e+00 -2.000000000000000000e+01
3.606870228823614525e+03 4.743410066551889059e+01 3.326648974066918618e-01 -1.859009720802101695e-01 -3.344610686852261890e+06 3.442531038602991333e+11 1.402671755653627770e+03 -9.650381678896960511e+04 inf 0.000000000000000000e+00 -2.000000000000000000e+01
6.622235796411229947e-01 3.961516056781717587e-01 4.513369039815987027e-01 -1.908968809312342163e-08 -9.829881260297919365e-02 1.662949837268444834e-03 1.070620193264551490e-04 -1.423977786579498084e-01 inf 0.000000000000000000e+00 -9.000000000000000000e+01
1.146715469953073985e+01 1.780735627401531218e+01 8.465679547335147950e-03 5.213176931180650564e-02 5.390267175621057504e+03 -6.042760019138383143e+01 3.135215690145987675e-05 1.703244274824497552e+04 inf 0.000000000000000000e+00 -2.000000000000000000e+01
3.689742186362245380e-01 6.411683143514721461e-01 8.032750202441085730e-01 2.079260453380363596e-02 -3.375206786869070497e-01 1.735993454895023713e-01 3.774424793918100263e-01 -4.355105531443961842e-02 inf 0.000000000000000000e+00 -9.000000000000000000e+01
9.208590067775529464e-02 1.189730139237736850e+00 6.963380691290821378e-04 6.246018430200594175e-08 -6.032365151350280001e-03 -1.540371462485560133e-07 6.303206035696619358e-02 3.840930770744976382e-12 inf 0.000000000000000000e+00 -9.000000000000000000e+01
5.202152129333439401e-01 7.923277858523237738e-01 2.579192011238033095e-05 3.121291277600063419e-01 -9.496116041376395178e-05 -2.465314333658512992e-07 -4.884833354617487003e-08 2.149326676031694235e-04 inf 0.000000000000000000e+00 -9.000000000000000000e+01
4.392991659918625280e-01 1.731401517209920915e-01 1.125606403964914737e+00 1.306954102381484351e+00 -3.595687123776810656e-01 -2.027459451586109337e-02 2.647910898216075323e-02 2.238706070107996826e+00 inf 0.000000000000000000e+00 -3.000000000000000000e+01
3.649159580997191066e-01 2.229304762209192992e-01 1.893179714262458701e-06 9.516842316350629036e-03 -5.268059467839580901e-01 -4.710733277287283000e-02 5.694725076324240393e-09 -6.504641531623688503e-07 inf 0.000000000000000000e+00 -9.000000000000000000e+01
9.664513777497749647e-01 1.133969616559735938e+00 5.605417990948694529e-01 3.017475968307630763e-01 -8.633632307897990410e-01 3.775200694335058456e-03 5.140984412196719644e-02 3.420217304579299525e+04 inf 0.000000000000000000e+00 -3.000000000000000000e+01
1.895339426917479198e-01 3.002304049476121062e-01 4.427858490234566624e-02 2.382673852214637136e-02 -6.890179796999155171e-01 2.415157189080877715e-04 5.062338212920617503e-02 -4.900343390107157748e-02 inf 0.000000000000000000e+00 -9.000000000000000000e+01
8.002179473718036284e-01 7.947619159124504895e-01 3.231722869117408469e-09 2.080566663166689700e+00 5.656085946196157677e-01 -1.148379510095179752e-09 2.939851545843660165e-07 1.223060385471677197e-01 inf 0.000000000000000000e+00 -2.000000000000000000e+01
3.815845610431033304e-04 1.227332495826843228e+00 1.065968739767909046e-07 2.448443603948698798e-08 1.242137242978851994e-05 -5.216976420511178240e-06 -7.911458747588381212e-06 6.779524794184361421e-12 inf 0.000000000000000000e+00 -9.000000000000000000e+01
3.655925636745368523e-01 3.403851960973621723e-08 1.323366743705632384e-05 2.236252323790232754e+00 -1.147480309343436866e-01 -5.394450037111451568e-04 6.024340795414762656e-09 -1.570702715636192220e-09 inf 0.000000000000000000e+00 -2.000000000000000000e+01
4.213729887518264869e-03 4.911837914517818413e-05 3.392004784736925294e-03 6.050569714466466308e-08 0.000000000000000000e+00 0.000000000000000000e+00 5.971839409748107568e-05 -7.021576805992891879e-07 inf 0.000000000000000000e+00 -9.000000000000000000e+01
3.003169867895243931e-03 1.216267906709912916e+00 3.885549638935231786e-05 4.741512637989104412e-02 -5.685564647387655738e-05 -3.792057480091043866e-07 -8.461816243937175491e-08 -1.303459144051755108e-06 inf 0.000000000000000000e+00 -9.000000000000000000e+01
5.478560801059186858e-01 7.290368310070887148e-01 6.055273731155839682e-08 1.255323774100963297e+00 -1.372425862735346345e-05 -1.458376037957516969e-09 -2.581285411536376537e-10 0.000000000000000000e+00 inf 0.000000000000000000e+00 -9.000000000000000000e+01
5.840040758373572782e-02 6.410092518405942075e-01 7.177617819600093252e-06 1.080307880900504003e-01 -4.656087102921729337e-01 1.520681741440697642e-09 -4.193667493384982126e-01 -5.122493088402758910e-02 inf 0.000000000000000000e+00 -9.000000000000000000e+01
3.020890794261908430e-01 2.340395394291331144e+01 2.961891696320534493e+02 1.565481869091191580e+00 3.442531036276541748e+11 2.624999998092109763e+03 0.000000000000000000e+00 -1.374778624954988249e+06 inf 0.000000000000000000e+00 -2.000000000000000000e+01
7.413178208790885057e-03 1.886274186156100979e-06 7.063473431634652808e-08 2.277328345740559978e+00 0.000000000000000000e+00 1.118592767643210249e-08 2.163272200854939618e-12 2.253408542557228938e-13 inf 0.000000000000000000e+00 -2.000000000000000000e+01
7.621352161440879680e-01 1.636980569886949399e-01 5.993316840569705428e-02 -3.652271971587145904e-09 -1.520692332681865544e-01 -6.440579291358489167e-02 7.223288580238861056e-02 -2.096542738072424859e-05 inf 0.000000000000000000e+00 -8.000000000000000000e+01
5.469576714052538646e-01 2.255815273054478758e-05 2.403749204437135783e-08 2.681332036399163631e-08 -4.607523862381214808e-01 -4.453137346795086910e-08 -7.710896710843057475e-07 2.090106590797929996e-04 inf 0.000000000000000000e+00 -9.000000000000000000e+01
4.402350054550793201e-01 -1.153873232525505348e-06 2.461270107084743142e-01 -3.651788295612168387e-08 -5.105570085146433623e-01 -1.124670391397822877e-01 3.973674830420573234e-02 7.213143154658469806e-10 inf 0.000000000000000000e+00 -9.000000000000000000e+01
1.909956767766710834e-06 -5.720658387799778190e-10 0.000000000000000000e+00 2.275296372318386773e+00 0.000000000000000000e+00 -3.644390492227753237e-11 0.000000000000000000e+00 -8.023777354638408216e-04 inf 0.000000000000000000e+00 -2.000000000000000000e+01
6.585567527973221758e-01 2.193560697373869717e-01 1.598262705361407283e-04 4.687442113485321236e-05 -2.569739257948007727e-01 -1.969441327681161012e-03 5.954930970994778375e-09 4.677314362914602152e-10 inf 0.000000000000000000e+00 -8.000000000000000000e+01
6.099875646693107140e-02 1.391199708894919063e-01 3.644637479126909274e-01 4.701031983353710572e-03 -9.592267051907897831e-06 1.175122696351800513e-07 7.990219465648856385e+02 -6.998995788224782579e-04 inf 0.000000000000000000e+00 -3.000000000000000000e+01
9.147595944801467649e-02 1.043215197109273795e+00 9.512526634088759592e-02 1.162912463195505675e-01 -2.126329482913958124e-01 1.774463597405251579e-06 2.223644333390569494e-01 -2.761308882273847201e-02 inf 0.000000000000000000e+00 -9.000000000000000000e+01
1.198206319682471302e-07 5.218544972863246034e-01 1.043708994572649207e+00 -2.438773468848666450e-08 -6.932466418838881088e-03 0.000000000000000000e+00 0.000000000000000000e+00 3.532590601589104413e-09 inf 0.000000000000000000e+00 -9.000000000000000000e+01
1.452320450072098756e-01 1.118957048301703061e+00 1.287363379721361532e-04 7.973972370814076345e-10 -4.608324505036467088e-03 0.000000000000000000e+00 1.848496643121492994e-08 0.000000000000000000e+00 inf 0.000000000000000000e+00 -8.000000000000000000e+01
