4.655931697914444389e-01 2.127045169133132298e-09 4.081125315455870761e-01 2.207915140954155376e-04 -5.211577867624398452e-01 -5.047806522184400500e-08 4.675216730812757502e-10 5.835098744182334793e-10 3.667131243806851160e+01 1.000000000000000000e+00 0.000000000000000000e+00
6.868195057762146449e-01 3.935348802166088483e-07 5.259554667451257215e-01 1.575807041545319348e-08 -2.860582259291973295e-01 -8.414762911272997276e-03 3.178711294122502566e-09 5.502818240316987858e-09 9.137840577825125365e+03 1.000000000000000000e+00 0.000000000000000000e+00
2.468239419402412649e-01 5.049527972517913188e-01 2.182913359550774689e-09 6.618084702787004059e-02 -5.124894061659971412e-01 5.128978844811714149e-05 3.748153485530912064e-09 0.000000000000000000e+00 1.632099604814933264e+04 1.000000000000000000e+00 0.000000000000000000e+00
5.041142276635363073e-01 4.050917900867702648e-01 3.250736587116057758e-02 4.113652605478726312e-09 -3.840870306007895807e-01 1.320299167690214270e-01 1.233350554722335504e-09 8.108068903552271888e-09 2.397775100642001780e+04 1.000000000000000000e+00 0.000000000000000000e+00
2.233355490598493143e-01 4.987827262336634315e-01 1.189190688690336779e-07 9.067262052786021776e-07 -5.402593282019211296e-01 1.622776206315171766e-08 7.547335627515630330e-10 1.303450614935770285e-09 2.430818788032087105e+04 1.000000000000000000e+00 0.000000000000000000e+00
4.416230047343998044e-01 4.631179297435962794e-01 2.271622756653715949e-02 0.000000000000000000e+00 -3.419647160553980769e-01 -4.768092483628770114e-10 5.969215017672658623e-09 5.051994173493688938e-09 2.498301322664239706e+04 1.000000000000000000e+00 0.000000000000000000e+00
5.746501169758340133e-01 2.554000519892595800e-01 8.289054820360574230e-10 8.090838292047603078e-10 -3.250546116226940008e-01 0.000000000000000000e+00 0.000000000000000000e+00 7.279952494403634543e-09 2.804615780997457114e+04 1.000000000000000000e+00 0.000000000000000000e+00
2.934429307221863570e-01 5.784846323439419846e-01 3.245103665153108532e-05 1.774093778564939893e-08 -4.152607526784313774e-01 1.622973895209357874e-09 2.326512243911122238e-04 6.438243551243733450e-10 3.405343532499780122e+04 1.000000000000000000e+00 0.000000000000000000e+00
2.857463651792273573e-01 5.844812015029651198e-01 1.167989958877272262e-04 3.456404674686588117e-04 -4.188781944104583155e-01 -5.496629782082044335e-08 5.403083852692150403e-10 6.733694055220814115e-10 3.658300960327239591e+04 1.000000000000000000e+00 0.000000000000000000e+00
3.865491425265925596e-01 6.432535923898122787e-01 6.048575280093806700e-04 7.116640719236877542e-10 -2.746140626443746569e-01 0.000000000000000000e+00 3.739016315380312419e-10 5.693312575389502034e-09 7.729916791054799978e+04 1.000000000000000000e+00 0.000000000000000000e+00
5.130515464324034713e-01 6.364189030172944239e-01 2.466888175758142395e-04 2.626166952186203721e-09 -1.527405367241506662e-01 -1.592040765680880952e-07 0.000000000000000000e+00 -9.920141404453770750e-06 9.663765195607653004e+04 1.000000000000000000e+00 0.000000000000000000e+00
4.888064843635788748e-01 4.114757710169970190e-02 1.267841818818032706e+00 7.283784216099662496e-10 -2.703710866636045429e-01 0.000000000000000000e+00 0.000000000000000000e+00 0.000000000000000000e+00 1.020804929504276079e+05 1.000000000000000000e+00 0.000000000000000000e+00
5.169191671243480446e-01 7.447465037458199655e-01 1.635938481025045563e-04 0.000000000000000000e+00 -1.632124407309284153e-01 1.268366474888446560e-01 2.681770581394628120e-05 0.000000000000000000e+00 1.043686061341400637e+05 1.000000000000000000e+00 0.000000000000000000e+00
6.957596911372507797e-01 9.781471702195623403e-09 1.512281467665300719e-07 2.873569250807120364e-05 -3.116167521259595174e-01 2.120234736945961341e-09 0.000000000000000000e+00 2.593738563728277696e-08 1.134795270850758243e+05 1.000000000000000000e+00 0.000000000000000000e+00
1.106428186719212239e-02 8.750803843759469857e-07 1.398012926859105054e+00 4.397116075338195036e-07 -8.840752553045795256e-03 6.446389307980379117e-09 1.187492767259543532e-09 -2.914424342637873533e-01 inf 0.000000000000000000e+00 -9.000000000000000000e+01
3.736354882874594607e-01 1.544936298635026934e-06 1.225739443590514455e+00 5.268529187362737121e-01 -2.060819239954812115e-02 -4.733930915065292711e-07 6.422102803887651318e-09 7.243224056359772953e-10 inf 0.000000000000000000e+00 -9.000000000000000000e+01
4.524242604961833081e+01 9.666915044529750158e-06 1.993543319119752411e-01 9.704239040840675475e-07 2.617485687022901288e+02 8.234434637404581281e+01 1.740231327996909613e-06 0.000000000000000000e+00 inf 0.000000000000000000e+00 -2.000000000000000000e+01
4.075723035537113725e-08 1.134152980446436532e+00 3.611933862527718312e-08 1.476790808943269855e-10 -1.332217118403818401e-01 1.553649810152213317e-10 1.309628190839622030e-05 3.645312628767030355e-10 inf 0.000000000000000000e+00 -8.000000000000000000e+01
3.333088207032963712e-01 4.912530702351720069e-01 3.055814754270204034e-02 1.779195516785540221e+00 -4.076355263653554939e-01 2.003115643836404974e-09 0.000000000000000000e+00 1.315220638717639485e-07 inf 0.000000000000000000e+00 -9.000000000000000000e+01
6.803680684652931854e-01 3.567416642174214281e-01 1.749840441572795072e-02 0.000000000000000000e+00 -1.663289193925108211e-01 -1.871902249088840659e-06 0.000000000000000000e+00 0.000000000000000000e+00 inf 0.000000000000000000e+00 -9.000000000000000000e+01
5.305252139446214388e-05 1.789150406692168150e-09 1.385701103738484763e+00 6.843006382763958118e-04 -4.897193673439417805e-01 -4.613262729953229832e-04 2.903703119057780954e-09 8.899752683201438976e-05 inf 0.000000000000000000e+00 -9.000000000000000000e+01
1.925674667075910063e-01 5.340202313090558484e-02 1.397829402038950564e+00 3.323332542273969240e-03 -1.623787427106765102e-01 0.000000000000000000e+00 0.000000000000000000e+00 -2.858780681525994929e-05 inf 0.000000000000000000e+00 -9.000000000000000000e+01
3.674714095856849716e-01 3.860404435807063273e-01 7.299787347257477985e-10 1.103159883401005435e-09 -5.609802901653807572e-01 1.925315630010104861e-01 4.473804834069819984e-07 2.062144415704057587e-08 inf 0.000000000000000000e+00 -9.000000000000000000e+01
9.996666675321528306e-01 7.783334322611552768e-09 1.203355958192527941e-07 1.340948984419968065e-09 -8.069716249648004741e-03 -3.731336304472954471e-09 5.502263495853672870e-10 7.783334322611552768e-09 inf 0.000000000000000000e+00 -9.000000000000000000e+01
9.185511340430162486e-01 6.508695660384646031e-02 8.708818137134385351e-01 8.906423144295997944e-09 -1.962348823663504632e-03 3.070803562634571328e-08 9.562110737741103508e-10 3.024905431093413806e-07 inf 0.000000000000000000e+00 -9.000000000000000000e+01
1.003006616364847448e+00 2.614151091016052154e-07 2.073249563187446352e-09 6.130784622485265911e-10 -4.639943909814090925e-03 -9.379257247766683989e-06 1.292222414309071187e-07 -6.188804666231183450e-10 inf 0.000000000000000000e+00 -9.000000000000000000e+01
4.612604356098130021e-01 6.457646098537381807e-01 3.202053470416335590e-02 2.644782910653363951e-03 -1.836804948946219596e-01 4.065689212928673951e-10 8.468907341647652593e-10 -3.533584408510888619e-01 inf 0.000000000000000000e+00 -9.000000000000000000e+01
1.002391452935498695e+00 3.003285403871106332e-03 6.409450557041994692e-05 2.540271533933166832e-09 -3.183082977938777973e-03 0.000000000000000000e+00 1.989426861211736233e-04 0.000000000000000000e+00 inf 0.000000000000000000e+00 -9.000000000000000000e+01
1.003361268348981206e+00 1.655853923905291550e-05 3.154007474105317084e-04 1.231593659861839551e+00 -2.582080785467553031e-03 -1.195137312931549888e-09 1.477126833705990250e-04 1.331495261386827215e-09 inf 0.000000000000000000e+00 -9.000000000000000000e+01
4.458408237467382240e-01 1.116115724883258711e-06 8.252529773829898190e-09 8.626192695783447759e-03 -5.607841611189441355e-01 -8.356335179790022009e-09 1.368933791099141960e-09 4.058791373040868116e-08 inf 0.000000000000000000e+00 -9.000000000000000000e+01
9.349783937641064080e-01 -1.077340101339721102e-03 8.850998392850588370e-02 8.853399825452989330e-10 -6.772725289556942585e-02 5.455944440516983330e-05 -2.775105849692104457e-02 5.428336406559224817e-07 inf 0.000000000000000000e+00 -9.000000000000000000e+01
1.942117948923771653e-01 2.212699486078515700e-04 3.276097954245150157e-01 1.684501719094471667e-09 -7.964645325889406768e-01 -7.912076950220147016e-04 5.203319843797240316e-09 6.220598105393554276e-08 inf 0.000000000000000000e+00 -9.000000000000000000e+01
2.668229919439417119e-01 1.230998480037788186e-04 1.338038827248295926e+00 2.379736429654155448e-08 -4.335873619089052888e-01 1.152564238362228835e-06 2.770024898153946105e-09 1.867391455087950463e-09 inf 0.000000000000000000e+00 -9.000000000000000000e+01
3.164579338641900219e-01 6.290210008500515260e-01 5.511236632834817240e-01 1.454578357012686942e-09 -1.587158252918860757e-01 -1.495059889342516370e-07 -1.207916690486844637e-09 0.000000000000000000e+00 inf 0.000000000000000000e+00 -9.000000000000000000e+01
2.621531276548274420e-02 7.632006844206705720e-01 9.907942769510771908e-02 -4.940522896455423789e-06 -5.014417719953992991e-01 8.212817282419405864e-04 0.000000000000000000e+00 1.260695524004199558e-07 inf 0.000000000000000000e+00 -9.000000000000000000e+01
5.055109035695338759e-01 3.658395385417071653e-05 8.942352479438741078e-03 7.977946563379396982e-05 -5.019001114011800713e-01 -1.741936749971728086e-09 0.000000000000000000e+00 -5.974506771177164175e-07 inf 0.000000000000000000e+00 -9.000000000000000000e+01
3.608845678891549596e-03 2.811529986884224641e+01 3.411243177741868533e-03 3.026600809138828945e-06 1.990222439200469466e+02 -1.891625505711768090e-07 -2.335967067456143151e-06 0.000000000000000000e+00 inf 0.000000000000000000e+00 -2.000000000000000000e+01
4.456369879096885311e-01 2.881356082756560797e-05 5.490119141916235176e-04 2.186069795636098601e+00 -4.515135196183877042e-01 0.000000000000000000e+00 -5.178693568291160843e-02 4.333989958503125632e-07 inf 0.000000000000000000e+00 -2.000000000000000000e+01
1.216643795784087406e-01 -9.156402269309308478e-03 1.485231595683827122e+00 0.000000000000000000e+00 -1.157706034050602212e-01 8.932966495037391683e-09 8.330744034697791221e-09 8.406021842240241279e-10 inf 0.000000000000000000e+00 -9.000000000000000000e+01
2.289948921235156545e-02 6.622954475203562952e-01 7.856498102514204718e-02 1.096789162675756296e-02 -5.506891193351077796e-01 -1.171132193785995868e-01 -1.723240540331194290e-09 2.026535959153196842e+00 inf 0.000000000000000000e+00 -3.000000000000000000e+01
9.071315485380130328e-01 1.451897063646185313e-09 2.237884321432179903e-06 3.261962462157004444e-08 -9.811415326627460909e-02 1.473144337748324582e-08 0.000000000000000000e+00 0.000000000000000000e+00 inf 0.000000000000000000e+00 -9.000000000000000000e+01
6.856265486189079272e-01 5.794027171427390543e-01 4.655914691325581563e-03 1.349180612775235266e+00 -8.962678933222884575e-09 5.267629533574229758e-10 6.912157778202281632e-10 5.262490382809766824e-09 inf 0.000000000000000000e+00 -9.000000000000000000e+01
4.290057062609738958e-01 1.606862255205141279e-04 1.424950599023791842e+00 3.107329546730238710e-08 -1.098818017420809473e-03 4.389102984756462427e-08 3.600941792434782235e-09 0.000000000000000000e+00 inf 0.000000000000000000e+00 -9.000000000000000000e+01
1.906893988845784482e-01 4.159169286895780110e-02 2.189036466787252708e-02 2.210440378906949999e+00 -4.368343882611006035e-01 0.000000000000000000e+00 0.000000000000000000e+00 0.000000000000000000e+00 inf 0.000000000000000000e+00 -2.000000000000000000e+01
7.220757981266924475e+00 1.365349330981357813e-08 3.279167348437955775e-05 5.589489798473789216e-07 5.470271197929488238e+00 4.188664802986007629e+00 1.683703380361597894e-04 1.999457385403914569e-03 inf 0.000000000000000000e+00 -2.000000000000000000e+01
4.358488974186711107e-01 1.085556773782884229e-04 1.200050327421811946e+00 1.095062851300557113e-08 -4.788474433523516316e-01 -4.284966957613319015e-04 -1.826216652581034994e-02 0.000000000000000000e+00 inf 0.000000000000000000e+00 -9.000000000000000000e+01
6.672224982604141319e-01 6.251264415878328151e-01 3.098006670747782340e-02 5.819553733117475432e-05 -9.722380276431137613e-04 -6.965318520253049494e-07 2.087588259672383737e-05 0.000000000000000000e+00 inf 0.000000000000000000e+00 -9.000000000000000000e+01
6.228453693185783679e-01 9.805728846414936140e-01 7.514427080925074052e-05 5.476672115464958514e-08 -2.996194925293452563e-02 7.089368054603849571e-09 1.474491078386838572e+00 5.919081152460274559e-10 inf 0.000000000000000000e+00 -1.000000000000000000e+01
2.970454777705464067e-01 8.176221601410612605e-01 4.185858343453378355e-10 4.213360323378025230e-06 -2.366800989882019424e-01 -5.544855144185799187e-06 8.696200606763480889e-02 1.812565723531131090e-07 inf 0.000000000000000000e+00 -9.000000000000000000e+01
8.425349807310106298e-01 3.635130763637827722e-01 3.252591367688837037e-09 7.029363779075686620e-05 -3.325988053580354446e-04 1.186499769341744968e-09 8.543061584009388660e-05 1.164351773647365728e-08 inf 0.000000000000000000e+00 -9.000000000000000000e+01
1.682078275418111835e-08 4.039315997024808139e-08 5.005492445880886848e-09 0.000000000000000000e+00 -1.007738735410943276e+00 0.000000000000000000e+00 0.000000000000000000e+00 0.000000000000000000e+00 inf 0.000000000000000000e+00 -9.000000000000000000e+01
2.165335986870444429e-01 9.268762873668812130e-01 4.738430049190518051e-02 0.000000000000000000e+00 -5.961704275539405490e-02 -7.733342810251588040e-02 9.420001852211936286e-09 6.796883329322684902e-06 inf 0.000000000000000000e+00 -9.000000000000000000e+01
9.764475946791107974e-01 6.786310783019820769e-02 1.668733682312933573e-04 8.366366728253495033e-10 -5.034807910064165171e-03 8.939644726676430097e-06 2.757263469572238848e-09 9.203003401078843916e-10 inf 0.000000000000000000e+00 -9.000000000000000000e+01
6.827811282155206163e-01 5.731619875555610082e-03 2.754913728027370097e-09 4.533217827600593306e-09 -3.228048313912919576e-01 5.976267875614929610e-10 3.335981880694476207e-06 2.273897045355924304e-08 inf 0.000000000000000000e+00 -9.000000000000000000e+01
7.106992150074223913e-01 5.723329961564198598e-01 2.030943553210738661e-02 8.066449193195878191e-04 -1.110672255662122732e-04 1.138311104420535076e-03 -1.975345961611062409e-06 9.340657302025992640e-09 inf 0.000000000000000000e+00 -9.000000000000000000e+01
9.444421448448138134e-01 1.033557794698847796e-03 7.717231533751396644e-02 1.033592402931889036e-09 -5.868311478790124575e-02 -1.826669852436505230e-03 0.000000000000000000e+00 -9.061574415328440234e-04 inf 0.000000000000000000e+00 -9.000000000000000000e+01
3.940620258173703316e+00 7.173636878656772353e+00 1.869049608520777994e+01 -6.050140966203783052e-06 -4.221221700706196067e+00 -1.605528253794610904e+01 5.117077186173063819e+05 -1.154180738168106337e-05 inf 0.000000000000000000e+00 -2.000000000000000000e+01
1.175403126866609999e-01 8.560495507196742393e-06 8.934604565351869678e-06 2.487816434165524351e-02 -8.912872790227791553e-01 1.775126849931843874e-08 9.670787923357502684e-11 1.925561328739627203e-06 inf 0.000000000000000000e+00 -9.000000000000000000e+01
9.947848555522008640e-01 9.727888725044307935e-09 8.449366206895626556e-07 1.354744695404570473e-03 -1.156655975236170995e-02 1.145111472776644252e-06 -1.581505719064122904e-09 5.651440116454311599e-08 inf 0.000000000000000000e+00 -9.000000000000000000e+01
6.073366018094762675e-02 1.063971375644533479e+00 5.166181252402562246e-09 1.322223349041273519e-09 -1.511135816027646128e-01 3.782282779906241060e-06 0.000000000000000000e+00 -7.946845027066368194e-02 inf 0.000000000000000000e+00 -8.000000000000000000e+01
1.003117952295337512e+00 1.777429329174589693e-07 1.456375340396980525e-07 8.960576113414928851e-10 -1.048218008577098299e-03 7.305141483780381167e-08 0.000000000000000000e+00 -1.826689500677890710e+00 inf 0.000000000000000000e+00 -9.000000000000000000e+01
5.282732252888585611e-01 2.880584190726040439e-01 5.581754833240769598e-01 3.722208161675624998e-03 -5.123253543367420892e-01 4.455436447247543286e-01 0.000000000000000000e+00 1.416939207196154378e-08 inf 0.000000000000000000e+00 -9.000000000000000000e+01
6.957330242456192249e-01 5.911380256681528778e-01 3.981073681810870513e-02 3.514771145798486568e-05 -1.014979830878542571e-05 1.203964625885114040e-10 -3.800150164611923836e-09 1.487854012102342715e-11 inf 0.000000000000000000e+00 -9.000000000000000000e+01
7.498450728742153126e-01 5.891684059740804919e-05 1.054430029236079633e+02 2.036949849976033163e-05 7.153945457023421768e+05 3.993453072965670939e-03 5.156835063230463838e-07 2.578417531615231919e-07 inf 0.000000000000000000e+00 -2.000000000000000000e+01
2.286944798375593613e-01 2.417408092242657736e-01 1.818262805383274209e-09 8.976957875634404239e-10 -6.784091281087331060e-01 2.137030577081757113e-10 2.183928034722491798e-06 6.089465055764739498e-10 inf 0.000000000000000000e+00 -9.000000000000000000e+01
2.357819339107004336e-09 1.170988045406992528e+00 1.233780694991846159e-04 4.571776361701176874e-05 -7.114243013296671359e-02 -2.495511114465708192e-07 9.991792548153713303e-09 8.456468327339851322e-09 inf 0.000000000000000000e+00 -9.000000000000000000e+01
5.121449477799977501e-02 0.000000000000000000e+00 0.000000000000000000e+00 3.881695616336270326e-04 2.426496898854962225e+01 5.393317466928759910e-06 1.306339870882398520e-07 1.912854810934940737e-07 inf 0.000000000000000000e+00 -3.000000000000000000e+01
6.482874859379069710e-01 1.239376473938544910e-09 4.753069307958211406e-03 2.054509338416875496e-06 -3.832732609171362048e-01 0.000000000000000000e+00 5.414269113327574434e-01 1.005832298977962662e-09 inf 0.000000000000000000e+00 -1.000000000000000000e+01
1.896202530823010712e-01 3.879254032523410944e-01 1.677003375122213598e-09 5.084283503447194208e-02 -6.412349016447279615e-01 0.000000000000000000e+00 -3.572394649577062490e-10 1.980913054292271348e-07 inf 0.000000000000000000e+00 -9.000000000000000000e+01
2.253032047810572258e-01 3.057192033746935183e-06 2.655498412752512784e-03 1.633253335696591424e-01 -7.811550560229043594e-01 -3.315923266174934642e-07 6.203415863710113736e-09 3.011096239463785663e-08 inf 0.000000000000000000e+00 -9.000000000000000000e+01
6.820344962838276182e-01 7.453933487255969055e-07 6.973225993252995668e-08 -3.361428753396557407e-10 -3.584414870980699441e-01 9.396643151355653367e-02 1.020019759651369061e-08 -1.122618824175205310e+00 inf 0.000000000000000000e+00 -9.000000000000000000e+01
9.912640871637640183e-01 1.519301411845663019e-07 6.897736274734026507e-01 1.412432988162970757e-09 2.519558055650984382e-02 -1.209342141730053173e-05 1.497519312751101431e-09 -1.027808385308050243e-01 inf 0.000000000000000000e+00 -9.000000000000000000e+01
7.396406824384889056e-01 1.325941223395827873e-01 5.285724876938470151e-01 3.153479472096263280e-04 -2.931502704786693725e-01 2.651882446791655745e-01 4.502688032404929405e-10 5.611558965758381775e-10 inf 0.000000000000000000e+00 -9.000000000000000000e+01
3.998899381462205360e-01 2.472912137667559215e-07 1.037214527066759429e+00 1.380460992513215899e-07 -5.394348644784954239e-01 -5.288456679951707968e-08 0.000000000000000000e+00 0.000000000000000000e+00 inf 0.000000000000000000e+00 -9.000000000000000000e+01
4.849248323878865841e-01 8.368864042823204175e-01 9.356617308391523380e-05 2.389223119893303615e-09 -1.348116697902941932e-03 0.000000000000000000e+00 0.000000000000000000e+00 0.000000000000000000e+00 inf 0.000000000000000000e+00 -9.000000000000000000e+01
1.007738022885509288e+00 0.000000000000000000e+00 0.000000000000000000e+00 0.000000000000000000e+00 -7.468655075714370374e-07 6.547877930313799048e-10 1.839226156425920411e-08 1.559850031399198252e-08 inf 0.000000000000000000e+00 -9.000000000000000000e+01
1.008045397363312112e+00 9.164175828853459017e-08 4.535732161206848545e-07 1.126386038411341696e-02 -2.356788895674254175e-09 -5.905901251571417376e-09 2.094994779364974541e-05 0.000000000000000000e+00 inf 0.000000000000000000e+00 -9.000000000000000000e+01
5.083336304228190367e-10 1.180751478168538871e+00 8.175351373437828029e-02 1.800168611426090914e-02 -1.496825281876390697e-02 1.259600347431377222e-06 1.126348592508313873e-02 0.000000000000000000e+00 inf 0.000000000000000000e+00 -9.000000000000000000e+01
4.388206894738192476e-01 8.621275161884630611e-01 1.893782075094656671e-04 0.000000000000000000e+00 -2.332620079147448289e-01 2.343701409689716297e-01 2.303489462504399679e-09 7.199436599655328583e-09 inf 0.000000000000000000e+00 -9.000000000000000000e+01
3.021380009541985245e+01 -1.571743797709924024e+02 2.041388358778626468e+02 1.528790888895515602e-04 -2.180152671755725532e+04 5.991572519083970785e+07 1.236357377799412969e-06 9.144379096176790433e-07 inf 0.000000000000000000e+00 -2.000000000000000000e+01
5.523497557398061808e+00 6.867450884661090467e-09 6.708837975599452183e-04 1.122661034508191989e-06 4.515459253172915410e+00 3.674163385663173822e-06 3.560066785041719750e-03 1.421073638118072100e-09 inf 0.000000000000000000e+00 -2.000000000000000000e+01
3.220583064342831814e-01 2.895471074443693805e-09 1.421363711071669256e+00 3.214407577962568013e-05 -1.250545551579929360e-01 0.000000000000000000e+00 -4.995963944569093783e-10 1.569534950177035163e-08 inf 0.000000000000000000e+00 -9.000000000000000000e+01
5.544343256430720457e-01 1.980670396580712525e-09 2.957801125560530969e-07 4.327140280818223918e-09 -4.538458086797501068e-01 0.000000000000000000e+00 8.832719336103177811e-10 1.155391064672082410e-09 inf 0.000000000000000000e+00 -9.000000000000000000e+01
5.677031521728920227e-01 2.304467097523832676e-09 3.303445066523293810e-02 8.507135732655473758e-05 -4.385017451266476352e-01 5.269166935535202326e-05 1.764813410129010935e-09 1.919416898950230110e-08 inf 0.000000000000000000e+00 -9.000000000000000000e+01
2.411481861431777618e-01 6.078754277118594285e-01 9.819750357024300831e-05 6.438201573445218040e-02 -4.595465434049236797e-01 -2.212984605699587047e-07 2.053172056549225702e-02 6.970547569270723054e-01 inf 0.000000000000000000e+00 -1.000000000000000000e+01
2.815972485179167872e-01 5.567945595695172889e-01 8.618582454639271972e-01 0.000000000000000000e+00 -5.416817189555843642e-08 5.709274455658624124e-08 -7.405526599054749779e-06 0.000000000000000000e+00 inf 0.000000000000000000e+00 -9.000000000000000000e+01
2.314108323936560786e-03 -5.894690093932192189e-07 8.583925080789985840e-01 1.207042286960442852e-08 -9.551127906794490974e-01 0.000000000000000000e+00 -1.399020561145849055e-09 5.903337561062655100e-06 inf 0.000000000000000000e+00 -9.000000000000000000e+01
3.127297162230696019e-04 1.806776866593649117e-04 2.837450108170290041e-03 2.249457221238485349e+00 -1.508425089762786275e-01 -1.420631942598700155e-04 6.892306772589298696e-10 4.746417065028513835e-10 inf 0.000000000000000000e+00 -2.000000000000000000e+01
2.507390968323335745e+00 6.248451614035480095e-06 3.883653003185129501e-04 1.534888580070314057e-08 -5.065181755105432337e+00 3.155028635518408819e+01 3.104822352362529491e+05 1.586145409716698950e-06 inf 0.000000000000000000e+00 -2.000000000000000000e+01
9.254656411580990394e-01 5.567254247591689464e-02 8.242428366564319431e-01 8.209664590685528760e-09 -3.886232672831861287e-03 -7.800258744955803947e-09 0.000000000000000000e+00 6.976060134473595163e-10 inf 0.000000000000000000e+00 -9.000000000000000000e+01
1.691304191739121665e-01 2.375427235588653818e-01 7.629813127005182850e-07 2.181592373164619847e+00 -2.427686634771604457e-01 8.335904985385060337e-10 0.000000000000000000e+00 0.000000000000000000e+00 inf 0.000000000000000000e+00 -2.000000000000000000e+01
1.656934451930225030e-07 1.861049565573803326e-09 7.758595090892423003e-03 2.248072599480326339e+00 -1.494843038154442011e-08 7.834418332496172725e-09 1.654683182294450145e-09 5.403047125859429679e-10 inf 0.000000000000000000e+00 -2.000000000000000000e+01
6.158265058864565988e-01 2.601336102451411517e-02 1.096120690678052666e-07 2.753965516625856390e-03 -3.790518320714914013e-01 5.531232584599411456e-08 6.059294423110824461e-06 -1.380300789055850963e+00 inf 0.000000000000000000e+00 -8.000000000000000000e+01
5.381165348814278548e-01 1.483384156585393077e-01 1.470020335354894070e-01 1.213404794998578165e-08 -4.009146369149710898e-01 3.719422901066626213e-05 2.784129423020632725e-05 -1.931623606917868115e-09 inf 0.000000000000000000e+00 -9.000000000000000000e+01
9.878865013093400815e-01 5.981344050896394982e-02 2.870080411518834487e-02 -2.901916597596186254e+00 -1.296359849740649989e-03 2.428908239544050612e-07 0.000000000000000000e+00 3.089804357753321585e-08 inf 0.000000000000000000e+00 -2.000000000000000000e+01
9.119563889996950001e-01 2.156520248879148782e-01 8.635950653406201938e-02 3.915574724270390538e-07 -1.449515643119327192e-06 3.929693383131942026e-08 0.000000000000000000e+00 1.155376916836996133e-07 inf 0.000000000000000000e+00 -9.000000000000000000e+01
8.817178920702135651e-08 1.958947142816865668e-07 4.245887207794166694e-03 -3.242513714532157978e-04 -4.740115387769468024e-05 -1.153133660585740120e-05 -1.527514451088078928e+00 3.390301133911283031e-09 inf 0.000000000000000000e+00 -9.000000000000000000e+01
4.239140716088536931e-01 3.661123116006640560e-03 1.430709991679881110e+00 3.550048295321699577e-06 -4.490858469671300291e-08 2.360971620746331735e-04 -2.072703909079061705e-09 3.030095714701294813e-08 inf 0.000000000000000000e+00 -9.000000000000000000e+01
8.386214765977885177e-01 4.939569380774643388e-05 1.014162795569673167e-04 6.517662152708938000e-10 -1.690926753513023462e-01 0.000000000000000000e+00 0.000000000000000000e+00 0.000000000000000000e+00 inf 0.000000000000000000e+00 -8.000000000000000000e+01
1.003175004500638234e+00 1.227351494303552046e-02 6.284631145530235915e-05 0.000000000000000000e+00 -5.848519333501254330e-07 5.447025927287951693e-10 3.604420804054106172e-05 1.060495403837032936e-08 inf 0.000000000000000000e+00 -9.000000000000000000e+01
7.274252170259334349e-01 6.572876422087912566e-09 1.167694354838362016e-02 -8.917488323747106488e-04 -2.780356262644715359e-01 9.412754397417685888e-06 7.254905754912900065e-04 1.618344310039890952e-07 inf 0.000000000000000000e+00 -8.000000000000000000e+01
8.732696741610207480e-01 1.356488843224974185e-02 1.238269108283009956e+00 2.800339965216095347e-05 -4.736634513655477293e-05 4.863638779735909834e-04 -4.352403097438940504e-10 1.404205962823366210e-09 inf 0.000000000000000000e+00 -9.000000000000000000e+01
1.911606817050970908e-01 2.177937454322395150e-04 2.569211932046981258e-05 2.224415205295675158e+00 -1.491632592092803078e-01 -8.655180013281206812e-04 -2.739487042112186826e-02 0.000000000000000000e+00 inf 0.000000000000000000e+00 -2.000000000000000000e+01
3.889429471364452048e-04 1.428891010059196590e-04 4.055631433165196031e-01 1.099204274551533285e-09 -9.859798574042333286e-01 -1.766844485467388185e-04 8.571983951749610890e-10 6.739614949546586486e-07 inf 0.000000000000000000e+00 -9.000000000000000000e+01
2.407474113967143226e-01 6.960740372991957026e-01 5.495321347098913733e-01 1.303037871081360914e-09 -1.369468970626237236e-01 5.357207869774501084e-07 -1.075574901067158271e-09 1.569494493097998468e-09 inf 0.000000000000000000e+00 -9.000000000000000000e+01
5.267625622555981435e-01 6.544011831098392462e-02 7.755818975518121838e-04 2.811283434654732263e-08 -4.554470153656094977e-01 -2.364955961523980810e-07 1.423271923017529680e-02 -2.119330939784817247e-09 inf 0.000000000000000000e+00 -9.000000000000000000e+01
3.893958056645061561e-01 9.703795224364353120e-07 6.031281954835690051e-05 2.383669650215702846e-09 -6.183370582411253924e-01 0.000000000000000000e+00 -2.740855622266373873e-09 0.000000000000000000e+00 inf 0.000000000000000000e+00 -9.000000000000000000e+01
1.007733515227980714e+00 0.000000000000000000e+00 0.000000000000000000e+00 0.000000000000000000e+00 -5.259697653533538931e-06 0.000000000000000000e+00 1.149511205927843722e-09 0.000000000000000000e+00 inf 0.000000000000000000e+00 -9.000000000000000000e+01
1.421077802481151009e-01 1.928293803588739457e-06 2.555739598628071554e-08 1.030158476193083483e-01 -8.654314644867909800e-01 3.421408460842277448e-05 -2.978726225777157927e-06 1.682333176161138923e-08 inf 0.000000000000000000e+00 -9.000000000000000000e+01
2.474257694249515915e-01 5.692795730130668719e-07 3.721716202671484326e-04 1.962635646470023421e-02 -7.602630714747038443e-01 0.000000000000000000e+00 4.798805439754133023e-10 7.065000564103532885e-07 inf 0.000000000000000000e+00 -9.000000000000000000e+01
9.459394033768908638e-01 2.829625139801130970e-07 9.302716699876255602e-01 9.251146548235958746e-09 -3.932233868204272620e-03 0.000000000000000000e+00 -3.246656320161673464e-09 0.000000000000000000e+00 inf 0.000000000000000000e+00 -9.000000000000000000e+01
3.828429918246115671e-01 1.249388719364337560e-04 1.271620266516178210e+00 2.772968571032354646e-08 -4.632884812459856505e-01 -3.246684035250381621e-08 1.010978124855545913e-09 3.198157085257315486e-07 inf 0.000000000000000000e+00 -9.000000000000000000e+01
4.374661584171439799e-01 1.808868185034635870e-06 1.288269646369910815e+00 2.721049996149801226e-03 -3.745213874218714656e-01 5.465123042451160963e-08 7.519233934264897566e-09 5.100104097825203059e-10 inf 0.000000000000000000e+00 -9.000000000000000000e+01
7.050509372141693376e-01 1.914376716939135137e-01 1.205067981212088962e-07 6.863740911952509460e-01 -2.684796615219518789e-02 -1.233455263910387574e-06 0.000000000000000000e+00 -1.494147681513471326e+00 inf 0.000000000000000000e+00 -8.000000000000000000e+01
9.804632693608079652e-01 5.936398701208016326e-02 2.968199350604008163e-02 1.902349117368785580e-09 -2.383735365572439615e-03 6.301531451284101638e-10 1.293597399810774120e-09 1.500572983780498103e-07 inf 0.000000000000000000e+00 -9.000000000000000000e+01
4.293179025883323008e-01 5.933786725060163914e-01 2.742007565272333526e-05 1.729537836141567198e+00 -7.696337957952106889e-04 3.015886627225996313e-08 3.712739219122912254e-10 -3.273549007236033481e-01 inf 0.000000000000000000e+00 -9.000000000000000000e+01
2.399292577860680231e-01 1.374750293624669490e-07 5.062458473856751295e-01 7.063070894152168459e-09 -7.407999079504666851e-01 0.000000000000000000e+00 1.441740244373329191e-09 9.211118227940714330e-10 inf 0.000000000000000000e+00 -9.000000000000000000e+01
6.827811272401179687e-01 5.731619867367573028e-03 2.754913724091775023e-09 4.533217821124560722e-09 -3.228048309301417285e-01 5.976267867077395849e-10 3.306129689119576921e-06 1.887626070211030828e-09 inf 0.000000000000000000e+00 -9.000000000000000000e+01
4.311998261944216537e-01 6.490520199173141265e-08 4.781449685623627432e-02 3.568009507300928744e-09 -5.742707362681468419e-01 -1.208089526123467905e-08 2.798148534771267695e-09 1.384269248683140445e-09 inf 0.000000000000000000e+00 -9.000000000000000000e+01
9.270081451658064298e-01 2.920891347669175506e-02 2.898099998344446648e-01 5.344508077042569277e-10 -4.942124169362218516e-02 -5.081079240132125721e-06 4.915517462162898275e-10 -1.731182912918338257e+00 inf 0.000000000000000000e+00 -8.000000000000000000e+01
4.572724474901201930e-01 3.018559317986099059e-05 5.749636796163997820e-04 2.237298670123335054e+00 -3.159693735875938048e-01 -3.743253122502602802e-09 0.000000000000000000e+00 -2.398021531603229830e-09 inf 0.000000000000000000e+00 -2.000000000000000000e+01
1.002988775973118862e+00 1.265322051400913014e-02 6.479058696932386201e-05 0.000000000000000000e+00 -6.029454899489008656e-07 5.851793009848394008e-10 7.723639842191202815e-10 4.725050256399323795e-10 inf 0.000000000000000000e+00 -9.000000000000000000e+01
1.346845862266935747e-03 -1.442301191547600947e+00 6.628758001557155666e-01 1.134385669909334683e-02 -1.364601464056820923e+00 -2.300933490096023696e-10 5.481535901712787485e-09 -9.836914675103392553e-10 inf 0.000000000000000000e+00 -1.000000000000000000e+01
2.160364980916030930e+01 6.246272662213741711e+01 3.745537677794013448e-02 1.357660365809921307e-06 -1.029304329675572660e+01 4.905343511450383085e+04 6.873443836474237845e-01 -4.855035457632128513e-08 inf 0.000000000000000000e+00 -2.000000000000000000e+01
3.684684997080437951e-01 8.694837825650138921e-06 1.005250814380984588e-09 6.041710478310079400e-09 -6.396832318351540758e-01 -4.525077858781863110e-06 6.237657845174190879e-08 0.000000000000000000e+00 inf 0.000000000000000000e+00 -9.000000000000000000e+01
1.437608510905704629e-01 8.669885173462096306e-01 1.367571173194913892e-01 8.156852228117950508e-10 -2.513971806250488994e-01 6.459567825095427264e-09 0.000000000000000000e+00 2.328959828095630194e-08 inf 0.000000000000000000e+00 -9.000000000000000000e+01
5.630473830006244018e-01 1.699579400089560113e-02 2.715095722134774209e-02 2.063887459222641976e-09 -4.378003699483812849e-01 4.506794441368192810e-04 -1.708814747500737795e-06 2.562415061389251829e-08 inf 0.000000000000000000e+00 -9.000000000000000000e+01
8.352276731666450349e-01 1.921699806184600342e-06 1.256328462216527771e-03 6.789301567243602453e-02 -1.690146372026806176e-01 -1.736063291926743399e-09 9.242703159835337246e-09 4.572448388595788457e-09 inf 0.000000000000000000e+00 -9.000000000000000000e+01
6.817480554492775235e-01 6.123485527987523325e-01 1.162771231985477972e-04 6.235214736250252186e-10 -3.508246917076184978e-03 1.847975707976920367e-06 6.732004203040923566e-09 6.792835566321413665e-10 inf 0.000000000000000000e+00 -9.000000000000000000e+01
4.559832577576321266e-02 1.013699831987086575e-01 1.602299734431201217e-01 0.000000000000000000e+00 -1.998333002125080859e-01 -8.719998554727625972e-01 4.147191155032168540e-09 3.378390705926988651e-08 inf 0.000000000000000000e+00 -9.000000000000000000e+01
5.079959207243964769e-01 7.879120403072271683e-01 6.717122931347249692e-02 5.548105958166639137e-03 -1.471395497421322789e-03 1.313116272541141690e-09 8.432266259945566311e-10 0.000000000000000000e+00 inf 0.000000000000000000e+00 -9.000000000000000000e+01
8.323914277095582070e-01 -1.046719759395252858e+00 8.411140923711852777e-03 2.437361725448945915e+00 -4.240099704290869475e-06 0.000000000000000000e+00 1.435929729453123190e-04 0.000000000000000000e+00 inf 0.000000000000000000e+00 -2.000000000000000000e+01
9.065070608583560841e-01 3.238420885378982500e-09 1.274362380841026625e-07 1.086767369192496392e-09 -1.000975669252342354e-01 -3.013328344173463614e-03 1.801553961010379931e-09 7.789715102668363008e-09 inf 0.000000000000000000e+00 -9.000000000000000000e+01
3.667375078203262695e-01 3.852694563538002215e-01 9.156471472106935782e-10 5.566553291772947025e-09 -5.598599188533704973e-01 1.877578996154596058e-01 1.108223729758974453e-09 1.918498784631929244e-09 inf 0.000000000000000000e+00 -9.000000000000000000e+01
2.067526208210788974e-02 3.643444884298512511e-09 2.853031664693046830e-07 7.161431358875051424e-03 -9.857006108014798595e-01 1.440232330734470906e-07 0.000000000000000000e+00 0.000000000000000000e+00 inf 0.000000000000000000e+00 -9.000000000000000000e+01
4.256564402831904383e-06 9.626957428583831330e-08 4.358009760681498008e-07 1.246085677043511586e+00 -1.386650219880737056e-01 2.628327590969208121e-10 0.000000000000000000e+00 -1.015972294174849244e+00 inf 0.000000000000000000e+00 -9.000000000000000000e+01
5.733776493808930841e-01 7.452755764588671061e-01 3.618733359854645806e-09 9.347678215776549854e-10 -2.258909289739787635e-04 8.058343289462542585e-10 5.802185956189479822e-05 1.272143793963153466e-09 inf 0.000000000000000000e+00 -9.000000000000000000e+01
5.048479511430586930e-01 7.324573664041664767e-01 1.638444847017098074e-09 3.499157169312033143e-05 -8.150299550233276735e-02 2.017237994995183568e-06 -6.964984417767236780e-10 2.601110885536871939e-08 inf 0.000000000000000000e+00 -9.000000000000000000e+01
5.491222607343946294e-01 6.827322934571810472e-10 6.669636833871125687e-05 1.112828067837322848e-07 -4.598898933650555354e-01 0.000000000000000000e+00 -1.437061980984778091e-09 1.036893917326070240e-06 inf 0.000000000000000000e+00 -9.000000000000000000e+01
4.381057304058447732e-01 7.920041256167998922e-01 9.587118905634395283e-02 5.447301999813458379e-10 1.206213179818689529e-01 -1.564663322878017127e-01 7.162460279287798179e-08 1.824528234023122735e-08 inf 0.000000000000000000e+00 -9.000000000000000000e+01
5.119971877886179135e-01 2.229152413368217088e-09 1.043615666981686368e-02 9.362088495202431379e-05 -4.951413132935193473e-01 -2.009376823317829546e-09 0.000000000000000000e+00 -6.972537576912868252e-07 inf 0.000000000000000000e+00 -9.000000000000000000e+01
5.112112643981563398e-01 3.621644394561785026e-05 1.020763954957618564e-07 3.210291755996774710e-09 -4.966052282724947031e-01 1.409263669157906068e-08 6.478395969463830338e-10 7.332436958835860654e-05 inf 0.000000000000000000e+00 -9.000000000000000000e+01
1.311035287297936947e+00 5.248463681242995770e-10 0.000000000000000000e+00 1.895278551559970702e-08 3.032992082554928359e-01 6.741360017241003814e-08 1.858830887106894568e-09 8.718281337175865161e-09 inf 0.000000000000000000e+00 -9.000000000000000000e+01
1.006878022747319523e+00 4.897266647603693707e-04 2.056851991993551357e-02 7.537199449827560252e-04 -1.037799670439454606e-04 1.063625100026427146e-03 -2.941229480738546598e-05 2.393578678986447151e-09 inf 0.000000000000000000e+00 -9.000000000000000000e+01
5.273757645650193338e-01 1.289287006466813115e-09 7.559212508153637138e-10 4.543201832311627226e-09 -4.810243790075469095e-01 -1.661491886309911058e-09 4.690548918764977580e-08 0.000000000000000000e+00 inf 0.000000000000000000e+00 -9.000000000000000000e+01
9.483511410868976643e-01 1.238006590830823006e-04 4.620902379950910937e-08 4.845367333959406386e-02 -4.677760287816156576e-02 -4.434206298889245952e-05 2.647429478853606261e-03 2.272670227120510935e-07 inf 0.000000000000000000e+00 -9.000000000000000000e+01
1.348329366732189977e-06 7.670081241895226242e-06 4.023993352271674336e-07 0.000000000000000000e+00 2.617485687022901288e+02 8.860627385496185582e+01 2.446065422232824964e-03 0.000000000000000000e+00 inf 0.000000000000000000e+00 -3.000000000000000000e+01
3.688692450268057683e-08 1.026453834066883397e+00 3.256225059546975131e-08 0.000000000000000000e+00 -2.752859554981870183e-01 0.000000000000000000e+00 1.853289714372286485e-10 0.000000000000000000e+00 inf 0.000000000000000000e+00 -9.000000000000000000e+01
4.630629873658401174e-02 2.975618848903582100e-08 1.502970153278840870e+00 4.812805881522752008e-05 -1.120171417056413099e-01 -1.161858243123130144e-08 1.076098910132423980e-10 9.298808902823694063e-10 inf 0.000000000000000000e+00 -9.000000000000000000e+01
1.024301426199751933e-06 4.576420584492410626e+00 2.017360910715021660e+00 8.009146455989711838e-05 -1.075516497509739488e-06 -1.339608126090806089e-04 1.774530430721546992e+01 5.688630542923214467e-09 inf 0.000000000000000000e+00 -2.000000000000000000e+01
1.183287320803396492e+00 6.089744749680007542e-03 7.028164432417581542e-02 3.470717742837606674e-05 -2.795292671984265717e-02 6.849265701410589546e-01 2.768774828555843587e-05 2.958218302008491229e-01 inf 0.000000000000000000e+00 -1.000000000000000000e+01
8.434118302875490691e-01 3.490833700700912701e-01 2.171455360512831306e-02 7.414411118140605517e-05 -6.808363600657807782e-03 -3.148102546764863022e-09 4.427019206388088431e-10 9.345929435708187736e-08 inf 0.000000000000000000e+00 -9.000000000000000000e+01
1.643755963740458270e+01 1.094059641864008823e-06 2.627609340289167438e-03 4.478879557311080676e-05 4.445968511450382721e+02 0.000000000000000000e+00 0.000000000000000000e+00 0.000000000000000000e+00 inf 0.000000000000000000e+00 -2.000000000000000000e+01
8.405492744451558210e-03 1.171102359901115934e-02 3.637559623432775517e-04 2.272694128117778600e+00 -2.313871598191720794e-02 -2.172021529712014730e-05 7.757859074967163611e-11 9.665726382752405643e-05 inf 0.000000000000000000e+00 -2.000000000000000000e+01
5.020918154851170545e-01 1.250546174577671116e-04 1.382441142187721628e+00 5.850360286958636074e-10 -1.670812572275498607e-08 9.415095945678950587e-10 -2.089703884516252649e-02 6.039081586537946849e-10 inf 0.000000000000000000e+00 -9.000000000000000000e+01
3.283837175963094657e-01 1.177375767967255848e-01 4.693484353937495968e-01 5.646598070863369928e-02 -6.039056660185788683e-01 -1.714802825750292156e-07 -5.560696913791593048e-06 6.135168967774952131e-01 inf 0.000000000000000000e+00 -1.000000000000000000e+01
7.088365531798214159e-01 4.346639241197017833e-01 5.403206933672600742e-01 0.000000000000000000e+00 -3.571316609119019419e-08 2.783586202764766867e-05 2.302223742664225026e-07 0.000000000000000000e+00 inf 0.000000000000000000e+00 -9.000000000000000000e+01
2.549150721730440439e-01 4.139088495367658662e-09 5.933368059200163497e-02 1.527979621726894036e-04 -7.489229016945984085e-01 1.068827915259496646e-07 8.240788971111337588e-05 -1.781212199485002811e-05 inf 0.000000000000000000e+00 -9.000000000000000000e+01
1.553143175383562465e-09 6.165699033003426699e-01 4.637554270159370172e-09 2.289610127091261434e-09 -6.811629407889500110e-01 -1.694019823967649080e-07 1.897152867762866323e-04 5.341208337880091861e-10 inf 0.000000000000000000e+00 -9.000000000000000000e+01
3.178227525922266983e-01 9.853155274638357719e-01 3.848888779155608484e-03 1.921489015504924370e-08 -6.862814961184040061e-06 1.757813791905966697e-09 7.398352544860250878e-06 2.062888912815266616e-09 inf 0.000000000000000000e+00 -9.000000000000000000e+01
5.185851362999637749e-11 -5.553389448332231894e-08 2.552315352516328813e-08 2.277499016388217168e+00 -2.458823947662250951e-08 3.805100177560973754e-08 2.110592698364379056e-16 -3.874644186353748813e-17 inf 0.000000000000000000e+00 -2.000000000000000000e+01
8.386229331229273498e-01 4.939577959862084518e-05 1.014164556976514947e-04 5.352502795968366090e-10 -1.690929690329445456e-01 5.625589673313690690e-10 3.734511839219402043e-05 1.095260436072982723e-08 inf 0.000000000000000000e+00 -8.000000000000000000e+01
1.002124021901169781e+00 4.899828801845331643e-09 2.015929564187793855e-07 1.175375599490279118e-08 -5.611870056728047312e-03 5.618470359449314367e-07 4.757646269648927317e-10 7.466405793288124959e-09 inf 0.000000000000000000e+00 -9.000000000000000000e+01
9.723060316992443441e-01 5.229120116480037902e-10 1.701537465971884959e-06 6.820478600443092860e-04 -3.533657484420039963e-02 -5.276491936350588535e-09 9.328604528354632235e-10 -4.719694771578323428e-02 inf 0.000000000000000000e+00 -9.000000000000000000e+01
1.486554970479720100e-09 3.452952694301858472e+00 2.390774186923961819e-01 1.597678205007708685e-07 -2.241161748754413807e+01 9.759254243612575010e+03 -7.350429241788937706e-08 8.667959011543557543e-10 inf 0.000000000000000000e+00 -2.000000000000000000e+01
7.997426597917651758e-01 2.180430459243586083e-01 1.900921342739123510e-04 2.023657520460038291e-09 -1.176979763467126128e-01 -1.586547496040670021e-07 0.000000000000000000e+00 1.072538485843820294e-08 inf 0.000000000000000000e+00 -8.000000000000000000e+01
3.608849856120088361e-03 2.811533241222133128e+01 3.411247126246077458e-03 3.026604312420597950e-06 1.990224742877243216e+02 3.620197717968482204e-09 3.649952767705209663e-08 5.789142476777653648e-07 inf 0.000000000000000000e+00 -2.000000000000000000e+01
7.549078066891178329e-01 -1.035547234825169756e-02 9.764781499511187013e-01 1.299625063930702103e-07 -3.186299184077445723e-01 2.882375261903904473e-01 0.000000000000000000e+00 4.693171670275832300e-10 inf 0.000000000000000000e+00 -9.000000000000000000e+01
1.082455100215020733e-04 5.589432998882953305e-09 4.794177951097251464e-03 2.334337955246305538e-02 -9.991970464779025285e-01 -9.412653045348006375e-04 5.924559602670368496e-09 1.225605865279688330e-08 inf 0.000000000000000000e+00 -9.000000000000000000e+01
1.964228832731645391e-01 4.284223602003971176e-02 2.254854527370511383e-02 2.220781170068023336e+00 -7.782379861827389694e-03 5.062392584341123931e-09 0.000000000000000000e+00 0.000000000000000000e+00 inf 0.000000000000000000e+00 -2.000000000000000000e+01
1.003451341186934576e+00 2.401723435196237319e-07 5.471610053666293430e-04 2.178699799152955308e+00 -3.076335432073668858e-09 -1.230534172829467543e-08 2.145434875796057535e-09 0.000000000000000000e+00 inf 0.000000000000000000e+00 -2.000000000000000000e+01
9.519211317707432923e-03 7.528798704555489906e-07 1.339913166057751015e+00 3.848467824164841232e-07 -9.909468373336916772e-04 4.436947127374513331e-08 1.021665456961236514e-09 -4.250894108691987694e-01 inf 0.000000000000000000e+00 -9.000000000000000000e+01
4.991600481068687034e-01 3.220724361738655012e-05 6.654043314922636299e-07 1.652439170243892239e-02 -5.057423784115746557e-01 -1.558887506168982448e-07 -5.581267570865262873e-02 7.127463849514223814e-09 inf 0.000000000000000000e+00 -9.000000000000000000e+01
3.795062320836982139e-01 -1.974218948248875449e+00 2.564125008482603274e+00 7.118199793486981175e-01 -4.925715602951626915e-01 -1.945583144799844429e-07 4.453790754764644366e-01 1.898701623238402677e-08 inf 0.000000000000000000e+00 -2.000000000000000000e+01
7.562027145134460060e-01 9.380377183849998302e-01 8.110418426651844204e-01 1.325207820201736556e-09 -1.550242623532902247e-03 6.450813232586075641e-01 2.602030770700367079e-09 2.829977267968332975e-08 inf 0.000000000000000000e+00 -9.000000000000000000e+01
1.632043133380919331e-01 2.745383023412714307e-07 7.579366982281178847e-03 1.692961410060936367e-02 -8.500224653025620913e-01 1.077481772230137693e-08 -2.659927572511703393e-09 3.119015766016867808e+00 inf 0.000000000000000000e+00 -3.000000000000000000e+01
5.213788592150808698e-01 2.683965341135724839e-02 1.784803148765318204e-01 1.473237238121304457e-08 -4.867644951178141111e-01 4.515881546503157742e-05 4.045553803868054965e-01 -4.368132292460322956e-09 inf 0.000000000000000000e+00 -1.000000000000000000e+01
5.489955024340453793e-01 7.729278784268797109e-01 8.641543617415008019e-05 2.206628220625992287e-09 -1.767989280909907344e-04 6.054772556595711098e-10 6.888985664393342257e-09 7.750108872442510867e-09 inf 0.000000000000000000e+00 -9.000000000000000000e+01
7.640297792936229015e+00 5.413783865254213623e-01 1.630476630623868820e-08 -4.630099142712380093e-09 -1.650107978296013606e-02 1.003456276996414864e+01 3.517994486378638539e+05 3.181417815851451472e-07 inf 0.000000000000000000e+00 -2.000000000000000000e+01
5.062320371494806182e-01 6.997338582992820299e-01 7.372561397087162383e-05 2.731903818661747676e-05 -1.079896527123892086e-01 2.385942199704583365e-06 0.000000000000000000e+00 0.000000000000000000e+00 inf 0.000000000000000000e+00 -8.000000000000000000e+01
2.436382489743466398e-02 7.092987218260677906e-01 9.208182442438965498e-02 3.150810437863731106e-02 -5.568874262270779862e-01 7.632777223507099858e-04 0.000000000000000000e+00 3.610475066051026816e-09 inf 0.000000000000000000e+00 -9.000000000000000000e+01
6.692018851012117020e-01 4.645802160865317523e-05 4.848832075350433760e-05 -4.598030416280583972e-06 -3.385144038669872235e-01 -9.633657477292416943e-08 0.000000000000000000e+00 -3.003648440765108816e-05 inf 0.000000000000000000e+00 -9.000000000000000000e+01
1.065215390978133808e-02 8.369612292257082967e-07 1.497902882186716633e+00 1.648997908716200788e-09 -1.358674729675771742e-01 6.009363311590493037e-09 7.440164100064420147e-09 6.089488155745032459e-08 inf 0.000000000000000000e+00 -9.000000000000000000e+01
5.883604312217469157e-02 1.071071001728752803e-01 2.659462011095202749e-01 3.835659889651133547e-07 -8.918305483782268395e-01 1.645442503386573207e-06 2.267000070649787005e-08 -2.171456006369527634e-10 inf 0.000000000000000000e+00 -9.000000000000000000e+01
1.002484879186168687e+00 1.155125261222294999e-03 9.490050373048981858e-02 3.140144787717134893e-07 -2.836610792185954898e-04 5.286643759805051309e-05 5.500253609058675141e-09 6.797188408921942876e-09 inf 0.000000000000000000e+00 -9.000000000000000000e+01
8.311360137297501985e-04 3.254150712667556183e-09 1.344431002428782794e-02 5.394392396803666893e-06 -1.006335832078866233e+00 0.000000000000000000e+00 0.000000000000000000e+00 1.050804983876375793e-08 inf 0.000000000000000000e+00 -9.000000000000000000e+01
5.426641809785157644e-01 4.360694311434501480e-01 5.746964416612753562e-02 9.004862522978157214e-10 -3.617761206523438244e-01 0.000000000000000000e+00 1.378194745342262273e+00 3.040394562324028170e-09 inf 0.000000000000000000e+00 -1.000000000000000000e+01
4.752740595642195864e-01 5.871032500499182571e-01 9.260854837096925418e-02 5.523619237730499630e-10 -2.101789696182105593e-01 4.374260083212839493e-09 0.000000000000000000e+00 1.577114179661772294e-08 inf 0.000000000000000000e+00 -9.000000000000000000e+01
2.965648854961832512e+03 2.529818702290076999e+03 2.284625104365458625e+00 4.590851546243857981e-06 8.284580152671757387e+05 4.844356129187665089e-03 1.552678246534508130e-03 0.000000000000000000e+00 inf 0.000000000000000000e+00 -2.000000000000000000e+01
3.584481768886861319e-01 3.082863328926017665e-01 1.132821643578238335e+00 1.032791872640734113e-03 -1.724313387365399713e-02 -1.339216587339606992e-09 -1.041474480945033832e-07 0.000000000000000000e+00 inf 0.000000000000000000e+00 -9.000000000000000000e+01
4.437490570681581481e-01 1.919924371490179249e-01 1.018979316230585352e+00 1.812280892389996421e-08 -3.391617372204440706e-01 -2.194329296731671106e-07 2.109503864299166218e-09 4.452778605380826398e-09 inf 0.000000000000000000e+00 -9.000000000000000000e+01
4.486908256000725626e-01 2.126435725643726401e-04 8.234613223112260266e-10 6.784338058444727367e-09 -6.334458714353965458e-01 2.177470183059175834e-01 2.046362838280882723e-09 0.000000000000000000e+00 inf 0.000000000000000000e+00 -1.000000000000000000e+01
7.797189365050540832e-01 3.870241266652359458e-01 5.493474325376517670e-02 7.974665233510676298e-10 -4.527686097205484844e-02 -1.412133017107874890e-03 1.487195847520931509e-08 -1.118630860610944112e-02 inf 0.000000000000000000e+00 -9.000000000000000000e+01
1.127440968393514042e+00 1.997730232981187644e-06 1.868895719548483633e-07 -1.031371972889123311e-09 1.834593291764593723e-02 3.043757052245803507e-01 0.000000000000000000e+00 -4.690721484625382486e-03 inf 0.000000000000000000e+00 -1.000000000000000000e+01
5.645459084490707102e-01 5.939689780499309670e-06 7.950216969940867981e-10 8.023791457867487923e-06 -4.507261688424031854e-01 -1.055944849866544054e-05 1.656077211277011685e-01 1.997264107477838233e-06 inf 0.000000000000000000e+00 -1.000000000000000000e+01
6.202748094616049590e-01 1.056619549240588762e+00 8.216623375532645501e-05 5.410073239994605675e-05 -9.038285713085910051e-04 7.639171953031151241e-09 1.588842729598811232e+00 6.378125437883834315e-10 inf 0.000000000000000000e+00 -1.000000000000000000e+01
4.380458702699458785e-03 -1.115827044680274637e-06 1.499010847487031173e+00 2.284853667285403453e-08 -1.644906941421837576e-01 1.751738906530028818e-10 7.758271780707899513e-09 4.422641193672772256e-10 inf 0.000000000000000000e+00 -9.000000000000000000e+01
5.060299215770082126e-01 1.081230316099783243e-07 2.380222922642717849e-03 1.119323855228781496e-08 -5.631114975057641026e+00 4.384425341276223520e+00 1.140629684388511523e+05 1.444549084086615108e-02 inf 0.000000000000000000e+00 -3.000000000000000000e+01
7.416427428834740931e-01 3.085460266194605672e-01 8.095794826895937879e-01 5.615092070767446646e-07 -2.084063018573302370e-06 2.672567860605659396e-07 0.000000000000000000e+00 3.399762777222477213e-08 inf 0.000000000000000000e+00 -9.000000000000000000e+01
7.482787463726440214e-01 5.037432083423681872e-01 7.111908564380521602e-02 4.627706606663022645e-09 -2.190630861521220950e-03 -4.396928586908173570e-09 4.084163639082523494e-10 6.291737591211144045e-09 inf 0.000000000000000000e+00 -9.000000000000000000e+01
