3.908312914581002495e-01 3.778700496495407957e-01 7.038951320648437759e-01 6.239828650303720800e-09 -3.190459522106940948e-01 0.000000000000000000e+00 7.632647545460801874e-10 4.772726080738262864e-10 7.181921238194554462e+04 1.000000000000000000e+00 0.000000000000000000e+00
3.482384154429568057e-01 6.025499300285257487e-01 5.476115540553366801e-01 6.654796458657546088e-08 -1.661442821769832101e-01 1.199975996354757419e-06 1.994326303800864491e-06 2.387276189931119674e-08 7.903559767196327448e+04 1.000000000000000000e+00 0.000000000000000000e+00
3.469506230907137834e-01 6.178839748300913870e-01 6.139856532223305630e-01 1.487091677765208908e-08 -1.033055226056619758e-01 2.359886695672328542e-10 -8.306801168766597128e-09 6.516917874972045448e-10 8.571163783123079338e+04 1.000000000000000000e+00 0.000000000000000000e+00
2.617706770299303431e-01 1.669592689048480074e-03 1.043649650060312517e+00 1.425988873929138811e-09 -6.763124377035577561e-01 -1.227757236746164409e-07 2.295650249957672036e-09 0.000000000000000000e+00 9.628843893925620068e+04 1.000000000000000000e+00 0.000000000000000000e+00
7.068746647318494558e-01 4.328020028073749081e-01 2.817445800671480871e-02 4.910688983564729521e-03 -9.417940892385419371e-02 5.184631276358925011e-08 0.000000000000000000e+00 -9.755240741761582804e-03 1.011003093816888868e+05 1.000000000000000000e+00 0.000000000000000000e+00
5.101991658744455815e-01 -1.990826096488885848e-05 1.363127542412640780e+00 1.383549852503936551e-07 -1.226814788171376736e-01 1.915148705227764460e-09 0.000000000000000000e+00 2.734890385874497217e-09 1.039611825857470540e+05 1.000000000000000000e+00 0.000000000000000000e+00
3.809155069842328767e-01 1.810669091689589942e-04 1.342033441825244200e+00 2.722162375941492539e-04 -3.008223457474819007e-01 6.742698375090934436e-10 4.763399236747167742e-07 1.404924609165288740e-09 1.053625529061826819e+05 1.000000000000000000e+00 0.000000000000000000e+00
6.604982560144352366e-01 3.258223618168382889e-04 1.492907017018928917e+00 0.000000000000000000e+00 -1.244089180849107384e-01 4.196413620377504536e-09 1.922683279494075137e-01 5.527805893509323111e-08 1.055843263569026894e+05 1.000000000000000000e+00 0.000000000000000000e+00
3.265195399632866424e-01 5.725422095555345685e-09 1.496000039921277391e+00 4.565429809330070164e-05 -1.603378949036720624e-01 -4.144944361192919371e-08 7.852539272047720509e-02 3.670605566701376499e-02 1.090255554189460527e+05 1.000000000000000000e+00 0.000000000000000000e+00
7.149693092097545444e-01 -2.487381019589600289e-05 1.277728355326026145e-04 3.901260757040530777e-05 -2.967122633220481420e-01 3.100277021229842137e-09 7.596548910353642658e-02 7.084825495250325862e-10 inf 0.000000000000000000e+00 -1.000000000000000000e+01
4.970480718900996964e-01 -1.727629228745181897e-05 1.396792624724428888e+00 2.992182581744232603e-05 -3.282851746827957634e-02 -1.927743498166924835e-09 1.007354685132340549e-09 1.448596329257128472e-04 inf 0.000000000000000000e+00 -9.000000000000000000e+01
9.550491153704809832e-01 2.791958787538224612e-04 1.899814914780929438e-09 6.171519965591383219e-09 -5.177046175551960200e-02 2.375758850037805407e-06 1.165795515888297704e-09 5.600424088178449239e-08 inf 0.000000000000000000e+00 -9.000000000000000000e+01
1.002880542267585051e+00 5.792955774061966023e-04 3.481326624656323754e-02 3.111031804588833705e-04 -7.017175186009701410e-04 -4.352272066728859905e-09 3.312348652554707231e-09 6.624697305109414462e-09 inf 0.000000000000000000e+00 -9.000000000000000000e+01
1.297880637254929248e-02 3.866156330266316601e-06 9.743083827845807621e-01 1.286020106636589026e-07 -4.479728891355378440e-01 -3.957311527932010353e-01 7.971456351064570953e-08 3.381446633294602397e-10 inf 0.000000000000000000e+00 -9.000000000000000000e+01
1.011043327833553995e-01 5.086565866866889392e-04 5.205587162095957567e-09 1.327190240426266682e-08 -2.547278423238234432e-02 5.780077637192133335e-09 0.000000000000000000e+00 -2.272290374150431003e+00 inf 0.000000000000000000e+00 -3.000000000000000000e+01
5.405068428445492281e-08 6.605282576222607453e-13 7.414031915124346999e-08 -3.452263711108611322e-12 -1.009138191614197266e+00 2.095512212328909087e-15 7.184613299413403036e-14 1.168925179666466222e-14 inf 0.000000000000000000e+00 -9.000000000000000000e+01
1.345560429528557811e-01 1.809349256167665828e-05 1.463296967112306612e+00 1.225738129702043434e-09 -1.529523769503165209e-01 1.695669681025510419e-09 1.032596262108098439e-07 1.990003476004441961e-07 inf 0.000000000000000000e+00 -9.000000000000000000e+01
5.278109630273127850e-01 4.754346041677611996e-09 2.888493216839363570e-05 6.665837330816848372e-01 -4.791811889056951657e-01 5.633104722689548227e-07 1.922766412011365795e-04 8.417313391631831685e-10 inf 0.000000000000000000e+00 -9.000000000000000000e+01
8.334140402939170800e-01 7.521267452004601114e-09 4.493539609859368254e-03 1.709914094738152369e-04 -1.741170178078840780e-01 1.967773461280273576e-09 2.751967625849745417e-07 3.018619295738861081e-03 inf 0.000000000000000000e+00 -9.000000000000000000e+01
1.682918818803600669e-01 2.147984139188825314e-03 1.369817643212233094e+00 5.064197481183618874e-04 -4.373632046541915397e-01 -1.028758424787171841e-07 2.227810194267004946e-08 8.128299628951932540e-10 inf 0.000000000000000000e+00 -9.000000000000000000e+01
3.025646289945091438e-01 7.674630402661048595e-03 3.418587366561337548e-01 1.890046578524141596e+00 -3.998175454570299658e-01 -2.670771380126044786e-02 7.703350542832139243e-10 2.453361617061599024e-08 inf 0.000000000000000000e+00 -9.000000000000000000e+01
2.294037137814191940e+00 1.417038659347292443e-04 1.028170861767324595e+01 7.485844108159059795e-05 -1.325943316960680792e-03 9.423201650235435452e-07 6.916383775501486753e+02 6.769837286964378660e-09 inf 0.000000000000000000e+00 -2.000000000000000000e+01
5.950092987302917358e-01 5.372534215507761216e-09 3.321135850363845544e-05 2.578605477315018451e-05 -4.147369647283631888e-01 0.000000000000000000e+00 2.930807884080433023e-02 1.372088124976334790e-02 inf 0.000000000000000000e+00 -9.000000000000000000e+01
2.183847208969466180e+01 4.815691300020874012e-03 2.480310338144084525e+00 7.552226991143846935e-02 1.976678844626623738e-04 9.028396946564887185e+05 5.016345104188410655e-05 1.362325865348787098e-05 inf 0.000000000000000000e+00 -2.000000000000000000e+01
3.626361994527870225e-01 -1.246057937240760485e-05 2.959549839362795587e-01 9.555157997140374687e-09 -6.302745028272620509e-01 -3.321166027496084163e-08 1.271843252496861192e-07 0.000000000000000000e+00 inf 0.000000000000000000e+00 -9.000000000000000000e+01
1.141557220877269067e-02 5.119929078832224922e-01 7.056681277191979573e-01 1.611962689847692282e-02 -5.733553537718483195e-01 -5.983648388015746724e-06 7.166941922148103994e-02 3.343773906821607272e-02 inf 0.000000000000000000e+00 -9.000000000000000000e+01
1.020477089240562130e+00 -4.813698797919170450e-04 -4.488252175302381630e+00 1.435584206785759807e-06 -1.272710396931809596e-01 -3.508814404806421449e-05 6.949402802294325499e-01 -2.366490987492253784e-01 inf 0.000000000000000000e+00 -2.000000000000000000e+01
7.125040918538655399e-01 2.443600110408416333e-04 1.119649287198931642e+00 0.000000000000000000e+00 -2.332602681664440736e-01 1.132494754558985297e-07 1.441972566847108672e-01 8.877949950917759122e-08 inf 0.000000000000000000e+00 -9.000000000000000000e+01
7.965090596289112757e-01 7.642235050733295863e-03 -1.728234511343367252e+00 2.609996581851409237e-04 -2.714891622342575639e-01 5.729818567533306477e-09 3.723500558347798209e-06 9.503785604802839931e-10 inf 0.000000000000000000e+00 -1.000000000000000000e+01
1.890002957218619439e-01 2.872992731410015446e-04 3.809699189462464793e-06 1.634219647073097414e+00 -8.118719400523400909e-01 1.577661705426436035e-07 2.397712776584768048e-07 2.220644352159290361e-02 inf 0.000000000000000000e+00 -9.000000000000000000e+01
8.653380035596139885e-01 1.313446813070887660e-09 1.301309822146900386e+00 1.753313075996267047e-09 0.000000000000000000e+00 3.952644390623163467e-10 8.091078447544879122e-08 1.663793966767769250e-01 inf 0.000000000000000000e+00 -8.000000000000000000e+01
1.015180620375265574e+00 3.929044726311580241e-04 1.047642791375637261e-01 1.782960149641636335e-02 -2.605753990249428192e-05 5.571750467630113142e-05 2.990294082632507260e-09 9.286148310409405582e+00 inf 0.000000000000000000e+00 -3.000000000000000000e+01
4.697190508599772274e-01 3.564289116736844150e-08 3.640322644164823429e-01 1.185137297554404112e+00 -1.061384393770140738e-01 -1.171585063144920358e-07 5.716232439852487242e-04 -7.027719645558889727e-01 inf 0.000000000000000000e+00 -9.000000000000000000e+01
2.968225582222401059e-07 5.394329963767201490e-06 2.781202692826907796e+00 1.519115451278917655e-08 2.721068580549569305e+01 -1.291943818458445303e-01 -4.568783139821229744e-01 1.903269646619611528e-09 inf 0.000000000000000000e+00 -2.000000000000000000e+01
6.389231866105696822e-01 8.406843562023687476e-10 1.286941365201361043e+00 8.957417699586951250e-10 -1.858788985957796347e-01 -1.123239003599835939e-06 7.025664810161135695e-06 2.003740420642578443e-02 inf 0.000000000000000000e+00 -9.000000000000000000e+01
1.004245118026619475e-03 8.316450926292828750e-08 1.540106541192973744e+00 6.438602062465269152e-05 -4.974077932009781560e-04 1.659785841648769154e-12 4.953011717936009948e-12 6.070260983376866385e-05 inf 0.000000000000000000e+00 -9.000000000000000000e+01
1.650713476711012651e-01 4.834486985788624680e-01 1.143734089263267473e+00 7.019097531911028210e-04 3.208730300302184424e-01 7.033942337831014449e-09 3.811822981415221153e-10 -3.665528711109092546e-03 inf 0.000000000000000000e+00 -1.000000000000000000e+01
1.841960763807613116e-02 9.080995374016553531e-03 1.042833170894156281e+00 1.117855882354501490e-08 -9.129942583124728284e-01 1.040908088430670693e-05 1.533059495800459223e-07 7.861843568207482858e-09 inf 0.000000000000000000e+00 -9.000000000000000000e+01
2.523410929745893822e-06 4.005922316684415972e-03 1.526531618693786729e+00 5.435038925606540084e-06 1.859137467308856337e-09 0.000000000000000000e+00 0.000000000000000000e+00 -1.572465760584996710e-07 inf 0.000000000000000000e+00 -9.000000000000000000e+01
5.693180125232147892e-01 -1.519496791219895349e-05 1.220805635101326558e+00 4.416667252536647537e-09 -3.453080041592694882e-01 -1.603410553726175894e-08 3.585809056514902375e-09 5.761549719163846942e-06 inf 0.000000000000000000e+00 -9.000000000000000000e+01
7.967771949054494943e-03 -3.453464374470458821e-04 1.559118961617284249e+00 9.559036749224860893e-04 1.494644117339877787e-01 1.863272819444092429e-08 -2.403621937082879220e-07 1.192494604444219208e-07 inf 0.000000000000000000e+00 -1.000000000000000000e+01
1.091191174862355805e-04 2.566806374129173722e-05 1.529612209561801217e+00 3.423030302708600345e-07 -3.954075679588755316e-04 6.120881842377435356e-10 8.452646353759315688e-10 7.960789777139700661e-10 inf 0.000000000000000000e+00 -9.000000000000000000e+01
3.601815745228666432e-01 2.499029282811584136e-07 2.359423761824402578e-09 7.756060612723027160e-05 -6.475174373444793074e-01 1.293537116706285805e-08 2.346578847798367847e-04 8.110990312214239109e-09 inf 0.000000000000000000e+00 -9.000000000000000000e+01
5.916163976579148498e-01 8.023406801423636076e-03 1.129070730741513540e+00 8.148380168789848074e-10 -3.322634346001317462e-01 4.469968549736144662e-09 2.058744341541764427e-03 8.245384694608774221e-10 inf 0.000000000000000000e+00 -9.000000000000000000e+01
2.432432293380987036e-03 7.015257895239545016e-01 5.885459807242165997e-01 9.807543042210079487e-09 -4.835255751349081534e-09 9.029399657124549377e-10 2.779782658670322003e-08 -8.591720343607982535e-01 inf 0.000000000000000000e+00 -9.000000000000000000e+01
0.000000000000000000e+00 1.701534027588669362e-05 2.591551168757293966e-01 1.911629726263732065e+00 -8.080560437105147598e-01 1.094283659047060900e-06 3.553282156494897391e-03 1.396752909875209896e-08 inf 0.000000000000000000e+00 -9.000000000000000000e+01
1.372397059811478887e-02 1.236916013071189401e-05 1.478309672307422495e+00 9.439197388032388031e-08 -2.158219273502248459e-01 2.606429207503004837e-09 3.113814093230256516e-06 0.000000000000000000e+00 inf 0.000000000000000000e+00 -9.000000000000000000e+01
4.430274538729950251e-01 5.703556152988190943e-04 4.418523147380534200e-01 1.252257640672175924e-02 -5.534905325575083523e-01 2.241400022395384587e-09 2.062369181822563124e-01 4.112986972295709642e-02 inf 0.000000000000000000e+00 -9.000000000000000000e+01
1.703603911599953225e-02 1.514429448115249630e-03 4.486432631276575551e-03 8.252760197807010564e-07 -9.632805030250608525e-01 2.725682267165618503e-07 5.904724237293041550e-02 7.571339631015606071e-08 inf 0.000000000000000000e+00 -1.000000000000000000e+01
4.562732304597136856e-01 2.292744537098062585e-01 7.395950119671169665e-01 4.528019341595555407e-05 -3.777623753432043374e-01 7.188968591370435251e-08 5.289995755914094076e-08 4.652059569002979571e-10 inf 0.000000000000000000e+00 -9.000000000000000000e+01
2.922083999925834119e-01 2.825178152989518132e-01 7.171032673287378589e-01 4.654154166157013862e-09 -2.445009061162432551e-01 0.000000000000000000e+00 -3.637696408070936194e-01 3.554485282029222841e-07 inf 0.000000000000000000e+00 -9.000000000000000000e+01
1.325281585906630255e-01 2.254846821188470068e-05 2.818558526485587500e-05 2.827909480501111152e-09 -8.729778465637947349e-01 1.065646785356194677e-05 4.147600571401629469e-08 0.000000000000000000e+00 inf 0.000000000000000000e+00 -9.000000000000000000e+01
7.623338681650565496e-01 1.516017278085383692e-07 1.313884178312125117e+00 1.655526464760022745e-09 -2.179013093933152635e-09 -3.852861590714234800e-07 3.430721972949023031e-06 0.000000000000000000e+00 inf 0.000000000000000000e+00 -9.000000000000000000e+01
3.824247518177127936e-01 4.601533599107438532e-01 9.306705342338917886e-01 8.926644835684035715e-04 -1.006018703704073761e-03 -1.362870070181288388e-09 7.142520197833947871e-10 5.473100882405083716e-08 inf 0.000000000000000000e+00 -9.000000000000000000e+01
0.000000000000000000e+00 5.919910618641937607e-03 1.524035130306828023e+00 1.725506586753550269e-09 0.000000000000000000e+00 0.000000000000000000e+00 2.767171853411223611e-09 0.000000000000000000e+00 inf 0.000000000000000000e+00 -9.000000000000000000e+01
1.135936800091709165e+00 6.998085566986040227e-08 1.447074340135485505e-02 1.225211683867573603e-03 -7.720631585815645236e-07 -6.679129500981712549e-09 4.696335725752290635e+00 2.612018854688492042e-01 inf 0.000000000000000000e+00 -3.000000000000000000e+01
2.520945998254082304e-02 1.897081375064825192e-05 1.518499236595400204e+00 5.611595670516181824e-07 -4.670295751590886303e-06 4.553764631820087054e-08 1.044160316716510632e-08 1.779491292885234527e-03 inf 0.000000000000000000e+00 -9.000000000000000000e+01
7.701137600740752820e-01 -2.111508426869360285e-05 1.030327979786604675e-01 1.147558927646391514e-08 -4.661958143563465836e-09 -4.677839441074949645e-01 7.763953369857618160e-08 3.614138224276965712e-10 inf 0.000000000000000000e+00 -9.000000000000000000e+01
5.262248139400551583e-01 1.123021404025666744e-03 5.241450133089626387e-10 4.863006080158967625e-10 -4.855896931724834054e-01 -9.990922997369396280e-10 8.152421103994098028e-02 5.101425833505282966e-09 inf 0.000000000000000000e+00 -1.000000000000000000e+01
4.136943882307327470e-10 1.128510564804284355e+00 1.898358862336994302e-01 9.031185530780421952e-05 2.339944907268317472e-07 -2.742100576346236518e-06 9.846373677067904502e-06 5.109684741120131280e-09 inf 0.000000000000000000e+00 -9.000000000000000000e+01
6.874937142106862797e-01 7.868658696038398738e-04 1.298821944048176968e+00 1.962271229546889279e-04 -8.919379091071585886e-02 1.352387483346734873e-07 0.000000000000000000e+00 -2.217317554943357832e-02 inf 0.000000000000000000e+00 -9.000000000000000000e+01
6.054670703719090552e-01 4.214703409026013259e-01 3.045463108457506229e-01 6.418161046021605543e-08 -1.645093911264992326e-01 -4.192334151273371655e-08 4.173425427652937714e-09 1.426258010227023248e-07 inf 0.000000000000000000e+00 -9.000000000000000000e+01
0.000000000000000000e+00 4.441601954425198895e-01 9.391933648123768075e-01 5.936242921768374865e-08 -4.060054649970170626e-01 4.612775639327755533e-06 2.412692051946625747e-09 4.792583154546545482e-10 inf 0.000000000000000000e+00 -9.000000000000000000e+01
4.409569158310618769e-02 -1.998038310511785550e-05 1.071000065929847755e+00 7.280631670183453055e-10 -8.775164773768279192e-01 -9.155190467568926903e-06 -1.094452622118092661e-01 6.918580418488570336e-06 inf 0.000000000000000000e+00 -9.000000000000000000e+01
6.039200579249611733e-01 1.501167687457203476e-05 1.157188756152990106e+00 1.897713765688472678e-04 -3.243635149822775010e-01 -1.521975952431857722e-05 2.368194581983970592e-02 -2.013942788618327376e-06 inf 0.000000000000000000e+00 -9.000000000000000000e+01
6.016883230917606795e-01 2.090860754048319900e-07 1.710397933261921077e-09 6.812291554319428522e-10 -4.060413030014659586e-01 4.797904266751855856e-10 1.026115699206493943e-05 4.292476183689445966e-09 inf 0.000000000000000000e+00 -9.000000000000000000e+01
9.363478576826566036e-01 1.179750652498454165e-03 1.946978008876672162e+00 3.197544244231247394e-04 -2.194259854381590824e-01 3.038711006353155803e-07 7.584613126949284911e+00 1.255346325376995899e-02 inf 0.000000000000000000e+00 -3.000000000000000000e+01
7.567963042685431629e-01 1.784435730348955113e-02 1.556416010524826969e-04 4.659699467092734068e-03 -1.818657785451537778e+00 -4.205471270769608820e-07 1.285591588621639175e+03 6.526634794563986042e-02 inf 0.000000000000000000e+00 -3.000000000000000000e+01
9.293998554325582973e+00 8.678909058864668190e-04 -7.954696421201907797e+05 1.982728090148876653e-03 -2.605462183444733418e-02 -4.837570225437605842e+00 -6.068951737367178190e+00 -2.233655697982419952e+04 inf 0.000000000000000000e+00 -2.000000000000000000e+01
3.957317241100134497e-01 -2.394288509359221526e-03 8.470047428319585903e-01 4.487934966410553339e-02 -5.435112401310460140e-01 2.194696837735989981e-09 -2.018330973844304210e-01 1.112127522152412545e-09 inf 0.000000000000000000e+00 -9.000000000000000000e+01
3.861721679861875124e-10 5.796472023643033456e-08 8.501800308560012454e-01 1.282727765852914148e+00 -2.282062188087161103e-01 3.917286020579312403e-10 1.338238252722298292e-05 3.986741446476108614e-10 inf 0.000000000000000000e+00 -9.000000000000000000e+01
5.055425938249774598e-01 4.730636003669481671e-01 7.992656650975900057e-01 3.456202333312918975e-05 -1.019381452283255919e-02 4.309479218594662328e-07 0.000000000000000000e+00 2.146322657698513656e-08 inf 0.000000000000000000e+00 -9.000000000000000000e+01
4.056067475894079011e-01 6.668634279761187246e-08 1.028341270840060107e+00 0.000000000000000000e+00 -5.352802802759843992e-01 5.111571087081098465e-09 6.327113925811153862e-06 1.405625877836455246e-07 inf 0.000000000000000000e+00 -9.000000000000000000e+01
7.924163565187647418e-01 5.976850349459632479e-09 8.961152871249240537e-01 3.156068538190269389e-09 -1.604398549000955743e-01 1.627102752695820290e-06 7.627044153261657278e-08 4.891458990856572360e-04 inf 0.000000000000000000e+00 -9.000000000000000000e+01
4.780329680350535182e-01 6.921213524924701987e-01 3.401952410556209339e-01 4.956292736068960147e-01 -3.544177758000495730e-05 1.886422080756557118e-09 7.209597421796563703e-03 8.244902685005494342e-09 inf 0.000000000000000000e+00 -9.000000000000000000e+01
2.789085041451285774e-01 4.320351035916067410e-08 1.118908871815095171e-02 4.758774012750176252e-03 -9.415208799419703609e-03 -4.180850544635886507e-06 6.242224058858399217e-10 -2.244367454099351900e+00 inf 0.000000000000000000e+00 -3.000000000000000000e+01
6.163524148883847698e-01 2.040750183224190623e-03 7.083161085383977706e-01 6.126836505140491329e-02 -2.291484909914218114e-06 -4.480784222521908000e-01 3.156214900985012580e-09 7.799422503588829492e-10 inf 0.000000000000000000e+00 -9.000000000000000000e+01
5.735963296327760697e-01 2.002021225085320596e-08 4.032003539594697199e-03 2.788619126047861807e-07 -4.333527282555691973e-01 2.653534938167365987e-05 5.433460527371433896e-09 2.387587943277639430e-09 inf 0.000000000000000000e+00 -9.000000000000000000e+01
1.305170904550526523e-03 0.000000000000000000e+00 4.380039708988303637e+00 5.422428739920453547e-08 -1.044441670113447002e-04 2.846154673270604375e-09 5.058045499254999917e-03 1.175782522640966832e+01 inf 0.000000000000000000e+00 -2.000000000000000000e+01
1.606261518237112407e-06 0.000000000000000000e+00 1.356952294439278006e+00 2.216950568765925500e-01 -3.808988896671657298e-01 3.990822014171271276e-10 0.000000000000000000e+00 6.318801522437845490e-09 inf 0.000000000000000000e+00 -9.000000000000000000e+01
3.400030936903626899e-01 2.971587290290658625e-03 2.617290001789122633e-01 1.810213821079895301e-05 -4.287780696199141564e-04 1.848881481258014261e-03 3.947012609880389917e-06 -1.528790888895515602e-04 inf 0.000000000000000000e+00 -9.000000000000000000e+01
1.680864598594236758e+00 5.829081443766634422e-07 2.545163165116855184e-07 2.478850822169278434e+00 2.030620262544148602e+01 3.086579583938929952e-07 1.960643927396706065e-03 3.440777241112249522e-08 inf 0.000000000000000000e+00 -2.000000000000000000e+01
8.387919365903079294e-01 1.293062566014171860e-05 8.336142085866640183e-01 4.500659310011457769e-09 -1.143414934138022587e-01 1.158752604982149995e-06 2.173175495405532354e-09 -1.090774699434309936e+00 inf 0.000000000000000000e+00 -8.000000000000000000e+01
1.744064669352363281e-03 2.565881658913764859e-05 1.529070486201816736e+00 3.100185178580175006e-06 -4.589876783488203275e-09 0.000000000000000000e+00 7.026847192962395246e-09 0.000000000000000000e+00 inf 0.000000000000000000e+00 -9.000000000000000000e+01
1.555323432099470563e-02 3.330365458431549742e-09 4.871390372236077820e-02 2.216189162116075639e+00 -5.955477055077594676e-08 3.130879366097935502e-06 1.114793659873772971e-05 1.628687744934351157e-03 inf 0.000000000000000000e+00 -2.000000000000000000e+01
5.241580135876834579e-08 3.912668117876210425e-04 1.291682103016825970e-05 5.625819801211263996e-10 -5.537930259147867164e-04 6.444816697442019503e-09 1.137763758748987913e-01 -2.350522329587073855e+00 inf 0.000000000000000000e+00 -3.000000000000000000e+01
1.210921927238151063e-01 3.141124384010096448e-05 1.138266611603862000e+00 6.822941507949320538e-10 -2.989463507869185577e-01 -2.845666529009654999e-01 4.914935800862856795e-05 9.238601129441460140e-06 inf 0.000000000000000000e+00 -9.000000000000000000e+01
1.587958225695442205e-01 5.908010027376335964e-06 1.482094343982412576e+00 1.129214738272314333e+00 9.221920362557234796e+00 9.421149297017743057e-10 0.000000000000000000e+00 5.185283721614417018e-10 inf 0.000000000000000000e+00 -3.000000000000000000e+01
9.620922036295458390e-01 2.050524047437697165e-08 7.910535896509599540e-01 2.021441360608953466e-04 -4.800774944961478118e-07 8.236126779521116915e-10 8.600616117614386235e-06 1.671513727517998926e-01 inf 0.000000000000000000e+00 -9.000000000000000000e+01
8.592729108647807479e-01 8.945204475349924301e-05 1.349138775937225754e+00 2.557841203721701366e-09 -1.531713095094165116e-08 8.927015382345680801e-08 8.532499699007752014e-02 -1.290468282616834064e-06 inf 0.000000000000000000e+00 -9.000000000000000000e+01
0.000000000000000000e+00 5.036920168804089881e-01 1.063055256679178884e+00 7.805819773012777250e-08 -3.378485207796739641e-04 5.708203224698108431e-09 6.836254790680663598e-06 -7.456217014960332516e-10 inf 0.000000000000000000e+00 -9.000000000000000000e+01
1.140621327261888651e-04 -1.347246970839173020e-03 1.224206822519084170e+02 6.648336842883635537e-07 -8.336687816008358934e-04 1.271348624340905771e-07 3.334351145038168761e+04 4.126051154684361807e-08 inf 0.000000000000000000e+00 -2.000000000000000000e+01
2.523992572533859113e-01 1.080924975259776617e-03 1.502656043182948542e+00 2.962051749202631215e-06 1.674350931396600703e-09 6.285563377087656301e-07 3.857264396563372250e-02 -3.256337668129890291e-06 inf 0.000000000000000000e+00 -9.000000000000000000e+01
6.692398231103877659e-01 9.495927570689904650e-10 1.197587051881746634e+00 3.828200096185458978e-01 -7.762996563087946889e-02 6.781818817758172387e-09 4.563570137245010112e-08 1.424983062709725183e-06 inf 0.000000000000000000e+00 -9.000000000000000000e+01
5.257340762956945746e-01 2.300847194436452577e-04 1.098942874741743685e-09 3.576097935628248318e-09 -4.819229032710533600e-01 9.879024950285646474e-07 1.374585311970695875e-09 2.878287344538111337e-08 inf 0.000000000000000000e+00 -9.000000000000000000e+01
1.034672633624634344e-09 2.645027785205831769e-09 1.599631581103730937e+00 2.205044528022510723e-05 -1.430479938715477350e-01 1.557392359929193905e-06 1.018042292151525863e-01 0.000000000000000000e+00 inf 0.000000000000000000e+00 -9.000000000000000000e+01
1.006168376957628618e+00 1.687592872518066343e-07 2.932525020656848256e-03 1.931658039580718897e-02 -9.697557183245602791e-10 0.000000000000000000e+00 1.513719667470750301e-06 6.260179224291811137e-05 inf 0.000000000000000000e+00 -9.000000000000000000e+01
1.437108488780842297e+00 5.924790590839897085e-06 5.873714809884380343e-06 2.495222152280158708e-04 4.295704721899256673e-01 4.903274971729569884e-06 7.209133666117151994e-08 3.832346194741705009e-09 inf 0.000000000000000000e+00 -9.000000000000000000e+01
2.228060788280670251e-06 2.992069198470078198e-02 1.134769947864207484e+00 -5.410495500501449201e-02 -1.893021558247735825e-01 2.307608924310256687e-02 -3.619165182986029405e-01 -1.437366575735625832e-02 inf 0.000000000000000000e+00 -9.000000000000000000e+01
5.263620330219867180e-09 1.264187620255861135e-05 1.528546695480540452e+00 8.519383239346991609e-05 -6.439190276610732601e-04 6.029237832797302947e-09 0.000000000000000000e+00 1.018271278427988942e-07 inf 0.000000000000000000e+00 -9.000000000000000000e+01
9.365587076984788206e-01 4.999679917930734824e-04 1.053969857643185959e+00 1.333247978114862471e-05 -1.973831967599737948e-06 -1.018814983276249895e-07 3.773765563054000410e-09 1.292234978788086948e-07 inf 0.000000000000000000e+00 -9.000000000000000000e+01
2.050781250000017053e+01 1.245105189434796334e-07 1.233599713740468360e+02 1.662084210720922384e-07 4.096891782566484491e-08 1.415816793893141672e+06 1.283012373188080414e-06 1.573309279580165843e+01 inf 0.000000000000000000e+00 -2.000000000000000000e+01
4.641144567120436548e-01 1.591982746843918302e-07 3.883215716441493909e-02 2.227749392217809543e+00 -3.091601139065709991e-01 4.461835052813672477e-10 2.063250760181565072e-02 1.298304049774113992e-03 inf 0.000000000000000000e+00 -2.000000000000000000e+01
1.383433431484612451e-05 9.310569031265050971e-04 1.349806197194506119e+00 2.693513872413735855e-01 -3.120410410683082669e-01 6.683103297131021888e-10 -4.672189699941025795e-07 7.444484833101053549e-07 inf 0.000000000000000000e+00 -9.000000000000000000e+01
7.727233611246331056e-08 2.775972225625096888e-07 1.361742677906428948e-07 4.286427701332870350e-08 -4.219462853351622911e-02 4.863783269267501370e-07 7.612155593988551239e+00 -1.606424801222241074e-04 inf 0.000000000000000000e+00 -3.000000000000000000e+01
1.281820361732472219e-05 -2.202101647078862534e-05 1.499172921580602891e+00 1.011693154091734947e-07 -1.359702452223786884e-01 -1.781401630920512831e-05 0.000000000000000000e+00 2.111716877982341974e-06 inf 0.000000000000000000e+00 -9.000000000000000000e+01
2.466134384959704079e-02 1.000866227662217632e-02 1.937677016754053155e-02 5.973920296358860868e-05 -9.787671013554357646e-01 -2.018768378739919655e-09 1.685458727383174274e-02 3.275845425926905635e-08 inf 0.000000000000000000e+00 -8.000000000000000000e+01
3.134903971525536126e-01 1.132243068153225188e-08 1.593309116568798669e-03 2.251536978805700695e+00 -4.743144670672465035e-01 -3.168408986091097307e-02 3.681526540620916610e-09 2.847926238072687188e-02 inf 0.000000000000000000e+00 -2.000000000000000000e+01
7.396704441798939156e-01 2.388711284820355663e-01 1.862187062757115292e-09 7.215115925811701316e-10 -1.678553875819709384e-01 1.323733268522253468e-07 4.278165194745674996e-04 7.393775939212752968e-09 inf 0.000000000000000000e+00 -9.000000000000000000e+01
9.058403219890941438e-01 4.865372704892034662e-07 2.696071665856980852e-04 4.959404222255908554e-08 -1.014617495486380139e-01 5.023861310771467003e-09 1.471138255531569078e-07 4.549912130510007961e-09 inf 0.000000000000000000e+00 -9.000000000000000000e+01
7.063249215569739059e-01 1.505402737381294326e-08 5.807560466135118782e-01 3.893022509469294088e-05 -2.739684544220989948e-01 6.344804757550540401e-08 6.064405892155836503e-02 -9.171900067751343998e-07 inf 0.000000000000000000e+00 -9.000000000000000000e+01
1.044472067318104269e+00 3.969422099747328985e-06 -9.153800140540689911e-01 9.210066549578213614e-08 -8.762573898389592871e-05 4.790837623692780876e-10 6.994987252844212154e-10 1.917559172246360155e-06 inf 0.000000000000000000e+00 -1.000000000000000000e+01
1.006802851728719528e+00 -5.686154308421842115e-05 2.920887686852483467e-04 3.399721733877480783e-04 -8.946964290115508305e-07 2.512631783217108180e-06 1.239048367431474490e-09 1.619591477821976541e-09 inf 0.000000000000000000e+00 -9.000000000000000000e+01
8.834323288578890265e-01 1.079601534435156719e-05 1.211787707725422880e+00 -5.642558295998112623e-05 -3.298212510946211401e-02 -5.195768779761739312e-08 2.225093804785857114e-08 3.015726717184614904e-03 inf 0.000000000000000000e+00 -9.000000000000000000e+01
5.848192461851637880e-01 2.131265474435727926e-04 1.333319680806991370e+00 1.364009903638865873e-01 -3.993521122142141587e-06 5.605345312325745346e-10 -3.918723902427752750e-07 6.455325266654846056e-07 inf 0.000000000000000000e+00 -9.000000000000000000e+01
1.682951915427536305e-01 2.148026381881984730e-03 1.369844582324738935e+00 5.618503169691311952e-04 -4.373718059279702031e-01 -6.741882806026075728e-08 1.037643415958615422e-06 1.457179818669940557e-04 inf 0.000000000000000000e+00 -9.000000000000000000e+01
2.484028923183972433e-06 7.993170863478129785e-10 1.527841189462856741e+00 2.996689044366706743e-08 -5.392888234643931678e-05 6.171670800755232128e-10 0.000000000000000000e+00 9.326080321141238649e-09 inf 0.000000000000000000e+00 -9.000000000000000000e+01
1.003146930479861476e+00 1.103514022645310126e-04 3.266059773655363152e-01 6.906232752610516843e-08 -6.437165132097641835e-06 1.379392528306637657e-05 9.455513298876144248e-08 5.505643618447612297e+00 inf 0.000000000000000000e+00 -3.000000000000000000e+01
2.142058041372002411e-06 3.303180248792158494e-03 1.295833068917128239e+00 4.068642788641495417e-06 -7.941130858235734280e-01 -1.584362456636096429e-09 4.100156748130522839e-10 8.342658560724444792e-09 inf 0.000000000000000000e+00 -9.000000000000000000e+01
6.072800813660405782e-09 3.857049165432960328e-09 1.525516724339703423e+00 1.538716422380170247e-09 2.615817918046289565e-09 6.770352258472748963e-10 1.398332963138548151e-04 3.167704208206644131e-08 inf 0.000000000000000000e+00 -9.000000000000000000e+01
7.851565711325226848e-01 2.722849659078850231e-07 9.312524007613427813e-08 3.243216482813919208e-04 -2.225601644182466365e-01 5.299600234345363983e-10 3.743918281233418869e-07 1.104237261372309283e-09 inf 0.000000000000000000e+00 -9.000000000000000000e+01
9.243941816306971981e-01 1.164689628962867901e-03 1.922122348442952822e+00 2.082495210362409312e-04 -2.301336245500222033e-01 2.999917980142399331e-07 7.487785855380177935e+00 6.440846724827666014e-02 inf 0.000000000000000000e+00 -3.000000000000000000e+01
6.716099253430560800e-01 7.763348148496742240e-04 1.268814086362391569e+00 1.916935103169454082e-04 -1.776927134836219779e-01 -1.213770083638701255e-07 5.094099674102118659e-06 5.507189982855885937e-10 inf 0.000000000000000000e+00 -9.000000000000000000e+01
1.425304957654952576e-06 -1.683501562549514751e-05 1.529752260130099017e+00 1.066879938035243388e-08 -3.804039123322384409e-09 4.212135274483406308e-09 4.459907937688312756e-09 -1.539105484378711765e-07 inf 0.000000000000000000e+00 -9.000000000000000000e+01
5.828646508863494918e-02 9.916915161355047538e-06 9.726466918848104548e-01 3.216884260560103374e-04 -1.825459554530252960e-07 0.000000000000000000e+00 -5.430796174368278662e-01 5.402086704976154825e-07 inf 0.000000000000000000e+00 -9.000000000000000000e+01
7.068498759393627706e-01 1.025777130096782100e-08 2.539623577703080219e-03 7.344524949687208179e-10 -3.316655667887121739e-01 0.000000000000000000e+00 7.305873717731472539e-01 3.989218049844351494e-02 inf 0.000000000000000000e+00 -1.000000000000000000e+01
0.000000000000000000e+00 3.096562384965420578e-01 7.301368149813201036e-01 1.084880098396031944e-06 -5.687896170278587960e-01 1.323557605716863783e-09 2.100692346688233562e-09 -1.030014435420076646e+00 inf 0.000000000000000000e+00 -9.000000000000000000e+01
2.624556208587516259e-01 1.127398392133601357e-03 1.398600717134344196e+00 8.606564328165400585e-08 -2.310655798258112181e-01 2.341650738948190053e-06 1.729628386723094854e-07 9.192548704977386521e-10 inf 0.000000000000000000e+00 -9.000000000000000000e+01
8.469725388177897774e-01 1.105534959676304058e-04 -1.600054357397117988e+00 2.416417665642375280e-04 -2.195673613909859268e-01 5.217405322530816486e-09 3.789177049882715953e-09 8.762471927853780382e-10 inf 0.000000000000000000e+00 -1.000000000000000000e+01
7.056222684722709415e-01 1.395149353956489951e-08 2.809783963791937476e-03 1.943306156492213209e-07 -3.019906938475508396e-01 1.884960369731343785e-05 3.444824726328642586e-06 1.671120964159783199e-09 inf 0.000000000000000000e+00 -9.000000000000000000e+01
1.009138249201972037e+00 -7.086166446884621419e-15 5.425651732974019767e-10 1.414426886823702524e-14 -1.806874219866215579e-12 -7.352774689440676030e-15 4.798948366008990874e-15 2.021212776368118736e-18 inf 0.000000000000000000e+00 -8.000000000000000000e+01
5.416492389344488290e-01 1.571953752604212631e-05 1.278008988596967432e+00 1.724287415227713778e-04 -2.947209094202148383e-01 1.754035863472202329e-09 1.038573866529593452e-09 1.730297032237240226e-07 inf 0.000000000000000000e+00 -9.000000000000000000e+01
5.596555759687056320e-01 -3.589811048576943293e-04 1.165532259693374841e-09 3.792788145404843696e-09 -4.481374907203288793e-01 1.969480254003326549e-08 -4.588888991827750770e-07 2.151657177498634070e-07 inf 0.000000000000000000e+00 -9.000000000000000000e+01
1.009138252459560681e+00 4.885551374046974343e-12 4.615304134572523865e-08 2.829666171557842867e-11 5.306443036930188432e-09 2.945362664537893361e-14 2.819499706270808600e-09 0.000000000000000000e+00 inf 0.000000000000000000e+00 -8.000000000000000000e+01
2.469152389991000055e-07 8.676508322866488630e-06 1.488973267625093300e+00 7.337575498558161265e-08 -1.831906087137172012e-01 1.323092978787630342e-06 6.842580326036380650e-09 2.632209623292292653e-08 inf 0.000000000000000000e+00 -9.000000000000000000e+01
1.716900606330721028e-03 6.465505267871131796e-06 2.338873893848390395e+00 1.277511876391349311e-08 2.288303647494911530e+01 -2.072277329445875467e-07 6.250289847765770363e-04 -7.684306965430944825e-01 inf 0.000000000000000000e+00 -2.000000000000000000e+01
7.924146426334680582e-01 5.976837422371681804e-09 8.961133489534034435e-01 3.156061712057241533e-09 -1.604395078912206896e-01 1.627099233501067345e-06 3.097751103058493613e-09 3.545285027123885415e-08 inf 0.000000000000000000e+00 -9.000000000000000000e+01
9.798776109880842355e-01 1.766753193152714068e-04 1.202204016072857021e-09 3.905341531000311242e-09 -3.276037920968145889e-02 4.240501438511532113e-09 1.058600313268065057e-01 0.000000000000000000e+00 inf 0.000000000000000000e+00 -1.000000000000000000e+01
0.000000000000000000e+00 5.968874394063274853e-06 1.522590406426380660e+00 2.309385926274481291e-07 -5.805255559741540061e-04 0.000000000000000000e+00 0.000000000000000000e+00 4.163556357466011562e-09 inf 0.000000000000000000e+00 -9.000000000000000000e+01
1.041564702393391162e+00 3.958372920984876653e-06 -8.738220724199237122e-01 1.456139004797215010e-08 -1.329707773841768126e-09 2.311221031167156341e-07 7.981032199182740063e-04 -1.275624186077299438e+00 inf 0.000000000000000000e+00 -1.000000000000000000e+01
6.122793401073778341e-01 4.144166028286027346e-05 9.680170572647370797e-01 6.960623539311076165e-10 -3.343592485781909929e-01 -8.448827151496230043e-07 5.284594588966753896e-06 1.496492800541775539e-02 inf 0.000000000000000000e+00 -9.000000000000000000e+01
5.783520648458656543e-01 6.076386117404207797e-10 1.296661212999627555e+00 3.140552370585190462e-08 -2.181683945681913150e-01 4.983786720899350550e-10 -1.754292925756571328e-08 0.000000000000000000e+00 inf 0.000000000000000000e+00 -9.000000000000000000e+01
3.033042622102204433e-01 8.226727622669380985e-03 3.428192541178899932e-01 8.187095821241714146e-05 -6.835025627272572901e-01 3.883024335500103632e-08 1.497192333950203963e-07 0.000000000000000000e+00 inf 0.000000000000000000e+00 -9.000000000000000000e+01
8.800060524515604735e-03 3.946861791152825871e-01 9.342384464451632953e-01 7.731573460558837965e-09 -5.099877595309830758e-01 -9.163346323625289379e-09 1.460902436156462109e-03 5.850994873108094402e-10 inf 0.000000000000000000e+00 -9.000000000000000000e+01
2.337273503118227069e-01 8.171548887618005675e-05 1.474978424297910262e+00 9.030254024960914503e-05 -6.825320833590089488e-04 6.390785304223231171e-09 0.000000000000000000e+00 1.057691874688373974e-07 inf 0.000000000000000000e+00 -9.000000000000000000e+01
1.009056543691345453e+00 3.100017147096884491e-06 1.570492057136798486e-04 8.753166487264276474e-09 -7.302568108815366227e-05 1.415928723855297826e-12 2.251121099055941411e-07 9.156830722848931089e-14 inf 0.000000000000000000e+00 -9.000000000000000000e+01
2.979470628474421012e-01 1.004461100764818315e+00 2.762974541141167972e-03 1.522030588499956461e-09 -2.003305082887294386e-09 -3.542180278690807859e-07 3.634584981613176410e-06 -4.423105113217391290e-06 inf 0.000000000000000000e+00 -9.000000000000000000e+01
4.736214417750636910e-03 4.876241626623263881e-01 1.080680576711101848e+00 2.539885139585919169e-07 -6.016123811043926244e-06 2.594139180918105135e-05 6.519911337699936968e-08 5.799840808435888183e-08 inf 0.000000000000000000e+00 -9.000000000000000000e+01
7.809646276731230241e-01 6.987978259077739021e-03 1.005074407955413868e-07 6.100511730979374930e-09 -2.236153042904876487e-01 7.940732101314407598e-08 0.000000000000000000e+00 2.351616403229013104e-07 inf 0.000000000000000000e+00 -8.000000000000000000e+01
3.418311321833737010e-03 -5.276345308637812654e-08 1.045538030990410586e-04 3.183529261028494022e-06 1.777242265218652472e-08 -5.408348341615720585e-11 1.209503356397697546e-11 -2.277255246001854250e+00 inf 0.000000000000000000e+00 -3.000000000000000000e+01
8.733217952815633400e-03 2.054312756953348938e-03 1.224206822519084170e+02 2.739581329221944323e-05 -3.477999272237297657e-02 -2.288408861815474909e-03 1.603053435114504168e+02 3.863616805623165528e-08 inf 0.000000000000000000e+00 -2.000000000000000000e+01
1.014412479767494490e+00 2.164867366781800251e-03 1.845718504416379587e-09 9.428265122115083580e-04 2.136539541807899570e-06 6.128077247864659873e-10 1.596035079170864956e-01 5.229292584844509317e-08 inf 0.000000000000000000e+00 -1.000000000000000000e+01
9.390272841359198486e-01 1.444634862912655114e-05 9.332308194190314099e-01 1.457562179826075425e-09 9.645102819589833257e-10 3.639226854913895326e-07 -1.082006747152500226e-01 7.061021421787364896e-06 inf 0.000000000000000000e+00 -9.000000000000000000e+01
4.480448054861810997e-02 -2.030154543556725384e-05 1.088215195153140025e+00 6.850232871288799089e-09 -8.916215741309487797e-01 -9.241748295295541154e-06 2.283663274500202789e-02 -1.927889296026815714e-06 inf 0.000000000000000000e+00 -9.000000000000000000e+01
2.256344365631228199e-01 4.197069132498564524e-03 1.566743014057354833e+00 9.615103830814892205e-04 4.395476036943951059e-01 9.606328886028817625e-09 3.422042162008772747e-05 -6.104827829088820337e-03 inf 0.000000000000000000e+00 -1.000000000000000000e+01
1.563581461865491407e-01 4.055921150468956506e-05 1.469766574153561933e+00 0.000000000000000000e+00 -1.072519158998360422e-01 -2.941521399624918036e-08 9.683721439359260044e-10 3.727868704475143925e-08 inf 0.000000000000000000e+00 -9.000000000000000000e+01
3.477238207839351558e-01 -1.194817361061376939e-05 6.551572240463060526e-01 1.472570966481085569e-02 -6.236255929424731059e-01 1.761967191686830298e-09 2.464143746596100519e-07 7.276271921225243510e-10 inf 0.000000000000000000e+00 -9.000000000000000000e+01
8.601547315290514195e-01 7.762592748804245718e-09 4.543070765118229805e-03 1.621821052217770650e-04 -1.509309065300389607e-01 -6.300577605975191834e-06 7.546545326501948037e-02 3.520879842966628120e-02 inf 0.000000000000000000e+00 -1.000000000000000000e+01
3.348913841876925979e-01 3.848418014251396547e-04 1.534356945897974223e+00 8.852824709589714593e-05 -2.187598833196135908e-04 2.257790392747893288e-07 8.859263127560325357e-02 2.429268144095834656e-08 inf 0.000000000000000000e+00 -9.000000000000000000e+01
3.295146021271422754e+00 1.566336613743336088e-03 1.636661931095077449e+01 1.274414090346033746e+01 2.824520609661171329e+05 -5.610708320913097478e-05 9.163601957954211133e-03 2.741408734584255269e-01 inf 0.000000000000000000e+00 -2.000000000000000000e+01
3.868767794147605632e-01 4.939459988099895171e-01 3.611801667599056631e-01 3.871639158314797824e-09 -3.162110946139095047e-01 3.485326152188442285e-06 1.850728608644985812e-09 7.046595995559212652e-10 inf 0.000000000000000000e+00 -9.000000000000000000e+01
1.058950929976742138e-02 9.455414179886089592e-08 1.526492797987924588e+00 1.728289148446160216e-09 0.000000000000000000e+00 5.316281136349363354e-10 7.951722976076710849e-08 2.038903327199156734e-09 inf 0.000000000000000000e+00 -9.000000000000000000e+01
5.678867877915990681e-01 3.731765540971846202e-08 6.366681068098362095e-01 1.433838928981858632e-07 -4.153333494562782002e-01 0.000000000000000000e+00 1.547579677910335960e-01 3.086341237997821188e-02 inf 0.000000000000000000e+00 -9.000000000000000000e+01
1.142312558700807834e+00 1.029545120115197068e-03 1.177168991166517714e-01 1.750465577773588008e-02 3.892776199953403904e-08 2.985919721911824654e-07 6.076346634090563036e-05 1.079303822952441685e+07 inf 0.000000000000000000e+00 -3.000000000000000000e+01
5.807058712032818759e-01 1.922724052719199453e-03 1.889598469788456719e-02 8.036554467545418620e-03 -2.158957617131884607e-06 -4.221639508112747241e-01 1.686685638384284849e-08 -2.086854114927349180e+00 inf 0.000000000000000000e+00 -3.000000000000000000e+01
8.570092657018186788e-01 1.327525268622824772e-07 1.214236219898467084e+00 1.050297558993667224e-01 -3.113157435340510593e-02 3.236342663528912008e-09 1.307532418191758140e-07 1.401969047059910094e-03 inf 0.000000000000000000e+00 -9.000000000000000000e+01
7.236364914503438106e-01 8.572513483103394016e-04 7.481665420079826045e-01 4.100022736062480799e-01 -2.391679929369780466e-01 3.958126971272525768e-08 4.250547961234612373e-08 4.972827806440965693e-06 inf 0.000000000000000000e+00 -9.000000000000000000e+01
4.033418202976254974e-01 5.633545815662293135e-03 1.167234229587391930e-06 4.841171715773887052e-02 -5.862899669047713092e-01 2.367437214457601074e-09 -3.081231942857192152e-01 6.803718537016478426e-03 inf 0.000000000000000000e+00 -9.000000000000000000e+01
7.498336306496349302e-01 9.653393216202869973e-04 8.114910379444325583e-01 6.541776328404681068e-03 -2.282318544218716327e-01 1.359626919823711184e-09 3.330796986538811018e-06 5.616790909693817113e+00 inf 0.000000000000000000e+00 -3.000000000000000000e+01
3.354470478056178649e-04 0.000000000000000000e+00 1.403953530723594856e+00 1.583728068194299177e-01 -3.028344887155315357e-01 1.482934467918061490e-09 1.279087808455066280e-03 0.000000000000000000e+00 inf 0.000000000000000000e+00 -9.000000000000000000e+01
5.152280694418891471e-01 -1.732043213637027019e-05 1.400776313795136119e+00 1.738185210848505838e-05 -6.381918977552210592e-08 3.355065976770304997e-06 9.884776762223724677e-08 7.441323525870029386e-10 inf 0.000000000000000000e+00 -9.000000000000000000e+01
8.351034387250758639e-01 3.715618852023167907e-04 1.232585099949993137e-05 5.324321275577977013e-10 -1.419480728206758691e-01 1.573673114215197221e-09 1.164108149952771353e-05 -2.232145639956744532e+00 inf 0.000000000000000000e+00 -3.000000000000000000e+01
3.107570624528576131e-01 5.785563737963251152e-06 1.458017412514665434e+00 2.297263952010214907e-07 -2.653009021284591720e-04 -1.645479377390683901e-09 0.000000000000000000e+00 5.078415335088504941e-10 inf 0.000000000000000000e+00 -9.000000000000000000e+01
4.794449899912379334e-10 3.638090805069752605e-17 3.715698672432093984e-10 1.209676590131738865e-09 -1.083361275460970320e-10 -6.269665253731573671e-11 -1.540440413120554242e+00 1.490682977152825486e-18 inf 0.000000000000000000e+00 -9.000000000000000000e+01
9.974140172360616008e-01 -2.734723376802136659e-05 2.113660563869388387e-01 1.486262704783769847e-08 -5.617027995618348787e-09 2.804159712541253311e-08 6.284685070032933263e-09 2.496456886941488396e-09 inf 0.000000000000000000e+00 -9.000000000000000000e+01
2.377462448283084243e-02 2.197276223747454281e-04 8.302736127380357795e-03 9.885349459778851691e-05 -6.725522637204931486e-01 -5.941205128492985654e-01 3.216328895055165155e-07 0.000000000000000000e+00 inf 0.000000000000000000e+00 -9.000000000000000000e+01
3.354680141995637910e-01 7.722962430427587696e-10 9.739880322378347000e-01 2.992827003083748938e-01 -6.091194505016799265e-01 7.160618431493471382e-07 2.444157757949771384e-04 1.069981340361058582e-09 inf 0.000000000000000000e+00 -9.000000000000000000e+01
7.039609500987473734e-01 2.872026233220571234e-08 1.744893665820562169e-04 2.737602593492912371e-04 -3.000342471794915644e-01 1.937816956615366954e-08 1.763787114230625743e-07 5.507457294217470292e-06 inf 0.000000000000000000e+00 -9.000000000000000000e+01
1.866009561615270278e-09 4.441601951522266556e-01 9.391933641985409364e-01 5.889592678848196981e-08 -4.060054647316609366e-01 4.612775636312948434e-06 2.412692050369744048e-09 0.000000000000000000e+00 inf 0.000000000000000000e+00 -9.000000000000000000e+01
1.198135623788592557e-09 1.174840962690933223e-05 1.185128643473293719e+00 -5.043619021360440380e-02 -1.768921453868444182e-01 2.156329871451202751e-02 -3.381904928332507554e-01 -1.343137674166638984e-02 inf 0.000000000000000000e+00 -9.000000000000000000e+01
9.874409746280885525e-01 1.073006635529139832e-04 3.968220739159608046e-01 4.357480540945089478e-09 -3.886480727113420300e-05 -8.554482035222472520e-06 8.507449985843636153e-03 1.767057197669251113e-08 inf 0.000000000000000000e+00 -9.000000000000000000e+01
3.294436637150478520e-01 4.769859180168791180e-01 9.162441363036095687e-01 2.304084519234076978e-01 -1.168544869494571388e-08 5.709706997637778551e-10 5.962389767098074257e-06 1.158779348854565017e-01 inf 0.000000000000000000e+00 -9.000000000000000000e+01
7.338846795513541410e-02 2.241909316435360400e-01 1.112284290695554567e+00 1.706978605918497982e-02 -1.923737793971640533e-02 -2.606119202980291304e-08 0.000000000000000000e+00 0.000000000000000000e+00 inf 0.000000000000000000e+00 -9.000000000000000000e+01
7.676477782969854946e-01 1.441230997571075925e-05 1.135552704301070692e+00 3.661361523213732538e-01 -1.547676972372954707e-01 1.215706558750400078e-09 3.479095192521470164e-08 5.350426697589836697e-09 inf 0.000000000000000000e+00 -9.000000000000000000e+01
2.091098461024231693e-09 2.786174698010297607e-07 5.225235856115672661e-04 7.821825453326528357e-03 -1.004476260183257086e+00 0.000000000000000000e+00 3.925395356659522623e-09 4.216092145989774193e-02 inf 0.000000000000000000e+00 -1.000000000000000000e+01
6.184102331972229916e-01 1.308329143230558926e-02 4.522224702708374511e-01 1.374244962660495561e+00 -1.486102110784024211e+00 -3.436468247257739904e-07 4.188954319670615405e+02 1.214383873407322143e-08 inf 0.000000000000000000e+00 -3.000000000000000000e+01
4.442510624854122958e-01 2.244328757100491969e-03 1.414654221322262595e+00 3.037175457604270303e-05 -9.209988420066813480e-03 -9.260402881761772531e-08 3.430121275093468238e-09 1.174562282447100250e-07 inf 0.000000000000000000e+00 -9.000000000000000000e+01
7.896702530355316219e-01 2.084835701680131104e-01 6.834365867078815437e-01 1.431880776816164548e-05 -6.683868173114644595e-02 2.921171867797127878e-07 1.588577163713027869e-05 4.732525323212696946e-10 inf 0.000000000000000000e+00 -9.000000000000000000e+01
8.543897285743067282e-01 -5.146941711847521701e-06 -3.757768398978398761e+00 1.201936245030295151e-06 -2.657886599071655476e-01 4.247332988573313187e-06 6.244722438711848375e-08 8.299172752093410332e-10 inf 0.000000000000000000e+00 -2.000000000000000000e+01
6.462322424107598273e-01 4.174576245678008365e-04 5.282529360177937504e-06 9.940587191586318719e-03 -3.863344927455629185e-01 1.339771939175564021e-07 6.040866613839711574e-01 -4.405216683514340814e-01 inf 0.000000000000000000e+00 -1.000000000000000000e+01
3.827681490124209551e-01 6.639855646133833167e-01 6.034457043103983453e-01 3.464118593386742754e-07 -3.106532157940369097e-06 4.674261164841612352e-10 1.031320253273069225e-07 1.106134040314115047e-03 inf 0.000000000000000000e+00 -9.000000000000000000e+01
1.563544173874564444e-02 1.176610103271874666e-05 9.418054317926788377e-01 3.031342823314944328e-06 -4.473335763572400245e-09 -6.082493413661050896e-01 2.208015142908416103e-06 0.000000000000000000e+00 inf 0.000000000000000000e+00 -9.000000000000000000e+01
9.953403526376968962e-10 3.620089727000808425e-09 1.500192283023034978e+00 2.089795960301905545e-05 -1.355714662098652934e-01 1.415595168195835439e-07 0.000000000000000000e+00 5.234752965724182995e-10 inf 0.000000000000000000e+00 -9.000000000000000000e+01
3.142615058335783140e-01 5.742459910047949816e-06 1.482072780597863071e+00 1.117374242963834030e+00 9.125222984204643950e+00 1.443015054715657467e-06 1.369447880952609656e-09 2.867529916422139756e-08 inf 0.000000000000000000e+00 -3.000000000000000000e+01
2.782352178990225022e-01 1.718673397460782144e-05 1.250382364775125099e+00 0.000000000000000000e+00 -6.050777931418500621e-01 1.142905021562927138e-07 7.033261671156474562e-06 1.562503018989875854e-07 inf 0.000000000000000000e+00 -9.000000000000000000e+01
0.000000000000000000e+00 6.212396309818661415e-03 1.523174576920045764e+00 1.206522830857167429e-05 -2.116370925968153133e-04 7.593505002323984849e-09 2.610163038161475519e-08 1.080614173407644173e-09 inf 0.000000000000000000e+00 -9.000000000000000000e+01
8.544620728853884138e-09 7.076053216463251285e-13 3.051012348685901129e-15 2.277526491544149323e+00 -2.597484470391027990e-09 1.156766742713211045e-04 6.427210966510738438e-15 -2.317076494359625871e-07 inf 0.000000000000000000e+00 -2.000000000000000000e+01
4.263199200284691903e-01 9.400955897805205136e-05 1.356889207832547184e+00 2.061996620069811115e-07 -2.735170813085877617e-01 2.151708045457124082e-09 6.420970040411734711e-09 7.907546903753863432e-02 inf 0.000000000000000000e+00 -9.000000000000000000e+01
3.093744226995001970e-02 3.946425781361451927e-04 2.515569076376263924e-01 4.390200568020571252e-04 -5.769072226568548734e-03 -1.071145542198925327e+00 5.426241616202210579e-10 1.137394656320936785e-10 inf 0.000000000000000000e+00 -9.000000000000000000e+01
8.460485378764632358e+00 -1.997378280974465223e-03 -7.466081810935621615e+05 1.449765139170655598e-09 -6.875889519870596045e-01 -8.386533764709174164e-10 -5.779935555789698753e+00 -3.574066430633243918e+00 inf 0.000000000000000000e+00 -2.000000000000000000e+01
