5.391630310736574838e-01 4.683673864192442496e-07 1.729022328532027627e-04 3.942431565685464574e-05 -4.608687295316082344e-01 -2.535667720395914232e-02 3.603317286878403997e-02 2.630324090397929763e-08 2.156215378361767216e+04 1.000000000000000000e+00 0.000000000000000000e+00
6.494969718478612597e-01 8.532404486854866521e-02 1.171266434104622500e-01 5.054886904066974381e-08 -3.185431008425816390e-01 1.908883106079036071e-04 -4.918656469103125034e-04 -3.749086819981683680e-03 2.420133948164087269e+04 1.000000000000000000e+00 0.000000000000000000e+00
4.640623809246381404e-01 4.183869497312682206e-01 7.459561912407488766e-09 2.341322352069503592e-09 -3.453062598218764045e-01 -2.570358127458926081e-05 -3.220117899132577538e-02 -4.030856802814893058e-02 2.882551632158150096e+04 1.000000000000000000e+00 0.000000000000000000e+00
5.853294862771170060e-01 7.360468176108865557e-03 3.101527065564490306e-05 4.110135102911522757e-07 -4.199538608734794676e-01 -1.527112333839764495e-09 7.344807605521400454e-03 2.471756393647736220e-09 3.031912668593569833e+04 1.000000000000000000e+00 0.000000000000000000e+00
3.637791775815897299e-01 5.789174008825298534e-01 1.865198163994356970e-07 2.620230380779272605e-05 -3.451990582965085430e-01 -2.832769711566429776e-08 -9.997462159009752790e-06 4.790499190727693802e-10 5.219269580856605171e+04 1.000000000000000000e+00 0.000000000000000000e+00
5.568880508723461631e-01 3.986146048349425430e-01 7.972292096698850861e-01 -1.840179678386359852e-08 -8.011371959917962249e-02 6.607130195125749338e-05 7.297389745183250663e-10 3.464895280505962354e-09 7.945432404339715140e+04 1.000000000000000000e+00 0.000000000000000000e+00
2.777255364392630654e-01 7.183399505555133624e-01 6.943829376374555171e-07 3.385990625014857406e-09 -3.208910890236646996e-01 -1.069753615603260291e-04 2.767046102162679295e-08 2.631121030477495206e-08 8.390073333964569611e+04 1.000000000000000000e+00 0.000000000000000000e+00
2.924702562061045064e-01 8.626820506798765775e-01 1.309803845239568831e-01 -1.075427500878883854e-08 -1.956815383249476126e-01 -5.406660027275688932e-05 2.151444870293106881e-01 -2.328002680473968878e-09 9.717775844881101511e+04 1.000000000000000000e+00 0.000000000000000000e+00
2.179669691900408546e-01 4.343658306880670006e-01 9.907449206921835682e-09 5.563126196188562972e-06 -5.833360614294618163e-01 -6.148343331536103591e-10 8.494235697406192665e-07 -3.653690922394209895e-01 1.031973108983026177e+05 1.000000000000000000e+00 0.000000000000000000e+00
4.347128951840859568e-01 5.912095374503569811e-01 4.568437334843667430e-01 1.012880937235772467e-09 2.316822134560640040e-02 -8.743753579114389147e-07 1.333233977849877239e-08 -1.141318946628763875e+00 inf 0.000000000000000000e+00 -9.000000000000000000e+01
4.067701787540990988e-01 1.358406209867511145e-07 3.789092076065580517e-01 2.285045164764908521e-06 -5.809012484262305875e-01 1.394940362211136097e-08 0.000000000000000000e+00 4.162820884349392454e-04 inf 0.000000000000000000e+00 -9.000000000000000000e+01
6.242564654446471906e-01 -3.229173615639747508e-07 7.994031906001174392e-09 -1.392664176621586538e-06 -1.473551812963647956e-01 -4.877003636286305621e-01 0.000000000000000000e+00 1.677150385525354886e-04 inf 0.000000000000000000e+00 -9.000000000000000000e+01
5.939868757061683713e-01 1.319084439656493168e-05 3.982566466405201844e-01 5.899091626006339739e-01 -1.311460751212379774e-09 -2.768832903995940592e-06 1.070719091151988290e-06 -1.264091062715644309e+00 inf 0.000000000000000000e+00 -9.000000000000000000e+01
7.601778425127532213e-01 2.065798356344543305e-07 1.066484506959411655e-04 1.970247666465222423e-04 -3.323526349374478217e-01 2.503903320124945542e-01 -2.410035092015495200e-04 -3.188888315147242137e-08 inf 0.000000000000000000e+00 -1.000000000000000000e+01
4.559923406531993934e-02 5.045221167535656193e-01 1.087505833317951234e-06 1.156341330528634679e-09 -7.145833698256821576e-01 0.000000000000000000e+00 1.179398287572408116e-08 -3.465365956442212955e-03 inf 0.000000000000000000e+00 -9.000000000000000000e+01
4.800047484281700808e-09 7.765531083069174799e-03 1.661248427252131621e-01 2.105781939918491386e+00 -7.966859666704300888e-03 6.548636210698605636e-10 0.000000000000000000e+00 -1.914419121173303537e-04 inf 0.000000000000000000e+00 -2.000000000000000000e+01
4.146238139382248389e-01 8.749694349450685971e-03 1.198596427649006202e+00 1.557909537709616984e-09 -2.382895482403590837e-02 -1.313508595303798266e-06 0.000000000000000000e+00 -5.468745132116241692e-01 inf 0.000000000000000000e+00 -9.000000000000000000e+01
5.651667653503782418e-01 3.086966985659656548e-01 2.885971321459897837e-05 3.450927245828526982e-07 -3.086966985659656548e-01 -1.420978217163204272e-09 6.834344393289175541e-03 2.605705777194139989e-09 inf 0.000000000000000000e+00 -9.000000000000000000e+01
3.431864683749694667e-01 3.714905070038329038e-01 2.733108730099628181e-01 1.369207868671269868e+00 -4.493266132332074392e-01 1.386351989725520474e-04 1.153943683036721249e-06 -1.455453646534269100e-04 inf 0.000000000000000000e+00 -9.000000000000000000e+01
2.900961449084996091e-01 0.000000000000000000e+00 4.485332702046801456e-01 1.131374965143148392e+00 -7.475554503411335761e-01 1.428165636472613353e-01 3.032589006384423594e-07 -1.082281771389402292e-01 inf 0.000000000000000000e+00 -9.000000000000000000e+01
4.693265373751798197e-01 7.372767999100368035e-09 1.299046988483144149e+00 4.232514962446507912e-09 -1.842692044791920669e-01 -2.876024876539876388e-02 1.203915367095895537e-06 -8.169946773179648236e-02 inf 0.000000000000000000e+00 -9.000000000000000000e+01
1.261988633905540558e-01 4.618341383654318150e-02 2.771004830192591029e-01 3.619490805329081962e-01 -8.484859751364910441e-01 -1.580428285778483458e-09 0.000000000000000000e+00 -1.734870138515317621e-08 inf 0.000000000000000000e+00 -9.000000000000000000e+01
3.311933537065958090e-03 3.960200402440247625e-01 4.068234876284885827e-07 1.067753234663556499e-07 -2.046546516697309304e-01 -6.432003338191543129e-01 7.921018061302348367e-10 -5.408730079842888339e-01 inf 0.000000000000000000e+00 -9.000000000000000000e+01
0.000000000000000000e+00 4.475334192418159810e-08 8.747953377047690271e-01 1.518573775782041387e-05 -1.131367650353352603e-09 -6.640652867192072817e-01 1.150008894969460464e-04 -2.025247047571307664e-09 inf 0.000000000000000000e+00 -9.000000000000000000e+01
6.959256510594169909e-07 1.070614635395069313e-02 6.492207149035700287e-01 1.833427563114056139e-03 -9.661226469805105355e-01 5.771282018926546069e-04 -3.961548600514287017e-08 -2.775033134944019930e-01 inf 0.000000000000000000e+00 -9.000000000000000000e+01
6.729630615649425662e-01 7.025734362737999783e-01 3.908569461569186387e+00 7.082936222971020213e-02 -1.125194238936583879e+00 -7.623325561407669149e+00 5.733429936353609264e+02 -1.412684058837127310e+01 inf 0.000000000000000000e+00 -2.000000000000000000e+01
3.505908962192153525e-05 2.737112538923149430e+00 5.055185426818592939e-07 9.277414163990940944e-09 -4.035324745073518661e-05 1.060149222822346582e+00 1.125685720233182696e+00 -9.830474611625396320e-02 inf 0.000000000000000000e+00 -2.000000000000000000e+01
3.063691215113694133e-01 4.791713235627412804e-01 4.257445557787422064e-01 1.318973329667475936e+00 -2.980211890451195389e-01 -1.017044422686975491e-07 -2.201767187973397225e-02 -1.987117713523828664e-06 inf 0.000000000000000000e+00 -9.000000000000000000e+01
1.852712260111454012e-01 3.011268475537349776e-01 4.953336027161540352e-10 9.178240285622853422e-10 -5.846553728478361966e-01 -1.862489105811250545e-01 -6.507712918927105981e-03 -3.153032738184400469e-02 inf 0.000000000000000000e+00 -9.000000000000000000e+01
1.779950111342569474e-01 7.062227935030356285e-01 6.371357810951299161e-01 2.917007190556016871e-01 -8.575905186050789344e-03 5.710164141990493461e-06 1.426254189612258843e-09 -9.007921197551108658e-09 inf 0.000000000000000000e+00 -9.000000000000000000e+01
5.895727993053042626e-01 -1.548990511323879832e-07 6.993576562320502321e-09 1.698900566419232261e+00 -1.154113527243105715e-05 2.501805628631060818e-01 -8.783099868865480915e-05 -6.031484887629922076e-01 inf 0.000000000000000000e+00 -9.000000000000000000e+01
4.495611521637672969e-01 5.277457003661616131e-02 7.403099407914211227e-02 3.215511933544401994e-08 -5.355641551864009919e-01 -2.378546798378351729e-06 1.170865758410189720e-08 6.450225226697530179e-01 inf 0.000000000000000000e+00 -1.000000000000000000e+01
-3.907560341279422085e-07 4.786199986983775265e-09 5.425488320994089619e-01 4.393198228521764410e-09 0.000000000000000000e+00 1.740677502985603642e+00 7.473770583780412150e-06 -2.170195328397635848e+00 inf 0.000000000000000000e+00 -3.000000000000000000e+01
-1.736788170861809988e+02 -1.062591918881698092e+02 3.548967156292569099e-06 0.000000000000000000e+00 4.690060883339909026e+01 -6.500752339170522385e-08 1.374041274415989022e+01 -4.912197556037160240e+00 inf 0.000000000000000000e+00 -2.000000000000000000e+01
6.840671040804783344e-07 7.204291269229915755e-09 1.116638949307839696e-06 1.241757840587265349e-08 -1.009137508813822137e+00 -5.607885817525559171e-11 2.829416400702348098e-15 1.359119224708236033e-14 inf 0.000000000000000000e+00 -9.000000000000000000e+01
9.580409607703289643e-01 9.720383124698955130e-03 6.693844634992688336e-01 1.680183411202846696e-06 -3.360366822405693391e-06 0.000000000000000000e+00 -4.650231286855979751e-02 -9.480872884506372777e-01 inf 0.000000000000000000e+00 -9.000000000000000000e+01
4.688083215996665110e-01 7.460605548037704260e-01 1.634524246378730663e-07 3.042198160769236789e-09 -1.036545280956251980e-01 -3.650637792923083816e-08 -1.288389700086764182e-05 0.000000000000000000e+00 inf 0.000000000000000000e+00 -9.000000000000000000e+01
4.703583059201104644e-01 3.366775242375527610e-01 6.733550484751055221e-01 -1.569006522376445677e-08 -2.904668836559278766e-01 5.580508615160301443e-05 0.000000000000000000e+00 4.210564261980155343e-05 inf 0.000000000000000000e+00 -9.000000000000000000e+01
2.513916047030630846e-03 7.687442427707832371e-01 1.271878522747068307e-01 4.448149956945265029e-08 0.000000000000000000e+00 -3.875819094554157629e-01 3.710044041508928353e-06 -8.424126404482319209e-05 inf 0.000000000000000000e+00 -9.000000000000000000e+01
1.583227047512166807e+00 1.869392047097122311e-01 2.587545590116837602e-01 2.494350092167714472e-02 -1.820053254065233383e-01 4.526011947458604467e+00 6.552808449547738471e-04 -1.486748511891194863e-09 inf 0.000000000000000000e+00 -3.000000000000000000e+01
4.330110828984901072e-02 2.976076172530962016e-01 1.140029178993715309e-01 0.000000000000000000e+00 -8.256211317343959966e-01 0.000000000000000000e+00 0.000000000000000000e+00 0.000000000000000000e+00 inf 0.000000000000000000e+00 -9.000000000000000000e+01
0.000000000000000000e+00 0.000000000000000000e+00 2.313513138537628361e-09 1.477395196557965473e+00 1.573000969786550463e-02 -3.179497635447081466e-07 -9.059230395115765741e-09 -7.757414306410556071e-01 inf 0.000000000000000000e+00 -1.000000000000000000e+01
6.589296038729715310e-03 5.364214119209086418e-01 2.727089987228938361e-01 2.094517567510885414e-02 -5.780306199734739359e-01 -1.099270293821149325e-01 6.388776435256204800e-10 -6.959943940908261525e-05 inf 0.000000000000000000e+00 -9.000000000000000000e+01
2.691353784824963569e-01 6.591070493448890621e-01 1.772227963037126093e-07 1.431726979410286704e+00 -3.020907309497408155e-01 -4.874936426403602208e-06 -1.039009029175623627e-01 -8.667944268728357618e-03 inf 0.000000000000000000e+00 -9.000000000000000000e+01
1.038326336713801710e-07 4.640633770163327121e-01 2.868523621666891569e-03 2.072476444169644161e+00 3.212746456266918904e-01 -7.684101227202841305e-08 1.109452906617498899e-09 -5.864537182074534144e-02 inf 0.000000000000000000e+00 -2.000000000000000000e+01
2.301745905502629863e-01 1.009554261633186290e+00 -8.971578629966506184e-06 1.772391611013318657e-02 -1.020048296963394321e-04 4.525032083495685222e-10 -9.358227706150322456e-02 -9.358227706150322456e-02 inf 0.000000000000000000e+00 -9.000000000000000000e+01
6.512525010131496464e-04 3.055730210032373944e-05 1.800957937049872462e-08 9.966932521004031817e-06 -9.993460078889875309e-01 -2.059562161561820023e-02 -1.193644613293896040e-05 0.000000000000000000e+00 inf 0.000000000000000000e+00 -9.000000000000000000e+01
4.727433101292075925e-03 4.625154677670636297e-09 6.286109102455947895e-01 1.582297867534082858e+00 -1.045726560969307384e+00 2.007246676017865050e-01 6.312387759455596441e-07 -1.874865539686677368e-09 inf 0.000000000000000000e+00 -9.000000000000000000e+01
1.286944164020854823e-05 1.155307967856181284e+00 7.744193547171446349e-07 8.258790984275417302e-02 -1.169610901963027000e-01 8.729818180447812903e-06 4.025583873620280223e-02 1.086277148839744792e-08 inf 0.000000000000000000e+00 -9.000000000000000000e+01
3.293145037724125590e-01 7.861055896502751050e-01 3.895802514524558132e-07 1.252551163062269375e-07 -2.090809092865903718e-01 2.029545489249884749e-03 3.327089026884152614e-08 -7.751081314950042294e-06 inf 0.000000000000000000e+00 -9.000000000000000000e+01
1.738686633326490816e-01 4.492804578678369909e-01 3.837020001777281889e-07 8.985609157356739818e-01 -6.095380345680481995e-06 6.571564906126571293e-01 -2.076958371497747200e-09 -1.413940204291956215e+00 inf 0.000000000000000000e+00 -9.000000000000000000e+01
2.903406640990988663e+00 5.719046062410117150e-05 6.381065919106358879e-06 1.905006188394356100e-04 -4.228872088401847341e-05 2.444140499597868654e+01 1.742043984594593198e+00 -9.095300134327819484e-09 inf 0.000000000000000000e+00 -2.000000000000000000e+01
5.791613342290804489e-01 3.920565849645810441e-08 -5.013721526800721985e-08 2.404553753718950346e-02 -3.736969561335257706e-01 -1.361718613217183238e-01 0.000000000000000000e+00 -3.144018671529293929e-01 inf 0.000000000000000000e+00 -9.000000000000000000e+01
1.058182601019585058e-09 6.422193746319521784e-10 3.324224947281920438e-10 7.936369507646888762e-09 -1.009138247890904783e+00 -9.953094982863079540e-12 -7.718094233997669762e-16 -3.101760989200676193e-17 inf 0.000000000000000000e+00 -9.000000000000000000e+01
5.818690189535286050e-01 2.070937764502090439e-01 4.758140746122450082e-01 1.599423214660438131e+00 -2.400567996914187985e-01 -6.105689066311885264e-05 -5.777486410483773788e-03 -7.412201557636158809e-03 inf 0.000000000000000000e+00 -9.000000000000000000e+01
9.040032504221532372e-01 2.202848387458651580e-01 5.290023884553273978e-03 1.350728592070454592e+00 -7.521576595884990016e-09 -7.090006037479193619e-03 -1.923645048928463233e-02 9.991641383906453901e-10 inf 0.000000000000000000e+00 -9.000000000000000000e+01
1.883842724642523225e-03 -1.543243960027155026e+00 2.179633221894023087e+00 3.579689598001132844e-01 -7.139492031568925867e-01 4.900782861304244206e-06 3.163508441430139311e-06 4.243615190467587737e-08 inf 0.000000000000000000e+00 -2.000000000000000000e+01
9.828174205671349533e-07 3.430944385264040331e-01 5.280338198882204015e-01 8.457490566065420473e-10 -7.882243978041549859e-01 -2.487452506262117510e-07 4.911046207351246357e-08 -8.868321627802613905e-03 inf 0.000000000000000000e+00 -9.000000000000000000e+01
4.148592128603100226e-01 6.774139475746432382e-01 1.990993453200398959e-05 2.102711078881023404e-02 -2.170907113871759220e-01 -5.914013654541254287e-06 4.759203849334712956e-09 3.888659088282029217e-08 inf 0.000000000000000000e+00 -9.000000000000000000e+01
2.525737250784243753e-03 1.394972783640137548e+00 -5.325402856464038492e-02 1.049622764771389996e+02 -1.342190029664564799e+00 -1.478624023199638995e-02 -1.323339046101860150e+00 5.219641298283841024e+03 inf 0.000000000000000000e+00 -2.000000000000000000e+01
4.281030550772625676e-02 1.018460912370397153e+00 1.053410309725884753e-08 3.429534977285542817e-09 -2.211657765588656566e-01 0.000000000000000000e+00 1.547382375868531184e-09 -2.216650221041452651e-01 inf 0.000000000000000000e+00 -9.000000000000000000e+01
4.262246069223591394e-01 4.914233481639072032e-01 4.499115126012334352e-06 -7.264776319268833092e-09 -4.018967183993933934e-01 1.038800839930635461e-01 -1.471837255639425052e-02 -1.766204706767310062e-01 inf 0.000000000000000000e+00 -9.000000000000000000e+01
7.210311969804297731e-09 8.511816007351740154e-01 5.814758028278078222e-02 1.522009477283567058e+00 -3.112201460052380630e-01 2.155227796065139013e-07 9.996114321774139811e-10 -3.995068680776162062e-03 inf 0.000000000000000000e+00 -9.000000000000000000e+01
4.975322868031855084e-01 1.238962495023588212e-01 7.716131845235313369e-02 2.355002384941692894e-02 -3.660902932250445496e-01 -1.840187910093973866e-01 1.592300423339668705e-09 -5.082423751688118774e-01 inf 0.000000000000000000e+00 -9.000000000000000000e+01
6.825306313984129403e-02 1.522622681846355977e-02 1.103353865415902302e+00 8.207324859548617013e-01 -5.098489685477171074e-01 8.167757866424071866e-02 -1.788463416901897075e-04 2.277517944761078368e-08 inf 0.000000000000000000e+00 -9.000000000000000000e+01
4.983901705311660768e-01 4.329482700694176258e-07 1.598269323943218368e-04 4.688390541969113782e-05 -5.066144307709542494e-01 -5.615627694980393318e-03 -1.737374975655261305e-02 -1.274760337167173824e-02 inf 0.000000000000000000e+00 -9.000000000000000000e+01
9.019341295454608165e-01 -5.950014946479306936e-07 1.153687599563884691e-08 5.494082529532083869e-01 -1.040949050692216854e-01 -3.163327349285578499e-04 -1.380301974790935041e-05 -4.479323490898017880e-03 inf 0.000000000000000000e+00 -9.000000000000000000e+01
0.000000000000000000e+00 1.048527230988861504e-09 1.682688030487279505e-09 2.251695083031298950e+00 -5.183710625266696286e-03 -7.919138098075069812e-03 -2.046609852926712847e-09 -1.847547008568086293e-03 inf 0.000000000000000000e+00 -2.000000000000000000e+01
1.057960438448984951e-03 4.982144812296745995e-01 5.427357752970072280e-01 1.195714754951219039e+00 -1.110382274655498241e-01 -8.904258813466524314e-02 -3.214738826164012606e-07 4.857174671017265899e-10 inf 0.000000000000000000e+00 -9.000000000000000000e+01
9.098909503798606117e-10 2.418418512547770941e-05 1.584934756383307164e+00 -2.286485410099689383e-09 -2.207873842043611874e-03 -3.179034844729462014e-03 5.814826503581526501e-02 -9.632181575711096917e-07 inf 0.000000000000000000e+00 -9.000000000000000000e+01
1.657561555339219159e-02 1.140633515498796592e-09 7.375793221354944862e-01 1.352228757248406632e+00 1.216958434751504047e-09 -1.163850087783245557e-01 -7.649453018438026266e-09 -3.130159160297237703e-02 inf 0.000000000000000000e+00 -9.000000000000000000e+01
1.870139401821387953e-06 9.614265313495903853e-02 1.533924709507335171e+00 3.333671598787248391e-01 -1.742138749430057422e-05 -2.484210064072784338e-04 2.227894908339843882e-01 -2.410726572660382660e-09 inf 0.000000000000000000e+00 -9.000000000000000000e+01
4.529449765961922059e-01 8.371672670881346034e-01 7.424346719023755835e-09 2.309926055997203046e-09 -3.409613775351034917e-09 -2.606385964465157690e-02 -9.761745185262763955e-03 1.075250214479302512e-08 inf 0.000000000000000000e+00 -9.000000000000000000e+01
2.986590760917380849e-01 2.664727596206986071e-01 1.467097215889239525e-01 1.482067595643211444e+00 -1.639256583059915673e-01 1.032956203024056469e-01 -3.113838988826141407e-01 -2.260527342849746602e-01 inf 0.000000000000000000e+00 -9.000000000000000000e+01
1.464571146104547972e-01 3.924192661269842681e-06 0.000000000000000000e+00 9.920016883752396167e-03 -1.149232861058114175e+00 1.051127616821445843e+00 2.600445927032222961e-04 -1.064129846456606985e-04 inf 0.000000000000000000e+00 -1.000000000000000000e+01
4.987095032951601725e-01 4.677902032692315701e-08 1.130043944219610991e-01 1.478246495823104301e+00 -1.576571412916872250e-09 -3.735354048585263764e-01 0.000000000000000000e+00 -5.364604218712878403e-01 inf 0.000000000000000000e+00 -9.000000000000000000e+01
2.579598019239270560e-07 8.681102737964410121e-01 1.318045476678742778e-01 -1.082194374509625528e-08 -1.852674364809477614e-01 -1.042440295446006569e-07 -2.503757070156808484e-01 -3.472441095185763715e-01 inf 0.000000000000000000e+00 -9.000000000000000000e+01
6.276250910024613536e-04 6.336361482120623778e-01 3.928510805682692302e-09 4.667003394905448003e-08 -1.158648956730628399e+00 1.115652218101952808e+00 5.773056222599802725e-08 -2.552931356077617342e-02 inf 0.000000000000000000e+00 -1.000000000000000000e+01
3.935139286305519568e-01 6.798095694603158989e-01 4.551074131118557631e-01 2.388017202313073816e-09 2.868170127333318072e-10 -7.146697707466093119e-03 4.068297491428166239e-07 -5.383726791699146030e-01 inf 0.000000000000000000e+00 -9.000000000000000000e+01
6.381720018463440391e-01 1.599365859999476452e-06 2.759537362634990540e-02 4.257571930922556813e-01 -2.263284425152731760e-01 -3.163032741709350670e-01 6.928254090541495753e-10 3.289624884885538268e-09 inf 0.000000000000000000e+00 -9.000000000000000000e+01
2.809537243215022313e-03 5.043870873878821080e-04 3.240488316626123056e-06 -4.832505224794357873e-06 -1.488800377507456751e+00 1.034788408509236665e-03 9.619485540555137992e-02 4.982763276972550557e+03 inf 0.000000000000000000e+00 -3.000000000000000000e+01
1.009633381556458875e+00 5.317218997772071250e-06 1.843841720900429149e-05 4.255796954490574107e-06 -3.032634409375705882e-06 1.335329583136310840e-03 5.660917564167983635e-07 8.390288532606120114e-06 inf 0.000000000000000000e+00 -8.000000000000000000e+01
4.652043782090294344e-01 7.912567136693168801e-02 8.512830850511271530e-01 3.964095772482115453e-09 -4.542904925032457131e-01 4.169978303113149889e-04 1.557178134216051588e-08 8.567400279040190414e-01 inf 0.000000000000000000e+00 -1.000000000000000000e+01
4.683227986698894618e-01 5.284011022921401022e-05 1.108019239755259067e-01 1.041473162367614113e-05 -5.392360300142260421e-01 2.314144349697181552e-03 8.162408399530407532e-02 -1.023667944443614217e-09 inf 0.000000000000000000e+00 -9.000000000000000000e+01
2.893626880472212879e-05 4.960503223666650553e-05 2.523014570658037729e-05 7.572607291876173115e-08 -1.297143084349612688e-05 -3.048024868640424979e-13 -1.541382298244997395e+00 2.435778134655624313e-03 inf 0.000000000000000000e+00 -9.000000000000000000e+01
4.378339694653346669e+03 4.821684160301883537e+01 8.576335877856439765e+03 1.357585877861621157e+03 -6.732824427476084566e+03 1.818811603052129745e+08 1.209334744751040525e+01 -2.116419886813210131e-03 inf 0.000000000000000000e+00 -2.000000000000000000e+01
3.681047424332790918e-02 1.370044775270985449e+00 1.946373573724462791e-01 1.382367594974760576e-02 7.674555028536863292e-10 1.807993331876169112e-08 1.277648621192492773e-07 4.347743567280618393e+00 inf 0.000000000000000000e+00 -3.000000000000000000e+01
1.536164418102400064e-01 1.109505585989946752e+00 3.960800106235812246e-02 4.490511974546984586e-02 2.504335777876041183e-09 3.229086246545038745e-09 1.567183191656525526e-08 2.147740847879844872e-01 inf 0.000000000000000000e+00 -1.000000000000000000e+01
6.121954793246239257e-01 1.803790251581481041e-01 9.477842617725766691e-10 1.818697609032567664e-01 -6.439978418869419796e-01 1.049477964556498000e+00 4.568320141743819504e-07 -5.088378009970899729e-01 inf 0.000000000000000000e+00 -1.000000000000000000e+01
5.433821279502494273e-01 5.585753782383320744e-06 4.880906131763644296e-01 2.109488008331103504e-09 -4.385189102756399393e-01 -2.017153516383950601e-08 -1.218247081444278991e-06 5.042883790959876917e-10 inf 0.000000000000000000e+00 -9.000000000000000000e+01
8.644119124799139631e-05 -3.199609366065710220e-08 1.012642325962285932e-09 2.284278189366276024e+00 -7.737992366478259332e-02 1.099308878632520269e-02 4.159066695916531061e-10 7.513133732212517145e-03 inf 0.000000000000000000e+00 -2.000000000000000000e+01
7.481085489028250352e-05 3.995785411662987063e-01 2.834433670083023882e-02 3.554533034914926781e-01 -7.207122153551644983e-01 0.000000000000000000e+00 2.992434195611300382e-07 -9.920517845290582545e-03 inf 0.000000000000000000e+00 -9.000000000000000000e+01
4.378339694656489883e+03 2.514555254055343969e+00 1.334332868115592772e-06 -4.702823535176634608e-05 1.567607845058878330e-06 5.110007010687023926e+10 6.135131893608407140e-07 -2.857618467555247076e-07 inf 0.000000000000000000e+00 -2.000000000000000000e+01
1.255980745326969141e-09 9.962584792461253163e-05 1.220714663117303603e-02 6.248896489767149891e-03 -1.453231741806313890e-04 3.866688308372130942e-08 -1.525312036199907073e+00 -4.847890263682000053e-04 inf 0.000000000000000000e+00 -9.000000000000000000e+01
4.208222775137731084e-07 1.678591559050287348e-04 1.677096932536301432e+00 8.983760466545846821e-10 -1.348929383122689471e-09 0.000000000000000000e+00 1.528298559588369132e-01 -1.182361179943571934e-09 inf 0.000000000000000000e+00 -9.000000000000000000e+01
2.229195795938022917e-01 5.642908915178906915e-01 6.580651796127005015e-01 1.135162434831908373e-01 0.000000000000000000e+00 5.822274094746127246e-10 0.000000000000000000e+00 -7.205813716759070786e-01 inf 0.000000000000000000e+00 -9.000000000000000000e+01
7.513657242598546115e-09 2.520443367448229862e-04 1.101139423484269703e-08 1.794373993452820670e+01 9.780708996830865849e-09 5.305783070253053666e+03 6.380131365482386247e-09 1.032221050155607111e-06 inf 0.000000000000000000e+00 -2.000000000000000000e+01
2.210101153628835220e-06 1.227564930285265143e+00 1.706810791911377785e-06 1.042139281599735563e-06 -3.378610080398932646e-05 -7.043112758124057994e-14 4.134964546209580253e-09 -1.242908371545721361e-05 inf 0.000000000000000000e+00 -9.000000000000000000e+01
2.574543387480264880e-04 5.410103988917771556e-01 9.837562114483239972e-06 6.642975870669097210e-08 -7.346746294419513879e-01 2.040555368344543180e-08 1.005383119439829751e-08 -1.598413193174951375e-04 inf 0.000000000000000000e+00 -9.000000000000000000e+01
4.927448152906394837e-09 5.497162178370593733e-01 1.292361685203471250e-02 1.698200254487407967e+00 -7.002538897985924882e-01 -1.050952354563789045e-04 -3.799120495869099810e-04 -3.012867732376190745e-03 inf 0.000000000000000000e+00 -9.000000000000000000e+01
2.692324461683979998e-07 1.073924399227991214e-04 1.072968171447356678e+00 5.939773132348897159e-10 7.389776573481127069e-10 -7.503273926205291690e-03 0.000000000000000000e+00 -9.397850592572127848e-01 inf 0.000000000000000000e+00 -9.000000000000000000e+01
7.722686567777170552e-01 2.098655383790736604e-07 1.074511556500857141e-04 -3.054176234206893204e-09 -2.342426257524828914e-01 7.635440585517232182e-08 0.000000000000000000e+00 4.414209637517034273e-04 inf 0.000000000000000000e+00 -8.000000000000000000e+01
9.502245688032284754e-01 1.115481015551616079e-01 1.874627817802021479e-01 6.796535745643819395e-08 -4.421901016509589485e-03 -4.144901799662202072e-06 2.474825516076825584e-08 1.355102863336778096e+00 inf 0.000000000000000000e+00 -1.000000000000000000e+01
7.950741323150794137e-07 7.981021329542061643e-03 1.185961422394480103e+00 2.094635866182494727e-03 -1.135078589090426471e+00 -2.771157383020765419e+00 5.210402130335088344e+01 -5.166564612411596258e+00 inf 0.000000000000000000e+00 -3.000000000000000000e+01
1.256939063814153710e-05 7.011007222263475613e-01 4.667902980880381802e-01 1.416845845961339334e+00 -9.580668864183438692e-06 1.272232381063476692e-01 -1.224537967946944482e-04 -1.620273011947932709e-08 inf 0.000000000000000000e+00 -9.000000000000000000e+01
8.678829471513677118e-01 -6.906634664096955875e-07 1.699570397478312149e-08 1.920484224270763152e-01 -2.704804117388975304e-01 4.031550852476792901e-01 5.899999652325739072e-07 -3.489668040806883080e-06 inf 0.000000000000000000e+00 -8.000000000000000000e+01
5.141176351279623802e-01 5.326214835037002273e-06 0.000000000000000000e+00 1.692078392105363926e+00 -1.178098165062447978e-05 -1.908517307047536870e-08 -5.339607719223748994e-01 -2.486448604252072928e-09 inf 0.000000000000000000e+00 -9.000000000000000000e+01
5.373490860453378204e-01 1.388521880745253068e+00 1.185848646658074514e-06 3.275642188034301752e-09 -6.646549301221946759e-01 2.030972303179623850e+00 -1.891710936335499689e-06 0.000000000000000000e+00 inf 0.000000000000000000e+00 -3.000000000000000000e+01
1.946139943201906086e-01 3.121608468895857302e-01 7.597730338260241245e-01 7.270778827802321098e-01 -4.795288820049496414e-01 5.245455315661387216e-04 -1.644488252005610676e-02 -8.222441260028053381e-03 inf 0.000000000000000000e+00 -9.000000000000000000e+01
8.982720011995652676e-02 1.999259629999032215e-02 1.127768408959454183e+00 3.914829321998105488e-02 -6.100066591997047594e-01 -1.015902858499508239e-02 -6.881649429317958748e-08 -4.820540428797666643e-01 inf 0.000000000000000000e+00 -9.000000000000000000e+01
3.067361840826123287e-01 5.732793509406065580e-01 8.435245062271838623e-02 1.572171899894218020e-09 -2.316387045313520743e-01 -1.459641151841396534e-01 -1.102663696228011608e-01 -8.530707176117749239e-10 inf 0.000000000000000000e+00 -9.000000000000000000e+01
4.309330122725633094e-01 1.081307927473590613e+00 7.582467636456142703e-08 2.106960299856628638e-01 -1.273617610810992787e-09 -4.502090159145835102e-09 6.615060262191377882e-01 -4.293428535556903514e-01 inf 0.000000000000000000e+00 -9.000000000000000000e+01
2.647545447838559052e-01 6.545005055600900956e-01 2.283934055860731005e-01 5.760967991648709985e-01 -3.806556759767885101e-01 7.300634979554825044e-02 6.025073943724402642e-07 -9.043679335386037570e-05 inf 0.000000000000000000e+00 -9.000000000000000000e+01
2.621515384722055142e-01 0.000000000000000000e+00 7.113225250091185003e+00 5.040336280934673008e-01 2.802915652644005170e-08 1.546436222148416719e-07 1.092814930318214495e-06 3.701471619500336629e+01 inf 0.000000000000000000e+00 -2.000000000000000000e+01
6.143211129583496799e-01 1.650489353808553272e-01 1.558241459411398468e-05 1.825012397262629760e-01 -6.462338980470951899e-01 1.053121907928599610e+00 4.584182027809411773e-07 -5.664519353252315259e-01 inf 0.000000000000000000e+00 -1.000000000000000000e+01
7.330547311063127982e-09 1.655648378216042715e+01 7.040560970537210672e-04 1.750644596638274564e+01 9.542350379056314176e-09 5.141738176545034548e+03 1.001726873381580989e-04 -3.011040851776102256e-01 inf 0.000000000000000000e+00 -2.000000000000000000e+01
8.232526057255532548e-01 5.572913557732231988e-08 8.926008297919130211e-08 2.234542786969358819e+00 -6.615422724580338754e-02 -6.393377285908082583e-04 -2.173085789807537028e-07 -9.346605547559297802e-09 inf 0.000000000000000000e+00 -2.000000000000000000e+01
9.306100014824043865e-02 1.588529630437406637e-01 0.000000000000000000e+00 1.952982477529585426e+00 -1.882862096022539233e-01 -6.371432196195810915e-01 -5.250690912138554515e-07 7.933311003747079874e-10 inf 0.000000000000000000e+00 -9.000000000000000000e+01
1.201306751532945976e-03 3.138537310306348527e-01 8.467731535188941505e-01 5.689042201508468806e-10 -1.935255807948964984e-02 5.355546624178661493e-10 7.512988366085887492e-07 -9.942212150769105250e-01 inf 0.000000000000000000e+00 -9.000000000000000000e+01
7.127847658218497706e-06 2.618229111638569178e-04 2.389334848811271227e-05 2.276439379558262033e+00 -1.387822056721303016e-02 -3.084049014936228851e-04 0.000000000000000000e+00 -6.500396279854193978e-06 inf 0.000000000000000000e+00 -2.000000000000000000e+01
2.019207857096878383e-07 2.473239508872253924e-09 3.348729916778603877e-01 5.117647499883467160e-08 -9.968312310410728516e-01 -2.318070672770072838e-02 2.920403997190643142e-01 -1.044044428995654916e-01 inf 0.000000000000000000e+00 -9.000000000000000000e+01
-2.636603601066312308e+00 3.113164224250736245e-01 3.505733319977368256e-01 9.169120099646761933e-09 0.000000000000000000e+00 -1.763822076613613454e+00 1.688380552853175349e-05 -3.833682575455394531e-04 inf 0.000000000000000000e+00 -2.000000000000000000e+01
1.680652056177175113e-01 3.107012895129746753e-05 5.440260991093746057e-01 1.698138609362833673e+00 -5.173105317423964261e-02 -1.544493738403428327e-03 1.263040441149391769e-09 6.789294749559480929e-09 inf 0.000000000000000000e+00 -9.000000000000000000e+01
9.955209823155803939e-01 0.000000000000000000e+00 1.716901565953355793e-07 4.131004076207070441e-01 -1.134751119698855677e-02 4.844288837647428779e-07 1.210099460649277240e-06 0.000000000000000000e+00 inf 0.000000000000000000e+00 -9.000000000000000000e+01
6.074812776321978358e-01 2.425276019118340620e-01 2.866939703111137661e-01 9.646864676684774320e-02 -2.735215446481706891e-01 -1.783879158185425499e-09 -5.864332426919161115e-05 -8.135909968288362881e-02 inf 0.000000000000000000e+00 -9.000000000000000000e+01
2.742047652649863831e-01 8.561501303957128606e-01 1.429795337933531082e-06 1.149950526726145913e-07 -1.928310489543339501e-01 5.894970925913741540e-04 0.000000000000000000e+00 -2.065166285156709233e-03 inf 0.000000000000000000e+00 -9.000000000000000000e+01
1.229249495536742509e-01 1.675831919338562114e-03 4.615807368698724572e-02 2.656844029197939425e-02 -8.834924661148539915e-01 -5.546257414000468446e-09 1.016212232366032163e-02 8.815630205411270551e-09 inf 0.000000000000000000e+00 -9.000000000000000000e+01
4.117217318702290640e+01 1.728291984732824744e+02 5.360209923664123153e+02 1.367574552330011029e-07 -4.852993797709924451e+01 9.581263145038169861e+09 1.714202647900763665e+01 1.364658615118219856e-07 inf 0.000000000000000000e+00 -2.000000000000000000e+01
1.239150949425076162e-03 5.975737163720447054e-01 6.509739208138018984e-01 1.537639815398811859e-02 -2.390294865488178933e-01 -1.204683183537260394e-01 5.778479560051624952e-10 -2.309439645221083529e-03 inf 0.000000000000000000e+00 -9.000000000000000000e+01
4.524589743285649113e-01 1.131147435821412278e-01 4.681755042587645854e-02 6.211903115017295557e-03 -7.260594108599280894e-01 6.640787294450560818e-01 1.642903106700008612e-04 -6.722932449785561809e-05 inf 0.000000000000000000e+00 -1.000000000000000000e+01
5.385257633587738013e+01 6.457612714694598743e+00 8.864541090171675464e+00 3.825709621869846640e-06 -2.379532442748070054e+01 2.009228702290058136e+08 -1.224693628952237478e-07 -1.737684875954182928e+01 inf 0.000000000000000000e+00 -2.000000000000000000e+01
2.740729472413532264e-01 8.557385546960237788e-01 2.286572791487093592e-05 1.149397712826057520e-07 -1.927383495887933784e-01 1.819630558278150195e-04 -4.650166982266384073e-04 -3.573792927157933442e-03 inf 0.000000000000000000e+00 -9.000000000000000000e+01
2.685569262674885813e-03 -1.268053302386559145e-06 1.399184614040606304e-07 5.244889083722993339e-01 -1.000781538677954829e+00 -6.569239356380261770e-09 -8.381588992320539524e-07 -2.976828939410347541e-01 inf 0.000000000000000000e+00 -9.000000000000000000e+01
5.210670179113909839e-01 4.146953485744501733e-01 1.425997016473481149e-01 9.403872216744038615e-02 -2.767205021156647349e-01 1.899500816225348435e-06 1.226148359699644537e-06 6.389060861463272128e-10 inf 0.000000000000000000e+00 -9.000000000000000000e+01
1.005824148177558053e+00 3.505574451276733880e-03 1.930035372051235390e-03 9.201148222676910349e-01 -2.149645938598881566e-11 -2.431007563648718034e-04 -6.154449528224603476e-05 7.248635451657662090e-11 inf 0.000000000000000000e+00 -9.000000000000000000e+01
1.511390735251687372e-06 -7.591426222513852906e-01 1.072191126272574957e+00 1.297393667413196137e-09 -1.209149846781845561e+00 -3.294505267813284618e-09 1.156866982538328580e-06 -7.850669514906399860e-02 inf 0.000000000000000000e+00 -9.000000000000000000e+01
6.854815402149827541e-01 1.112665688464899549e+00 1.713514506814364342e-09 2.338965806277922977e-09 -1.986903015115891978e-03 4.897715932260673921e-01 5.948290901503201777e-02 -1.853171490462629724e-06 inf 0.000000000000000000e+00 -9.000000000000000000e+01
8.745498131438043761e-10 2.324484552098457643e-05 1.523374196063245201e+00 -3.908524811028374290e-09 1.192725987707057202e-09 -3.055557732797658903e-03 2.381279173124760227e-08 -1.053037080229073802e-02 inf 0.000000000000000000e+00 -9.000000000000000000e+01
6.334334480457219918e-01 8.676917751591776610e-06 5.877856665190235968e-09 1.844874719731241982e-09 -2.720884583650942101e-01 -2.396969752263925224e-01 -2.537332845864966047e-02 -3.176164874433805296e-02 inf 0.000000000000000000e+00 -9.000000000000000000e+01
5.314594010659239309e-01 7.168442599931200279e-08 2.047549520093024487e-06 6.112763222115979588e-05 -1.356955894972892068e-05 7.842731559952917486e+00 4.085886076985433473e-09 -3.125235362443441023e+00 inf 0.000000000000000000e+00 -3.000000000000000000e+01
6.153498837181823055e-09 4.237185286323715827e-01 7.704763814183603429e-06 2.554722739986387263e-08 -8.102515974771448137e-01 -1.598159887571392755e-08 7.815818428268856395e-09 -1.251874802676653648e-04 inf 0.000000000000000000e+00 -9.000000000000000000e+01
1.710288943224573899e+01 2.514555254054436251e+00 1.346564885495697490e+04 1.477814885495650117e+02 -6.732824427478487451e+03 1.831943816793232262e+08 -1.682564885495576309e+06 -5.347686068700361375e+02 inf 0.000000000000000000e+00 -2.000000000000000000e+01
3.368561407750192416e-01 5.729517936935810823e-02 1.481771880242019890e-01 1.006900651043364759e-05 -6.421011481048752856e-01 3.094742312380468867e-03 2.749381418417810668e-04 -1.368967541679817999e-09 inf 0.000000000000000000e+00 -9.000000000000000000e+01
2.295686096554765132e-01 8.401234225689778456e-02 5.040740535413866796e-01 6.584223102459199062e-01 -7.092204706803231229e-01 -3.810377784448578550e-07 7.522934134333073419e-08 -3.497257968368535641e-01 inf 0.000000000000000000e+00 -9.000000000000000000e+01
3.806705643751019386e-01 9.322544433675965525e-01 2.994427449393830845e-07 2.411560973294650870e-02 -6.367017128221418619e-09 -5.413430902326827019e-06 4.370089028915610236e-09 2.099186253183304116e-08 inf 0.000000000000000000e+00 -9.000000000000000000e+01
6.703973947829917623e-01 6.801921619145614821e-03 1.159700428377850701e+00 1.292365107637666842e-02 -2.498753926009333048e-01 -5.590329330735302482e-05 4.946198687170535550e-10 -5.388397282666916848e-05 inf 0.000000000000000000e+00 -9.000000000000000000e+01
5.117583163228181566e-09 5.264049389465987883e-01 4.538698485413903246e-06 2.412991491493629462e-09 -7.455772555340302032e-01 0.000000000000000000e+00 1.230552760616690884e-08 -3.615670540801307030e-03 inf 0.000000000000000000e+00 -9.000000000000000000e+01
6.651935972925646645e-01 9.251346550480430185e-08 5.199214323666022652e-01 9.270657893301548214e-02 -3.144377780305370185e-01 9.570358500496997371e-09 0.000000000000000000e+00 2.865347105794514176e-04 inf 0.000000000000000000e+00 -9.000000000000000000e+01
3.726932498318951126e-01 6.389027139975343994e-01 3.249591390159873305e-01 1.194069929514519251e-03 -2.028699709676079210e-01 0.000000000000000000e+00 0.000000000000000000e+00 -1.921986433092439392e-03 inf 0.000000000000000000e+00 -9.000000000000000000e+01
9.088879776478506201e-02 1.081126224140883441e+00 1.118226037732154559e-08 3.158830615062583543e-09 -1.934367999075600475e-01 4.501333626464181776e-09 1.637588251272220630e-01 -2.865893299144140082e-05 inf 0.000000000000000000e+00 -8.000000000000000000e+01
1.192043680883833751e-01 8.101412853154079663e-01 4.798069235908596908e-01 5.739746375666359146e-01 -3.908937365939864217e-09 -2.505729080730681957e-09 7.795601584495455161e-09 4.245818720126989193e-10 inf 0.000000000000000000e+00 -9.000000000000000000e+01
6.147336080970166039e-01 1.687818824013943914e-06 2.912153637083796792e-02 3.240076819747014225e-01 -2.408032923437358197e-01 -3.337964336959914902e-01 0.000000000000000000e+00 4.994748803099671291e-05 inf 0.000000000000000000e+00 -9.000000000000000000e+01
8.609223398331448118e-01 3.064120150391365094e-01 1.632783747959412612e-01 1.159647548266628213e-02 6.457818376731659017e-10 4.274129535039858548e-03 -1.809050175295940158e-02 2.364355686980188498e-01 inf 0.000000000000000000e+00 -1.000000000000000000e+01
1.594048254166066918e-03 2.336237121305787534e-01 8.085012745130290557e-02 5.802335645164483080e-03 -9.018487402769939099e-01 -1.569141250194722143e-05 0.000000000000000000e+00 -2.754515383198963274e-01 inf 0.000000000000000000e+00 -9.000000000000000000e+01
8.306183452076655316e-01 1.563324901196352812e+00 1.856244337276462819e-01 2.428212372630660809e+00 -2.018282439603208383e-09 3.368165549132851933e+00 4.876466064617081091e-04 -1.106407843396939403e-09 inf 0.000000000000000000e+00 -2.000000000000000000e+01
1.194282572191670333e+00 -6.275501089413065488e-07 1.416670954886158404e-08 3.126735635331682290e-04 -2.337858316294777713e-05 6.167840915595139695e-01 -1.779170123785359244e-04 -1.194282572191670333e+00 inf 0.000000000000000000e+00 -9.000000000000000000e+01
5.450889405210495031e-01 4.659631265744454964e-01 1.958608110653591583e-01 1.059895162124262769e-01 -3.923077392710635269e+00 9.502912568797077597e+01 4.053976887387733541e-02 3.516820597335790922e-08 inf 0.000000000000000000e+00 -3.000000000000000000e+01
8.852962925546365922e-04 3.484762944108100169e-01 1.085831931859770449e+00 2.468373752076571115e-01 -8.112174607208168242e-02 -1.882056073754035178e-02 -1.791307038751220257e-02 -1.494399869883314023e-03 inf 0.000000000000000000e+00 -9.000000000000000000e+01
1.937110085613352184e-01 3.382453822172799135e-02 1.802311187903144762e-01 5.222516269185237854e-09 -8.512300762811252086e-02 -7.045153616581663998e-05 0.000000000000000000e+00 -2.009002831058796179e+00 inf 0.000000000000000000e+00 -3.000000000000000000e+01
1.111712568752899893e-01 1.888098792039571977e-05 3.378385105958469081e-01 1.546730530438817364e-01 -4.547336880196358420e-03 3.027790003681879198e-06 1.124432392194008590e-01 -1.892709728036973793e+00 inf 0.000000000000000000e+00 -9.000000000000000000e+01
3.461931442296099283e-04 1.912035837984178144e-01 -2.406064557203873910e+00 3.414792653351202301e+00 -9.663532478460576391e-02 -3.109934768680716236e-05 -2.196257381468312564e-02 -2.784079210037773006e-02 inf 0.000000000000000000e+00 -2.000000000000000000e+01
1.819628350382428814e-05 2.221778160860821317e-05 5.263284957684405407e-07 1.692214549042740139e-07 -1.007241775454614130e+00 -2.109435645348544591e-09 7.640628650893807007e-09 -1.473222077990150251e-05 inf 0.000000000000000000e+00 -9.000000000000000000e+01
8.133097265665227007e-09 7.368339397054044504e-01 3.829923886936761196e-02 1.063749972550715840e-05 -8.664521234728579086e-10 -4.651729417332098326e-01 8.055729329494389535e-05 -1.418670943499559503e-09 inf 0.000000000000000000e+00 -9.000000000000000000e+01
9.632870299042423090e-02 8.164096015822093211e-01 7.439246369557514504e-02 4.542232158335597625e-02 -4.129735484638979437e-01 4.619724308018488719e-03 8.440683380844103689e-02 1.422561904954659944e-06 inf 0.000000000000000000e+00 -8.000000000000000000e+01
0.000000000000000000e+00 1.050114917826804421e-09 1.685235967783909418e-09 2.255104614553926190e+00 -2.202250600150318545e-03 -1.540061845809586986e-03 1.259416172926304941e-09 5.600612895076289969e-09 inf 0.000000000000000000e+00 -2.000000000000000000e+01
9.520263611466701636e-01 0.000000000000000000e+00 1.641889602848616561e-07 3.950519224020506148e-01 -5.194201201952887426e-02 -7.986389172016763668e-03 -4.127980233790785567e-09 -1.299312360523719768e-03 inf 0.000000000000000000e+00 -9.000000000000000000e+01
1.758275598510969373e-01 5.831076782227660065e-05 5.691527948937241677e-01 1.776569795489696180e+00 -1.130683007712978902e-02 4.225979848821908281e-07 5.921581568554207715e-09 1.069702351117222672e-01 inf 0.000000000000000000e+00 -9.000000000000000000e+01
4.138234334308709235e-12 6.409463385251557614e-10 1.052746058613856984e-09 1.149054057666859709e-09 -1.009138248931588544e+00 1.623148737764814727e-16 9.618888289726702831e-19 -4.333859957385120568e-10 inf 0.000000000000000000e+00 -9.000000000000000000e+01
5.165778978834727475e-01 2.854772593566560213e-01 2.100296979552540577e-01 1.052187613057389282e+00 -3.452915422694791681e-01 8.496347004662380901e-05 1.359415520745980944e-03 2.820787205547910514e-01 inf 0.000000000000000000e+00 -9.000000000000000000e+01
2.544009855640695927e-01 2.563504184036410338e-01 8.889413748445650354e-01 2.051778063648913852e-01 -4.902823591522108004e-01 2.129812489521992411e-05 2.649251743687883456e-07 -9.771532108351715928e-02 inf 0.000000000000000000e+00 -9.000000000000000000e+01
-2.974415553428773933e+02 4.821684160295064459e+01 8.576335877844312563e+03 1.357585877859701441e+03 -6.412213740444345603e+03 1.831943816789987683e+08 -1.333740458012423944e+06 -2.675095419841625699e+03 inf 0.000000000000000000e+00 -2.000000000000000000e+01
1.025143095655896452e+00 -4.261632708431909583e-02 1.423349288250218727e-09 0.000000000000000000e+00 0.000000000000000000e+00 1.011672878725539969e-09 9.249580605490652281e-08 2.116121069014465297e-02 inf 0.000000000000000000e+00 -9.000000000000000000e+01
1.717108515836549776e+00 4.703779746687114585e-06 3.021993166411179141e-08 -5.963961426673490965e-07 -7.817083521169478078e-02 4.244742143587131267e-10 1.247641861429591922e-02 2.205496575481596301e+04 inf 0.000000000000000000e+00 -3.000000000000000000e+01
4.834114156038916477e+00 5.091074574566107486e-02 3.187197813662912882e+00 6.045199079795959291e-07 -7.938373736632534650e-01 1.941228586581902107e+02 -2.214154614974932489e-01 -9.511052955212137561e-03 inf 0.000000000000000000e+00 -2.000000000000000000e+01
2.241473575013491759e-01 9.640290112944205755e-10 1.354504203269955687e+00 2.943737828129306955e-01 -1.538363808964505453e-05 -2.193636332172287128e-04 6.465086752323919939e-09 -1.130356845768606434e-02 inf 0.000000000000000000e+00 -9.000000000000000000e+01
1.893141168264492151e-06 -2.470134392855064515e-07 1.090111790739949686e-08 1.235746011985874027e-01 -1.071638941594150074e+00 1.828904097739093570e-01 1.172842436912862662e-06 0.000000000000000000e+00 inf 0.000000000000000000e+00 -9.000000000000000000e+01
4.792219238045029068e-07 1.224478621573883430e-01 3.024535517360640077e-03 2.182064896888549210e+00 -3.275052600616774057e-01 -8.329883961165273298e-05 -7.882122863424698145e-03 -2.413518241126167557e-02 inf 0.000000000000000000e+00 -2.000000000000000000e+01
4.806110867779982143e-03 0.000000000000000000e+00 8.554566269511294785e-03 5.992620247723948861e-09 -1.063130388461156484e+00 2.040652899199785208e-01 -2.906686080811401451e-01 -2.538373118516806110e-02 inf 0.000000000000000000e+00 -9.000000000000000000e+01
3.677064874181348864e-02 1.785311761280154730e-01 7.668615559970312634e-02 1.312131570892081323e+00 1.397042740026137493e-02 -2.823834297530256467e-07 -8.045851399213047161e-09 -8.263719480397031525e-01 inf 0.000000000000000000e+00 -9.000000000000000000e+01
3.735178572100782968e-01 5.271995913755328500e-01 9.970120394293356862e-06 6.737570067386152717e-01 -3.633402589209753231e-01 -1.239956075127508101e-07 6.561333125527948606e-07 0.000000000000000000e+00 inf 0.000000000000000000e+00 -9.000000000000000000e+01
1.754089813938784366e-07 8.206645745770524414e-01 9.096551872676670685e-09 5.107799693035051159e-06 -5.039168440385409786e-01 -9.037553010294922820e-10 -8.787612375114066583e-06 -2.064960183361154376e-09 inf 0.000000000000000000e+00 -9.000000000000000000e+01
3.185883110157390076e-04 6.469865260363615261e-05 8.810164206394708528e-09 4.875755859570052372e-06 -4.888732961153655632e-01 -7.902335471453854066e-01 -1.131296815374598363e-01 -1.583337191919628184e-01 inf 0.000000000000000000e+00 -9.000000000000000000e+01
0.000000000000000000e+00 2.459787799689368579e-08 5.959184027926696633e-07 5.810668538134131183e-07 -2.997798230826039245e-01 -9.421651582596123342e-01 1.160277264004419235e-09 -9.538448916264670174e-01 inf 0.000000000000000000e+00 -9.000000000000000000e+01
3.444635903477334393e-01 2.959363870885839409e-01 1.085895613913755442e-01 2.774403628955474099e-02 -4.311761338763776541e-01 -1.571167646505250703e-01 0.000000000000000000e+00 -2.832079403320856836e-01 inf 0.000000000000000000e+00 -9.000000000000000000e+01
1.728280884026164236e-05 1.370892421429451113e+00 1.664494655278431293e-08 -1.578359966823463662e-07 0.000000000000000000e+00 1.484157037444990002e-01 7.653183467451529515e-09 -2.960879915639517267e-09 inf 0.000000000000000000e+00 -9.000000000000000000e+01
1.842888260000393463e-01 2.995301235251299210e-01 0.000000000000000000e+00 9.129572699443079531e-10 -5.815552398312587856e-01 -1.852613264010949667e-01 -6.473205794526448210e-03 -6.107302518629272869e-01 inf 0.000000000000000000e+00 -8.000000000000000000e+01
6.184874117573924135e-01 6.978294267428558585e-05 6.087320898053830698e-01 2.834629685643050110e-09 -3.560692512483410455e-01 2.981851338846605928e-04 1.113500686770551959e-08 4.426477335724239570e-02 inf 0.000000000000000000e+00 -9.000000000000000000e+01
1.020276816818085214e-01 8.003504807484090877e-02 5.876794464872170387e-01 1.135454733027771113e+00 9.696332826441872822e-10 -9.273182623968818927e-02 -9.825256889388569562e-07 -4.208075048920813521e-01 inf 0.000000000000000000e+00 -9.000000000000000000e+01
3.893195164520241169e-01 4.488729584663748162e-01 4.326560860836628108e-06 -6.635748283451553539e-09 -3.928749458260151761e-01 0.000000000000000000e+00 8.013228965046286636e-10 -1.407950032100470761e+00 inf 0.000000000000000000e+00 -9.000000000000000000e+01
2.596120623794380688e-01 1.138668101113921471e+00 -1.011897110518064981e-05 1.999066188753373385e-02 -1.064606863541835510e-04 1.138135016796920501e-01 -1.945757757053283299e-02 -8.595984611639505626e-03 inf 0.000000000000000000e+00 -9.000000000000000000e+01
9.525020105801023096e-01 3.802718486116989927e-01 1.072551889305161559e-03 2.113971298991553560e+00 -9.506796215292474816e-02 -2.977992524508799835e-04 -2.665243986875126883e-02 1.785260911258706074e+02 inf 0.000000000000000000e+00 -2.000000000000000000e+01
1.920958255773207446e-01 2.098472550036077910e-01 6.377835001015995653e-01 1.450545375976600049e+00 -5.071836978939161210e-03 4.510958040959107709e-10 0.000000000000000000e+00 -1.318727144182179440e-04 inf 0.000000000000000000e+00 -9.000000000000000000e+01
2.777566386352681715e-01 7.615582019308806405e-01 2.918969766021545231e-01 1.294345797334641763e-09 2.960633261816835587e-02 -1.024881062968601912e-06 1.703720282073040090e-08 -1.272630417019773974e+00 inf 0.000000000000000000e+00 -9.000000000000000000e+01
7.294677925609794888e-01 3.715422623443922490e-01 5.699575019209786042e-01 8.442373919239068991e-01 -1.876872363421258015e-09 -1.727499411094116351e-05 1.850494697773175685e-07 -5.232053460965823991e-09 inf 0.000000000000000000e+00 -9.000000000000000000e+01
-5.746957796688160203e-01 9.028039789220664626e-09 1.555792479450504029e+00 1.115732587426443156e-01 -1.580101736941918189e-01 7.513706859967025488e-06 0.000000000000000000e+00 -1.467520871087309666e-08 inf 0.000000000000000000e+00 -1.000000000000000000e+01
5.395838322995581970e-01 7.356129187848808003e-03 2.042249564480399515e-01 1.877967946116287811e-09 -4.847655545161369539e-01 7.765922685984677498e-02 -9.195161484811010004e-04 1.228120883245306075e-04 inf 0.000000000000000000e+00 -9.000000000000000000e+01
1.013505711486233897e-07 4.509791171073604943e-01 1.119981251094438399e-02 2.022935024199020937e+00 3.135947503064427377e-01 -7.524152471689372014e-08 -9.855835009631057353e-02 -3.546607295132387944e-03 inf 0.000000000000000000e+00 -2.000000000000000000e+01
1.839523405837961679e-04 6.301388576961941546e-01 3.680928677052739371e-03 1.965570748777119237e+00 -5.665468628828167486e-01 1.197336845999389266e-04 -4.328290366677556636e-04 -5.540211669347272494e-02 inf 0.000000000000000000e+00 -9.000000000000000000e+01
0.000000000000000000e+00 0.000000000000000000e+00 4.944911829733682473e-05 5.222378241252954856e-02 -1.004954948046514529e+00 -8.821584866981342882e-05 1.182015107928160338e-08 5.687133188323390769e-08 inf 0.000000000000000000e+00 -9.000000000000000000e+01
1.750412832866083577e-10 1.227591139591367675e+00 1.018316079016486855e-18 0.000000000000000000e+00 -4.949112447993967735e-10 -6.092031279730209978e-19 0.000000000000000000e+00 0.000000000000000000e+00 inf 0.000000000000000000e+00 -9.000000000000000000e+01
