3.736030109892088946e-01 1.548305876837919592e-01 6.378126739601265832e-05 4.170574978944637250e-08 -5.718227014162463595e-01 1.676941375345885723e-08 7.826633854089969182e-10 8.319371498469197937e-08 4.270093755353579468e+01 1.000000000000000000e+00 0.000000000000000000e+00
3.757000174547755478e-01 3.442995410184367923e-07 1.309201337375322830e-08 1.151747278982745029e-09 -6.320370085306901142e-01 9.512849361218242166e-10 1.410525939766842804e-09 5.637181861834655080e-04 4.787551820484762288e+01 1.000000000000000000e+00 0.000000000000000000e+00
5.512586103305641139e-01 6.811318157342408433e-03 5.278007971250081587e-01 2.028314333569593498e-05 -4.251728643507010075e-01 7.664582505464430800e-10 1.718614224503188320e-09 1.823478821252535361e-08 1.667651371790348549e+03 1.000000000000000000e+00 0.000000000000000000e+00
4.179119390000791689e-01 2.257164893018577534e-02 1.309644286826814982e-08 5.031484175448231562e-10 -5.813575919579555551e-01 4.793823114221841682e-06 2.997014487114816066e-09 5.639089121277780477e-04 2.058821675256422168e+03 1.000000000000000000e+00 0.000000000000000000e+00
4.214432502246753254e-01 3.084332920262553701e-05 2.210840198703822624e-05 5.073999679043678994e-10 -5.862700014835061646e-01 5.692762909468970770e-06 0.000000000000000000e+00 6.599876394118409236e-10 2.757074248928407087e+03 1.000000000000000000e+00 0.000000000000000000e+00
4.179190671390548562e-01 3.288543479126989078e-01 2.040658676779693870e-01 8.954736165453862228e-09 -5.363457817147588846e-01 2.241298978333572667e-01 6.869186863076171382e-09 7.160872080191932027e-09 3.692807905940112960e+03 1.000000000000000000e+00 0.000000000000000000e+00
4.756760455145055411e-01 2.632857124349834987e-01 3.138610272824567541e-08 -6.308396629846114740e-05 -5.148263373263990417e-01 2.177734982036573785e-01 3.777416638761910278e-09 6.552578175532629437e-07 1.193541034669665351e+04 1.000000000000000000e+00 0.000000000000000000e+00
4.664453318489934497e-01 2.581765314143605883e-01 2.928967460029466661e-08 8.294927377036575337e-09 -4.318938257861050234e-01 2.928967460029466661e-08 6.274826528749650725e-10 -2.549373277209647883e-04 1.263829198872304187e+04 1.000000000000000000e+00 0.000000000000000000e+00
2.361955824704156104e-01 3.485989309416616111e-01 6.965390973998076464e-08 7.323252692471494392e-10 -6.159901563798679813e-01 4.338612174481852455e-09 4.235311884613236763e-09 5.637244389973019621e-09 1.276145341132102476e+04 1.000000000000000000e+00 0.000000000000000000e+00
5.000689399356142983e-01 1.296820571847955017e-01 9.822776240891809222e-06 4.544101704482123694e-05 -4.562196112472302612e-01 4.952677813374246185e-10 1.921847525391875812e-07 1.569508812403365092e-06 1.340414433109521997e+04 1.000000000000000000e+00 0.000000000000000000e+00
4.175639942114875991e-01 3.824097359719167977e-01 2.577621678846580416e-02 2.585241337525603174e-05 -4.141343104807977404e-01 7.385207642745205119e-04 1.766232695171844234e-07 2.126020836780923750e-08 1.356701772657594120e+04 1.000000000000000000e+00 0.000000000000000000e+00
4.656130063877044756e-01 2.993226469635242859e-01 8.907006112623287242e-05 3.829511878451247863e-09 -4.121985272999375005e-01 3.642691769557391382e-07 1.603138796175179442e-09 1.111069046334655507e-06 1.464116968658094993e+04 1.000000000000000000e+00 0.000000000000000000e+00
5.038981171782522805e-01 2.266669731251653719e-01 6.810906644385978856e-03 5.533861648563607712e-05 -4.088723476757790687e-01 5.391170992699015242e-09 2.909933258709830005e-09 3.378209695615445526e-03 1.525687586509629546e+04 1.000000000000000000e+00 0.000000000000000000e+00
4.438897572103017164e-01 3.870718682873831029e-01 3.617701521263959330e-02 5.159288803101112220e-10 -4.279097259507308459e-01 8.145377044809036515e-02 3.778186877347891366e-08 5.291578259590885097e-10 1.534297515701524389e+04 1.000000000000000000e+00 0.000000000000000000e+00
2.342478709777167101e-01 4.098115154056922727e-01 1.017804554222072853e-02 -9.495503525358276251e-07 -5.829299837274286578e-01 7.560462386081173392e-10 9.521620823856315018e-06 7.196102753017019735e-10 1.588834217196473946e+04 1.000000000000000000e+00 0.000000000000000000e+00
4.825376502303917459e-01 3.585830244831351710e-01 5.464517541313209520e-02 8.853901839089756837e-03 -3.585830244831351710e-01 9.499206131912208564e-09 1.684525887392431760e-06 4.046509824896490741e-03 1.594839182594492377e+04 1.000000000000000000e+00 0.000000000000000000e+00
5.064560186901878591e-01 2.326960085873835959e-01 1.718638456281555433e-04 1.872126614313590786e-09 -4.037960149016362466e-01 4.466296769525092608e-07 0.000000000000000000e+00 8.832503968308283459e-10 1.648292230266784463e+04 1.000000000000000000e+00 0.000000000000000000e+00
4.536457542002214072e-01 3.584108667496105904e-01 1.132834346690733511e-02 3.950119764679023074e-05 -3.922038913288595774e-01 5.779441585771313639e-10 3.418072383400064510e-08 1.739554695123246998e-09 1.657979769064370339e+04 1.000000000000000000e+00 0.000000000000000000e+00
4.383765664196922485e-01 3.837995641746703157e-01 8.757611050453011721e-06 5.312428817930212275e-10 -4.392568406494506417e-01 8.362605182704972717e-02 3.882664024956401576e-08 0.000000000000000000e+00 1.678158205072230339e+04 1.000000000000000000e+00 0.000000000000000000e+00
4.941502278317208008e-01 2.720272541331056892e-01 1.385779594818163174e-07 2.369414816476762688e-09 -3.972772128706507644e-01 8.427826239529654808e-09 5.085128721515513667e-10 5.394975274439397840e-09 1.681359498155712936e+04 1.000000000000000000e+00 0.000000000000000000e+00
5.153744416562214825e-01 2.819059445901512251e-01 2.814480593440251430e-05 3.148434089065262759e-02 -3.710308480344602367e-01 8.119959900467259975e-10 8.277884098353681673e-06 2.096433275651629537e-03 1.765908741833123349e+04 1.000000000000000000e+00 0.000000000000000000e+00
4.895700633651862144e-01 3.106095780174080723e-01 1.302707576765508982e-08 2.398514538397672760e-09 -3.826051755711118996e-01 1.376272239924031872e-08 -8.847376822531682769e-07 9.291370216636351814e-10 1.846729952911335204e+04 1.000000000000000000e+00 0.000000000000000000e+00
5.297700709766375304e-01 2.080570373007037181e-06 1.029099324283050656e-05 4.760702961031155789e-05 -4.779659865453427248e-01 5.188754447970968834e-10 1.390950315175375625e-09 7.792234749935349579e-10 2.006461163223500625e+04 1.000000000000000000e+00 0.000000000000000000e+00
5.099836835751514474e-01 2.990751771474616794e-01 5.699511806389146828e-10 4.214418673560517057e-08 -3.682255071237534039e-01 1.317005835487661580e-09 9.356215539347064739e-08 2.126787320838363585e-07 2.039030612316354745e+04 1.000000000000000000e+00 0.000000000000000000e+00
5.518958570479119974e-01 -1.986727577270531314e-02 2.254874857638333036e-02 2.724132598281986048e-02 -4.621884032521383356e-01 6.602359045588380397e-08 1.946998486155024312e-09 3.047128185997747228e-04 2.102100548350447571e+04 1.000000000000000000e+00 0.000000000000000000e+00
4.761082161145441805e-01 3.685637720039647847e-01 2.679241709372027548e-09 8.820364182958438274e-06 -3.652030081255091543e-01 7.720556327629673890e-10 4.457056301572158055e-09 2.660211581342842766e-07 2.109008178127302017e+04 1.000000000000000000e+00 0.000000000000000000e+00
4.406184813497132646e-01 4.210788591169100092e-01 1.794868863547905913e-05 1.768815592889185852e-09 -3.712528224232617413e-01 1.144270827992510238e-08 2.940746911634695720e-09 2.923310669985798322e-03 2.152451792891044170e+04 1.000000000000000000e+00 0.000000000000000000e+00
5.549964130191437084e-01 -4.258514470613316172e-07 1.960319636654325737e-02 2.795523722503270948e-09 -4.524002451194780727e-01 1.538179154150493130e-03 5.299847057245784886e-09 7.042036077934640294e-04 2.209758145085843353e+04 1.000000000000000000e+00 0.000000000000000000e+00
5.549956551343393496e-01 -4.258508655326351020e-07 1.960316959706458195e-02 4.804799836767285836e-10 -4.523996273366181486e-01 1.538177053663751341e-03 3.268719888952290126e-09 -1.663334343491802242e-07 2.212510628550855108e+04 1.000000000000000000e+00 0.000000000000000000e+00
5.373063780008983104e-01 2.658547182816944909e-01 5.629562542317533728e-10 2.835631502796980258e-09 -3.572714284276806707e-01 1.195413280590883734e-08 1.511641793770448956e-09 3.725241386027405178e-09 2.242774254917539656e+04 1.000000000000000000e+00 0.000000000000000000e+00
5.474603379574812800e-01 2.372920620692329507e-01 4.386801150431872284e-10 2.562554030516429504e-09 -3.608261318356126290e-01 6.555370775739703695e-10 4.635110649512921658e-10 2.309609420785867315e-08 2.273577350144356751e+04 1.000000000000000000e+00 0.000000000000000000e+00
4.837731364057083483e-01 3.796180135534878430e-01 5.807357607134902573e-10 4.635675347058014721e-09 -3.522087706976403387e-01 1.094591183270086255e-08 4.718178115349267695e-07 2.528995748809094853e-07 2.303095736021743141e+04 1.000000000000000000e+00 0.000000000000000000e+00
5.637383581522203979e-01 1.477855765294883439e-01 3.058476335461265180e-05 3.697031741330293263e-09 -3.846339839476087263e-01 1.510897390145240321e-08 2.100089036495314531e-09 3.404944357837736329e-05 2.323140522460248394e+04 1.000000000000000000e+00 0.000000000000000000e+00
5.401111732742489568e-01 2.739273513200939925e-01 0.000000000000000000e+00 1.890510099106214125e-05 -3.503947038087421584e-01 7.384805074633649090e-09 2.823949460539907556e-05 -1.159414396717482847e-06 2.336399717151984805e+04 1.000000000000000000e+00 0.000000000000000000e+00
5.509983294851497071e-01 2.872225334550248532e-01 2.069907288291952113e-02 3.217240777427266988e-09 -3.311851661267123381e-01 8.181399624045810127e-09 2.911530115318793723e-09 7.147806433107638535e-09 2.338467622052170918e+04 1.000000000000000000e+00 0.000000000000000000e+00
5.538478307404858247e-01 1.590110821472243141e-02 3.744459692827298140e-08 5.631999830041058410e-10 -4.481666192210998489e-01 6.364265667671356597e-04 1.441791956490510953e-07 3.042615898778618620e-03 2.405618639275524765e+04 1.000000000000000000e+00 0.000000000000000000e+00
5.342047561421263691e-01 3.083392364399291097e-01 1.721787105078767939e-05 7.686549576244499728e-08 -3.392668802165785258e-01 8.379232822940950892e-09 2.150669757888177440e-09 -3.163998313942503438e-07 2.448642158587447193e+04 1.000000000000000000e+00 0.000000000000000000e+00
5.727304612640612413e-01 1.842504972283607878e-01 1.500563477153802430e-05 8.879542035101724295e-03 -3.596214524216198583e-01 9.526715077866972890e-09 1.689404140475076702e-06 4.058228195730084580e-03 2.449455814572165400e+04 1.000000000000000000e+00 0.000000000000000000e+00
4.870129108167975396e-01 4.263807813576781514e-01 3.948422946632168529e-02 -1.193771450099218998e-07 -3.168517733024948102e-01 2.462736512045508137e-09 1.074714898008024816e-09 7.640137280635001318e-04 2.479911467065650504e+04 1.000000000000000000e+00 0.000000000000000000e+00
5.551868984574531707e-01 -2.871056085319511807e-07 5.294674858641177852e-07 6.204464059703465074e-05 -4.525555175806352803e-01 0.000000000000000000e+00 2.556160424987694574e-09 2.581057048836641211e-03 2.511198550731097566e+04 1.000000000000000000e+00 0.000000000000000000e+00
4.872062590490506273e-01 4.265500581232651856e-01 3.595347393584861356e-02 0.000000000000000000e+00 -3.169775661282979717e-01 2.463714239207423487e-09 1.410439956469338549e-09 1.987298965022224575e-07 2.519333155977931892e+04 1.000000000000000000e+00 0.000000000000000000e+00
5.424154333569828346e-01 3.146009513470500729e-01 6.021551755829934106e-10 2.408491380415069827e-06 -3.276189217476176418e-01 1.367579271256946065e-08 5.819486260667855926e-10 -1.043514066126226860e-04 2.629572152515353810e+04 1.000000000000000000e+00 0.000000000000000000e+00
5.601716078216514294e-01 3.741790413984325979e-05 -1.231324002045960349e-05 4.998109340639475110e-10 -4.475496936617040511e-01 1.160436948226718480e-07 1.569041507461478572e-07 1.522343843548934395e-07 2.648573183892932502e+04 1.000000000000000000e+00 0.000000000000000000e+00
5.610435136446952908e-01 2.517544553091456198e-05 7.550396504754441370e-08 1.785062877358611759e-07 -4.466844699226929505e-01 2.155591594721561090e-08 2.235698039119997700e-09 7.719348278394780142e-10 2.667157465714607679e+04 1.000000000000000000e+00 0.000000000000000000e+00
4.551142223717062341e-01 4.461513602243422083e-01 5.991517821944789522e-10 -1.481592914781344328e-06 -3.415846351717620188e-01 4.421985007193550952e-06 9.645787205607710468e-10 1.956735963595530002e-03 2.699531331369364125e+04 1.000000000000000000e+00 0.000000000000000000e+00
5.943354010468743231e-01 1.231483097931870968e-01 3.172556389658649437e-05 8.424731226229016579e-10 -3.646600257270652401e-01 9.006394183941932483e-09 3.189764606812768065e-09 1.110548445507933338e-06 2.902361874363066090e+04 1.000000000000000000e+00 0.000000000000000000e+00
5.797400599175546176e-01 2.368601913765540038e-06 1.969499166732474553e-09 0.000000000000000000e+00 -4.282170897118301456e-01 5.675348066129404712e-10 3.251821054106577824e-09 -1.770954017089287886e-07 2.947288290371085895e+04 1.000000000000000000e+00 0.000000000000000000e+00
4.465329205589330663e-01 4.709603232153298791e-01 5.350750968590865084e-10 5.678347966667856132e-09 -3.351439644457637757e-01 4.338607283332190765e-06 2.992052582436524330e-09 1.984801012349133749e-07 3.001807029154821430e+04 1.000000000000000000e+00 0.000000000000000000e+00
7.565112450180370984e-02 4.774199343559775155e-01 3.607326722231088154e-08 1.260583979158034517e-09 -6.992617453950505935e-01 9.787615789837307036e-10 6.839905820446616113e-09 -3.480582810368914803e-07 3.311256057386364409e+04 1.000000000000000000e+00 0.000000000000000000e+00
5.954229972331928078e-01 2.803127746714706436e-01 4.771126067326225847e-10 2.787057793290942170e-09 -2.919119239682211320e-01 1.218527593345807259e-08 4.897155812500880722e-10 -9.297820684651082941e-05 3.463304934794055589e+04 1.000000000000000000e+00 0.000000000000000000e+00
6.009886521497991296e-01 3.108346609181050605e-05 9.322277671196130992e-08 5.593366602717678595e-07 -4.066931240451451823e-01 7.401105859964738796e-04 3.632523320952196232e-09 3.610985406836299174e-03 3.477810907435580157e+04 1.000000000000000000e+00 0.000000000000000000e+00
5.951385043687325016e-01 -4.037740675199048834e-02 6.873626756623122638e-10 1.961809652553443027e-09 -4.277558000150264994e-01 1.452760159065597905e-08 6.782464598047219291e-09 4.695402982144348050e-03 3.491217065666794224e+04 1.000000000000000000e+00 0.000000000000000000e+00
6.034501215737205770e-01 4.089941976575135751e-02 2.511250394954558953e-06 2.956009376036424446e-09 -3.889118478324140593e-01 9.086991785593452726e-10 3.503418519746873540e-09 3.396167200795689251e-05 3.495417667998475372e+04 1.000000000000000000e+00 0.000000000000000000e+00
6.176834176981914615e-01 2.878094777805193516e-01 8.643370772611185464e-09 8.614339603603941723e-07 -2.656702871820178502e-01 8.445430983925432834e-09 3.168725705168822697e-05 6.499603685229012593e-05 3.513797064608170331e+04 1.000000000000000000e+00 0.000000000000000000e+00
5.929972900437572303e-01 3.067937368629160555e-01 1.804657212369358032e-04 3.430859463626982750e-05 -2.810560072603224269e-01 3.259937489361254027e-09 1.116816231649408359e-07 9.894869085355335421e-10 3.516186758316242776e+04 1.000000000000000000e+00 0.000000000000000000e+00
5.984624334582951954e-01 -4.515536864292647029e-02 6.912016892296448681e-10 1.972766624963124456e-09 -4.262076211964503369e-01 1.872734889779120666e-07 2.182510585832809746e-08 1.314199922652014289e-07 3.617987501261464058e+04 1.000000000000000000e+00 0.000000000000000000e+00
6.190877007346221594e-01 3.313734966563997361e-05 0.000000000000000000e+00 3.270990914471684349e-08 -3.886386512498101742e-01 9.421559684699357096e-10 2.211702041813594436e-09 9.676196432934475918e-10 3.722932507466808602e+04 1.000000000000000000e+00 0.000000000000000000e+00
6.147824262243710702e-01 3.032334028602017006e-02 1.143397819295559510e-02 3.871194338281987688e-09 -3.807980699747970377e-01 4.512120553229337116e-08 1.569671028820387590e-07 7.263146781440678361e-07 3.866781643283971061e+04 1.000000000000000000e+00 0.000000000000000000e+00
6.342557806218476202e-01 -3.279947570201864480e-07 1.526666505403049526e-05 2.271270512036092414e-09 -3.740769128667587040e-01 2.119885490359663203e-03 6.971885308008224355e-09 1.464262308125832480e-07 3.956932095793809276e+04 1.000000000000000000e+00 0.000000000000000000e+00
5.029615346031058865e-01 4.383789251015398070e-01 5.978271341604290998e-10 -1.351264296997933730e-06 -2.984499378481464960e-01 4.031396245187206026e-06 6.042428399904434516e-08 4.975817305664547368e-10 4.014627570509240468e+04 1.000000000000000000e+00 0.000000000000000000e+00
6.402042804537850795e-01 6.018027523585920617e-05 6.514438004883717224e-10 3.823075601155785224e-05 -3.675246795197655292e-01 8.921467640586514520e-09 2.061065131488633745e-08 1.497391377411679166e-02 4.032901446621370997e+04 1.000000000000000000e+00 0.000000000000000000e+00
5.318997568999507264e-01 4.194577127023508267e-01 7.885857305053904662e-10 6.364050754452739120e-08 -2.815939889470327473e-01 1.218376769668286751e-03 1.599171728041970390e-07 -7.721948030814908466e-10 4.467360789976512024e+04 1.000000000000000000e+00 0.000000000000000000e+00
4.936872046977753281e-01 4.629518145220383185e-01 5.868035355607124536e-10 -1.326347737743471693e-06 -2.929466876124931507e-01 3.957059549068920844e-06 1.055530749941525367e-09 7.503757367123287938e-04 4.528790017569078918e+04 1.000000000000000000e+00 0.000000000000000000e+00
6.106352211535558405e-01 1.584083449446422731e-07 5.312159739902738932e-09 -1.402927169849155452e-05 -3.972598455800121497e-01 7.108729578945271418e-10 5.363859591385977262e-10 -2.281741925301834136e-05 5.656726310926434962e+04 1.000000000000000000e+00 0.000000000000000000e+00
6.052249309438021418e-01 5.689215776249586707e-05 5.323452164131649867e-10 7.730036665926292379e-05 -4.025492982049054258e-01 7.324095951305308709e-10 5.480024286606109945e-10 -2.021210767161376372e-03 5.669869954094832792e+04 1.000000000000000000e+00 0.000000000000000000e+00
2.042731197252558029e-01 5.585438925821003542e-01 -1.142251865130355509e-01 8.734688747102076297e-09 -5.368337059446336434e-01 5.029063218028467820e-09 2.005743341927143360e-08 3.976195012148823452e-08 5.857801823426766350e+04 1.000000000000000000e+00 0.000000000000000000e+00
4.772737556751450172e-01 5.294129054547827007e-01 3.990141138672317905e-05 0.000000000000000000e+00 -2.653749033655918299e-01 2.729229254527872794e-09 1.212714093937111362e-09 2.454467187142399340e-03 5.903479128059324285e+04 1.000000000000000000e+00 0.000000000000000000e+00
2.438349625169078105e-01 6.398229416443661499e-01 9.394581304247928091e-08 2.375247803814605068e-05 -4.193961355290814486e-01 2.726521430502647560e-08 2.150987056046864941e-09 1.273151798038549759e-08 6.574935019995251787e+04 1.000000000000000000e+00 0.000000000000000000e+00
2.636335262989997208e-01 6.938834412189671674e-01 1.065079446247958750e-01 2.548800693711032416e-05 -3.363963795575236060e-01 9.589669519126113942e-03 3.622026909108127907e-09 -7.014632591001598717e-08 6.900843619293536176e+04 1.000000000000000000e+00 0.000000000000000000e+00
4.232340192334128615e-01 3.363506128460659328e-01 7.724881082756194228e-01 -1.089465865356112449e-05 -3.071027334681471488e-01 1.394516307655823935e-03 2.871333229477706131e-09 3.333398017336331159e-03 7.915716211996489437e+04 1.000000000000000000e+00 0.000000000000000000e+00
4.990280052817778200e-01 2.689314347530203375e-01 1.339214983319611767e-05 1.988345048282258665e+00 -3.844651558202023534e-01 1.475645657954667545e-08 9.004331936382206503e-08 4.414668860942967441e-06 9.180298423257027753e+04 1.000000000000000000e+00 0.000000000000000000e+00
6.262376039050445709e-01 5.828693487869667234e-01 3.843426906216374883e-05 2.406938159053322382e-02 -7.741233538576901274e-02 1.172920808781852686e-09 2.140338137016802135e-08 1.019831624261050094e-03 9.594409679646318546e+04 1.000000000000000000e+00 0.000000000000000000e+00
2.510527665173913903e-01 8.576822140166134867e-01 5.749751782508304843e-10 4.436770489388686814e-08 -2.139321239973101807e-01 2.205284544430400473e-09 2.445464049269355087e-09 -1.170096322240879892e-06 1.004293664424174640e+05 1.000000000000000000e+00 0.000000000000000000e+00
6.906532946676074980e-01 5.434970529060434430e-01 8.314362416852471938e-10 6.636871274287512165e-09 -4.328846111819344145e-02 1.567120265646742850e-08 6.754990040578796875e-07 1.670035626375782732e-07 1.043319933838739962e+05 1.000000000000000000e+00 0.000000000000000000e+00
6.993916328977999308e-01 5.720514196250912065e-01 0.000000000000000000e+00 7.286465450632590843e-08 -3.301050144069447856e-01 6.308238257509567459e-01 0.000000000000000000e+00 5.364134721769786524e-10 1.048965001912787702e+05 1.000000000000000000e+00 0.000000000000000000e+00
6.378898794976562980e-01 5.995313389462401238e-05 8.598855857396272228e-05 5.744513426955009841e-05 -3.698195927148988926e-01 1.011760451428394474e-08 4.114686884886887998e-07 1.306249804725996245e-07 1.104929702752143785e+05 1.000000000000000000e+00 0.000000000000000000e+00
2.062048503266217803e-01 7.316194689554716968e-01 2.423433690555722138e-08 9.172661799073028100e-06 -3.797897243303881565e-01 0.000000000000000000e+00 7.021708160143112143e-06 2.766464132714612387e-07 1.112816366071293305e+05 1.000000000000000000e+00 0.000000000000000000e+00
6.911551130504842710e-01 6.066061736870103434e-05 3.347831304906372264e-08 0.000000000000000000e+00 -3.167065201573105448e-01 4.481374653666532285e-10 1.082048280012573674e-08 4.150893642843414585e-08 1.134156508122871455e+05 1.000000000000000000e+00 0.000000000000000000e+00
6.261961587293887188e-01 3.444078873011637842e-01 1.024861696415829069e-04 4.078014400825890852e-09 -2.278658244265275579e-01 6.803890552225400122e-10 9.745763229092382872e-09 6.331290154502569655e-08 1.149093888999757764e+05 1.000000000000000000e+00 0.000000000000000000e+00
6.701392335326840088e-01 3.831040723167616902e-01 3.822253932518149266e-02 -3.770881454715876362e-08 -1.587480177337040055e-01 7.965114183861659623e-10 4.521566188756537348e-09 7.843433425809023363e-07 1.164753529184552317e+05 1.000000000000000000e+00 0.000000000000000000e+00
4.631231258865103895e-01 2.665876817077811878e-01 2.092358743190927443e-07 5.132310110099697087e-09 -4.310158503523615625e-01 4.546588843297359217e-08 7.857943727892757109e-09 5.532456322073572437e-08 inf 0.000000000000000000e+00 -9.000000000000000000e+01
4.631280915675002885e-01 2.969526192216244143e-01 1.245429807636816552e-08 2.293056057590138496e-09 -4.159303242739971207e-01 3.434455846000820699e-08 8.439618461162427461e-07 3.748780995968354398e-03 inf 0.000000000000000000e+00 -9.000000000000000000e+01
5.142711420027800129e-01 1.195240439350567507e-01 2.260935391409560347e-02 2.542024656287505610e-02 -4.448543148503135147e-01 6.620104518171930137e-08 1.952231526045419457e-09 3.846187484149184641e-08 inf 0.000000000000000000e+00 -9.000000000000000000e+01
6.159966134089684964e-01 1.992211269556783126e-02 3.079410153527906922e-05 8.177381169128597055e-10 -3.842645540789279557e-01 5.736915519544561360e-10 8.159168738907821152e-09 2.635402177902952800e-04 inf 0.000000000000000000e+00 -9.000000000000000000e+01
2.349962132126179326e-01 7.140970199949320252e-01 5.541941325965786670e-07 2.816302961250736622e-09 -3.670677283902520349e-01 1.333366761027818505e-07 6.011008460138439603e-07 8.521316779375907261e-04 inf 0.000000000000000000e+00 -9.000000000000000000e+01
4.965648302998975083e-01 2.795620894995485828e-01 5.826293369680613228e-10 2.993562584239047378e-02 -3.909959293699980520e-01 5.826293369680614055e-08 1.063298539966711924e-09 1.920614770245205249e-03 inf 0.000000000000000000e+00 -9.000000000000000000e+01
3.141667732979177008e-01 1.693077747150256995e-01 8.431127023105180243e-06 2.948675778798117132e-10 -6.258886689826220762e-01 9.287669839257811600e-04 1.347966070307710689e-09 7.177008536503216304e-09 inf 0.000000000000000000e+00 -9.000000000000000000e+01
3.666800880934741880e-01 4.354326046110005843e-01 1.572168160445420321e-02 9.325156862728733464e-06 -4.343412948250081063e-01 3.310899025620065167e-08 4.032922192307348149e-09 1.550723630074309344e-07 inf 0.000000000000000000e+00 -9.000000000000000000e+01
1.878592998085249210e-01 2.398818751401164406e-01 1.953633700213541665e-05 1.408944748563936873e-02 -7.182005538833606817e-01 2.749364582340586702e-07 3.204146693705195457e-08 1.764003341050602082e-07 inf 0.000000000000000000e+00 -9.000000000000000000e+01
8.117907216883898380e-01 1.018854987920266020e-01 2.208308713913540567e-10 4.907352697585646164e-10 -1.720732868487560574e-01 3.776967480472097349e-02 1.751924913038075694e-08 2.146966805193720132e-10 inf 0.000000000000000000e+00 -9.000000000000000000e+01
2.660662698465312252e-06 2.500667781955436713e-10 1.540439475297771033e+00 2.396058173546942414e-10 -1.542531441748294391e-06 4.220090927007480431e-14 1.708467934945276215e-12 4.203064623555576961e-12 inf 0.000000000000000000e+00 -9.000000000000000000e+01
6.026434103449681556e-01 -2.220530504717492619e-07 4.883650991861607037e-10 3.069470292138534728e-02 -4.050233309785987168e-01 1.373253502786159399e-08 5.670866375624374087e-09 -4.830441296393312225e-03 inf 0.000000000000000000e+00 -9.000000000000000000e+01
4.642151055687219752e-01 1.481619878606837692e-01 6.715588246628158943e-10 3.532457062260717612e-08 -4.843310934766998921e-01 1.189783188072147660e-08 4.279530226864158808e-07 7.046467873543572045e-08 inf 0.000000000000000000e+00 -9.000000000000000000e+01
6.966470286785365618e-01 -1.703190677681795891e-07 2.001005268984457253e-09 1.427112894884853997e-09 -3.115143758376626160e-01 4.151831998463943634e-10 3.289368255370185740e-07 5.170110060472531376e-09 inf 0.000000000000000000e+00 -9.000000000000000000e+01
3.527747730616276334e-01 3.283443871155315441e-01 2.165095238875215634e-05 1.355886420008333391e-02 -5.101064585544865526e-01 6.388921638637580141e-10 2.616902303185952826e-06 -7.135205932609491250e-10 inf 0.000000000000000000e+00 -9.000000000000000000e+01
6.183314459486910497e-01 3.320160722828850139e-05 5.266622907775976334e-10 6.971740366731444067e-06 -3.893922713411060998e-01 1.510372687185027423e-08 2.143096380465241714e-09 5.696822535213530924e-05 inf 0.000000000000000000e+00 -9.000000000000000000e+01
4.002877370866217976e-01 1.658894167143823706e-01 6.833686679041263000e-05 3.113629760689495879e-09 -5.402416402733868361e-01 1.122948438281457639e-09 8.385653922231663579e-10 5.323067272373143480e-09 inf 0.000000000000000000e+00 -9.000000000000000000e+01
7.479273337468400618e-01 1.473856804736420056e-01 2.694464204679090148e-09 -7.116007849943726124e-06 -2.015004228565016320e-01 3.052414923840837528e-08 5.179140442083895500e-10 -1.157358257858772116e-05 inf 0.000000000000000000e+00 -8.000000000000000000e+01
2.239054515012669777e-01 2.941303431084825101e-02 0.000000000000000000e+00 1.549933250887115271e-09 -7.718631564480039620e-01 1.334580490000647132e-09 1.007001642455033804e-09 -8.696611774840580754e-08 inf 0.000000000000000000e+00 -9.000000000000000000e+01
2.827692936225535969e-01 2.225069851456159264e-01 1.380735309608956130e-01 6.019415464200155891e-09 -6.224897798716636510e-01 1.061785416308093016e-08 1.976736566866516758e-07 1.225197744319821861e-07 inf 0.000000000000000000e+00 -9.000000000000000000e+01
-3.793518855281740798e+01 3.194195563909104418e+00 2.675550407913553919e+00 1.002853860520092473e-08 -5.639237013602413917e-01 2.356542474662322584e-01 7.253056208348681193e-09 2.251064045119576581e-03 inf 0.000000000000000000e+00 -2.000000000000000000e+01
5.323034521581325729e-01 3.961872091379378230e-07 2.952467256550527636e-02 2.961194989150128004e-05 -4.743589804287417500e-01 8.459186981151135430e-04 1.726879827064002036e-09 1.685903017608245837e-08 inf 0.000000000000000000e+00 -9.000000000000000000e+01
6.847213729740303512e-01 3.270837222158554797e-02 2.008314864372709350e-06 2.364000651247870098e-09 -3.110233238795080957e-01 6.172668367147216736e-10 7.501295103534970545e-07 8.079163797247927280e-04 inf 0.000000000000000000e+00 -9.000000000000000000e+01
3.458758466994981684e-01 2.606316578528796168e-01 1.027870262971202527e-06 -4.193243459166610647e-08 -5.584964096847421233e-01 1.524842171178736501e-02 3.620906608194009181e-09 1.262937183906378263e-09 inf 0.000000000000000000e+00 -9.000000000000000000e+01
6.339931265587235298e-01 1.838128448004612985e-07 1.720329607110916318e-09 0.000000000000000000e+00 -3.737428616441857976e-01 8.182499932127133534e-10 6.554747384381931068e-08 -6.997950944179998514e-08 inf 0.000000000000000000e+00 -9.000000000000000000e+01
4.863109044784614254e-01 3.189886415693730659e-01 0.000000000000000000e+00 7.837114654231749382e-10 -3.816121785645874565e-01 8.194341275680453297e-09 5.307366947237873024e-09 7.052027939219389753e-04 inf 0.000000000000000000e+00 -9.000000000000000000e+01
5.123487808439938229e-01 4.700596751235371351e-01 1.946722054198904775e-02 9.482647715353424891e-10 -2.683731709182824443e-01 1.159519500297977006e-03 5.056765800207894120e-07 1.975299140706208641e-09 inf 0.000000000000000000e+00 -9.000000000000000000e+01
3.787206401874395612e-01 2.667133920274288306e-01 1.143429388973703802e-09 3.777005465513137699e-08 -5.148620467907675247e-01 1.833175504257841360e-08 3.965118042408811165e-09 1.316050341889733786e-07 inf 0.000000000000000000e+00 -9.000000000000000000e+01
5.023473381363972035e-01 2.308082364410473653e-01 3.030570331421315178e-05 1.993872832448711607e+00 -4.005201750006410211e-01 5.965325511983484326e-08 1.372834117341160533e-09 7.529073167124829334e-05 inf 0.000000000000000000e+00 -9.000000000000000000e+01
5.019908919271620640e-01 4.806880196894943412e-03 0.000000000000000000e+00 8.475673090228171000e-07 -5.039441638801860357e-01 1.415716823862287895e-07 1.400727223445160520e-09 -6.123906655851672820e-08 inf 0.000000000000000000e+00 -9.000000000000000000e+01
7.557462758097641675e-01 5.080647232334548624e-01 4.258549315017735881e-09 3.264887808180263706e-09 -6.046912904695049768e-04 2.342202123259754652e-08 1.135613150671396147e-07 7.718620633469645974e-10 inf 0.000000000000000000e+00 -9.000000000000000000e+01
6.537646602761871817e-01 4.916206473108629404e-02 8.756069883500558891e-10 0.000000000000000000e+00 -3.351841036019181930e-01 7.818223281409064419e-08 1.583437626614494094e-06 3.802277104036852224e-03 inf 0.000000000000000000e+00 -9.000000000000000000e+01
3.760014938510751747e-01 3.616050402576781453e-01 2.826362580468385829e-02 5.853624660544766108e-06 -4.674613166797150776e-01 1.144570988813274235e-03 4.400894212983295356e-10 4.669049057501990725e-09 inf 0.000000000000000000e+00 -9.000000000000000000e+01
3.052111943163900443e-01 1.728033967820737649e-01 1.108634779355122557e+00 1.822544600402964565e-09 -4.185432922059319494e-01 2.461271240177214619e-08 8.924616334542039364e-10 6.122786751216499721e-05 inf 0.000000000000000000e+00 -9.000000000000000000e+01
3.809905583275661756e-01 6.500165444119292424e-01 0.000000000000000000e+00 2.303437814378397550e-02 -2.744687083461854193e-01 3.001640826069555231e-06 1.720539705839801078e-09 6.575126485280048589e-10 inf 0.000000000000000000e+00 -9.000000000000000000e+01
5.001408247154147668e-01 2.623978270513971922e-01 1.543506513335183542e-04 2.934382159752821446e-05 -3.962383294400293465e-01 2.687163149956796093e-08 1.485943489905308474e-09 1.226805441996877050e-09 inf 0.000000000000000000e+00 -9.000000000000000000e+01
4.537319415413609280e-01 4.146171189946918911e-01 6.976061051420050450e-10 2.083711186116067071e-09 -3.618121085566886608e-01 1.821425861989569292e-09 5.274849296321792537e-09 6.156419413524744372e-10 inf 0.000000000000000000e+00 -9.000000000000000000e+01
6.390338058761992901e-01 2.196678707699435337e-02 0.000000000000000000e+00 2.437720511917874489e-06 -3.602828526233055051e-01 1.502232131199390659e-09 7.376206031751500291e-07 -2.926609563549404237e-04 inf 0.000000000000000000e+00 -9.000000000000000000e+01
1.722413842004536733e+00 1.203481466528810939e+00 -2.373839589942150219e-01 5.124418571110717094e-07 1.564157869341726848e+00 2.873710756915684608e-08 5.895494396344199631e-09 8.712129309017338508e-03 inf 0.000000000000000000e+00 -1.000000000000000000e+01
5.783084410699861344e-01 2.280996976179759383e-01 1.723493460029322310e-08 3.340724232066971780e-09 -3.340903494019176745e-01 4.676286098263680466e-10 4.687203497714880041e-09 1.001489442990011623e-07 inf 0.000000000000000000e+00 -9.000000000000000000e+01
4.941502271346363551e-01 2.720272537493641507e-01 1.217806308879853275e-07 6.065701921623789883e-07 -3.972772123102225050e-01 8.369502170702056772e-09 0.000000000000000000e+00 8.839739879770246451e-10 inf 0.000000000000000000e+00 -9.000000000000000000e+01
5.520534952933712214e-01 6.836433743244042099e-03 5.050702190981907203e-01 2.031239052627739085e-05 -4.257859405188235691e-01 7.675634416973142380e-10 1.392917979707239979e-09 7.748562059889751760e-10 inf 0.000000000000000000e+00 -9.000000000000000000e+01
5.381710583579666363e-01 -5.678669369716716400e-07 3.340673532891926065e-03 5.200682937869755711e-09 -4.689015161930798481e-01 1.504625063704303547e-08 2.153320935496607282e-07 3.607924163309949780e-07 inf 0.000000000000000000e+00 -9.000000000000000000e+01
5.556816928563902414e-01 0.000000000000000000e+00 8.853104578535126909e-06 -8.607283968507391226e-05 -4.517832250744180933e-01 1.174202557240161690e-09 3.252975973391262779e-09 2.226635960396158681e-07 inf 0.000000000000000000e+00 -9.000000000000000000e+01
5.657412717732124285e-01 2.544856931851820492e-01 7.646805684650903254e-03 0.000000000000000000e+00 -3.337677745236426463e-01 7.088370442848852519e-09 6.111167110192734996e-09 1.507518454676661262e-07 inf 0.000000000000000000e+00 -9.000000000000000000e+01
9.991867530387991136e-01 1.556054772687819618e-04 1.184641870080091336e-01 3.079324775342599954e-09 -2.164431531795693933e-03 1.136981455511113727e-07 7.331725655577619036e-10 3.176329145554857545e-06 inf 0.000000000000000000e+00 -9.000000000000000000e+01
3.747839203827429966e-01 2.226196916111593538e-01 2.165353180566800982e-09 5.526389598887660717e-09 -5.401585484367471546e-01 4.526098499986095023e-07 7.232425438122110553e-09 8.409397691355607624e-04 inf 0.000000000000000000e+00 -9.000000000000000000e+01
1.391572543288000785e-01 4.921772363629139391e-01 1.629780518885830947e-08 7.629235434692986608e-06 -6.288931353526122647e-01 0.000000000000000000e+00 4.693767894391193338e-06 3.604143204621808641e-07 inf 0.000000000000000000e+00 -9.000000000000000000e+01
4.523922562649679291e-01 2.497282094031670341e-01 1.345417294030452652e-05 9.724992770027177449e-03 -4.792860634314628498e-01 6.339254546388085887e-02 1.059122240075375023e-08 0.000000000000000000e+00 inf 0.000000000000000000e+00 -9.000000000000000000e+01
4.272805642134870352e-01 3.312404373948591996e-01 1.509382333678458911e-07 5.169517667590697409e-09 -4.341405732719604282e-01 5.934723107652145226e-08 3.154281966665510250e-08 9.340637334082106322e-04 inf 0.000000000000000000e+00 -9.000000000000000000e+01
2.042731191609702679e-01 5.585438910391746781e-01 -1.142251861974990651e-01 8.734688722973308819e-09 -5.368337044616803277e-01 5.029063204136147276e-09 6.249566847245212476e-10 6.131927941885302054e-09 inf 0.000000000000000000e+00 -9.000000000000000000e+01
4.030392572541220408e-01 4.509735378498792580e-01 3.706652756527783078e-03 3.928765325056832224e-05 -3.903219991368803155e-01 5.648614718858054141e-10 1.877526647197206189e-08 -2.724162886865014553e-06 inf 0.000000000000000000e+00 -9.000000000000000000e+01
2.520596724043162040e-01 8.611221493034615371e-01 5.535323385780352008e-10 6.960258118753511829e-10 -2.093958757133132509e-01 5.941290944883207556e-06 2.574060560503555885e-05 1.567632812283415582e-06 inf 0.000000000000000000e+00 -9.000000000000000000e+01
2.918957472305617196e-01 2.278099013430117027e-05 5.419155806186426348e-09 3.844748435125948321e-08 -7.158623571424922449e-01 2.160531854308535609e-09 2.402967771953717701e-09 6.297629484241909460e-08 inf 0.000000000000000000e+00 -9.000000000000000000e+01
3.756993761190269288e-01 0.000000000000000000e+00 2.191570139498438596e-05 1.151745312901645646e-09 -6.320359296169046903e-01 9.950204760194596655e-10 5.941722857768246619e-06 6.542350748919158131e-10 inf 0.000000000000000000e+00 -9.000000000000000000e+01
4.526403799312949672e-01 3.167505034508413808e-01 5.262598918342316767e-10 6.966413573820463979e-06 -4.164682545372173639e-01 5.717841039306184742e-10 5.827099148337513594e-10 5.692469849614323525e-05 inf 0.000000000000000000e+00 -9.000000000000000000e+01
3.141878568931232851e-01 5.964582172129768711e-01 8.416027964378682178e-10 0.000000000000000000e+00 -3.820125371113212709e-01 7.514602629209469789e-08 1.616323251436965607e-09 3.983215001242361465e-09 inf 0.000000000000000000e+00 -9.000000000000000000e+01
5.963136335714978031e-01 4.365867674362752110e-02 2.265755175177417216e-02 2.877295519827508729e-09 -3.937563040726080876e-01 1.401976346425756695e-08 2.750356011599824186e-09 2.284911148098315573e-09 inf 0.000000000000000000e+00 -9.000000000000000000e+01
4.633737655629174834e-01 4.648880589144303022e-01 2.994574254700610005e-05 3.691589717678643158e-08 -3.225444838722268948e-01 1.390551444694048687e-09 5.285562197243553774e-07 8.051095423396942988e-08 inf 0.000000000000000000e+00 -9.000000000000000000e+01
6.873907204021035833e-01 1.289455956186049204e-02 8.844861219049335647e-10 7.144365320161140375e-08 -3.159316681513846814e-01 1.050861727634222129e-03 1.152685139514816570e-07 3.195562763011372740e-08 inf 0.000000000000000000e+00 -9.000000000000000000e+01
5.595311566135469095e-01 2.370236149543497317e-01 1.246017558119728549e-07 4.255682645065057783e-09 -3.487355646254571839e-01 8.656116400506478322e-09 1.139914994213854852e-09 1.653636684939565385e-07 inf 0.000000000000000000e+00 -9.000000000000000000e+01
1.413447996338274837e-01 4.698221508955393033e-01 1.661229465103136742e-08 7.776452444642797918e-06 -6.410285279167950989e-01 0.000000000000000000e+00 2.727833709097356513e-05 9.565036506910641135e-04 inf 0.000000000000000000e+00 -9.000000000000000000e+01
4.739202595409637286e-01 4.084508628621089654e-01 0.000000000000000000e+00 2.894822203897123858e-02 -3.449357765318766811e-01 3.772281785594942566e-06 8.863854592472058964e-10 1.797812840236742357e-03 inf 0.000000000000000000e+00 -9.000000000000000000e+01
2.444174694253045954e-01 6.433067795274016731e-01 9.874465764782305865e-02 2.363020456357925372e-05 -3.940009607135909753e-01 1.431201231261606307e-07 3.358019989879888937e-09 -6.666507363856994174e-08 inf 0.000000000000000000e+00 -9.000000000000000000e+01
4.371420582823520341e-03 3.962760868281944675e-03 0.000000000000000000e+00 2.276209842741149014e+00 -2.757292108057505503e-05 1.636960788362561126e-04 1.180994769418819203e-08 9.614242218884722355e-07 inf 0.000000000000000000e+00 -2.000000000000000000e+01
7.954914352709632208e-01 4.445393314749500058e-01 1.753159087842371229e-06 -8.591475643545711150e-10 -6.364923757461176008e-04 2.465379967278334673e-08 2.328414413540649239e-09 2.245675664170917844e-03 inf 0.000000000000000000e+00 -9.000000000000000000e+01
7.728512208089914903e-01 2.713233617357515594e-04 7.580402433507720053e-09 7.613056474759754123e-07 -2.347902442964024672e-01 7.835512130789230539e-10 1.492756171521520371e-06 3.584525539551196554e-03 inf 0.000000000000000000e+00 -9.000000000000000000e+01
5.639061367441223771e-01 2.790160572431855668e-01 5.944729025248797011e-10 0.000000000000000000e+00 -3.240502278859453411e-01 8.023560647575063116e-09 1.210828243179509624e-08 5.748300589962490316e-05 inf 0.000000000000000000e+00 -9.000000000000000000e+01
3.144819109350142639e-01 6.880377719904179346e-01 2.592841797671187931e-05 0.000000000000000000e+00 -3.101382381320444415e-01 4.433715149811386973e-10 1.922355327728440906e-09 2.321150154086992420e-03 inf 0.000000000000000000e+00 -9.000000000000000000e+01
5.632540461359206718e-01 4.476266911364735201e-01 4.078440120648815781e-02 -1.449897760818649346e-05 -2.272478214593094403e-01 2.183580965088327255e-09 2.993894213851573609e-09 9.681110919434575154e-10 inf 0.000000000000000000e+00 -9.000000000000000000e+01
6.459150983601859020e-01 1.005897314488777802e-04 7.658008552527961754e-02 0.000000000000000000e+00 -3.581892818179212568e-01 1.033654316170874320e-07 4.185366658310396748e-09 5.942637328437235340e-10 inf 0.000000000000000000e+00 -9.000000000000000000e+01
2.332450379712183164e-01 3.686934143192842628e-01 1.229621111716881165e-05 -4.972981032565345328e-10 -6.082952352960074860e-01 4.284414428056297386e-09 4.736172411966995354e-10 2.409997688619858166e-06 inf 0.000000000000000000e+00 -9.000000000000000000e+01
3.811948354007634521e+01 3.107481512404580926e+01 -3.398473282442748896e+05 3.592658588904461964e-02 3.161221374045801931e+05 5.318546564885497093e+07 4.060468600906489200e+00 6.772543637807133809e-02 inf 0.000000000000000000e+00 -2.000000000000000000e+01
3.669965091603414331e-01 9.504587559271215902e-01 2.422203688223089111e-05 8.200838803236456566e-12 -8.066925386734200183e-04 9.558593571984215577e-11 4.113091779459874096e-10 2.404131110529363210e-11 inf 0.000000000000000000e+00 -9.000000000000000000e+01
5.477895990969318119e-01 1.798990842488787378e-02 0.000000000000000000e+00 8.904764854316252904e-10 -4.531713956165526747e-01 6.910097526949412650e-08 1.172460705818306660e-09 -4.796700001525021476e-08 inf 0.000000000000000000e+00 -9.000000000000000000e+01
3.377799620866696051e-01 2.928424948467578948e-01 4.226979046343901732e-10 4.701293526791732859e-10 -5.437433536029315784e-01 4.536990990764603580e-06 1.901650631897305134e-05 4.676182760179788707e-09 inf 0.000000000000000000e+00 -9.000000000000000000e+01
4.858053659671737190e-01 3.125585994274095447e-01 8.539547448641725963e-03 7.390999247062768069e-05 -3.848935895806100405e-01 1.061241469397541076e-09 1.341355988906233820e-07 -9.941875093394165910e-05 inf 0.000000000000000000e+00 -9.000000000000000000e+01
4.771828240019533873e-01 4.621025541689345317e-01 8.687585642424489948e-10 7.011062186810193880e-08 -3.102226937078161884e-01 8.857133928154202690e-04 2.560129163910773358e-09 8.567203393337776500e-10 inf 0.000000000000000000e+00 -9.000000000000000000e+01
4.759360463345833070e-01 3.892810238927124078e-01 0.000000000000000000e+00 3.043401570983717574e-08 -3.546190149159640370e-01 6.529884268855300036e-06 1.524680617317234715e-09 5.264369558163741958e-10 inf 0.000000000000000000e+00 -9.000000000000000000e+01
2.660448837164098301e-01 6.846743330937017369e-01 1.761116492245413975e-05 1.851014586493375598e-09 -3.609211841593942260e-01 1.515791472404024104e-08 5.990291299596672112e-09 1.756277619468124112e-09 inf 0.000000000000000000e+00 -9.000000000000000000e+01
5.535676172298003017e-01 1.723786087221772234e-02 4.663632676203767385e-09 2.226604784926726957e-05 -4.479398740128066048e-01 6.361045734096300742e-04 1.487698823709001867e-07 6.435813093161198760e-08 inf 0.000000000000000000e+00 -9.000000000000000000e+01
5.379466718535430569e-01 4.336912506802460820e-02 4.469792256858195649e-05 0.000000000000000000e+00 -4.531861668346023886e-01 3.578584853117640169e-09 1.360704264150142848e-07 3.772249445168712570e-08 inf 0.000000000000000000e+00 -9.000000000000000000e+01
3.344569668125776385e-01 3.197878016014996660e-01 3.190543433409458174e-02 -3.975379734816223025e-08 -5.300458362936172341e-01 6.557627861683652320e-10 0.000000000000000000e+00 3.032200491222171045e-05 inf 0.000000000000000000e+00 -9.000000000000000000e+01
4.526405801269273721e-01 3.167506435445452961e-01 0.000000000000000000e+00 3.274831169770721905e-08 -4.164684387344947392e-01 4.971246159627486065e-10 5.847613123644687777e-06 3.389228830847125382e-05 inf 0.000000000000000000e+00 -9.000000000000000000e+01
2.342485046162446904e-01 4.098126239424072503e-01 1.017807307374862802e-02 -9.495529210615739854e-07 -5.829315605481496521e-01 7.779099208260914331e-10 7.396520558674311987e-10 5.749999990987869668e-04 inf 0.000000000000000000e+00 -9.000000000000000000e+01
4.483791979126381944e-01 3.867256225592882550e-05 2.700798431330528229e-05 1.708678409563995671e-09 -5.586363777272214115e-01 1.726203316328754726e-08 7.393320041382674411e-10 2.060929035535650255e-07 inf 0.000000000000000000e+00 -9.000000000000000000e+01
3.241576315059109259e-01 2.956317599333907475e-01 3.197257888876660543e-05 3.157687865499474096e-05 -5.549578651381195105e-01 1.970772648668462952e-08 8.675263914236664756e-09 1.245980896100845050e-03 inf 0.000000000000000000e+00 -9.000000000000000000e+01
1.009138248982471397e+00 2.675914063860954956e-10 2.043858043243532032e-19 1.787046140412188342e-18 -1.464410287997077595e-10 3.634876163151321846e-18 3.783188836029068446e-17 2.726230063022284015e-15 inf 0.000000000000000000e+00 -8.000000000000000000e+01
3.547457638557499071e-01 2.677813897066461668e-01 2.848389323852190059e-05 0.000000000000000000e+00 -5.390069130429597788e-01 7.954846510268130235e-09 5.164235032875681749e-10 -8.067112489243688498e-10 inf 0.000000000000000000e+00 -9.000000000000000000e+01
5.066944329162107463e-01 -5.513987531151468802e-07 4.752219986934603721e-03 5.036985746460968349e-05 -5.004234622118022280e-01 1.205437214476917479e-09 1.973553020911046334e-07 3.990165380460152049e-06 inf 0.000000000000000000e+00 -9.000000000000000000e+01
4.294048879240947580e-01 -3.152434664065140695e-07 3.516130341707125745e-05 0.000000000000000000e+00 -5.782085619571969426e-01 5.701750799153189077e-08 1.672513567751602041e-07 9.839479677705329268e-10 inf 0.000000000000000000e+00 -9.000000000000000000e+01
4.779343237017265045e-01 2.690732609816806620e-01 0.000000000000000000e+00 2.881247768379010740e-02 -4.148996786465775077e-01 1.727170968855128350e-08 6.527360414764186499e-08 4.889211650878458803e-10 inf 0.000000000000000000e+00 -9.000000000000000000e+01
5.605672883538262985e-01 1.953900404117904152e-02 4.910368985775834615e-10 -6.316488375381155290e-05 -5.154867022274696176e-01 2.156028032130100913e-01 1.869225963358533158e-09 3.038613726035631666e-05 inf 0.000000000000000000e+00 -1.000000000000000000e+01
4.985545778525934946e-01 2.727056055547081304e-01 2.722626639434521883e-05 3.057395320007681022e-02 -3.964071173527200509e-01 3.284418625236958142e-08 5.004828381313459219e-06 8.940245625401770369e-01 inf 0.000000000000000000e+00 -1.000000000000000000e+01
4.941773967996552219e-01 2.638907298910159183e-01 5.486043700810419608e-10 2.194299659251398990e-06 -4.012720462013200651e-01 7.290178877587000955e-10 5.449224615570081825e-10 2.568499386366006087e-08 inf 0.000000000000000000e+00 -9.000000000000000000e+01
4.844311455020459678e-01 2.250197410141349386e-01 5.271178846086514673e-10 1.171373076908114395e-09 -4.294044839440042116e-01 1.458359480750602379e-08 6.017929182615437344e-09 4.713500306450560916e-03 inf 0.000000000000000000e+00 -9.000000000000000000e+01
4.423401649225132126e-01 3.968051479451956687e-01 3.101492227791781062e-02 6.097305391349494071e-06 -3.800779988514871865e-01 3.066377420649600285e-07 2.589471539294956728e-09 1.772472497485318056e-07 inf 0.000000000000000000e+00 -9.000000000000000000e+01
4.592983681363874138e-01 3.395711530716212234e-01 1.896188235289191640e-05 9.400227183872393848e-08 -3.984026294396528778e-01 1.528037934723409669e-03 1.184256369695965799e-09 -3.484482118419714445e-07 inf 0.000000000000000000e+00 -9.000000000000000000e+01
3.410613885942544166e-02 7.351767709698372455e-01 6.158052849618481650e-01 2.294053453809947390e-09 -2.226372953323605131e-01 3.797540794306928137e-09 7.069919813341672224e-08 4.810978788764438898e-04 inf 0.000000000000000000e+00 -9.000000000000000000e+01
-2.954748091603054199e+06 1.181938812022901075e+01 2.446065422232824964e-03 2.956760332756143243e-07 -3.076171875000000711e+01 1.208364380566218770e-06 1.679579833991655391e-07 2.723158770845137116e-03 inf 0.000000000000000000e+00 -2.000000000000000000e+01
4.694259180476394455e-01 3.269932676998513754e-01 0.000000000000000000e+00 8.033777370622466865e-10 -3.941974055400048749e-01 1.868320318749411062e-09 4.812793141098482837e-09 1.028323503439675759e-07 inf 0.000000000000000000e+00 -9.000000000000000000e+01
4.741271178547430964e-01 3.119508401177082391e-01 -6.153158772963969458e-02 1.328285248117283741e-07 -4.025787600295806512e-01 7.989044407554723777e-09 1.741384234742800166e-09 6.005998687174147022e-10 inf 0.000000000000000000e+00 -9.000000000000000000e+01
1.182500217443675505e-01 7.223334661593924233e-01 1.906852278080294816e-08 0.000000000000000000e+00 -4.766667543183807920e-01 4.968606849224264126e-10 6.049475192809462443e-07 8.432618738129408304e-04 inf 0.000000000000000000e+00 -9.000000000000000000e+01
3.566160876826047210e-01 6.286114087964558284e-01 6.129406641876678865e-07 3.114841002619050975e-09 -3.213574349456240209e-01 8.059120625595586965e-03 6.041020213811999457e-06 -2.166428209628826215e-07 inf 0.000000000000000000e+00 -9.000000000000000000e+01
5.586447371592516697e-01 1.995904238171580247e-01 6.231693433768650579e-10 4.069043438373549361e-09 -3.668711706717474041e-01 1.177227071101965684e-08 5.784875190554883745e-07 2.822860058621283273e-07 inf 0.000000000000000000e+00 -9.000000000000000000e+01
5.324581556187831799e-01 4.430614079433572278e-05 1.619793922302436696e-09 7.994643901262195854e-07 -4.753432669537925870e-01 1.335369091199839382e-07 9.643264664554759747e-10 -6.588992226314996045e-08 inf 0.000000000000000000e+00 -9.000000000000000000e+01
5.150671763809351322e-01 2.684924642836789555e-01 7.201572627985183220e-05 2.865289478537560303e-02 -3.780812252157927933e-01 1.281904836471518430e-08 5.293640991373892401e-09 -4.466312782780161063e-03 inf 0.000000000000000000e+00 -9.000000000000000000e+01
6.499452728698827952e-01 -2.394821348794592045e-07 5.345583367845071234e-10 3.474629189099296198e-09 -3.576809212709257113e-01 8.835934860967440922e-09 3.144460804614747541e-09 1.086725654074856750e-06 inf 0.000000000000000000e+00 -9.000000000000000000e+01
2.660448834719489897e-01 6.846743324645746531e-01 1.761116490627175486e-05 1.632390814935146968e-09 -3.609211838277543438e-01 1.515791471011207793e-08 6.777336865578958270e-09 -6.133125490399194577e-08 inf 0.000000000000000000e+00 -9.000000000000000000e+01
6.339887367246824779e-01 1.881036189216095381e-05 0.000000000000000000e+00 5.758690590435560261e-10 -3.737402738099208088e-01 8.182443275650526405e-10 8.980641528375455524e-08 1.756765104170848149e-09 inf 0.000000000000000000e+00 -9.000000000000000000e+01
4.363533286096504260e-01 1.354806705763834107e-01 8.111245342300357208e-01 7.597892022688531688e-06 -4.504292424357682068e-01 1.453640514757766327e-03 3.251085643542188600e-09 1.652809991684673945e-07 inf 0.000000000000000000e+00 -9.000000000000000000e+01
3.762423120924377473e-01 4.467877456097698041e-01 1.728643063371133187e-02 1.818758214605515956e-09 -4.176737571740454791e-01 7.112345770418359341e-10 5.403547341448167579e-07 8.493100286552363541e-09 inf 0.000000000000000000e+00 -9.000000000000000000e+01
3.747827091869523342e-01 2.226189721671844868e-01 1.902879978786299252e-09 1.414751165224229080e-06 -5.401568027968608465e-01 6.019224944390685017e-08 6.999098772547307882e-08 4.757199946965748130e-10 inf 0.000000000000000000e+00 -9.000000000000000000e+01
1.589379756378122011e-01 1.633819650882115625e-05 3.268614346043729141e-08 4.059799068576559762e-10 -8.495281270933353612e-01 5.506784169436384079e-08 7.445792679801308628e-08 6.772125723057380509e-07 inf 0.000000000000000000e+00 -8.000000000000000000e+01
4.211934565031654754e-01 9.019769840228559765e-01 1.887035911942561923e-12 5.636472802251412471e-12 -9.787076649553558532e-04 2.065392831034783282e-11 1.190359990405543009e-11 2.309345049804920484e-06 inf 0.000000000000000000e+00 -9.000000000000000000e+01
2.700654572411017029e-01 -2.849674682493786926e-07 2.433680829872242237e-03 2.126697234033919110e-09 -7.380006554311293598e-01 6.424916702350716152e-10 1.080581339334892494e-07 2.693484459404082815e-08 inf 0.000000000000000000e+00 -8.000000000000000000e+01
4.429805449404015660e-01 3.219984633390313711e-01 6.136363642560324149e-10 0.000000000000000000e+00 -4.234372856047955991e-01 1.268875193885355167e-09 4.011587061061809182e-07 3.319322037250258244e-07 inf 0.000000000000000000e+00 -9.000000000000000000e+01
4.872355909504000882e-01 -2.444618195012962145e-07 2.872076481497814716e-09 2.048359114976867929e-09 -5.205006714570539206e-01 9.097338702815414203e-09 1.992083910821631571e-07 5.338598268926017667e-05 inf 0.000000000000000000e+00 -9.000000000000000000e+01
3.631917938931299261e+01 3.318821564885497821e+01 -3.398473282442749478e+05 3.592658588904461964e-02 3.161221374045802513e+05 1.245964574449845430e-02 4.725798395753818326e+00 1.828433903119036918e-01 inf 0.000000000000000000e+00 -2.000000000000000000e+01
4.657116995639663526e-01 0.000000000000000000e+00 7.419705260566624705e-06 -7.763071902403711512e-05 -5.420258015933557827e-01 9.840883289743287818e-10 7.231226832166918937e-09 8.408004029680328029e-04 inf 0.000000000000000000e+00 -9.000000000000000000e+01
