5.850168702993663317e-01 6.358879024993112361e-02 8.239983712524878454e-06 1.177004050299205844e-02 -3.981636558726456276e-01 3.416999586404253613e-08 0.000000000000000000e+00 5.448394178406953175e-10 2.753620027233033397e+04 1.000000000000000000e+00 0.000000000000000000e+00
2.802481132419503140e-01 6.781361601407001165e-07 7.027116869350396033e-01 -4.300449125774330472e-02 -7.089858984255310581e-01 5.356371899089284659e-10 3.408988243167007659e-01 0.000000000000000000e+00 3.184300104473183819e+04 1.000000000000000000e+00 0.000000000000000000e+00
5.787726938791034614e-01 6.315203725018644909e-02 8.594484149910431858e-01 4.984413668022379118e-02 -3.435857965335814557e-01 -8.683688670918463399e-06 1.175396980428649009e-09 -3.387465599626859544e-03 6.142487371098130825e+04 1.000000000000000000e+00 0.000000000000000000e+00
5.835726577076958410e-01 5.412847839607612954e-01 7.576577379659094058e-02 -7.582665693086060596e-09 -1.399023823127749089e-01 -3.909425828167119635e-04 8.603489938748062820e-08 0.000000000000000000e+00 8.175118391184575739e+04 1.000000000000000000e+00 0.000000000000000000e+00
4.099097332277929495e-01 6.437994045401218557e-01 5.261328470708006960e-06 3.081013141684956797e-09 -2.495626905239798354e-01 6.220412829786684617e-10 9.399335718539762980e-08 1.086888017912186028e-09 8.411066825942622381e+04 1.000000000000000000e+00 0.000000000000000000e+00
3.726575100678657937e-01 7.281268440296569171e-10 1.064735743051045125e+00 6.958286104812597566e-09 -5.627888927555524390e-01 1.503968945088146093e-04 7.394595575554103394e-10 -1.722572455914519196e-08 9.344566801849612966e+04 1.000000000000000000e+00 0.000000000000000000e+00
4.915384309510828498e-01 5.516593949518201756e-02 1.102878343280924378e+00 1.125891679317836576e-02 -4.034491064078780664e-01 -7.260487296334459722e-04 0.000000000000000000e+00 7.629680617263585549e-10 9.416926767014033976e+04 1.000000000000000000e+00 0.000000000000000000e+00
5.871626770617285329e-01 1.463111320720390162e-09 1.292150640490359104e+00 1.166831278274511072e-09 -2.199405345515504928e-01 -1.570140840053727989e-05 7.681334433782048298e-10 0.000000000000000000e+00 9.996042327148294135e+04 1.000000000000000000e+00 0.000000000000000000e+00
2.035301823332754112e-01 0.000000000000000000e+00 1.163029613333002255e+00 3.800329260456048514e-09 -7.210783602664614378e-01 0.000000000000000000e+00 0.000000000000000000e+00 1.177956890736271819e-03 1.028971956729239901e+05 1.000000000000000000e+00 0.000000000000000000e+00
6.489853849669917629e-01 6.210720350759383335e-01 5.075593356349484299e-06 4.145548550995672395e-08 -2.900371512117268583e-02 1.153969868542898108e-03 9.739959388208896215e-09 2.558039156049169055e-08 1.042439371442145057e+05 1.000000000000000000e+00 0.000000000000000000e+00
6.359454316200621182e-01 -1.029138757061194087e-07 1.396536579719412537e-03 1.190595701604107461e-04 -3.706935806075491446e-01 2.632994553788479581e-09 1.620304340792910496e-09 -3.696638762169725950e-02 1.108372547683887678e+05 1.000000000000000000e+00 0.000000000000000000e+00
6.677845592510203154e-01 1.217934471943586845e-02 1.102360659628818136e-05 0.000000000000000000e+00 -3.350805083786258520e-01 0.000000000000000000e+00 0.000000000000000000e+00 5.798711130699365693e-10 1.120984650393192132e+05 1.000000000000000000e+00 0.000000000000000000e+00
2.922234802573752677e-01 4.101417012498112663e-07 1.895152625967343912e-08 -5.398782850666917522e-03 -7.259639918343600007e-01 -3.387700342630919811e-05 2.259394387894593373e-10 5.410729093570521009e+00 inf 0.000000000000000000e+00 -3.000000000000000000e+01
1.485100699031837168e+00 2.436080439359385869e-02 4.790227029195826566e-05 3.703151939068558170e-04 -8.033284920029866161e-01 1.107747710025171095e+01 2.411242225133925965e-05 1.401811755571432293e-08 inf 0.000000000000000000e+00 -3.000000000000000000e+01
1.007319781326697861e+00 8.643219115502280466e-07 2.723015409267839091e-05 4.066142893685162455e-09 1.055733759028795323e-08 5.165166336070316005e-04 0.000000000000000000e+00 0.000000000000000000e+00 inf 0.000000000000000000e+00 -8.000000000000000000e+01
5.682428746206110715e-01 7.230087730831045317e-05 8.859020317025115832e-01 1.040143903293573938e-02 -3.860001709560943461e-01 -2.247815736828882440e-05 3.064510655225561007e-10 -7.543410843632149376e-10 inf 0.000000000000000000e+00 -9.000000000000000000e+01
9.596113323644164250e-01 1.717736043963162627e-04 8.130311899462265846e-01 3.906656627763443194e-06 1.905799810061126270e-07 2.457316840669524592e-05 5.915580477057859001e-10 9.901771629290692463e-10 inf 0.000000000000000000e+00 -8.000000000000000000e+01
5.045841086068451053e-01 1.812926571741967163e-06 1.404230193719824937e+00 0.000000000000000000e+00 -1.823184901108819952e-07 -2.523782168095009516e-08 2.084306012265070166e-07 -9.726469960758769100e-10 inf 0.000000000000000000e+00 -9.000000000000000000e+01
5.790247902160081672e-01 4.808276035711880891e-01 6.031508231416752436e-02 6.130521758540767398e-09 1.458206410056198988e-08 -2.378742193723659415e-01 3.897800871170981970e-09 0.000000000000000000e+00 inf 0.000000000000000000e+00 -9.000000000000000000e+01
2.791235228500519860e-01 3.568340490980778310e-03 5.562951329529007838e-01 3.342650579585412784e-02 -6.968328507515283432e-01 3.339045992179555657e-08 4.197657818740012599e-07 4.708258449338550354e-10 inf 0.000000000000000000e+00 -9.000000000000000000e+01
1.198677934098850775e-02 -2.532584779955986701e-09 1.555097833636319260e+00 5.204577896423311961e-09 5.560843645285622161e-09 2.306399276992368574e-02 1.730814598271121561e-04 1.029758550431804018e-02 inf 0.000000000000000000e+00 -9.000000000000000000e+01
9.047913454865089689e-01 1.702474539961259177e-08 1.911462681617611459e+00 3.704960516900829525e-09 -8.622655458201273701e-03 7.906074887842513832e-05 6.246021242150862260e-07 1.012978192694815505e+01 inf 0.000000000000000000e+00 -3.000000000000000000e+01
-9.412980794802676883e+02 0.000000000000000000e+00 1.251590993909373140e+01 2.681108300887013944e-11 7.396160830033141201e-11 -2.423573980785259814e-07 0.000000000000000000e+00 0.000000000000000000e+00 inf 0.000000000000000000e+00 -2.000000000000000000e+01
9.298815506718456358e-01 9.869467162563351492e-02 6.978789102627734886e-01 4.396824233559028516e-01 1.259994178632939735e-02 5.883383490716452774e-04 0.000000000000000000e+00 0.000000000000000000e+00 inf 0.000000000000000000e+00 -9.000000000000000000e+01
3.239125695847376064e-03 0.000000000000000000e+00 7.246468813364749517e-02 -1.536129085162215135e+00 4.768140528720757893e-06 1.352994866271056754e-07 1.040406397167053998e-06 0.000000000000000000e+00 inf 0.000000000000000000e+00 -1.000000000000000000e+01
8.346055130256460064e-01 2.453267515053241671e-03 2.462494721079065598e-07 2.128618168674696137e-09 -1.724185041879328639e-01 4.064853937265090418e-10 0.000000000000000000e+00 7.307428261266631860e-10 inf 0.000000000000000000e+00 -9.000000000000000000e+01
9.594644980492577080e-01 1.634961924926986165e-01 2.543871679244948947e-01 4.006732348916462738e-02 2.043592747773296399e-09 2.554628007698415970e-02 5.304634637696135392e-05 8.346910879890403478e+00 inf 0.000000000000000000e+00 -3.000000000000000000e+01
2.352772199400030487e-08 -1.658257671678401040e-05 4.826694493282656317e+00 8.462954242233435009e-02 -3.347488546994473841e-07 2.117308842418935643e-09 5.146316912105382873e-07 1.447009032354717561e+01 inf 0.000000000000000000e+00 -2.000000000000000000e+01
3.776282277567913348e-01 -6.111087927069647828e-08 8.483794786472604070e-04 1.815990667807108883e-02 -6.300325872419005879e-01 1.563488025234302772e-09 6.815204212559781684e-10 -1.540553951935481281e-05 inf 0.000000000000000000e+00 -9.000000000000000000e+01
1.121769242468480901e-05 1.220733109939349470e+00 8.932606930767532315e-06 6.913422294324267012e-03 -5.118591506374697625e-04 0.000000000000000000e+00 2.231528802653589528e-08 2.172359478340805034e-09 inf 0.000000000000000000e+00 -9.000000000000000000e+01
4.139205518544181728e-01 8.320973561700643062e-01 7.959599552811797376e-09 1.153427791006597815e-04 -7.927270209037057258e-02 1.131468175475398172e-07 2.546834020259751052e-10 6.297092264414399241e-04 inf 0.000000000000000000e+00 -9.000000000000000000e+01
7.374019962925129068e-01 2.163287871260551831e-06 1.239270185415427106e+00 1.633373055751589723e-09 -2.083568294192603976e-01 4.370285345451051306e-10 2.636166841782816017e-01 4.707759117300553657e-10 inf 0.000000000000000000e+00 -9.000000000000000000e+01
5.514161804403787670e-01 1.442090188208437485e-01 1.239708717727660225e+00 1.810159783089548472e-09 -4.678391103165613915e-04 3.494471721956356430e-04 5.026198190469973497e-10 1.476915558716185521e-06 inf 0.000000000000000000e+00 -9.000000000000000000e+01
3.220015809736179267e-03 1.274987713981220875e-04 2.611174838233540352e-01 1.244435783560949443e-01 1.232587654172009146e-03 0.000000000000000000e+00 2.388735763899242620e-05 0.000000000000000000e+00 inf 0.000000000000000000e+00 -9.000000000000000000e+01
3.394026441780044201e-01 6.107784652772277334e-02 1.224970462895326184e+00 3.043332186924809435e-06 -4.466850891767988885e-01 -8.324294826788563922e-04 7.603679898566722975e-08 5.667880658335286318e-10 inf 0.000000000000000000e+00 -9.000000000000000000e+01
9.402993577637275280e-01 1.005516670402741702e-03 5.202094509686911589e-03 1.153435651668599689e-02 -8.403127744721095027e-02 4.627038694878071040e-02 1.008467211674058787e-09 9.589354232814232849e-10 inf 0.000000000000000000e+00 -9.000000000000000000e+01
2.931944563880255483e-01 1.080190102482199259e-02 1.452598499718919411e+00 3.433831858578361836e-09 8.238056957174510878e-05 2.756876435030056209e-07 2.268781763703560654e-09 2.130815305099965565e-09 inf 0.000000000000000000e+00 -9.000000000000000000e+01
7.189619380150570338e-01 3.955346214117765733e-06 6.103840126821708623e+00 1.232158755773714384e-07 -1.682468752905983633e+00 -1.683043347791855983e-07 -3.860815927239479722e-04 2.162508129006432428e+05 inf 0.000000000000000000e+00 -2.000000000000000000e+01
-1.180508055955390448e-04 9.026432468375317208e-02 1.444229194940050753e+00 2.264581997366245728e-02 1.680591144756331531e-08 1.019476245899980573e-09 6.416284065104772049e-10 0.000000000000000000e+00 inf 0.000000000000000000e+00 -1.000000000000000000e+01
8.050894040719575506e-05 1.227255874821977288e+00 1.054283743427563483e-05 1.910981442632338949e-03 -1.734038716462677843e-04 1.005443328311503871e-11 5.624857780763658247e-13 0.000000000000000000e+00 inf 0.000000000000000000e+00 -9.000000000000000000e+01
9.716514030364779009e-01 1.736175245952810510e-06 2.242272468545718211e-01 1.097779229392174538e-01 -1.261278263556966650e-01 1.131146379221723980e-01 1.841866670591125743e+00 -4.351076337773239211e-01 inf 0.000000000000000000e+00 -1.000000000000000000e+01
6.459410095277996477e-01 1.176240406096658253e+00 -6.463540152883673340e-02 2.183767959001432432e-02 1.120071622659458255e+00 8.462114941783463578e-10 -5.385595117802114418e-01 0.000000000000000000e+00 inf 0.000000000000000000e+00 -1.000000000000000000e+01
7.093729355633553446e-01 4.657834401740208719e-04 1.321619014423659477e+00 6.801496825268372900e-06 -3.100254577798282687e-02 -1.419369174057561736e-03 1.294302350625608414e-07 2.107034907550843321e-03 inf 0.000000000000000000e+00 -9.000000000000000000e+01
2.575380365428817653e-01 3.718223304639142659e-07 1.223305673578688468e+00 5.651529135246572411e-01 2.041398402633015636e-08 7.488297062700775603e-05 2.025408336816046565e-09 3.651065028207873783e-09 inf 0.000000000000000000e+00 -9.000000000000000000e+01
2.819672925523399303e-04 0.000000000000000000e+00 4.852965024442518844e-09 2.255434537275228912e+00 -1.447811855698041741e-04 0.000000000000000000e+00 0.000000000000000000e+00 0.000000000000000000e+00 inf 0.000000000000000000e+00 -2.000000000000000000e+01
5.442929684516568668e-05 2.844123456472267425e-07 1.414397099006861946e+00 2.671423092217630746e-01 0.000000000000000000e+00 0.000000000000000000e+00 0.000000000000000000e+00 0.000000000000000000e+00 inf 0.000000000000000000e+00 -9.000000000000000000e+01
2.057293733528791659e-04 6.612729857771115175e-05 1.781697387864587045e-09 2.277479765549710766e+00 -3.395726143179762433e-05 9.507040298522288196e-06 1.893810999005726033e-13 1.439296359244351796e-09 inf 0.000000000000000000e+00 -2.000000000000000000e+01
1.900466821996507605e+01 3.017083515076167544e+01 2.699106575987257894e+00 7.052242791129485037e-08 -3.444653886841615026e-02 2.617043223270707302e-08 3.057808397716300365e-08 1.626136473920359192e+11 inf 0.000000000000000000e+00 -2.000000000000000000e+01
8.709658315853792410e-02 5.451172330829237084e-05 8.717633571870882106e-05 5.277922620330353226e-02 -7.297868314530858713e-02 -1.112056124118987910e+00 9.875742557331099961e-04 -2.428635143501742030e-05 inf 0.000000000000000000e+00 -9.000000000000000000e+01
2.320645566697128048e-07 1.227676050433933019e+00 1.652898519763631999e-05 0.000000000000000000e+00 -1.080372800599127530e-05 -2.679971331863135195e-07 2.023722709414951034e-04 -1.074982914121637469e-06 inf 0.000000000000000000e+00 -9.000000000000000000e+01
2.794772726197804480e-01 3.254904530471836588e-01 3.118501512386142593e-01 9.533420936009923130e-02 -2.606410837229871658e-01 -3.250139432386380256e-01 -5.211702824128241346e-02 -8.501899534093264321e-02 inf 0.000000000000000000e+00 -9.000000000000000000e+01
6.006830656290317372e-08 1.462747122495403840e+00 5.971839409748820600e-06 1.111492127862728374e+01 5.353947996183845959e+01 2.494986730677779097e+00 9.778625954199642001e+04 2.367008587786542364e+02 inf 0.000000000000000000e+00 -2.000000000000000000e+01
8.685783753866599998e-06 3.631111498053495473e-06 7.047789357094667861e-02 2.217433965589497458e+00 -1.558076933710227010e-04 8.742519871023685289e-07 4.958239997026490963e-12 0.000000000000000000e+00 inf 0.000000000000000000e+00 -2.000000000000000000e+01
3.093893129770992891e+04 3.834457433505254463e-08 1.186635257633588054e+02 3.986202806006861754e-05 3.442531038778626709e+11 5.132049492752280153e-06 3.746979317151522590e-08 1.101057891172307341e-05 inf 0.000000000000000000e+00 -2.000000000000000000e+01
4.148781571777328536e-01 6.879184938554937368e-06 1.430868666532980837e+00 4.051544503688797297e-06 0.000000000000000000e+00 6.697346820571183451e-10 5.011676143885882305e-07 0.000000000000000000e+00 inf 0.000000000000000000e+00 -9.000000000000000000e+01
6.144470853011340522e-02 4.926622922144823224e-01 1.047183526949168719e+00 1.857149055573090526e-02 0.000000000000000000e+00 1.348417936493008358e-07 5.747631454301447800e-06 -1.774518004424798954e-04 inf 0.000000000000000000e+00 -9.000000000000000000e+01
5.141464884115628742e+00 1.770547177604445339e-05 -4.519138223929591186e+04 0.000000000000000000e+00 1.822197451698598460e-08 1.608249348344210341e-09 1.484159681267349044e-03 2.408421076606720261e-04 inf 0.000000000000000000e+00 -2.000000000000000000e+01
1.796243009124383339e-02 1.700674771589715135e+02 1.312708339320811319e+03 1.371833360676860138e+02 4.458216873236142844e+07 3.167753613721048711e-07 6.918102050229265212e-11 2.876320281258712202e-04 inf 0.000000000000000000e+00 -2.000000000000000000e+01
1.007347834184084023e+00 4.956819981071755631e-04 6.192212037892715765e-03 1.268945915154369442e-02 -5.061731641954190126e-08 4.066141390722924329e-06 2.310640698868833554e-03 0.000000000000000000e+00 inf 0.000000000000000000e+00 -9.000000000000000000e+01
2.658463309662073559e+00 6.864390336888637201e-01 3.031441744151976092e+00 2.787418619459114399e-01 -5.257408784033204552e-02 2.018844973068750548e+01 1.811610135748447174e-07 2.327185866287822439e-07 inf 0.000000000000000000e+00 -2.000000000000000000e+01
2.730840197232811684e-01 7.500302045881761526e-01 -2.121583283452545959e-03 4.754248254235396795e-05 -2.981864505056440739e-01 -3.695685166378296407e-05 1.994961959708761731e-07 3.638538574241548264e-09 inf 0.000000000000000000e+00 -9.000000000000000000e+01
5.036999284233165675e-01 1.448487296045303998e-05 1.403471595435907604e+00 6.314903460018938183e-10 5.192253956015571073e-10 5.813720645731720391e-10 4.198067630970304388e-07 9.237801632941990137e-08 inf 0.000000000000000000e+00 -9.000000000000000000e+01
7.486884560923607879e-01 5.096612709019237020e-01 5.333664462927108219e-02 -1.889805322002041975e-08 -5.088085945084724920e-05 5.224929044476050001e-10 0.000000000000000000e+00 0.000000000000000000e+00 inf 0.000000000000000000e+00 -9.000000000000000000e+01
9.664199519083336298e-01 6.773083651717113352e-01 1.147402331228399366e-05 0.000000000000000000e+00 2.609615410375060266e-05 -1.640329686521466366e-05 5.103566038167604901e+00 3.446349240368333446e-04 inf 0.000000000000000000e+00 -3.000000000000000000e+01
1.871173560487783405e+01 3.700270466837614070e+00 2.861212481380790607e+01 4.362358995184812960e-01 -2.304934362704032236e-01 8.527077678980799337e-07 1.212489959759921296e-08 1.088559305472664795e+11 inf 0.000000000000000000e+00 -2.000000000000000000e+01
-1.226298291462481720e+06 1.568851867148030215e+04 1.525698226922116152e-01 4.578291619751904268e-03 4.994018613631948288e-11 4.668062043668608392e-03 3.032245430075334973e-03 0.000000000000000000e+00 inf 0.000000000000000000e+00 -2.000000000000000000e+01
2.223995229378150987e-02 2.086964361845644557e-04 1.556418644378409155e+00 1.168700042633561038e-02 1.799357046771671298e-01 1.850588884025310540e-07 -2.549640423198216857e-04 5.876971598010573879e-10 inf 0.000000000000000000e+00 -1.000000000000000000e+01
5.245765118002575049e-03 4.000092226021798649e-05 1.471578468552003693e+00 1.346936576406888575e-01 0.000000000000000000e+00 0.000000000000000000e+00 0.000000000000000000e+00 2.515395418203892041e-06 inf 0.000000000000000000e+00 -9.000000000000000000e+01
2.141521677835755699e-01 2.538099766323858475e+00 -8.830059001492916379e-03 3.113137994631607897e-01 2.046342936598610773e+00 2.458784148626237953e-01 2.297603499951577374e-07 1.062829277148115814e+00 inf 0.000000000000000000e+00 -2.000000000000000000e+01
8.267336823412541058e-01 7.181048253296834186e-06 1.490449455488458197e+00 1.648355953760951763e-08 0.000000000000000000e+00 1.670334033144431314e-07 9.369602263483305665e-08 9.257088414947846067e-01 inf 0.000000000000000000e+00 -1.000000000000000000e+01
9.811980306869027002e-01 8.261674657209722248e-09 3.547267973394099827e-01 -5.070131087936039505e-01 3.774280843398967427e-07 5.983191751747671948e-07 -2.279735201410089797e-04 1.034429847639828197e-02 inf 0.000000000000000000e+00 -1.000000000000000000e+01
6.736234854195865098e-04 9.447636566203060747e-08 1.224206822519084170e+02 0.000000000000000000e+00 -1.329667368576727107e-06 1.603053435114504168e+02 3.442531038778626709e+11 6.007670446206596956e-04 inf 0.000000000000000000e+00 -2.000000000000000000e+01
1.300632343249864721e-05 1.399405002360434164e-03 7.569350367192374796e-08 6.408309803912609279e-03 -9.487386851864836324e-01 3.799401546178273295e-08 0.000000000000000000e+00 0.000000000000000000e+00 inf 0.000000000000000000e+00 -9.000000000000000000e+01
1.528387246461175228e-02 4.903609003789796139e-01 4.878069373561724764e-01 -1.820696295555903927e-04 -6.563684968614467152e-01 3.068346809056838547e-10 -4.846941390405940675e-07 0.000000000000000000e+00 inf 0.000000000000000000e+00 -9.000000000000000000e+01
7.710847572320846943e-01 1.024283285114288541e-05 1.195665961236044390e-08 4.726319006892092944e-01 -2.245735428740652795e-01 4.184830864326155036e-09 -2.211486740284913100e-01 -2.183353889053412517e-02 inf 0.000000000000000000e+00 -8.000000000000000000e+01
5.990567622203449849e-01 1.628559082260756059e-03 1.372163799950655072e+00 6.257696236343881764e-10 -6.028040292348673182e-04 -1.849021068157667963e-06 2.397526991755848556e-09 -2.456032681869136207e-07 inf 0.000000000000000000e+00 -9.000000000000000000e+01
4.946370633193332145e-01 5.217638983136247549e-02 9.922067574488600827e-02 8.273791771084108339e-09 -4.877942580955479945e-01 0.000000000000000000e+00 5.899446597339900974e-09 2.625239169281447420e-06 inf 0.000000000000000000e+00 -9.000000000000000000e+01
6.383369286803405526e-03 7.320860815723377081e-04 4.975235943140238204e-01 5.236287700455220042e-10 -9.761709546974343121e-01 3.596337643669964470e-09 0.000000000000000000e+00 8.032094114860071354e-14 inf 0.000000000000000000e+00 -9.000000000000000000e+01
8.016726211047546258e+01 4.311975081473175264e-02 0.000000000000000000e+00 2.595656525166238088e-07 2.080521309110159397e+09 3.241626656994018307e-01 5.511499270095188052e+01 3.443157689743520508e+11 inf 0.000000000000000000e+00 -2.000000000000000000e+01
8.138054867383259783e-01 4.771497967846862615e-02 1.248541968253262358e+00 1.841709785584442824e-09 6.295726485353499331e-03 6.192178352370711174e-03 3.172678390952116690e-07 0.000000000000000000e+00 inf 0.000000000000000000e+00 -9.000000000000000000e+01
1.594538026918147430e-02 9.789178509578078113e-02 1.446649005520464382e+00 7.993265189102862575e-09 1.865176907345446518e-05 1.473889030146982603e-04 2.210263154728930931e-06 0.000000000000000000e+00 inf 0.000000000000000000e+00 -9.000000000000000000e+01
8.484280547660147387e-02 1.626740354328444100e-06 0.000000000000000000e+00 1.654311029234725172e+00 -1.865057589777187053e-01 -1.881272379026876843e-08 -1.825480770895973603e-01 -4.294084848611666727e-01 inf 0.000000000000000000e+00 -9.000000000000000000e+01
9.613062431706338451e-01 1.322985534069305681e-07 7.932730380635718559e-01 8.268659587933160506e-09 -8.534333949693335665e-10 1.360252732212102958e-06 2.511168624856461520e-09 0.000000000000000000e+00 inf 0.000000000000000000e+00 -9.000000000000000000e+01
4.667374129996727516e-01 1.391823167850331396e-02 2.684502767579817206e-01 1.375338960811007996e-04 -5.226645539909189342e-01 0.000000000000000000e+00 -3.966279578715184191e-07 1.098545497619387544e-09 inf 0.000000000000000000e+00 -9.000000000000000000e+01
4.672895804359731287e-01 6.266631790614871078e-02 6.208607422183252261e-02 8.706252384098133256e-07 -5.121617586897585506e-01 2.132294016105390275e-07 0.000000000000000000e+00 4.487217825378549824e-02 inf 0.000000000000000000e+00 -9.000000000000000000e+01
2.941130909300943743e-05 2.847373030567898304e-03 3.545779649537939482e-07 -1.651094160007157141e-01 1.340443851383588347e+00 1.200100847782979881e-02 4.519488065297368531e-03 -4.374372367640489789e-05 inf 0.000000000000000000e+00 -1.000000000000000000e+01
1.007728914626367489e+00 1.731377120971709703e-06 8.352492305404775623e-05 -3.195007801637643073e-05 1.935470678057096533e-09 2.215639188284531256e-07 6.018218259317160368e-09 0.000000000000000000e+00 inf 0.000000000000000000e+00 -9.000000000000000000e+01
9.643626211017670702e-01 1.051409551404056397e-01 2.250530301140813894e-05 0.000000000000000000e+00 0.000000000000000000e+00 -5.165355063583881162e-03 4.978626713929545358e-05 1.255998873634024313e-04 inf 0.000000000000000000e+00 -9.000000000000000000e+01
8.766619087906196706e-01 5.106651743914656684e-03 6.082923400839517457e-04 9.852833952964748856e-03 -1.299612829698374716e-01 9.826107856316999081e-10 4.669549797608370429e-10 -7.716300980694573502e-05 inf 0.000000000000000000e+00 -8.000000000000000000e+01
1.712886883308806896e+00 -2.039559682916091535e-05 2.198039815575463241e+00 1.274764082231265305e-01 -8.787208722176682585e-01 -5.166884530054098330e-05 1.338309215277946805e+03 1.321936831519688948e-07 inf 0.000000000000000000e+00 -2.000000000000000000e+01
5.916485066457441988e-01 2.318154967559348523e-01 3.217737492283871958e-01 3.735202708567694099e-06 -1.755915889606521341e-01 -1.548319922362400569e-01 -1.401272778897815208e-01 1.027167546259972423e-03 inf 0.000000000000000000e+00 -8.000000000000000000e+01
9.240262892544763851e-01 7.225099176617448549e-02 8.394877138545987494e-01 4.799837356915290848e-06 9.118343367553004417e-10 7.695099250606594020e-03 7.250730870584316654e-10 9.356372411284306888e-10 inf 0.000000000000000000e+00 -9.000000000000000000e+01
2.392212433632541491e-01 2.944261456778512476e-01 1.044122349950157735e+00 1.598215999107780450e-01 -6.325561723547585072e-03 -9.848281956122570402e-02 1.584299692599337179e-09 1.053660853251161765e-09 inf 0.000000000000000000e+00 -9.000000000000000000e+01
5.433507106644841489e-01 7.359360327239600824e-08 5.983200432608910546e-01 2.036425734386848538e-07 -4.323549429217393159e-01 -2.530173913875986584e-10 1.397994925176615020e-09 -1.014260991510851703e-04 inf 0.000000000000000000e+00 -9.000000000000000000e+01
8.544198216431500570e-03 7.169956545257204217e-02 2.673796295002165476e-03 -8.548165965821781043e-06 -9.712901133308425861e-01 -8.807090788165358372e-07 -8.045815342190401805e-08 3.487885111078243856e-03 inf 0.000000000000000000e+00 -9.000000000000000000e+01
7.329791573600175081e-01 3.465380750787533490e-04 7.155272726609694933e-01 1.013481845804091626e-02 -2.341461197122278182e-01 1.365280071944031031e-08 0.000000000000000000e+00 0.000000000000000000e+00 inf 0.000000000000000000e+00 -9.000000000000000000e+01
1.211086953312356496e+00 2.413842517067476753e-03 9.756251681617769701e-08 2.850394412983620995e+01 -4.129161065250348849e-07 2.027950636412542348e-02 0.000000000000000000e+00 4.645283145428527973e+02 inf 0.000000000000000000e+00 -2.000000000000000000e+01
4.835078535633252628e-01 1.956462190965001791e-01 0.000000000000000000e+00 2.166646876448715453e+00 -3.048924093775607913e-01 1.501377313001870945e-07 1.116624617684439026e-08 0.000000000000000000e+00 inf 0.000000000000000000e+00 -2.000000000000000000e+01
5.838180597381527059e-01 -1.398511955296823676e-08 2.788336683388979964e-05 2.065963730899639250e-02 -4.775438502822714759e-01 0.000000000000000000e+00 1.413308967309381492e+00 9.687574579750233187e-07 inf 0.000000000000000000e+00 -1.000000000000000000e+01
4.538423177582162071e-01 1.958127254942465350e-04 4.523751550930495136e-03 1.302184474037576930e-06 -5.536093789895482065e-01 2.664067949750229076e-06 9.109344738018060901e-10 9.940116978125307211e-09 inf 0.000000000000000000e+00 -9.000000000000000000e+01
2.452567584541833767e+00 6.680829262551231107e-01 1.241227752463465706e+01 1.477913710218981269e-01 -5.309501150764400101e+00 6.975197443657272202e-09 1.604622886099560390e-08 1.026469184940422893e+09 inf 0.000000000000000000e+00 -2.000000000000000000e+01
9.209700914045502174e-01 2.703353321048399677e-02 5.606338887343450400e-02 6.388231847892833493e-02 -2.478767045145917336e-02 -1.224411104179459753e-01 1.318404619649757997e-02 -1.127922185643578379e-01 inf 0.000000000000000000e+00 -9.000000000000000000e+01
-9.982299210374304652e+07 9.018816987426029641e+01 2.354913324494574226e+03 5.160767498360449963e+02 1.031263086852282549e-06 6.255823872449507290e-08 5.511499270093684544e+01 3.443157689742581177e+11 inf 0.000000000000000000e+00 -2.000000000000000000e+01
8.086560681093427627e-01 1.116945569846942086e-09 1.069418350941703372e-01 -1.050729252676862836e-08 -1.938625960382905078e-01 -5.455437506587598739e-04 1.639254058469831515e-06 1.556516435445972225e-03 inf 0.000000000000000000e+00 -8.000000000000000000e+01
1.627323191346783868e-03 1.226841312395748229e+00 1.057612671912425327e-05 1.310852019623462789e-11 4.481034874723028552e-05 3.124932215267374968e-04 0.000000000000000000e+00 0.000000000000000000e+00 inf 0.000000000000000000e+00 -9.000000000000000000e+01
2.207043939656702647e-02 3.980924244910173383e-05 1.464526834065682959e+00 1.335480412211534629e-01 -2.494647399215366504e-02 9.925445479334322856e-04 8.377466215878417643e-09 5.832177325555926987e-10 inf 0.000000000000000000e+00 -9.000000000000000000e+01
8.946609213344355327e-01 2.371485952827980803e-01 1.610072402756120846e-01 2.783302389115142349e-09 1.158231992073392575e-08 5.669705389939387564e-04 0.000000000000000000e+00 0.000000000000000000e+00 inf 0.000000000000000000e+00 -9.000000000000000000e+01
8.547030634353306455e-01 2.512342930663046068e-03 2.521792330570111367e-07 3.050555238592876931e-08 -1.522599768694675726e-01 1.565951689144343310e-07 -2.157482821756395795e-04 1.901512765389559753e-08 inf 0.000000000000000000e+00 -8.000000000000000000e+01
5.341986317298731413e-01 5.582164555872932976e-02 1.338663764888298635e+00 8.935537934967885481e-09 -2.057845828443110106e-03 0.000000000000000000e+00 5.427395400640705023e-09 0.000000000000000000e+00 inf 0.000000000000000000e+00 -9.000000000000000000e+01
1.777520307176727377e+00 1.032988775004019082e-02 6.566574428367972221e-06 9.379732980578947901e-03 -3.173029671144421138e-01 6.356907989418723209e-08 4.087423538636280682e+02 6.374914581859510697e-10 inf 0.000000000000000000e+00 -3.000000000000000000e+01
3.428557120208132747e-01 1.701580200399591680e-01 4.723789810064538131e-01 3.768662967712864664e-06 -9.460277979833550677e-02 -4.749186529473487517e-01 -1.028567136062439741e-01 7.539651074531773193e-04 inf 0.000000000000000000e+00 -9.000000000000000000e+01
3.922587450946927734e-01 2.172185523911470684e-01 4.738035738240554129e-01 3.978825263863729478e-01 -2.854069005527692937e-01 -2.474463768339280612e-01 1.114211668414136214e-01 -1.043211429606673901e+00 inf 0.000000000000000000e+00 -9.000000000000000000e+01
6.934385609602582434e-01 2.067851917896194880e-02 9.185417103787298920e-01 3.586947042940299751e-05 -2.470091606034906795e-01 -2.017081402681723784e-08 6.655130465042238381e-10 -4.207055497021881036e-07 inf 0.000000000000000000e+00 -8.000000000000000000e+01
1.115701931179576611e+00 8.319091589769367920e-04 1.443424473598043333e-04 -3.352469745130939437e-03 2.721708770861858834e-02 0.000000000000000000e+00 2.428479417154405962e+00 1.595527267590095277e-03 inf 0.000000000000000000e+00 -3.000000000000000000e+01
4.867283713044426308e-02 7.145242615981284182e-06 3.447000843856543647e-04 -1.392627848091039034e-04 -9.547461454782208978e-01 2.301292826987319962e-04 2.059311392389940774e-04 6.459422784762692150e-04 inf 0.000000000000000000e+00 -9.000000000000000000e+01
9.180085641575429500e-01 4.393732328985679864e-03 1.187458176845422431e+00 5.901281058051552801e-07 1.546518473480677955e-09 4.051714994793876196e-06 5.894277955530130674e-09 1.101821463370384865e-07 inf 0.000000000000000000e+00 -9.000000000000000000e+01
1.053153006061263719e+00 4.641697358672138181e-03 6.921294589279405711e-10 8.654669824279989350e-04 -3.260055001074076684e-04 9.190250288742159157e-02 3.318270268950399395e-04 1.007847555989194177e+01 inf 0.000000000000000000e+00 -3.000000000000000000e+01
4.734192808013760849e-03 8.424661790160139172e-11 1.539594293134217917e+00 6.221288706579795598e-11 6.647150731137341537e-11 2.756952832750795635e-04 1.253145296611072991e-09 2.038591883372067252e-05 inf 0.000000000000000000e+00 -9.000000000000000000e+01
9.467004696457479440e-01 7.402391970102391305e-02 5.176638738275686213e-01 4.917617964832051989e-06 9.342093454308935816e-10 3.079658250476072294e-05 -7.428652626317949759e-10 0.000000000000000000e+00 inf 0.000000000000000000e+00 -8.000000000000000000e+01
3.580514709855591957e-07 3.470201201823487814e-05 3.118635323736002320e-09 1.589112826214342006e-04 -1.007719624696809646e+00 4.710819165830729812e-10 -7.441487490979246498e-07 0.000000000000000000e+00 inf 0.000000000000000000e+00 -9.000000000000000000e+01
5.213378954512771325e-05 0.000000000000000000e+00 1.547305945358642409e+00 8.540179274135771362e-10 -7.756165589043956254e-02 4.270800039536862269e-02 9.308246789154405476e-10 5.705644397281285538e-10 inf 0.000000000000000000e+00 -9.000000000000000000e+01
7.278824397206483665e-01 9.943300127144875326e-04 1.325335078104070696e+00 2.760601145836968192e-06 6.407463597032570894e-08 0.000000000000000000e+00 0.000000000000000000e+00 0.000000000000000000e+00 inf 0.000000000000000000e+00 -9.000000000000000000e+01
1.079412425232887863e-10 4.657183357454329000e-14 1.105001943934529685e-12 3.097097926355870414e-16 -1.009138249121554143e+00 6.336183150195105388e-16 3.102505645693616130e-19 9.569943850378712748e-15 inf 0.000000000000000000e+00 -9.000000000000000000e+01
6.874908396515688747e-01 2.958796275668905398e-06 8.894320925647134131e-05 4.650390914081633235e-05 -3.202414594958162830e-01 -2.615097718394234616e-08 2.283353893546508916e-05 9.793316804153403415e-04 inf 0.000000000000000000e+00 -9.000000000000000000e+01
5.344074072096161032e-01 9.746754312986770016e-03 8.937929712509304610e-06 2.236523526258037631e+00 -2.210849149043340733e-01 -5.477383874143283683e-07 8.357544666242466627e-06 0.000000000000000000e+00 inf 0.000000000000000000e+00 -2.000000000000000000e+01
1.283012373188069932e-07 2.134466039031061922e-07 2.332749769432854519e-07 6.342163435645572991e-08 0.000000000000000000e+00 0.000000000000000000e+00 3.892776177741075932e-08 4.152294589590481170e-07 inf 0.000000000000000000e+00 -9.000000000000000000e+01
1.525271221837303133e-02 2.345874385129819058e-03 7.101025165798370564e-02 3.292556974835489481e+00 -2.374350945233479671e+00 0.000000000000000000e+00 8.642637440649865539e+02 1.449188809346606266e-02 inf 0.000000000000000000e+00 -2.000000000000000000e+01
3.326335876329024904e+04 2.516793891969430842e+04 2.490257032716855111e-04 8.720610683002359001e+05 3.395465183167382812e+11 8.336687812164818865e-04 1.744896826731309336e-06 3.220015808251626335e-03 inf 0.000000000000000000e+00 -2.000000000000000000e+01
3.992863428063682663e-01 4.925669129206765029e-01 8.713770330190259150e-01 9.303839256708885120e-06 2.424004878639099015e-09 -6.421037719854012652e-04 2.686746666183896445e-09 -1.271331230055471530e-08 inf 0.000000000000000000e+00 -8.000000000000000000e+01
1.124313388901276717e-01 4.080265281195247554e-04 1.157738922084828204e+00 1.781428984441549845e-01 -7.050698405905387635e-03 -3.183022364524560333e-01 1.133809510843494820e-07 1.875438296520288463e-03 inf 0.000000000000000000e+00 -9.000000000000000000e+01
9.823556744808152885e-01 1.305137330966744458e-04 7.538353307199746495e-07 -1.285058295105717804e-03 0.000000000000000000e+00 2.056162119557734397e-08 1.667675478457506823e-04 9.695280987583488982e-08 inf 0.000000000000000000e+00 -9.000000000000000000e+01
5.179737798686072647e-01 7.596081258538352952e-07 1.263986330748551046e+00 7.133170785114134259e-06 -3.216975519624212243e-01 -9.925794720359515030e-03 4.427163923687997048e-07 0.000000000000000000e+00 inf 0.000000000000000000e+00 -9.000000000000000000e+01
1.010392018223292554e-02 1.553987723989505663e-03 4.703962840184449518e-02 2.181102769979402112e+00 -8.693691322593953830e-01 1.635924576714338542e-05 2.288800278578217853e-08 2.447980661728642142e-03 inf 0.000000000000000000e+00 -2.000000000000000000e+01
2.509032365392873179e-02 6.081383721200853324e+04 3.278245912209834787e+05 0.000000000000000000e+00 -2.435856974510534734e+00 -3.781377969954449014e+01 1.415746130295558572e+08 -8.938073818590581976e-04 inf 0.000000000000000000e+00 -2.000000000000000000e+01
8.929118109894620403e-01 6.729129524462311038e-06 1.400289398089380466e+00 3.954230751488161641e-06 4.488209074939877068e-10 2.181070435557681001e-05 8.779953148863517359e-08 9.747469056829972667e-01 inf 0.000000000000000000e+00 -1.000000000000000000e+01
9.705987589984232500e+01 2.005740456891998649e+06 3.866740217300170457e+01 1.059297709330428857e+06 3.442531036850715942e+11 8.446569656417416208e-03 1.189399310894615203e-01 1.750465566805057063e-02 inf 0.000000000000000000e+00 -2.000000000000000000e+01
5.122742450150608029e-01 2.544967094318780477e-06 1.401804716979197396e+00 0.000000000000000000e+00 7.949992447014857819e-05 2.420227728739725947e-08 2.189448067564055261e-09 2.056305955347322157e-09 inf 0.000000000000000000e+00 -9.000000000000000000e+01
5.320591185738469120e-01 5.670630079537052753e-02 1.340415603986042425e+00 0.000000000000000000e+00 -1.740331109050066178e-07 -2.839721860802921156e-07 4.014779182514474848e-07 4.503134563258942706e-10 inf 0.000000000000000000e+00 -9.000000000000000000e+01
9.353573563119608636e+00 2.655334064748254039e-05 5.749683361534885934e-02 1.178260235664291833e-01 -4.689188574628671121e-07 1.480227729779096704e-07 3.308903228064586103e-08 2.116688742869801044e+09 inf 0.000000000000000000e+00 -2.000000000000000000e+01
9.497608302826879845e-01 1.959508755259727042e-04 9.274659751117327877e-01 4.456521648246948420e-06 8.305480767397253314e-10 2.019892922631011887e-07 6.748203123510267865e-10 1.129545384366026351e-09 inf 0.000000000000000000e+00 -9.000000000000000000e+01
1.428862034816550698e-02 8.278327662032396173e-03 1.026966237087197031e+00 3.495354195645568271e-07 -9.217294142054701656e-01 -8.357703348994106782e-07 -4.917369618912729929e-10 -1.740894034235194641e-04 inf 0.000000000000000000e+00 -9.000000000000000000e+01
1.422629819600457202e-01 4.728364965287916432e-09 2.958303179698906164e-03 -9.457738648435095100e-06 -8.652127824781963294e-01 -8.674973589648230469e-08 -1.652683340613914141e-04 0.000000000000000000e+00 inf 0.000000000000000000e+00 -9.000000000000000000e+01
4.384263668481257481e-01 4.354970147311003625e-01 9.256752689800070710e-01 1.617246481274405706e-02 0.000000000000000000e+00 0.000000000000000000e+00 4.186746952739055874e-06 1.568614659019102332e-04 inf 0.000000000000000000e+00 -9.000000000000000000e+01
5.461884318409181427e-01 1.570671267007973747e-05 5.944759240789907091e-03 0.000000000000000000e+00 -4.609923730281253462e-01 6.304124307885027501e-10 5.219988833806262327e-07 -9.822260438878520943e-08 inf 0.000000000000000000e+00 -9.000000000000000000e+01
8.145386750400546161e-02 8.962317180425505519e-07 1.383053423741480437e+00 1.793168020769096784e-07 -3.812262642364337428e-01 -3.866408453426490814e-08 -4.183514963641096762e-02 8.049175429967057164e-06 inf 0.000000000000000000e+00 -9.000000000000000000e+01
7.796347225221755828e-01 1.035640773967244154e-05 1.208923780653727914e-08 4.778725520028055951e-01 -2.270636660137554663e-01 4.142775394679238279e-09 -4.676386095394949793e-04 -3.128927423827893711e-02 inf 0.000000000000000000e+00 -9.000000000000000000e+01
1.588121428801009408e-09 2.642056558823497555e-09 2.916368441980035478e-09 2.255557401413800012e+00 1.933742851604219773e-05 1.528070803836484163e-04 1.892347744689144573e-06 1.847995844422992747e-09 inf 0.000000000000000000e+00 -2.000000000000000000e+01
8.375252385296864943e-02 1.561125707794005451e-06 1.511940605532308801e+00 8.354025174091579561e-09 0.000000000000000000e+00 0.000000000000000000e+00 5.639694695053113390e-10 0.000000000000000000e+00 inf 0.000000000000000000e+00 -9.000000000000000000e+01
-8.243191572204369710e-02 5.048577402463628738e-01 2.608834255818525683e-01 -9.243530212924951563e-08 -6.371111434927186068e-02 2.870605663865907152e-09 -7.729879276499335150e-01 0.000000000000000000e+00 inf 0.000000000000000000e+00 -1.000000000000000000e+01
6.246677851336098763e-01 4.466621893699426749e-01 0.000000000000000000e+00 1.377895167207646043e+00 -1.553428463030151196e-01 -1.404837336485276097e-08 4.681767784396953706e-10 -3.576593914881091019e-01 inf 0.000000000000000000e+00 -8.000000000000000000e+01
6.132410645047904341e-01 -4.874947726227805977e-02 -8.367269443492843239e-03 -4.751213706290261657e-02 -1.099431691833516744e-01 -5.305753209305926754e-01 -3.197822207864962074e-01 -9.262962486077074009e-02 inf 0.000000000000000000e+00 -8.000000000000000000e+01
7.891638814699482030e-01 5.971023103170211010e-01 7.503384416837372408e-08 5.559486469669280530e-05 -9.507998571927087431e-04 0.000000000000000000e+00 7.226078914664586517e-01 1.114218582647705558e-05 inf 0.000000000000000000e+00 -1.000000000000000000e+01
5.719993929708002030e-03 1.162338377373816067e+00 1.039837028778046180e-01 0.000000000000000000e+00 -1.327060848477975294e-03 1.008221933020247114e-09 0.000000000000000000e+00 1.651870815060372600e-04 inf 0.000000000000000000e+00 -9.000000000000000000e+01
5.902862716501814377e-01 1.829456656849949515e-04 1.364374256628563264e+00 4.097982911343887175e-02 0.000000000000000000e+00 0.000000000000000000e+00 0.000000000000000000e+00 2.218054393070582872e-06 inf 0.000000000000000000e+00 -9.000000000000000000e+01
3.034154521410656447e+00 1.560422325296909030e+01 4.204315677102498229e-04 1.756604055738633731e+06 -7.966119978993228656e+00 2.190820278000349310e-03 7.750701533242608257e-08 1.288064933112023544e+10 inf 0.000000000000000000e+00 -2.000000000000000000e+01
8.024341350921416760e-01 2.319173800844339869e-02 4.093341758490259830e-01 4.783295964241451349e-03 -1.756774154139587596e-01 5.874925049298074480e-08 3.431199519803882023e-04 0.000000000000000000e+00 inf 0.000000000000000000e+00 -8.000000000000000000e+01
9.706395650881711361e-06 1.056270585840700216e+00 7.938872986060658963e-06 1.166577831364861213e-09 -2.277460742704855712e-01 -4.018687463555173367e-03 7.679665974502222117e-10 9.343593602311036237e-10 inf 0.000000000000000000e+00 -9.000000000000000000e+01
4.228622483605241622e-01 1.053702094584115836e-09 9.390653274628363301e-01 1.103118908766584694e+00 -3.190360425744705056e-04 0.000000000000000000e+00 7.881691667489186411e-09 -1.113518655089466864e-05 inf 0.000000000000000000e+00 -9.000000000000000000e+01
-2.966340633441010141e+04 0.000000000000000000e+00 5.931279783051425625e+01 -1.863545306968911533e-02 -1.008880659300677607e+00 0.000000000000000000e+00 3.169852857092835036e-07 1.249294949560117415e-07 inf 0.000000000000000000e+00 -2.000000000000000000e+01
3.220015809736179267e-03 1.274987713981220875e-04 2.611174838233540352e-01 1.351451145783635621e-01 1.866199815546283297e-07 -2.216746788898497217e-03 1.040406397167052940e-06 2.985919704874053381e-07 inf 0.000000000000000000e+00 -9.000000000000000000e+01
5.501477269762564681e-01 9.024331597975736655e-03 1.774514356858311549e-05 1.150219891809788932e-02 -1.190355224204853846e+00 4.103593009758838228e+00 4.813678268387347097e-10 1.152765059229963818e+01 inf 0.000000000000000000e+00 -3.000000000000000000e+01
3.819499994091078432e-01 6.955202035275825923e-01 -3.821942129637172225e-02 1.291279169997223628e-02 4.615636182117735520e-02 4.139419750629397959e-02 -6.740294107219549913e-01 -1.592272376053313898e-01 inf 0.000000000000000000e+00 -9.000000000000000000e+01
6.758222996055784915e-01 2.549332603943172766e-07 1.528600855932394920e+00 1.593332877464482979e-08 0.000000000000000000e+00 -9.123020112815229240e-05 5.680456121242214070e-09 6.626447060199543992e-01 inf 0.000000000000000000e+00 -1.000000000000000000e+01
6.531004002428248967e-01 6.544278400807167495e-01 -1.851156336435217211e-03 5.104291368847106399e-05 5.798128284246760676e-10 9.266719449395044174e-07 1.740674759961500755e-07 3.243984779928251588e-09 inf 0.000000000000000000e+00 -9.000000000000000000e+01
1.023271860027171076e+00 3.400090215706988032e-05 0.000000000000000000e+00 2.046734080740218134e-10 3.838967108798244598e-04 3.691581637887598327e-02 4.728627239264483657e-07 4.415426331484515156e-11 inf 0.000000000000000000e+00 -9.000000000000000000e+01
7.819838547350093094e-01 2.032190326836491046e-07 6.685961957984329906e-01 2.981313446177222826e-01 -1.871873852271928595e-01 4.092719454560976811e-05 1.573083108503017651e-09 1.980919469966763197e-09 inf 0.000000000000000000e+00 -9.000000000000000000e+01
5.337338977539936025e-01 1.505607562320966930e-01 1.015687641248271267e-01 5.596239748838514189e-02 -4.078682920149920843e-01 2.602020092590428609e-08 3.637130275409248763e-08 4.672240458228069247e-08 inf 0.000000000000000000e+00 -9.000000000000000000e+01
3.224882217646686033e+00 0.000000000000000000e+00 8.709688372789300415e-01 1.784546221993088366e+01 9.286078088150665862e+05 8.328508965586892132e-02 0.000000000000000000e+00 0.000000000000000000e+00 inf 0.000000000000000000e+00 -2.000000000000000000e+01
6.080795287846636477e-01 1.084586294031125303e-01 8.747810764972354658e-01 1.239050940414656438e-02 -2.862596612114937100e-01 1.669148356307747219e-08 7.482023743195362694e-08 3.243479759941953616e-03 inf 0.000000000000000000e+00 -9.000000000000000000e+01
6.277251367084276668e-01 4.429071086531588541e-02 2.194030584531852027e-02 6.153323187777760223e-07 -3.619808715165322988e-01 1.507042712938790350e-07 0.000000000000000000e+00 3.171433617516446202e-02 inf 0.000000000000000000e+00 -9.000000000000000000e+01
4.233936784143926824e-02 2.245658709920291346e-09 1.500163572445662563e+00 -5.599227993523670909e-04 -4.712555724960196257e-02 1.887231098239202390e-09 1.287413462364727381e-08 1.995490866665327375e-08 inf 0.000000000000000000e+00 -9.000000000000000000e+01
8.417472825578700829e-06 1.180558958873342601e-09 1.529745901751603965e+00 7.979704073866112103e-10 -2.710913164820267999e-08 -5.634035446198510021e-07 8.924909130666778160e-06 5.188629498258147412e-09 inf 0.000000000000000000e+00 -9.000000000000000000e+01
2.921966887040512995e-01 6.562830389146548371e-02 1.050052862263447739e+00 1.605922277202821713e-02 -6.048007651906077697e-01 3.162575258881654987e-08 1.866029982294682493e-09 0.000000000000000000e+00 inf 0.000000000000000000e+00 -9.000000000000000000e+01
9.213592208953578007e-09 -6.493833091070065141e-06 1.369682261238885035e+00 1.608153726365297784e-02 -5.967901281112284462e-01 -5.433920103791963131e-05 1.436853873598836331e-07 -1.173566729146776871e-09 inf 0.000000000000000000e+00 -9.000000000000000000e+01
2.218525182978185462e-01 9.669538332532371383e-01 8.574864107344497331e-09 1.272700160991407259e+00 1.896471025036882250e-08 0.000000000000000000e+00 0.000000000000000000e+00 0.000000000000000000e+00 inf 0.000000000000000000e+00 -9.000000000000000000e+01
4.385718862519011330e-03 0.000000000000000000e+00 4.362242068839438723e-07 4.242688643156005406e-08 4.592601108570933558e-08 -4.729696812520502191e-04 1.474683921755725748e+02 9.264472786706826057e-02 inf 0.000000000000000000e+00 -3.000000000000000000e+01
1.972296241861758864e-02 2.261956911046076549e-03 1.537219407518392700e+00 1.780829364739131746e-09 2.036896332217961297e-11 1.903949342391301775e-03 1.265231293768578815e-03 3.724610436055700421e-09 inf 0.000000000000000000e+00 -9.000000000000000000e+01
6.848971790802228787e-02 3.203996113003652613e-01 3.437359948250304775e-01 1.316143489436730554e-02 -3.702176265575391478e-01 -3.813418914025693551e-01 -9.309711267212812669e-02 -1.089840652802769733e-01 inf 0.000000000000000000e+00 -9.000000000000000000e+01
3.134768242204930111e+00 1.818945468209019756e-02 1.217385725128128149e+00 1.350537288814017134e-01 5.896712106089371241e-01 3.031575780348366375e-02 1.188168467725053233e+03 2.876073775615203054e+00 inf 0.000000000000000000e+00 -2.000000000000000000e+01
9.950479911516825204e-01 3.541983900488375661e-06 2.752260401057844974e-01 4.839139166695112515e-02 2.815127269443529572e-05 0.000000000000000000e+00 0.000000000000000000e+00 -1.014029898221045994e-10 inf 0.000000000000000000e+00 -9.000000000000000000e+01
2.270254470009843220e-02 2.217045380868987520e-05 -3.621618320610691793e+06 3.994833980153767638e-08 -1.460301355664968468e-06 0.000000000000000000e+00 5.341996972001243105e-07 2.221027403387407340e+00 inf 0.000000000000000000e+00 -2.000000000000000000e+01
5.702914629377319189e-01 7.036929747360318732e-01 1.243969097519146416e+00 7.854014007124905383e-01 3.168115905352539282e-09 1.547014602153135661e-04 8.223603937761406082e-05 1.293994664443508746e+01 inf 0.000000000000000000e+00 -3.000000000000000000e+01
6.858728574351180551e-01 1.168751954373743879e-01 1.061103748049846418e+00 2.864211203975128642e-02 6.944270452590706882e-03 -1.080326642036256585e-01 1.770220470965138145e-09 0.000000000000000000e+00 inf 0.000000000000000000e+00 -9.000000000000000000e+01
5.571298409710160326e-01 3.486945943967014339e-04 5.576399933737132214e-04 3.383070231332728772e-01 -4.487604454704194334e-01 -3.820715867008214923e-03 8.954024382510255895e-10 1.330164315783315407e-09 inf 0.000000000000000000e+00 -9.000000000000000000e+01
3.501229773071827811e-01 4.197881124147904075e-04 6.530435113386590107e-02 3.139191615908641653e-02 -6.544183397835825478e-01 2.982840263558335791e-08 1.813741698720453514e-07 -9.116510420902881282e-10 inf 0.000000000000000000e+00 -9.000000000000000000e+01
1.005673318116959480e+00 1.107892234282632283e-09 4.756893491579489847e-02 -6.799055993105904139e-02 2.157474350971441797e-08 9.672948787404068820e-05 0.000000000000000000e+00 1.512418675089777661e-09 inf 0.000000000000000000e+00 -1.000000000000000000e+01
7.989236413154833238e-01 -9.512901665800259379e-06 1.826477119833649909e-03 7.397547229987904370e-09 -3.902257091974470349e-01 2.950417092890524640e-09 2.270874963624194046e-09 3.534844578083951205e+02 inf 0.000000000000000000e+00 -3.000000000000000000e+01
2.419380127736554520e-08 4.822116695507344045e-11 1.948999729139559795e-15 2.277499015500080048e+00 -8.248796833429045855e-15 4.038321138980063640e-10 0.000000000000000000e+00 6.321329613923287873e-17 inf 0.000000000000000000e+00 -2.000000000000000000e+01
8.888908798691673718e-01 2.228284672569223052e-03 1.877470456546091793e+00 8.562126336664621567e-10 -1.215821345615440176e-02 7.504755313160858371e-10 0.000000000000000000e+00 8.019401832090681026e+00 inf 0.000000000000000000e+00 -3.000000000000000000e+01
6.006473703176335999e-01 8.093001723628566739e-05 1.368456037091589694e+00 2.399402083668613142e-02 -1.648214159793478190e-06 -1.294253414001763981e-06 1.678189366080705821e-09 -1.719141408473115599e-07 inf 0.000000000000000000e+00 -9.000000000000000000e+01
9.991162021546641236e-01 -2.400380675496365097e-08 1.109384147971340545e-07 3.607610252762132453e-09 -8.396089538644581005e-03 7.698337592095134128e-05 6.059377376736865774e-07 1.926487357878009163e-02 inf 0.000000000000000000e+00 -9.000000000000000000e+01
3.925251318403025214e-02 -8.699119912978678063e-09 1.361604793375575245e-02 2.219415813202187504e+00 -3.123180994805225819e-01 0.000000000000000000e+00 0.000000000000000000e+00 2.441231738611299186e-06 inf 0.000000000000000000e+00 -2.000000000000000000e+01
9.789879293846067698e-01 6.992770924175763236e-02 3.508696678503683830e-02 3.713056746957310204e-09 1.265080994417866190e-08 6.194080759200582204e-04 0.000000000000000000e+00 0.000000000000000000e+00 inf 0.000000000000000000e+00 -9.000000000000000000e+01
7.382658020746426519e-01 1.459930389023268160e-01 1.128882628569162661e+00 1.599087633461940966e-02 -9.094047991825542770e-03 3.364332403448708834e-08 6.984773155948875999e-10 0.000000000000000000e+00 inf 0.000000000000000000e+00 -9.000000000000000000e+01
1.766487270401339682e+00 1.597301134260470620e-05 -7.258136354079577912e-02 2.567949087527873431e+00 1.687976725050168980e+01 2.028189088238575355e+00 0.000000000000000000e+00 0.000000000000000000e+00 inf 0.000000000000000000e+00 -2.000000000000000000e+01
2.147684540488206950e-01 9.021471551688623469e-01 4.091967202490065514e-01 5.404405244674255621e-10 2.250906926647834240e-09 1.101253851524490170e-04 6.931901885787547122e-08 2.853608706999650746e-01 inf 0.000000000000000000e+00 -1.000000000000000000e+01
9.643330515991063168e-01 1.051377312848924134e-01 2.250461294876705655e-05 0.000000000000000000e+00 0.000000000000000000e+00 -5.287449858222787596e-03 3.935024099688923856e-04 0.000000000000000000e+00 inf 0.000000000000000000e+00 -9.000000000000000000e+01
7.857391766796940624e-01 5.946844838293323261e-07 1.873532293327333253e-05 2.790460281126414342e-09 -2.220147550814860482e-01 4.656760391828230284e-10 4.286146991810172852e-06 5.016355788880602840e-10 inf 0.000000000000000000e+00 -8.000000000000000000e+01
2.520355763275303688e-06 2.440011427268354608e-04 1.319348670496272373e-08 2.069915734273288736e-03 -9.994286806091180475e-01 2.228899647883854194e-08 0.000000000000000000e+00 8.515476122010365257e-04 inf 0.000000000000000000e+00 -9.000000000000000000e+01
4.120822346161743255e-01 1.324929349700199599e-01 2.244512400453711024e-06 1.050140097829606231e-04 -5.459027541049319421e-01 5.210769236045374730e-03 -4.142624421415016938e-07 1.147387952905672155e-09 inf 0.000000000000000000e+00 -9.000000000000000000e+01
