3.963158094679884447e-01 3.302631745566570604e-02 4.886820956854600467e-02 4.951262551890045494e-01 -4.135002348107738590e-01 -4.231664740660906476e-01 2.486371541784263561e-01 0.000000000000000000e+00 4.089075194970284599e+01 1.000000000000000000e+00 0.000000000000000000e+00
5.125295982970454745e-01 8.346993552326316661e-04 6.000157683991091083e-03 1.422618031526920110e-02 -4.939484648240408116e-01 4.838836841928299435e-04 0.000000000000000000e+00 0.000000000000000000e+00 1.558393515019695405e+04 1.000000000000000000e+00 0.000000000000000000e+00
6.051487811823597074e-01 2.499803396707281269e-03 1.042214104971615762e-02 6.325031252998030839e-05 -4.011769076528422517e-01 1.386464265512632635e-09 5.869965591650885771e-10 0.000000000000000000e+00 3.658666425488198729e+04 1.000000000000000000e+00 0.000000000000000000e+00
3.212942285919929142e-01 3.646532871880569167e-07 1.065670113566830501e+00 1.624901800548633288e-08 -4.514051145507338436e-01 0.000000000000000000e+00 -2.434047186302976395e-01 1.787128197843667173e-09 9.597069062612668495e+04 1.000000000000000000e+00 0.000000000000000000e+00
7.732944873771538941e-01 3.503990645927728687e-01 1.469677774236928698e-02 -8.622738917521506407e-06 -7.667884039497019355e-02 1.326112849751818481e-09 1.095570035162066391e-06 -1.872042001830326949e-06 1.094056465942604118e+05 1.000000000000000000e+00 0.000000000000000000e+00
1.732932961621049817e+00 1.079997394172662814e-02 4.986502254237208942e-01 3.510594208178437886e-05 -5.470341086826562282e+00 -8.080694788541887413e-03 2.426698601982844411e+05 4.418613704443762799e+03 inf 0.000000000000000000e+00 -3.000000000000000000e+01
1.003670935743489201e+00 4.251791305477994774e-09 9.949107156060772728e-02 -2.117470353214443879e+00 1.055954748564436239e-09 -8.388692944084260097e-03 1.878806903626789415e-09 0.000000000000000000e+00 inf 0.000000000000000000e+00 -2.000000000000000000e+01
8.165305711773022113e-01 2.749302704746349261e-07 3.499416733617009140e-02 1.970598470454030398e-06 -1.883019480470105034e-01 -6.483294394870798942e-03 1.142387717168499199e-03 -6.915514021195519334e-02 inf 0.000000000000000000e+00 -9.000000000000000000e+01
1.947547454230867114e-01 0.000000000000000000e+00 1.383712037411581219e+00 2.054851956393882230e-04 -3.854237269561786028e-01 1.439726370741991907e-04 0.000000000000000000e+00 3.285125045443139845e-10 inf 0.000000000000000000e+00 -9.000000000000000000e+01
1.082007460134887245e+00 8.337032672317952475e-02 -3.089090000690441595e+00 2.024626768183491431e-08 5.206183118186121200e-08 3.760779299021135337e-04 2.418475136462347176e-08 6.301573892461687957e-08 inf 0.000000000000000000e+00 -2.000000000000000000e+01
9.877751018024368834e-01 2.103957344806978402e-06 3.891526422470690250e-01 2.455838712579573916e-06 1.399593249502410045e-09 5.569736818991688071e-09 1.176946957637832254e-08 3.104161805546010256e-08 inf 0.000000000000000000e+00 -9.000000000000000000e+01
8.259946862763268838e-01 1.927179711324196712e-07 1.586187674926873556e-07 1.415811387078070599e-09 -1.819920198848132831e-01 1.195387812988368458e-07 9.072686990886078414e-07 4.669483644485814287e-10 inf 0.000000000000000000e+00 -9.000000000000000000e+01
4.000405037505450068e-01 5.778362831952316148e-01 7.238828163105099911e-01 8.413550277293208035e-02 -4.107558743867202947e-03 1.085765962689997617e-09 0.000000000000000000e+00 1.744038189481658814e-07 inf 0.000000000000000000e+00 -9.000000000000000000e+01
1.229426965796417415e+00 -7.378344451171053399e-09 1.137344803204903859e-07 1.109001162935161475e-09 -3.695527028818307858e-01 2.708896179380186318e-06 8.007458304534937099e+01 2.660688884106318566e-03 inf 0.000000000000000000e+00 -3.000000000000000000e+01
5.121293392203186690e-01 1.854554750000489693e-01 1.204609874312244644e+00 2.190586459289569146e-02 -1.992763775068118092e-08 8.930826925577543753e-05 5.086491506018335914e-10 4.595272700141175459e-10 inf 0.000000000000000000e+00 -9.000000000000000000e+01
9.573459118882104645e-09 1.064832749443659162e-04 6.138845311078365086e-04 1.341915530116741605e-11 -1.548233013476812427e-04 -3.781846471238392827e-06 -1.539698125458414335e+00 0.000000000000000000e+00 inf 0.000000000000000000e+00 -9.000000000000000000e+01
1.347181389477724867e-01 9.529480758902510174e-03 1.034851711852937477e-09 2.272454808917464320e+00 1.373318249188296795e-09 1.473496563399624387e-10 1.649538067013704982e-08 3.239044401784500586e-03 inf 0.000000000000000000e+00 -2.000000000000000000e+01
1.930018724040734324e-01 1.420781764365327701e-05 1.193216887676265157e-03 1.053783943111150805e-09 -8.132597982217445454e-01 5.186958742202664653e-08 7.306235338903979024e-08 2.188123814317909560e-05 inf 0.000000000000000000e+00 -9.000000000000000000e+01
1.506776300095421028e+01 1.287452290076336794e+03 3.302188320014315392e-01 -1.291522542938932316e+00 6.373740458015272161e+05 3.415145662449700769e-06 1.128467700963143999e-07 1.309255808094190222e-07 inf 0.000000000000000000e+00 -2.000000000000000000e+01
3.197256463274986832e-03 1.100403022571716072e+00 8.187748514176592806e-06 1.205895578233273423e-09 -1.710873957355318331e-01 -3.156436383726048860e-05 1.854109717884192053e-09 -7.556461237431382491e-04 inf 0.000000000000000000e+00 -9.000000000000000000e+01
3.942998959857563768e-01 4.219813302921856847e-10 8.992804645289180776e-01 1.051466389295350412e+00 -4.963336409996143561e-01 0.000000000000000000e+00 1.431566831168946484e-06 2.803759922796323827e-08 inf 0.000000000000000000e+00 -9.000000000000000000e+01
2.079464702537676679e+00 -3.951779664592673047e+00 2.225241352841293707e-03 3.977186580214244804e-09 3.806701806208643591e-06 4.031452641701395834e+00 0.000000000000000000e+00 0.000000000000000000e+00 inf 0.000000000000000000e+00 -2.000000000000000000e+01
3.814923127661339897e-01 6.005194450167220532e-01 4.774412585680018162e-06 5.895388136802531930e-10 -5.171056092798051191e-04 -3.321510357206718944e-01 9.325024581406287128e-10 2.736105674101241174e-06 inf 0.000000000000000000e+00 -9.000000000000000000e+01
6.220049193670559307e-01 -1.759989315871565623e-05 5.510480474975132381e-01 9.435754237971116256e-05 -3.562940800257893281e-01 0.000000000000000000e+00 3.172019356617754444e-09 0.000000000000000000e+00 inf 0.000000000000000000e+00 -9.000000000000000000e+01
3.340086439012224795e-01 5.705190259818466308e-02 1.138665831481440405e+00 2.830621974368051842e-06 -5.522529282684985885e-01 7.239442389688112450e-09 5.567442267460340181e-10 -6.239070223534921391e-10 inf 0.000000000000000000e+00 -9.000000000000000000e+01
7.446545759160122513e-02 8.955451084042569398e-01 6.905935595072292442e-09 1.532420732542951747e+00 -2.184973295121983572e-01 1.624281892075671445e-09 0.000000000000000000e+00 0.000000000000000000e+00 inf 0.000000000000000000e+00 -9.000000000000000000e+01
1.285928310399861105e-07 6.662333341500232531e-06 2.583520369646886371e-07 6.951221072946797089e-04 1.543123303478911032e-03 -5.216998908355947352e-03 -1.268896437783277875e-01 -8.629307947086015855e-05 inf 0.000000000000000000e+00 -1.000000000000000000e+01
4.067707368223574295e-03 1.091720171084520796e+00 9.772885646101666019e-05 2.631161520104294645e-05 -1.791540793574598056e-01 2.419328457380800754e-09 0.000000000000000000e+00 0.000000000000000000e+00 inf 0.000000000000000000e+00 -9.000000000000000000e+01
4.577002293135429833e-01 2.509794889514121302e-02 3.742343690261731263e-05 -3.776746546285335793e+00 -5.483766898379240917e-01 1.667533319566608058e-09 3.713076603858122387e-10 1.022555881564473084e-04 inf 0.000000000000000000e+00 -2.000000000000000000e+01
8.891937022900765442e+01 4.753584170159493852e-04 1.728291984732824744e+02 1.705706631409303398e-05 5.197399809160306177e+02 2.446065422232824964e-03 1.538931297709924002e+04 5.143713241599444420e-07 inf 0.000000000000000000e+00 -2.000000000000000000e+01
1.352779123484175981e-04 3.430623967016824521e-03 5.888919274858267711e-04 3.324555482486463471e-08 -1.779719798376638851e-01 -1.071501404383460976e+00 1.152842549807547856e-01 -7.852784265002076269e-01 inf 0.000000000000000000e+00 -9.000000000000000000e+01
8.849598514262612126e-01 1.874751228535053895e-09 1.291357723111282496e+00 -7.596221900654602337e-03 -1.718645205023103806e-01 0.000000000000000000e+00 2.582715446222564992e+00 -6.589722498817867091e-01 inf 0.000000000000000000e+00 -3.000000000000000000e+01
9.267623925439598676e-01 3.888129737168277675e-07 1.143824867376048271e+00 2.017265391102560090e-02 -8.055268784179649318e-08 5.445181692099092534e-08 4.552886293432544044e-10 3.811064665699520038e-09 inf 0.000000000000000000e+00 -9.000000000000000000e+01
8.376581318622537964e-01 2.448891259815878518e-01 5.871351624341513180e-07 2.100808899044128662e-08 -2.174132586267259780e-09 0.000000000000000000e+00 -6.225218903457185871e-01 4.474450122639442788e-08 inf 0.000000000000000000e+00 -9.000000000000000000e+01
2.403597707662294136e-01 4.054420309078704543e-01 -1.145258179732634935e-03 3.119474349356205867e-05 -5.797688976174434350e-01 1.254557857993795680e-09 2.558314063359897137e-09 8.093128142744290110e-10 inf 0.000000000000000000e+00 -9.000000000000000000e+01
4.334271435171184739e-01 2.191469086708915364e-03 1.441004529095874398e+00 8.440173739816082528e-10 2.285661956869448727e-09 1.923215680108426168e-02 0.000000000000000000e+00 0.000000000000000000e+00 inf 0.000000000000000000e+00 -9.000000000000000000e+01
7.293916257966251981e-01 1.406785606394858092e-02 4.442949478424267074e-02 4.252411031617665564e-07 -2.713849701450333773e-01 5.964787665563641648e-05 1.608027833691284725e-09 2.887020269069501207e-09 inf 0.000000000000000000e+00 -9.000000000000000000e+01
1.003727611992539570e+00 1.459272554133312733e-06 7.432918550961607718e-05 2.649700514176109856e-01 8.409225440963183455e-08 3.770010561871017015e-04 0.000000000000000000e+00 2.451383349161375860e-09 inf 0.000000000000000000e+00 -9.000000000000000000e+01
7.237191741490217286e-06 7.067488910349561948e-01 6.691808436709718588e-01 -2.284014720396046029e-06 -2.089722634621631325e-01 -1.915089914453110137e-02 3.582768188856543021e-08 0.000000000000000000e+00 inf 0.000000000000000000e+00 -9.000000000000000000e+01
1.002255318061419542e+00 1.187744504353825496e-02 2.964349637097227205e-06 0.000000000000000000e+00 -8.325124082942580744e-10 6.074817815674465746e-08 9.775713885273485951e-10 4.679728840563177785e-09 inf 0.000000000000000000e+00 -9.000000000000000000e+01
5.063861578953801623e-02 3.594133424368077812e-01 5.624071862091857554e-02 2.144177397422520670e+00 5.565189154327473779e-10 9.688342543681675856e-02 1.487542324544943521e-07 7.106681077262603020e-07 inf 0.000000000000000000e+00 -2.000000000000000000e+01
-1.251100356342228672e-04 2.484378504445990205e-07 2.711821606965693735e-07 4.242688643156004083e-08 0.000000000000000000e+00 0.000000000000000000e+00 0.000000000000000000e+00 3.746979317151522590e-08 inf 0.000000000000000000e+00 -1.000000000000000000e+01
1.007741338861596114e+00 2.139006313475497728e-06 6.047507469534363940e-09 1.002191769250757596e-05 5.094367705314273904e-10 1.840545751597415121e-09 4.195275713164902098e-08 4.518538651571177116e-03 inf 0.000000000000000000e+00 -9.000000000000000000e+01
1.007318032483463410e+00 2.591743177677272794e-09 6.124258465974364066e-05 8.720944055547494300e-02 -2.449703386389745626e-04 1.722961661779820914e-09 4.745445254902049039e-10 1.316715570184488369e-03 inf 0.000000000000000000e+00 -9.000000000000000000e+01
6.152343749999863576e+01 1.557110471096395697e-07 6.712003518606722174e+00 -8.786266996660110351e+00 7.304793893129609525e+07 1.086874772574131394e-04 4.721493320610582600e+02 -5.119125715648741703e+01 inf 0.000000000000000000e+00 -2.000000000000000000e+01
2.678751468786003988e-03 3.232047705984019112e-07 4.136924007446907137e-02 2.218285738047206301e+00 -2.981566852213987304e-02 -6.687779652030275535e-06 1.354904728414949976e-03 -2.174059163072699155e-02 inf 0.000000000000000000e+00 -2.000000000000000000e+01
3.027722580742290680e-04 0.000000000000000000e+00 1.223032711116412482e-03 2.869282216402411238e-07 -4.493809155835450802e-05 0.000000000000000000e+00 2.847373030567897870e-03 8.827125127533921219e-06 inf 0.000000000000000000e+00 -9.000000000000000000e+01
3.425679000478359382e-01 6.711537831423361959e-10 1.749394001768674392e-02 2.627354797432430999e-03 -6.642475135073891979e-01 1.274919835710612806e-07 6.303009441684548478e-09 0.000000000000000000e+00 inf 0.000000000000000000e+00 -9.000000000000000000e+01
1.005416386093601400e+00 5.603817339844196843e-05 4.400180516849492765e-05 3.078153186674981574e-05 8.020841245702255090e-09 -2.525664153169215539e-03 4.010754675232714589e-02 3.916752612531947841e-05 inf 0.000000000000000000e+00 -9.000000000000000000e+01
8.175572519084998930e+03 3.945014312977595949e+01 9.737297232825653737e+01 -2.379532442748391361e+02 9.921241352577585104e+00 5.647902485496894073e+10 3.965674608036351161e-07 1.000283101132933839e-05 inf 0.000000000000000000e+00 -2.000000000000000000e+01
9.799796586796156728e-01 7.164022953920344550e-02 8.357135351802876455e-05 3.709003465112011775e-09 3.287823896775127037e-08 9.509331084422740899e-10 2.382797903912824688e-09 9.321787546696692905e-03 inf 0.000000000000000000e+00 -9.000000000000000000e+01
8.779617058436094412e-01 5.113685995950152836e-03 6.085898752665226544e-04 9.859921501173348271e-03 -1.278727707729810648e-01 7.750908788771750915e-05 1.205472648716671325e-07 1.941363426007423204e-02 inf 0.000000000000000000e+00 -9.000000000000000000e+01
7.887761710475198196e-02 1.356361140690179601e-01 1.819610637972056133e-01 1.585899179883902277e-01 -8.613936598106247677e-01 2.350736174129008709e-09 -2.279730071083109488e-02 -2.751032962637833950e-05 inf 0.000000000000000000e+00 -9.000000000000000000e+01
8.701415152636170670e-10 6.438168282127267721e-10 0.000000000000000000e+00 7.200201306100556343e-07 -1.007447558620754080e+00 0.000000000000000000e+00 2.100644668161661622e-09 0.000000000000000000e+00 inf 0.000000000000000000e+00 -9.000000000000000000e+01
5.479186545801528041e+01 1.017601435421077588e-03 3.459714933206107901e+01 4.013076083350728524e-04 -9.004414110010818378e-07 6.723693435114505005e+10 9.710879726264315392e-01 9.483280982679995500e-04 inf 0.000000000000000000e+00 -2.000000000000000000e+01
7.362676872885585207e-09 1.107521309268806213e-09 3.076101439264909530e-08 3.631421983067297286e-08 -1.009138239882713561e+00 -1.413649558485712328e-10 3.733593189827615054e-18 6.711751181713456267e-18 inf 0.000000000000000000e+00 -9.000000000000000000e+01
9.780713390077168390e-02 6.939883068738171845e-01 7.863890162876115975e-01 2.279172296344346512e-08 -5.851840140733984008e-03 3.339661205440301949e-09 4.742172435356569194e-10 1.843099256924089703e-04 inf 0.000000000000000000e+00 -9.000000000000000000e+01
1.195975890380652551e+00 -2.833703121419322863e-03 1.220598472908660946e-04 1.184698517823112019e-05 7.838156860344832594e-06 0.000000000000000000e+00 8.156163449153302381e+00 6.719555395244332988e-10 inf 0.000000000000000000e+00 -3.000000000000000000e+01
1.033121470983281335e-07 3.647643790094479989e-08 1.292365505437333972e+00 4.229152220399397112e-09 -8.007598033690147554e-01 0.000000000000000000e+00 7.552057536427495730e-10 6.136046748347339376e-10 inf 0.000000000000000000e+00 -9.000000000000000000e+01
4.436973892163447175e-01 2.598530412026716155e-02 5.930289560470273225e-01 1.615789039664364379e+00 1.656903762501740694e-09 1.832999814555065836e-09 3.661997446108920048e-10 -4.077744216274815318e-07 inf 0.000000000000000000e+00 -9.000000000000000000e+01
2.586684889336765894e-02 2.206290052669594368e-02 2.085943518482433252e-09 2.258023750456329637e+00 -2.206290052669594437e-01 4.920105907724869566e-09 0.000000000000000000e+00 4.194560336078806042e-09 inf 0.000000000000000000e+00 -2.000000000000000000e+01
7.514222664574837784e-01 1.118986602154480037e-01 1.169305057497615152e+00 1.024731332594423626e-09 -4.375995544347475856e-08 1.178753807622037580e-05 7.455188231558035580e-09 0.000000000000000000e+00 inf 0.000000000000000000e+00 -9.000000000000000000e+01
1.007361613528132471e+00 -5.418767799089412756e-05 1.845012682851106213e-03 1.793260459879846835e-01 -9.345281110460494337e-10 0.000000000000000000e+00 3.925018066393407737e-07 2.290571762278219639e-02 inf 0.000000000000000000e+00 -9.000000000000000000e+01
4.580962026664858189e-01 8.533616853159608917e-06 1.278851899110606150e+00 0.000000000000000000e+00 -3.492983545331954653e-01 1.696529630363642355e-06 2.090513140955735625e-09 -4.771835444442560498e-02 inf 0.000000000000000000e+00 -9.000000000000000000e+01
4.291389896522705971e-01 1.094821511970943883e-04 1.699384722581329457e-02 9.117784419695231998e-03 -5.665088778742937148e-01 -3.150425122447224335e-02 4.723258352426070583e-08 0.000000000000000000e+00 inf 0.000000000000000000e+00 -9.000000000000000000e+01
2.075376090504459485e-09 1.325584216527008331e-04 1.223018532425963922e+00 4.210926797587615789e-01 -5.483997689881546789e-01 9.909920832158793639e-08 5.997836901557888206e-07 0.000000000000000000e+00 inf 0.000000000000000000e+00 -9.000000000000000000e+01
4.686659086458105361e-01 9.258124533127054393e-04 9.030913856097354531e-01 1.420977914798256636e+00 -2.551982173790543484e-01 -1.136889333187611267e-03 1.909974079755186738e-01 1.467088808635483516e-03 inf 0.000000000000000000e+00 -9.000000000000000000e+01
2.950235977816639561e-04 6.050916737659952499e-02 1.017614026537848826e+00 0.000000000000000000e+00 -9.045458013669768205e-01 2.194561499288167055e-03 1.164914333217565614e-09 -6.694102686507930750e-04 inf 0.000000000000000000e+00 -9.000000000000000000e+01
1.438844794733059318e-01 9.811881371312187738e-01 0.000000000000000000e+00 1.005457808367679950e+00 -9.664529795947958413e-02 0.000000000000000000e+00 2.292579116816962491e-10 0.000000000000000000e+00 inf 0.000000000000000000e+00 -9.000000000000000000e+01
1.622494723202838385e+00 1.946481601524514566e-03 3.028746358296689478e-01 1.430427880969389887e-01 4.902405413650960386e-01 4.083099303424361781e-01 7.380206275818248661e-10 -1.557098435955687595e-08 inf 0.000000000000000000e+00 -9.000000000000000000e+01
1.091952289683545807e+01 5.283284310691096053e+00 1.888856864730376062e-01 0.000000000000000000e+00 -3.130411874499689721e-04 -3.849901700493569489e-06 5.146433017277361269e-09 1.212741656044127083e+10 inf 0.000000000000000000e+00 -2.000000000000000000e+01
5.400818490878438608e-13 3.446357587591135280e-11 1.479268299891336841e-14 2.277498411828802194e+00 -3.717033902545748598e-13 0.000000000000000000e+00 0.000000000000000000e+00 3.266303829961408476e-14 inf 0.000000000000000000e+00 -2.000000000000000000e+01
7.605552309533550881e-01 2.450593586516523216e-09 1.182284908780570909e+00 5.022038363600984276e-09 4.350642860445773116e-09 1.129934783841949437e-03 -1.333675049539058688e-01 5.471873350714976333e-10 inf 0.000000000000000000e+00 -9.000000000000000000e+01
4.947368671232930080e-03 1.449694075756625955e-01 9.314859712163209293e-01 1.056665904107051857e+00 -3.257463309426143553e-09 2.451669753936518513e-10 1.615153176075884981e-07 6.840672949794902040e-10 inf 0.000000000000000000e+00 -9.000000000000000000e+01
8.854745775838822608e-01 4.578879944920455358e-01 6.103189552044028593e-05 -2.887387824091016597e+01 -7.654262775573602087e-03 -1.742594188597082917e-03 1.856862366981929169e-11 3.441633155038506671e-08 inf 0.000000000000000000e+00 -2.000000000000000000e+01
5.588770276717556840e+01 5.281345477995980572e-06 4.127735400017890771e-02 8.023094584923663453e-01 6.822595419847327285e+05 6.270431380235510778e-06 7.258625954198471736e+05 1.962967501341841281e-01 inf 0.000000000000000000e+00 -2.000000000000000000e+01
7.649724925800214237e-01 4.381704014778165512e-01 7.531053775399972061e-02 1.066214643596020251e+00 -1.245258137134450215e-05 -6.894885658630345091e-06 0.000000000000000000e+00 3.852256191848393765e-08 inf 0.000000000000000000e+00 -9.000000000000000000e+01
8.594743995236345802e-01 1.913599985449901584e-06 1.274162436647878538e+00 2.008283318063307970e-08 4.702863324241677613e-03 4.598355250369640101e-03 6.384895784785641404e-10 -3.967530636499462595e-06 inf 0.000000000000000000e+00 -9.000000000000000000e+01
8.769586727288301020e-01 2.702508781057904597e-01 1.546616471087355060e-01 2.102855728232807392e-02 4.902070435018515259e-05 2.617970589080158630e-04 7.099902742864258106e-09 0.000000000000000000e+00 inf 0.000000000000000000e+00 -9.000000000000000000e+01
7.523280457066044193e-06 1.187215011821157962e+00 6.980746163257631198e-02 5.291988834811597956e-10 -2.502794290667515568e-06 0.000000000000000000e+00 4.702050285666277356e-08 7.448792531748558671e-09 inf 0.000000000000000000e+00 -9.000000000000000000e+01
1.582890600348311714e-06 7.728719850442293716e-16 5.057063605844957909e-16 2.277498977087224930e+00 -9.129431052966896884e-14 -1.419794461414584397e-14 -2.492750692503764741e-16 8.110385028241912976e-17 inf 0.000000000000000000e+00 -2.000000000000000000e+01
1.916260521526378158e+00 2.592878282993166250e-01 9.721484912868491170e-06 -1.270073067686384853e-04 -1.164243505862074279e+01 2.179664029639969414e+00 8.314758413848760276e-06 3.269484319168688202e+10 inf 0.000000000000000000e+00 -3.000000000000000000e+01
8.575254356348579465e-01 1.297121254035440074e-03 1.018083389540959116e+00 2.246442963032806162e-02 -8.324382553370296423e-02 1.815167963665665512e-05 1.573476531003618733e-09 5.532656139252464855e-09 inf 0.000000000000000000e+00 -8.000000000000000000e+01
5.012890320522078724e-01 7.969712345517523389e-01 7.122808023788695930e-02 1.251043708135747110e-09 -9.752556089272537395e-04 6.893506146870443344e-10 1.998752046817462072e-09 0.000000000000000000e+00 inf 0.000000000000000000e+00 -9.000000000000000000e+01
1.701261571089648372e-01 1.888296607227325711e-06 1.129068447551245818e-05 5.986447577260543450e-08 -8.362827963910560714e-01 5.584666537250704711e-04 4.764723581901248878e-09 -3.596755442337763663e-07 inf 0.000000000000000000e+00 -8.000000000000000000e+01
1.157622391273692153e-01 4.580775720070745516e-02 1.787331094911324275e-02 3.562825560055023905e-02 -8.522373432689758221e-01 4.532953873693255782e-10 -3.541519626473299542e-01 -4.071800640062884780e-01 inf 0.000000000000000000e+00 -8.000000000000000000e+01
7.652331412492813516e-06 1.408481562243569421e-09 4.407890484948787341e-09 2.256764361521080620e+00 -3.722093999036504841e-02 9.998029742350725021e-10 2.446233262508002461e-08 2.326308749397815526e-03 inf 0.000000000000000000e+00 -2.000000000000000000e+01
1.588972734458580332e-09 7.381500611893950600e-09 7.664329900435144956e-03 2.249011271969585835e+00 0.000000000000000000e+00 5.162370181362450531e-06 0.000000000000000000e+00 9.858853556981645104e-10 inf 0.000000000000000000e+00 -2.000000000000000000e+01
2.845442903586489270e-04 1.359090473573444924e-01 2.979524721406448165e-09 1.518206112987422233e-04 -9.621187237383235225e-01 0.000000000000000000e+00 -6.116986107751996218e-07 3.441725515811889125e+00 inf 0.000000000000000000e+00 -3.000000000000000000e+01
7.989169191289851035e-01 2.117951344091943168e-03 4.805824140775900588e-01 4.066466580656530883e-01 -1.196963411130749777e-02 -3.244958180523898617e-01 5.378312807118328792e-02 8.343444688847049054e-03 inf 0.000000000000000000e+00 -9.000000000000000000e+01
3.729488216045167420e-02 -6.270045039489296744e-06 1.819930696723996988e+00 3.178625685132308726e-02 -1.107680332430181491e-01 4.549826741809992470e-01 9.184636288314399734e-10 -1.177678024808424367e-04 inf 0.000000000000000000e+00 -8.000000000000000000e+01
5.291567855826395661e-01 3.100316038605977487e-01 1.679055185021836871e-02 7.299650016498976379e-01 -2.659352050620444885e-01 -2.674867940942892602e-05 -5.223727242290159278e-01 -9.870809269522314022e-02 inf 0.000000000000000000e+00 -9.000000000000000000e+01
5.561818292571798876e-03 6.616645899783692164e-02 8.174722169054495780e+00 2.791818895596995739e-06 -7.340065851493375426e+00 -6.040161635757022202e-06 4.399129767851548536e+02 7.380515032727527618e+08 inf 0.000000000000000000e+00 -2.000000000000000000e+01
6.515092670996961433e-01 1.197350168361701318e-07 1.357310973124366882e+00 3.307994459137433259e-07 -3.943974372137361297e-09 -1.128146924276546368e-03 7.955367109610403051e-09 -3.740852725407868887e-04 inf 0.000000000000000000e+00 -9.000000000000000000e+01
7.207576324513150778e-01 1.711533610983211329e-01 1.118343701089651088e+00 1.655373350690477307e-09 5.763802047856893956e-03 9.421200213310754548e-05 5.207693675019084884e-10 1.183489613572921229e-03 inf 0.000000000000000000e+00 -9.000000000000000000e+01
4.965319233563900148e-01 6.389796062865018555e-01 -5.304568154593501897e-07 8.414735115661375663e-10 -1.644931576692958697e-01 -4.875441528857995914e-03 1.278635425983380262e-09 0.000000000000000000e+00 inf 0.000000000000000000e+00 -9.000000000000000000e+01
2.885288927647668145e-02 2.582604650791102061e-03 8.357820653214389495e+00 -3.109666824421938782e-03 -1.122600264859792496e+01 7.146185128312916388e-08 2.465832191444468684e+06 0.000000000000000000e+00 inf 0.000000000000000000e+00 -2.000000000000000000e+01
2.882106693908519784e-02 1.194564603037131301e+00 2.683104088852931654e-02 -8.455189860502441328e-08 -4.567624447935377647e-04 0.000000000000000000e+00 2.108991520811518901e-11 0.000000000000000000e+00 inf 0.000000000000000000e+00 -9.000000000000000000e+01
-4.584434299698122777e+04 0.000000000000000000e+00 5.343153867572565202e-05 7.893164024745664820e-09 -9.118140200416932073e-01 0.000000000000000000e+00 0.000000000000000000e+00 -8.281131321709036541e+00 inf 0.000000000000000000e+00 -2.000000000000000000e+01
3.167762421146998259e-06 3.411649114516648179e-02 1.204236606596801907e-09 2.064229184980153047e-03 -9.949433446023020489e-01 7.384061587755240357e-09 -1.232215277456655710e-07 0.000000000000000000e+00 inf 0.000000000000000000e+00 -9.000000000000000000e+01
8.277192165385341971e-01 2.954742356910606271e-01 4.956917658890350856e-10 5.295154393261692449e-08 -3.693427946138257839e-02 1.475230947029560792e-03 -1.761104716039434415e-01 6.779313857011803484e-10 inf 0.000000000000000000e+00 -8.000000000000000000e+01
3.516359264576504953e-03 9.437454542347264441e-01 4.900216781603387584e-01 5.686316855098935069e-06 -8.811851165944616524e-10 7.013422206756942543e-09 1.482013638548639336e-08 7.702143873333073770e-08 inf 0.000000000000000000e+00 -9.000000000000000000e+01
5.196049451533036878e-01 8.257088484861905275e-01 1.125990375789634630e-06 0.000000000000000000e+00 -3.162248298020318245e-10 2.089995138302273500e-02 3.713246107523858322e-10 1.777566846311421244e-09 inf 0.000000000000000000e+00 -9.000000000000000000e+01
3.449528428357461689e-04 4.360203933443831392e-01 2.101214216003873694e-05 1.666812136582325410e+00 5.289880478667066475e-07 2.376940682665063496e-03 1.347472042327133472e-06 1.542059374611435046e-08 inf 0.000000000000000000e+00 -9.000000000000000000e+01
7.345213815476759889e-01 4.105753621870012886e-06 1.804244265699758135e-04 0.000000000000000000e+00 -2.713232042043456360e-01 7.650486461364463025e-10 1.592712179376338383e-02 -9.623729121502203609e-01 inf 0.000000000000000000e+00 -8.000000000000000000e+01
6.889313739329543385e-01 4.963399840518435300e-04 2.497192613403032557e-01 2.611253980402807601e-06 -3.833925129989361746e-01 -6.885641397251008634e-04 2.062387311304622273e+00 -4.876870280292981419e-01 inf 0.000000000000000000e+00 -3.000000000000000000e+01
2.095320615151305965e-01 4.233312920738280115e-09 1.458560843793636375e+00 0.000000000000000000e+00 -1.306173889964450663e-01 0.000000000000000000e+00 4.359825720668389228e-07 2.544317889826585785e-02 inf 0.000000000000000000e+00 -9.000000000000000000e+01
3.757156488549620832e+01 1.077319829518559287e-03 3.302188320014315392e-01 -1.296414673783397919e+00 1.728732824427482206e+06 3.415145662449700769e-06 0.000000000000000000e+00 -6.084587737804155599e-02 inf 0.000000000000000000e+00 -2.000000000000000000e+01
7.927071411738248474e-02 1.363120745404725331e-01 1.669298635911017348e-01 1.789095978343701937e-03 -8.623311546314200715e-01 2.362451378029062889e-09 -2.291091406699480651e-02 -2.621386048855240915e-05 inf 0.000000000000000000e+00 -9.000000000000000000e+01
3.960375158044771736e-06 3.043867114667408395e-03 1.368360805626919578e-02 2.212918980282674308e-01 -1.005230217639044632e+00 -2.701148731305338086e-08 7.147520181863150422e-10 5.919725303997088445e-10 inf 0.000000000000000000e+00 -9.000000000000000000e+01
3.492727974764123777e-01 4.251148906427190677e-01 2.145532898783676090e-01 1.877341286435716544e-02 -4.490650253268159142e-01 0.000000000000000000e+00 1.155095037368421007e-01 0.000000000000000000e+00 inf 0.000000000000000000e+00 -9.000000000000000000e+01
2.694659485618719486e-01 1.066291636947284682e-01 4.325782609837821452e-02 1.130093486347957949e-05 -5.312171255902751188e-01 -3.196119635294186745e-01 8.441279122239618227e-09 1.517459515359806796e-08 inf 0.000000000000000000e+00 -9.000000000000000000e+01
-4.022530633706350927e+05 6.240487695398691415e+01 6.580106073379572251e+01 8.039145830100460807e-08 8.513587223352290825e-08 0.000000000000000000e+00 9.357038589133322410e-08 4.480835380711732097e-07 inf 0.000000000000000000e+00 -2.000000000000000000e+01
4.631432725498979552e-02 0.000000000000000000e+00 0.000000000000000000e+00 1.688257911764497798e+00 -4.711979381594614408e-02 8.880268834543696144e-02 4.916177740212062534e-08 -5.992671213515201600e-01 inf 0.000000000000000000e+00 -9.000000000000000000e+01
2.495042005309809825e-04 1.241176468681112047e-09 3.884303560017573509e-09 2.237283936090993297e+00 -8.907704560362287305e-01 0.000000000000000000e+00 1.537000911993708646e-09 0.000000000000000000e+00 inf 0.000000000000000000e+00 -2.000000000000000000e+01
3.771091423580833284e-08 1.395113367562101196e-08 1.950301827144835061e-07 1.404217315544281286e-05 -9.713938521326057618e-01 2.609290530457445309e-08 6.018509544704764822e-07 6.071211575828786011e-02 inf 0.000000000000000000e+00 -1.000000000000000000e+01
6.366045832920715908e-01 1.578121337788338571e-03 1.104876223886720465e+00 2.234717442819670197e-08 -8.918776651440156814e-03 -2.417873176926618184e-01 4.007471760807963107e-02 4.640459179732682510e-09 inf 0.000000000000000000e+00 -9.000000000000000000e+01
1.600388769128720523e-01 1.809433338237281042e-06 9.023878842798086497e-01 7.635589790059919002e-01 -7.866971298849614325e-01 5.253535233750388335e-04 4.525307272173077913e-09 1.566645632430223312e-02 inf 0.000000000000000000e+00 -9.000000000000000000e+01
5.671661672433981893e-01 4.174501480459143210e-02 2.943487868570568823e-05 -2.970546951789773793e+00 -4.313179834725243134e-01 3.415998967190825109e-10 3.530371673351584802e-07 5.147372588193265680e-03 inf 0.000000000000000000e+00 -2.000000000000000000e+01
2.062149647065806946e+00 3.836292295302999478e-06 1.551136234923956424e-04 6.884140830568967444e-09 5.994206711410936684e-08 1.134545360401522361e-04 3.764149214925755018e+02 5.619544988238790468e-04 inf 0.000000000000000000e+00 -2.000000000000000000e+01
1.014558418101362491e+00 2.020036292108674716e-03 8.297830130964763451e-08 1.846890324213645504e-02 -5.831965516574290856e-08 1.698113048096435221e-02 5.753684100244434510e-08 -5.130250900593459444e-03 inf 0.000000000000000000e+00 -9.000000000000000000e+01
1.352821950104794801e+01 -4.706794131751211216e-04 2.477733538844050648e-02 1.898741635909188092e+08 -1.480521065033131665e-08 2.339340940055529419e-05 3.245380612754745701e-08 3.266895376537334442e+10 inf 0.000000000000000000e+00 -2.000000000000000000e+01
4.631427693963877050e-09 8.241344232997404612e-08 2.914480978756084836e-09 2.254097612731617239e+00 1.920671821247574437e-05 -6.453457319391849294e-05 -1.675534999261883966e-03 -6.366409563743180916e-10 inf 0.000000000000000000e+00 -2.000000000000000000e+01
2.753789609133305491e-02 9.152595282719422354e-01 7.057962011857756207e-09 1.566155254067087110e+00 -2.233073028497189472e-01 0.000000000000000000e+00 5.353158291234609026e-10 -1.520341719797384861e-06 inf 0.000000000000000000e+00 -8.000000000000000000e+01
6.809935505142153955e-01 3.932454219292592923e-04 6.103965394766264901e-02 3.274987696148079497e-02 -3.221466496444492233e-01 0.000000000000000000e+00 1.321617868460954427e-09 0.000000000000000000e+00 inf 0.000000000000000000e+00 -9.000000000000000000e+01
4.122100651736204657e-01 2.644421267223318699e-10 5.591147160599638788e-01 1.829653633538296321e-09 -5.525368958710231704e-01 -3.042241837385097764e-02 4.979271674129220959e-08 0.000000000000000000e+00 inf 0.000000000000000000e+00 -9.000000000000000000e+01
5.839151569951429588e-01 3.421143932651029562e-01 1.852807709696126584e-02 8.025090362805040733e-01 -4.356905402194528043e-01 -9.919071577161081565e-02 4.539566041049418743e+00 1.959022119466674164e-06 inf 0.000000000000000000e+00 -3.000000000000000000e+01
6.494409431688639156e-01 6.072109289439182437e-08 4.796619360983271499e-04 9.465328872340321789e-03 -1.782779059679234224e-01 -3.229013092786368055e-01 -3.501887438655638674e-01 -9.209509173087881972e-02 inf 0.000000000000000000e+00 -9.000000000000000000e+01
3.985626760294313509e-01 2.633979424194502483e-01 2.673781539259941571e-04 1.353813437599970545e-05 -4.973369044367251801e-01 0.000000000000000000e+00 0.000000000000000000e+00 0.000000000000000000e+00 inf 0.000000000000000000e+00 -9.000000000000000000e+01
5.133528450770477036e-01 5.431015227241415706e-10 -9.102936448991646220e-04 8.115069084719798706e-10 -4.942146907649648258e-01 1.065233874686733308e-09 0.000000000000000000e+00 0.000000000000000000e+00 inf 0.000000000000000000e+00 -9.000000000000000000e+01
1.687785141416174417e+00 2.084171954095352262e-04 2.575217676641954156e+01 -8.464122137783335347e+04 6.822595420152627630e+05 5.971839410015336129e-06 1.772125477178536244e+02 1.962967501429681016e-01 inf 0.000000000000000000e+00 -2.000000000000000000e+01
2.635019083967489678e+03 1.377624045800493604e+03 1.840664230228820086e-01 1.367604961831035553e+03 7.304793893124292791e+07 1.086874772573340333e-04 8.848854961825425271e+05 -5.119125715645016328e+01 inf 0.000000000000000000e+00 -2.000000000000000000e+01
1.218631489503931853e+00 3.126602426261114894e-09 6.783137467142757596e-09 1.055040880990758129e-01 -3.229858736354695482e-04 0.000000000000000000e+00 9.976656240919348662e+00 5.334476364560013575e-03 inf 0.000000000000000000e+00 -3.000000000000000000e+01
1.008852139753120047e+00 -2.390338702027755904e-03 1.029622244961280077e-04 9.993392377565366209e-06 6.611789906369004369e-06 1.552595584227573650e-09 3.499501158100245431e-08 2.030980349864799396e-04 inf 0.000000000000000000e+00 -8.000000000000000000e+01
2.493845450068535308e-02 2.395678173902815733e-01 1.170867875722038320e+00 4.293262922810711972e-08 -2.994597717378519666e-02 1.825109568507637616e-08 -1.427887653319558914e-01 0.000000000000000000e+00 inf 0.000000000000000000e+00 -9.000000000000000000e+01
9.073315374717790815e-01 -5.672742620323412361e-06 7.333458575838382560e-06 2.875820713334691428e-02 -1.002159536637475673e-01 2.196749026304950579e-05 8.309681572739374196e-10 -7.655736127601683947e-05 inf 0.000000000000000000e+00 -9.000000000000000000e+01
9.194526255920584257e-01 3.901624628334721817e-02 1.016237112496485517e+00 9.254701506567541560e-06 2.487797139736069941e-09 1.418164553086262145e-09 3.905961692822332293e-10 1.083784618981867027e-03 inf 0.000000000000000000e+00 -9.000000000000000000e+01
1.007258088277560582e+00 2.864323121461346825e-06 9.133897284883012505e-05 1.337349471344322241e-05 0.000000000000000000e+00 4.463809307046551356e-09 8.917872305562433359e-10 -7.210708903330394152e-07 inf 0.000000000000000000e+00 -9.000000000000000000e+01
5.042666396365623981e-05 3.267224939918085361e-11 4.346573134271896070e-06 -1.035017703213960462e-07 -1.009087587640358885e+00 -3.453713734241499625e-09 1.323218758588307958e-06 0.000000000000000000e+00 inf 0.000000000000000000e+00 -9.000000000000000000e+01
1.063614675472879334e+01 4.408429588245686546e+02 3.474474606544738720e+01 -7.201557698514287065e-01 -5.626216951964286552e-04 2.339628121658397552e-07 2.529297578347831033e+06 -1.107931953617582677e+00 inf 0.000000000000000000e+00 -2.000000000000000000e+01
3.025179435299588316e-13 1.930420383184113896e-11 1.922684306068106892e-05 2.277482376186430013e+00 -3.826674033922491388e-11 0.000000000000000000e+00 1.574872823670668146e-13 -3.265428508947192376e-09 inf 0.000000000000000000e+00 -2.000000000000000000e+01
1.006863396329570559e+00 1.850423498163328128e-07 6.468494304296544008e-10 5.112281136066852208e-07 -6.095144968612313241e-09 -1.611462141477990918e-03 0.000000000000000000e+00 0.000000000000000000e+00 inf 0.000000000000000000e+00 -9.000000000000000000e+01
3.112618249791269665e-01 -7.651419243739762736e-06 6.811629326743935491e-06 1.005180009448801426e-02 -3.164597140013717530e-02 2.676830360424200722e-07 0.000000000000000000e+00 4.449020360262340422e-05 inf 0.000000000000000000e+00 -8.000000000000000000e+01
7.890292257171610535e-01 -2.232591678833863562e-05 7.564721945589286678e-01 3.517247377294074193e-09 -1.316644642428515220e-02 -2.642864882256510395e-01 7.419751059606160814e-10 2.104013100471703940e-06 inf 0.000000000000000000e+00 -9.000000000000000000e+01
1.892075089160373480e+01 1.614853641891798405e-05 1.463229276150288971e+00 -3.077382829840607670e+01 -2.089480190552170293e-03 9.187975530241814681e+01 1.694938095599747694e-07 8.094780393607559204e+10 inf 0.000000000000000000e+00 -2.000000000000000000e+01
9.994591251963991230e-01 1.199035516633459525e-03 1.865712191488311245e-01 8.914877544694702061e-02 3.130340695910331172e-11 7.495865671339248871e-09 5.898062725606408919e-08 0.000000000000000000e+00 inf 0.000000000000000000e+00 -9.000000000000000000e+01
4.864743860729007774e-01 3.536311601888628800e-07 1.180465817953122887e+00 5.077364822895141831e-07 -2.891630966167592076e-01 1.066421806226788794e-03 -1.288476739336441579e-01 3.447092731198778161e-09 inf 0.000000000000000000e+00 -9.000000000000000000e+01
4.022696668732754777e-01 1.910484258601691798e-01 1.248341267111167552e+00 1.847795864660887851e-09 7.064193541607575490e-03 9.936919228885327362e-05 2.678861947331335217e-09 1.321059815851810234e-03 inf 0.000000000000000000e+00 -9.000000000000000000e+01
3.636210643038093604e-01 6.743137335568175073e-02 -1.435346306462405463e+00 2.255869591760677461e-05 -6.770050078814345840e-01 1.804695673408541969e-04 1.400935397644155561e-08 3.693051073687901000e-08 inf 0.000000000000000000e+00 -1.000000000000000000e+01
3.367673363485460536e-01 2.835850900072441408e-02 1.305937456985201361e+00 3.067506478865097974e-05 -3.740431102191866253e-01 1.704664001427340325e-08 0.000000000000000000e+00 0.000000000000000000e+00 inf 0.000000000000000000e+00 -9.000000000000000000e+01
1.731125573022817762e-02 1.820708294983439113e-01 6.542146843105019072e-09 6.407455584570503628e-09 -9.090628650130079258e-01 -1.614103098389573757e-04 -6.576012073822268963e-07 0.000000000000000000e+00 inf 0.000000000000000000e+00 -9.000000000000000000e+01
3.625302123928084153e-01 6.953651172858645868e-01 5.305214823042790121e-06 4.047822270677488418e-05 -2.567406794249411095e-01 3.065196717675655661e-10 3.567612420272116649e-09 1.034791974613811613e-09 inf 0.000000000000000000e+00 -8.000000000000000000e+01
5.923783396946565745e+02 8.891937022900765442e+01 1.873568702290076772e+03 6.788301829049606533e-07 -3.867366412213741114e+03 6.723693435114505005e+10 9.710879726264315392e-01 9.172745333373093614e-04 inf 0.000000000000000000e+00 -2.000000000000000000e+01
1.484833496120834331e-02 0.000000000000000000e+00 1.023808270751847965e-01 2.186339447155264626e+00 1.308977539012300610e-09 1.097664622180126598e-05 0.000000000000000000e+00 1.040528835680581776e-10 inf 0.000000000000000000e+00 -2.000000000000000000e+01
8.558579213780505013e-01 7.596784613703185398e-06 1.278791602370316749e+00 7.490068964457204296e-10 2.028366502175988162e-09 8.585636978804616140e-03 1.612768472678155858e-09 5.101931033760704915e-10 inf 0.000000000000000000e+00 -9.000000000000000000e+01
9.955313081587787716e-01 3.049409637994893348e-03 9.724110455376050455e-02 5.561586611107846844e-05 0.000000000000000000e+00 9.565462046856429953e-09 0.000000000000000000e+00 0.000000000000000000e+00 inf 0.000000000000000000e+00 -9.000000000000000000e+01
4.533599756895506649e-01 8.882159208929698867e-10 1.415367728982011908e+00 4.273734575890811581e-09 -9.783247824328364736e-09 6.693801142961512040e-10 7.908983504299140124e-09 0.000000000000000000e+00 inf 0.000000000000000000e+00 -9.000000000000000000e+01
8.909733503238757499e-03 4.685759235697212351e-04 6.872446879022577754e-03 2.239168146765174505e+00 -5.528380983473023536e-01 1.061086783445926674e-07 4.484879135353419326e-10 -9.802618136131314195e-08 inf 0.000000000000000000e+00 -2.000000000000000000e+01
7.683116823650030236e-01 3.457402570642513218e-01 6.119053755978416387e-01 6.531667570328874480e-06 1.701977305031421323e-09 -4.501826263857439266e-04 1.349315340925811533e-09 7.620278832050352713e-06 inf 0.000000000000000000e+00 -9.000000000000000000e+01
1.005314489605742656e+00 1.888598427009570457e-05 1.586103927898670609e-03 1.058352230325774556e-08 2.747046597830870727e-08 2.947433141440346391e-09 8.466817842606197243e-07 3.349373528913333889e-07 inf 0.000000000000000000e+00 -9.000000000000000000e+01
8.030940802308214157e-06 3.124364651528414860e-02 4.623043630716841546e-02 5.181873080583712099e-01 -9.997966884890927552e-01 0.000000000000000000e+00 -6.821648557945201844e-07 3.592765335871373811e+00 inf 0.000000000000000000e+00 -3.000000000000000000e+01
3.403594883655330361e-01 1.285596980511116705e-01 2.818405440755492534e-09 1.214821224979943193e-04 -3.560826169041582112e-01 -3.653315160445259613e-01 -3.468337177637904611e-01 -3.958528832077395365e-01 inf 0.000000000000000000e+00 -8.000000000000000000e+01
-9.290193659481316713e-06 9.008378478757785024e-02 9.474329089728015241e-01 2.146607596054119715e-09 -8.946251730628420606e-01 2.008900693665742136e-08 0.000000000000000000e+00 1.712657273401669713e-08 inf 0.000000000000000000e+00 -9.000000000000000000e+01
1.013867472103886086e-01 3.072040057667794383e-09 0.000000000000000000e+00 2.253253914136369218e+00 4.651328256327998341e-10 0.000000000000000000e+00 0.000000000000000000e+00 0.000000000000000000e+00 inf 0.000000000000000000e+00 -2.000000000000000000e+01
3.666769099000862786e-01 1.408224675382252408e-08 4.974976133190420781e-07 4.440601809705369172e-09 -6.388494615785008657e-01 -2.241142630048341945e-07 3.755265801019339533e-09 1.464553662397542517e-09 inf 0.000000000000000000e+00 -9.000000000000000000e+01
5.109585513228883658e-01 5.363890013965137639e-10 1.837013659650007285e-09 -6.143961013376620377e-06 -4.956680211087370891e-01 -4.260642533630692834e-03 -9.920823123174458541e-10 0.000000000000000000e+00 inf 0.000000000000000000e+00 -9.000000000000000000e+01
5.322638358778626788e+00 3.943057460639313838e+00 3.195867184123010934e-07 0.000000000000000000e+00 4.170443702290077113e+02 -1.092846611983903704e-04 1.420061422142250285e-07 5.671497876933627754e-08 inf 0.000000000000000000e+00 -2.000000000000000000e+01
8.216210320194398120e-01 3.975317922599108100e-01 1.908816539035062404e-02 4.763742145244024839e-01 -4.736474897877216520e-09 1.275855462830800772e-06 1.004800484210245044e-09 -2.532715558969331539e-08 inf 0.000000000000000000e+00 -9.000000000000000000e+01
8.015103115934708589e-01 1.182414231281923855e-03 1.299469909434520787e+00 2.048171933484640198e-08 4.796271811397100071e-03 2.171645292382575875e-03 8.131699984058125406e-10 9.878744902508112595e-10 inf 0.000000000000000000e+00 -9.000000000000000000e+01
4.964125178224071955e-01 1.777133118695968517e-01 2.017497314925843215e-05 1.166984081277019358e-01 -4.324357255493523344e-01 1.431772288011888799e-04 4.060473216574120250e-09 -8.315849147543797426e-07 inf 0.000000000000000000e+00 -9.000000000000000000e+01
4.601265856931572040e-06 6.431821232480557926e-01 9.037346547621406545e-01 8.370022319180612028e-03 -5.423432829264988875e-03 3.095167978723324346e-09 0.000000000000000000e+00 0.000000000000000000e+00 inf 0.000000000000000000e+00 -9.000000000000000000e+01
1.198067303899028047e-01 3.792876389228078682e-01 9.632701940896708503e-01 2.791822742677345608e-08 -3.841039898932562258e-01 4.115534276506161945e-04 4.225771801769719739e-07 1.789744978033838130e-09 inf 0.000000000000000000e+00 -9.000000000000000000e+01
1.709860039349941560e-02 8.989337706876531289e-03 1.507358968023007284e+00 -4.604187117677419325e-06 -3.570590082171937185e-02 6.719435409370799417e-10 0.000000000000000000e+00 0.000000000000000000e+00 inf 0.000000000000000000e+00 -9.000000000000000000e+01
5.024683237213422027e-01 1.110939015034681640e-03 1.296799436138909689e+00 -4.833030062673656453e-06 -2.951794112950459348e-01 -2.846680010737101326e-08 3.768391507269166561e-09 0.000000000000000000e+00 inf 0.000000000000000000e+00 -9.000000000000000000e+01
6.421651695126765480e-01 5.509466796252325766e-04 1.100877789334105128e-02 1.299929492940640752e-02 -3.704799054880826281e-01 -6.905875431247154427e-04 1.160187072449521961e-01 9.851028188690793847e-04 inf 0.000000000000000000e+00 -1.000000000000000000e+01
9.128321818223363859e-01 2.229978161072830867e-01 1.831721255262072813e-05 1.079174696525692903e-09 -1.778852564517746408e-07 1.202464582718700183e-07 0.000000000000000000e+00 4.074466767889809998e-08 inf 0.000000000000000000e+00 -9.000000000000000000e+01
3.098293242012198356e-01 4.877124062347277245e-01 3.877543466480972047e-06 0.000000000000000000e+00 -4.613231578011853240e-01 5.734610651768640271e-10 3.646848272261251007e-08 2.425123062063964247e-02 inf 0.000000000000000000e+00 -9.000000000000000000e+01
9.518515261650729864e-02 7.054331107619322971e-02 7.660634201792575598e-09 2.226462859171906672e+00 -4.000675450074520079e-01 2.211792130442367885e-08 4.060712114484035074e-09 0.000000000000000000e+00 inf 0.000000000000000000e+00 -2.000000000000000000e+01
8.019320154881294238e-01 1.363941747653990566e-01 8.709507545260421202e-02 1.102382637411106897e-02 -1.457062268578158681e-01 1.065190047078617212e-09 5.264732416595464084e-10 6.223811577758203894e-10 inf 0.000000000000000000e+00 -8.000000000000000000e+01
7.899609200154271704e-01 4.601125615324230117e-03 4.855978381442488758e-04 1.093709418804323496e-09 -2.138008070354253110e-01 -6.336879589967502925e-03 1.661912810555518379e-09 7.053222500137742469e-03 inf 0.000000000000000000e+00 -8.000000000000000000e+01
2.197936545801527188e+02 8.561228977814887287e-02 2.598944511122376361e-03 1.825143419604265428e-05 5.197399809160306177e+02 1.188634916116263450e-02 0.000000000000000000e+00 5.143713241599444420e-07 inf 0.000000000000000000e+00 -2.000000000000000000e+01
1.332094130609717153e+00 2.084015188611114122e-01 6.931849225870661030e+03 3.962958766423949194e-05 -3.786833629154667591e+00 -1.096987894507609057e-01 5.147412791488114453e+04 9.372580791167941925e+02 inf 0.000000000000000000e+00 -2.000000000000000000e+01
2.227554993072618141e-09 1.422783925175342588e-04 1.312697515881855903e+00 4.531375766567260488e-01 -3.982868327613840967e-06 -3.403704029414960404e-06 6.437633929979866706e-07 1.971386168869267028e-07 inf 0.000000000000000000e+00 -9.000000000000000000e+01
5.114843392596795102e-01 1.822092990241782881e-06 5.131013860520860538e-03 7.239394101389431957e-02 -4.965577534836188023e-01 2.087814884652043039e-08 3.799734120682428781e-10 -6.073643300805943024e-08 inf 0.000000000000000000e+00 -9.000000000000000000e+01
4.826042328126821657e-01 3.876860636277969465e-09 1.303717595749899649e+00 1.515285802077734334e-01 -1.892677737689547335e-01 5.067518666662529104e-05 0.000000000000000000e+00 1.201400768604821473e-09 inf 0.000000000000000000e+00 -9.000000000000000000e+01
1.601516658323785869e+00 5.799142661589105213e-02 1.667610996603815066e+00 7.083577180347460015e-09 5.795654056647921530e-09 2.851007234768295394e-06 8.427536548690498819e+01 8.092981625334110625e-04 inf 0.000000000000000000e+00 -3.000000000000000000e+01
1.386172431324673666e-05 1.546700758681942012e-01 1.401819928121861514e+00 1.502472559713864901e-09 -2.293094042592423035e-08 6.381861600726367993e-10 5.853078782380468597e-10 4.977852048566566683e-10 inf 0.000000000000000000e+00 -9.000000000000000000e+01
5.020757207467401173e-01 7.962607133717831687e-01 7.133986071157293052e-02 1.253007010499509263e-09 -9.767861083253381697e-04 1.029455947499743651e-04 2.001888751468603773e-09 1.059393682346523890e-09 inf 0.000000000000000000e+00 -9.000000000000000000e+01
7.109446035203925013e-03 5.332084526402943586e-02 8.825519216115217391e-01 3.568668506272174688e-06 -9.382507539976710831e+00 -8.588745168135129685e-06 5.623228599210121956e+02 2.139544525882742405e+09 inf 0.000000000000000000e+00 -3.000000000000000000e+01
8.322855656841238181e-02 4.769742859817652919e-02 1.473228403310635093e+00 7.024900452187705483e-07 -3.166003231589108874e-02 -7.733550470175361161e-04 -7.330789510916600329e-08 0.000000000000000000e+00 inf 0.000000000000000000e+00 -9.000000000000000000e+01
3.752460560854290900e-06 0.000000000000000000e+00 1.184208461019105665e-07 2.250640285339095215e+00 -2.163330963925078620e-01 0.000000000000000000e+00 3.528941213836935150e-05 0.000000000000000000e+00 inf 0.000000000000000000e+00 -2.000000000000000000e+01
6.382174602098637461e-06 2.365323481918135416e-06 7.814431621721650021e-08 2.225839749696222614e-01 -4.493648082413309754e-05 0.000000000000000000e+00 0.000000000000000000e+00 0.000000000000000000e+00 inf 0.000000000000000000e+00 -9.000000000000000000e+01
3.953120936482487635e-01 9.217425549917087624e-01 -4.871125572610275858e-07 9.479173037666856205e-03 2.209736658226270947e-05 1.180118820717597554e-04 6.328030706755447093e-09 3.172763782926233305e-08 inf 0.000000000000000000e+00 -9.000000000000000000e+01
2.219329284811093761e-01 -4.268595022893368340e-01 1.401323625045472365e+00 1.074801615326138826e+00 4.127614273308234213e-07 4.302607732239132066e-01 7.119931889910863405e-07 0.000000000000000000e+00 inf 0.000000000000000000e+00 -1.000000000000000000e+01
2.487307654484752868e-04 5.269019443044192785e-02 1.257117289025950102e+00 -1.698002025461591569e-01 -6.609547357882290808e-02 -3.261951259439372919e-01 3.500267333188368524e-02 -5.105526238152914694e-04 inf 0.000000000000000000e+00 -9.000000000000000000e+01
1.980586377459054423e-05 1.423761366174721823e-09 9.807089111838498408e-01 9.576334073912886602e-01 -1.615285265479282084e-01 8.957531989788150876e-04 4.768257405585152894e-10 -1.251124971252926266e-01 inf 0.000000000000000000e+00 -8.000000000000000000e+01
3.973828156508867878e-09 1.033809955574042982e+00 4.336106080242586869e-02 -2.544034570300430934e-05 -2.262316215778741035e-01 3.912535177231095875e-09 3.180043212875538667e-06 2.157512870577565227e-08 inf 0.000000000000000000e+00 -9.000000000000000000e+01
8.456370450940785544e-01 7.259879292796583395e-09 7.597520327017112142e-03 2.229406755248025451e+00 0.000000000000000000e+00 5.527932704586855015e-06 4.671667888116144512e-10 -1.173036117684213227e-07 inf 0.000000000000000000e+00 -2.000000000000000000e+01
1.009147950191213949e+00 2.104279638118760852e-07 9.854960451086073724e-04 -3.792416935003155298e-02 -1.767870502498097414e-10 0.000000000000000000e+00 6.104441735121634675e-10 2.485595706503735125e-10 inf 0.000000000000000000e+00 -1.000000000000000000e+01
6.031557803845589158e-04 9.893845419847330902e+01 1.366356856950366998e-03 1.586120547229097431e-03 9.921241352576338102e+00 6.723693435114505005e+10 9.710879726264315392e-01 9.483280982679995500e-04 inf 0.000000000000000000e+00 -2.000000000000000000e+01
