4.427528066693451336e-01 -2.483072381153414443e-02 1.227638397398609759e-03 8.439975377134391055e-01 -4.585654069075359995e-01 -2.767205041683407085e-01 4.669658507840749456e-02 -9.241067338908559960e-05 1.938736393136282277e+04 0.000000000000000000e+00 0.000000000000000000e+00
5.518603350031138222e-01 8.034539418293102676e-04 2.915828679305588911e-08 1.634129192689340911e-09 -4.558406796454291809e-01 8.409616197034057656e-04 2.213981486869429567e-09 -1.405550876124002108e-03 2.762719469508303155e+04 0.000000000000000000e+00 0.000000000000000000e+00
5.723929232727341665e-01 0.000000000000000000e+00 0.000000000000000000e+00 1.913311432637533878e-09 -4.359504241205127140e-01 0.000000000000000000e+00 0.000000000000000000e+00 3.047661299287648083e-10 3.223599208580422419e+04 0.000000000000000000e+00 0.000000000000000000e+00
6.788888438364956146e-01 1.289556014640402259e-01 2.523742042891097034e-05 3.998143199197031994e-10 -2.778785218644479471e-01 8.864100426126753126e-10 3.982646520130377107e-10 0.000000000000000000e+00 9.167859830311514088e+04 0.000000000000000000e+00 0.000000000000000000e+00
9.665547379210489565e-01 8.151873233531573004e-03 2.989914031377534492e-05 2.227469327845326585e+00 -4.517238039628509838e-09 0.000000000000000000e+00 0.000000000000000000e+00 6.403512257263240770e-10 inf 0.000000000000000000e+00 -2.000000000000000000e+01
3.308881148227992841e-01 5.823630820881267045e-01 -4.795931264255161586e-01 2.653491545798643270e-04 -3.908372556259888109e-01 2.065058471120745678e-09 -3.908372556259888109e-01 -5.771722412261634613e-10 inf 0.000000000000000000e+00 -9.000000000000000000e+01
1.687785141340649164e-01 1.232587654172009363e-03 0.000000000000000000e+00 3.284511675361459298e-04 2.326917895009272438e-07 1.173466444015503201e-04 3.921935549858986997e-08 0.000000000000000000e+00 inf 0.000000000000000000e+00 -9.000000000000000000e+01
3.736364387284009103e-01 2.601393484695049274e-01 1.011932021556085776e-01 9.494709569501114934e-04 -5.162611008236507315e-01 3.592010839604570760e-08 2.873608671683656608e-08 0.000000000000000000e+00 inf 0.000000000000000000e+00 -9.000000000000000000e+01
3.231216311478253833e-01 9.711482203909509280e-08 7.986244860755910974e-03 5.111196710883783023e-01 -6.854095206165993215e-01 1.021339775050579449e-09 4.626514264162045337e-02 -6.310969358355963976e-05 inf 0.000000000000000000e+00 -9.000000000000000000e+01
4.387677928729901145e-01 -2.460723391949526037e-02 7.536730538153865603e-04 2.492669538152627526e-08 -4.544380711898826086e-01 -2.977352880209576114e-01 2.046777075082395004e-04 5.229955388262873539e-01 inf 0.000000000000000000e+00 -1.000000000000000000e+01
0.000000000000000000e+00 3.019362005568643464e-03 9.853535026084378435e-06 1.097325491541214810e-05 5.165641089432113276e-05 0.000000000000000000e+00 0.000000000000000000e+00 5.117469806693324792e-08 inf 0.000000000000000000e+00 -1.000000000000000000e+01
6.502017030785058049e-02 4.722284041471195848e-01 3.639354242487199409e-01 1.686530014811141287e+00 -5.609931417687585853e-01 3.452948293481757913e-01 -1.131750404675897492e-01 0.000000000000000000e+00 inf 0.000000000000000000e+00 -9.000000000000000000e+01
6.695558062377793794e-03 4.285157159921788028e-01 2.472678465109975450e-07 1.852923652948459177e+00 -8.722193307790171435e-01 1.540486877744035310e-01 1.305366017636182987e-09 0.000000000000000000e+00 inf 0.000000000000000000e+00 -9.000000000000000000e+01
5.983326970805972200e-01 2.354728678833317990e-01 1.198776447023877905e-03 2.169438553285778060e+00 -1.934930738139673256e-01 8.576152254651957154e-04 0.000000000000000000e+00 -5.639880346036571977e-06 inf 0.000000000000000000e+00 -2.000000000000000000e+01
1.025954198472647295e+04 1.490839694655565545e+05 9.901672829192342817e+00 1.174737595419119998e+03 3.442531038776494751e+11 0.000000000000000000e+00 5.709078475715655045e-04 3.620176824902339163e+00 inf 0.000000000000000000e+00 -2.000000000000000000e+01
1.297974867824946981e-08 1.309161372520219802e+00 0.000000000000000000e+00 9.731196635879668481e-05 1.262773764832495482e-01 3.240136966648813289e-11 1.900880353767303796e-09 7.000295915599288268e-12 inf 0.000000000000000000e+00 -1.000000000000000000e+01
4.890398683973876670e-01 2.778085391019813680e-02 1.803637138396306169e-02 6.922516701479110779e-04 -5.074393881984775589e-01 7.160997470186595696e-10 1.462878145164002759e-06 9.415719595560208675e-10 inf 0.000000000000000000e+00 -9.000000000000000000e+01
3.068526239203712702e-01 2.152464376584289074e-01 4.091368318938283233e-01 1.207424330043814251e-05 -5.777371747072190811e-01 5.795636784210308947e-04 1.643057540031213121e-05 5.589958470460691219e-10 inf 0.000000000000000000e+00 -9.000000000000000000e+01
1.232640243379253494e-05 2.155063532303685641e-07 1.154080931751566958e-08 9.824296539277579302e-10 -1.007818151672641216e+00 2.594528201598273365e-04 1.218358857064312481e-08 -5.405189174026326705e-10 inf 0.000000000000000000e+00 -9.000000000000000000e+01
9.246031710274847937e-01 1.710418128222091216e-01 1.064928715021263801e-07 1.208006664916899685e-05 -1.432475182386001508e-02 1.435529500472112379e-03 3.018525296039265324e-05 9.029756609863013354e-10 inf 0.000000000000000000e+00 -9.000000000000000000e+01
8.153326707582626463e-05 2.388261813892072483e-01 2.568620174941183443e+00 3.883655987918717555e-09 5.921467875115610453e-09 6.716212148441950188e-04 1.896797667283317340e-03 4.867693788314464420e+00 inf 0.000000000000000000e+00 -2.000000000000000000e+01
4.757944016783634447e-06 3.916720947029880828e-01 0.000000000000000000e+00 2.129479349841488567e+00 -4.867381371066260010e-01 0.000000000000000000e+00 0.000000000000000000e+00 0.000000000000000000e+00 inf 0.000000000000000000e+00 -2.000000000000000000e+01
3.575040067920406406e-01 7.676636424914360379e-01 4.434158223777248109e-01 5.473414057475040062e-01 6.613753759372345109e-05 5.819832668707637657e-02 1.429884959927640926e-09 0.000000000000000000e+00 inf 0.000000000000000000e+00 -9.000000000000000000e+01
3.285031949694707798e-01 7.878943816845900006e-02 6.980692893101253516e-01 1.492999113584884721e-08 -3.983101239004833150e-01 -9.803767224870142682e-02 -3.243969050323523562e-01 -3.551940795607402834e-01 inf 0.000000000000000000e+00 -9.000000000000000000e+01
2.158652735120467903e-01 2.885592802790285828e-03 2.598944511122376344e-01 7.739503875033547364e-03 3.858912810114504310e+01 0.000000000000000000e+00 -4.512990704019562149e-01 -2.484285194455212922e-03 inf 0.000000000000000000e+00 -3.000000000000000000e+01
5.698392160359017078e-01 3.984422643376031581e-01 -6.413473598450944446e-02 -1.283390324201951448e-02 -1.423815485014021391e-04 -3.260993951142953096e-01 -1.304954064066591313e-01 -2.203675093263838536e-01 inf 0.000000000000000000e+00 -9.000000000000000000e+01
4.590731184862042902e+00 1.960429851489667922e-06 5.393382760696308065e-01 1.635954465469257875e-04 -2.447905710915361688e+00 3.677306427747483175e-01 1.994613427090803743e+05 8.929740655250529785e-10 inf 0.000000000000000000e+00 -2.000000000000000000e+01
1.045301107894769209e-05 1.274136962200077106e+00 0.000000000000000000e+00 1.123597007999727548e-06 -1.010474684796135153e-07 0.000000000000000000e+00 1.016244177486986255e-01 9.151468843436695586e-06 inf 0.000000000000000000e+00 -9.000000000000000000e+01
-1.997920936302675633e+06 9.676622331153885703e-01 1.095285796987572979e+01 0.000000000000000000e+00 -3.484974117469781049e+03 3.857167570080689833e-02 2.666313893104321320e+00 -1.773548117660402568e+01 inf 0.000000000000000000e+00 -2.000000000000000000e+01
2.714542307194745538e-07 9.535453112935275977e-01 5.255353906729027692e-06 3.050989195649999805e-02 -4.235449024491848569e+00 -2.812247067337329209e+00 1.772053218136729948e-05 1.528151465395462885e+07 inf 0.000000000000000000e+00 -3.000000000000000000e+01
1.595558269906715565e-01 4.185878177224408025e-01 1.091283063615210214e+00 1.023821485895180344e-07 -1.114182279525908516e-02 3.757143067505248854e-09 1.643750092033546425e-09 2.047349444988211721e-09 inf 0.000000000000000000e+00 -9.000000000000000000e+01
6.655616907426895601e-01 4.215874639308532235e-01 3.628228282305787238e-09 1.070436920136932056e-02 -1.458965876334781531e-01 5.307828950066582599e-10 5.798621352983698368e-10 -1.392396224572261086e-09 inf 0.000000000000000000e+00 -9.000000000000000000e+01
2.179255624500271882e+00 9.253837834140636826e-05 2.403233125710459169e-08 1.349956624075477310e-09 -1.402854155832743865e+00 1.470331107508784374e-01 7.261093137906814263e+03 0.000000000000000000e+00 inf 0.000000000000000000e+00 -2.000000000000000000e+01
2.461931716746439680e-01 6.088753589726780824e-01 0.000000000000000000e+00 4.988897143222882437e-06 -4.414835802197392689e-01 8.144748006756206754e-04 1.028364896955736564e-09 1.191958059967622686e-05 inf 0.000000000000000000e+00 -9.000000000000000000e+01
2.473122343145242319e-01 2.444804148376403807e-01 7.875997920083250073e-03 1.600921944265011776e+00 -7.136185081747340453e-01 1.378152145416814411e-01 0.000000000000000000e+00 -1.302493033605048667e-08 inf 0.000000000000000000e+00 -9.000000000000000000e+01
5.248089049480867407e-01 1.757805888194846622e-01 -3.821553743669283158e-05 9.855341875360710910e-08 -4.093104200753417965e-01 0.000000000000000000e+00 -9.276605281719921964e-03 -4.954277114278270444e-01 inf 0.000000000000000000e+00 -9.000000000000000000e+01
8.144089821387503481e-01 6.004341030483568802e-06 0.000000000000000000e+00 1.409601205850464754e-07 -1.933242475629846080e-01 6.140750286248402740e-09 1.844617207126171212e-06 8.752596626525799197e-06 inf 0.000000000000000000e+00 -9.000000000000000000e+01
7.509373391390216090e-01 6.488129848423022271e-06 1.118983833698960515e-09 1.490484141325802659e-04 -2.564889872643671409e-01 -8.304806205981468507e-04 1.696437620917946186e-06 8.035757151716586797e-06 inf 0.000000000000000000e+00 -9.000000000000000000e+01
8.764967636545816871e-06 1.276968659816721530e-01 -4.277514145978946557e-06 1.933081176611441077e+00 4.736756462265029776e-06 2.562736139989303679e-08 -3.018289559566796343e-01 0.000000000000000000e+00 inf 0.000000000000000000e+00 -9.000000000000000000e+01
7.377235604699473870e-03 1.073651253183941379e-03 1.082793893105129954e-07 2.216824169518836207e+00 -1.433291488913040687e-02 1.138202064725061802e-01 0.000000000000000000e+00 -6.168774153262988891e-02 inf 0.000000000000000000e+00 -2.000000000000000000e+01
7.473270239859813375e-10 -4.051968799589222717e-06 6.731173738552478523e-04 1.398842891050683109e-09 -4.866055914351298917e+00 4.848052536232663190e-01 3.581746357591010747e+04 4.893267406283594620e-07 inf 0.000000000000000000e+00 -3.000000000000000000e+01
4.415740805318904449e+00 1.218201875635420097e-07 -2.089014785603165728e+04 1.051257925935382482e-08 -3.047069352048081795e-05 0.000000000000000000e+00 5.848084277545801584e-04 -1.364098274254566201e+00 inf 0.000000000000000000e+00 -2.000000000000000000e+01
8.668855856390045744e+00 5.246810330687541324e-01 0.000000000000000000e+00 6.963263358776148380e+02 1.920543554174307822e-03 2.189228552897598823e-01 4.924580152670003474e+06 2.316913167938107065e+01 inf 0.000000000000000000e+00 -2.000000000000000000e+01
0.000000000000000000e+00 1.454567653721917172e-06 1.094784797331924592e-04 6.839436477908769369e-04 -1.007737769402806904e+00 1.647520505746253236e-06 0.000000000000000000e+00 0.000000000000000000e+00 inf 0.000000000000000000e+00 -9.000000000000000000e+01
4.207435676650064238e-01 2.787957377659032177e-01 4.589929829072796896e-01 8.223624277088761869e-02 -4.207435676650064238e-01 1.327375146213585425e-08 5.256304252658758920e-09 7.523481267660970452e-09 inf 0.000000000000000000e+00 -9.000000000000000000e+01
2.290278147788405975e-09 3.275189135813684205e-01 1.040844005025535202e+00 6.246927520396584371e-06 -4.926661623787533251e-01 1.952164850123932484e-08 1.274387276365332057e-09 0.000000000000000000e+00 inf 0.000000000000000000e+00 -9.000000000000000000e+01
5.635923442949777008e-06 7.964389014790078214e+00 4.508587786259543151e+01 1.639628228340440572e-02 1.851270217021913319e-04 2.864464122137405351e+07 0.000000000000000000e+00 1.557110471096430373e-07 inf 0.000000000000000000e+00 -2.000000000000000000e+01
3.457767114350424737e-05 4.317752215323978904e-01 1.125172786863469776e+00 6.454498613454126175e-04 -1.225235539583398948e-08 -2.526475171552043653e-02 0.000000000000000000e+00 -1.527880442602504178e-09 inf 0.000000000000000000e+00 -9.000000000000000000e+01
6.184933950465335700e-02 1.075640687037449750e+00 4.742597574665118748e-02 5.049227745659193263e-05 -1.173426204040854126e-01 1.072438664950515635e-07 2.778865766405342881e-04 4.732718456194666781e-08 inf 0.000000000000000000e+00 -8.000000000000000000e+01
1.007714207304576837e+00 2.447077002544310875e-05 1.086769183778178993e-08 0.000000000000000000e+00 -1.023105543851044376e-05 7.030111193128521246e-07 4.820347186112890842e-09 6.237237116576376221e-09 inf 0.000000000000000000e+00 -8.000000000000000000e+01
4.367730066652229532e-04 1.270295995480528800e-03 1.295752216066330340e-07 0.000000000000000000e+00 -9.657869039173389014e-01 1.667484409200113736e-08 -2.982354280913324269e-07 1.601634706416415003e-07 inf 0.000000000000000000e+00 -9.000000000000000000e+01
1.463464505810019235e-06 1.204879804595354820e+00 7.033013670069715060e-04 1.805204053734515458e-03 -2.563313102203065852e-02 4.696870729014832729e-10 0.000000000000000000e+00 1.897188973670032306e-04 inf 0.000000000000000000e+00 -9.000000000000000000e+01
9.490579771745405457e-01 1.555417736932919898e-05 1.945166089405766336e-03 4.728571417242865629e-10 -5.858382575151484944e-02 3.899252737911040270e-08 4.728571417242865629e-10 1.922855380008668294e-07 inf 0.000000000000000000e+00 -9.000000000000000000e+01
9.870474676417400131e-04 9.960498316942077105e-10 0.000000000000000000e+00 3.134066998031447698e-02 -1.006819023117602629e+00 3.538832975072130245e-04 0.000000000000000000e+00 1.057783030054156341e-07 inf 0.000000000000000000e+00 -9.000000000000000000e+01
4.966458049976776173e-03 1.259029365396709954e+00 -8.101131572429649819e-02 5.338211745834158600e-06 -1.026700312178133190e-05 2.312831416428885398e-08 -5.905101488754600207e-09 0.000000000000000000e+00 inf 0.000000000000000000e+00 -9.000000000000000000e+01
9.270172852116123074e-01 4.293083947712687516e-05 2.028977521134365386e-02 7.976433015832367096e-08 -7.980644916461837601e-02 3.235722827177280717e-08 4.787069174343464307e-10 -2.756027799540846507e-02 inf 0.000000000000000000e+00 -9.000000000000000000e+01
2.959635930701288303e-02 6.362458369999898222e-01 5.128821403602970896e+00 2.542251376371619520e-02 9.011711968481486354e-03 7.599980807157129448e+01 0.000000000000000000e+00 0.000000000000000000e+00 inf 0.000000000000000000e+00 -2.000000000000000000e+01
1.052615503229933740e-02 1.164787353803138803e+00 8.082314291558561435e-06 8.455042377819758730e-06 -8.067373780479797363e-02 1.367964376520791303e-10 0.000000000000000000e+00 2.160006770453835697e-09 inf 0.000000000000000000e+00 -8.000000000000000000e+01
4.096656110114194060e-01 2.523745485496960150e-02 0.000000000000000000e+00 6.874609373327070921e-03 -5.885887776345453126e-01 2.753578125760431004e-09 0.000000000000000000e+00 0.000000000000000000e+00 inf 0.000000000000000000e+00 -9.000000000000000000e+01
4.229002712754704740e-01 2.453457881676268312e-02 3.059174416055197219e-05 7.081988773167781533e-03 -5.756142581249459322e-01 2.837226028073958778e-09 8.223579297309481562e-10 3.442598162598736203e-08 inf 0.000000000000000000e+00 -9.000000000000000000e+01
6.720257557934863121e-04 1.228847096308089250e-03 6.660255258310444042e-06 2.249281725082326489e+00 -2.482271134542340107e-01 6.825261582277594806e-07 1.722722274372950778e-08 6.976585741242498324e-10 inf 0.000000000000000000e+00 -2.000000000000000000e+01
3.961477101587516092e-01 2.459634220146854344e-02 1.172805720864725232e-02 1.433429214390219641e+00 -5.994340351086373531e-01 6.210169181662173778e-04 1.230322163535306750e-06 5.192108660078210806e-03 inf 0.000000000000000000e+00 -9.000000000000000000e+01
6.336022990928605880e-01 4.823775892842038782e-02 1.119567820859343650e-02 5.108816648125836942e-10 -3.550724293574084589e-01 0.000000000000000000e+00 2.547279742693440443e-08 3.587932482279202091e-03 inf 0.000000000000000000e+00 -9.000000000000000000e+01
6.139758269437126659e-01 1.230208917957071289e-02 2.137346915946058620e-03 3.780670187297622604e-09 -3.891523256069708281e-01 8.408963939718911474e-10 6.229360486543769734e-09 0.000000000000000000e+00 inf 0.000000000000000000e+00 -9.000000000000000000e+01
4.182967557251820949e+02 1.534172232824395365e+01 -9.517619059285845604e-06 3.991978769083885936e+01 3.442531038778554077e+11 3.296455354180886010e-04 5.983783088567477901e-04 8.164624193014819026e-08 inf 0.000000000000000000e+00 -2.000000000000000000e+01
5.532161733340712115e-09 6.843366633720570686e-07 1.540439863433984868e+00 9.524933021671986648e-13 -1.275699981792746353e-08 0.000000000000000000e+00 1.055176111858503745e-14 6.299558876767186990e-14 inf 0.000000000000000000e+00 -9.000000000000000000e+01
6.329219068909074375e-01 0.000000000000000000e+00 0.000000000000000000e+00 1.740946893063595615e-09 -3.753374099004218034e-01 7.486528581615210186e-08 0.000000000000000000e+00 0.000000000000000000e+00 inf 0.000000000000000000e+00 -9.000000000000000000e+01
-1.537503585425198938e-01 1.116857203893438122e+00 4.890492917572845894e-07 1.456294197233600762e+00 -1.709932132211858257e-07 6.939800892819119702e-08 0.000000000000000000e+00 0.000000000000000000e+00 inf 0.000000000000000000e+00 -1.000000000000000000e+01
3.760171417913125702e-01 1.906640591851429811e-01 1.788305394951179850e-03 1.244892910111351281e+00 -3.951366574756166039e-01 -2.751085867908191207e-01 -1.341021586190768722e-02 2.160514304130855755e-09 inf 0.000000000000000000e+00 -9.000000000000000000e+01
1.449712794098973563e-03 1.419734402324813526e-07 3.047429900201430655e-06 1.805998141801263722e-03 -1.094508588141435146e+00 2.599982086772757994e-01 5.252923556136867427e-10 -5.053190991227698436e-01 inf 0.000000000000000000e+00 -9.000000000000000000e+01
1.273232938480870716e-04 7.518137351029902452e-04 4.135833692739268597e-01 7.059549045062634068e-08 -9.857229494011374715e-01 -7.368893929669507667e-04 -1.492434213603950827e-04 8.266504204379794244e-08 inf 0.000000000000000000e+00 -9.000000000000000000e+01
6.512732024762581950e-01 9.648491888537158445e-02 0.000000000000000000e+00 4.361136564894921673e-08 -3.216163962845719482e-01 7.427956808720826733e-03 5.503838212908254515e-10 -1.397649378385102704e-03 inf 0.000000000000000000e+00 -9.000000000000000000e+01
4.907620360922070324e-01 1.328563122979948751e-07 5.611502165675833487e-01 8.041303112773373983e-09 -4.868515816213527803e-01 7.332102132851698890e-04 1.428321897828267641e-06 4.716253410797789040e-10 inf 0.000000000000000000e+00 -9.000000000000000000e+01
6.534290420898000162e-01 1.241194871616654316e-01 2.443758804058747945e-05 2.210127642362558653e+00 -2.708857759123041182e-03 5.591320143686415568e-05 0.000000000000000000e+00 5.160769935329143205e-10 inf 0.000000000000000000e+00 -2.000000000000000000e+01
8.850473586436329310e-01 6.809523858529675788e-02 1.031537955936372208e+00 6.093873343500947808e-08 9.596755437878832151e-04 1.393405068991560046e-07 2.464835337445905844e-08 3.547180005918461801e-08 inf 0.000000000000000000e+00 -9.000000000000000000e+01
5.738968696880010212e-01 5.505202151182250203e-01 1.383993831340498573e-05 2.472081220753812869e-01 -1.542859201605216446e-01 2.328533951286282096e-04 5.060673320140031366e-07 -1.469556413087882673e-10 inf 0.000000000000000000e+00 -9.000000000000000000e+01
4.324518533075932814e-01 2.651529611521010188e-01 4.133150696530146079e-02 1.246850233989046375e+00 -5.618717510127854142e-01 2.399002981852342287e-01 1.166456013996872848e-02 4.574323955043764387e-09 inf 0.000000000000000000e+00 -9.000000000000000000e+01
3.156933472549360853e-01 5.572512704969713182e-01 2.837996700493860582e-03 3.945684188186616981e-04 -4.077448320709546326e-01 0.000000000000000000e+00 1.809946875314961877e-05 1.693054472950870839e-05 inf 0.000000000000000000e+00 -9.000000000000000000e+01
5.457765977145644619e-04 1.162694984110244217e-01 5.067656569399271449e-01 3.511289999282512868e-04 -1.755644999641256488e-03 -8.207258711366429704e-01 0.000000000000000000e+00 2.049942148867805220e-07 inf 0.000000000000000000e+00 -9.000000000000000000e+01
4.348473620094103209e-01 6.236993413436253686e-03 0.000000000000000000e+00 7.448154815956053998e-01 -5.017469561647042164e-01 1.765145084028051198e-07 -9.232143993430558249e-01 -2.157511911508228075e-01 inf 0.000000000000000000e+00 -9.000000000000000000e+01
2.350515991676855286e-03 2.825381679389313376e+03 9.540946556980376156e-07 3.863616805623165528e-08 -5.635734732824428761e+01 2.864464122137405351e+07 1.146593166671636783e-03 0.000000000000000000e+00 inf 0.000000000000000000e+00 -2.000000000000000000e+01
1.645575552326982577e-02 6.100703283166345038e-11 4.691485139790874638e-10 2.273828541509361312e+00 -6.534719301770763877e-02 0.000000000000000000e+00 4.003124914620047047e-11 -2.586701028224831414e-05 inf 0.000000000000000000e+00 -2.000000000000000000e+01
8.854125422926027833e-06 -3.747709815376689372e-05 1.751506992753366728e-05 3.119066910348941633e-07 -1.059146581500271288e-03 0.000000000000000000e+00 1.260832490977747549e-08 -2.253534229998646943e+00 inf 0.000000000000000000e+00 -3.000000000000000000e+01
8.501235619142794020e-02 2.651225466764237071e-04 1.295096587193240445e-01 2.191319008243910061e-04 -9.169560863336096990e-01 0.000000000000000000e+00 0.000000000000000000e+00 -2.410757372471267392e-08 inf 0.000000000000000000e+00 -9.000000000000000000e+01
2.147645440734981204e+00 -3.052556819562681274e+11 7.558342154750673503e-01 -1.282442748100298195e+04 -6.492366412257759293e+03 1.164508684908776251e-05 0.000000000000000000e+00 4.837189921928762863e-05 inf 0.000000000000000000e+00 -2.000000000000000000e+01
8.814122368250811856e-01 6.650747231168750197e-03 1.870522658766211183e-03 1.156477103442475673e+00 -1.234780240654726469e-01 5.427260712227329788e-03 0.000000000000000000e+00 1.024696479057499680e-09 inf 0.000000000000000000e+00 -9.000000000000000000e+01
2.726715395109936987e-08 3.015793730522936311e+00 2.569059161010419645e-01 6.540033112232791768e-02 5.419842825317020996e+00 1.599246566046883904e-10 3.201563685500578111e-05 0.000000000000000000e+00 inf 0.000000000000000000e+00 -2.000000000000000000e+01
1.933370109732824815e+01 2.802212547709924451e+01 1.409354100700553397e-03 1.011480300026085735e-05 -4.978232347328245311e+01 2.689477374045802116e+09 0.000000000000000000e+00 4.245604580367794991e-06 inf 0.000000000000000000e+00 -2.000000000000000000e+01
3.134184725946704696e-04 -5.343954457105450556e-10 1.554275567524229450e-09 2.264089457882431322e+00 -4.689405177079349860e-05 8.736985120270466062e-07 1.710065426273744178e-08 8.661746878979983966e-03 inf 0.000000000000000000e+00 -2.000000000000000000e+01
6.403341573282016804e-04 7.066585046502898981e-02 5.403293600183168843e-01 1.295122338403370162e-08 -9.460571001032451743e-01 6.509995470912515383e-07 2.292251926377646576e-09 -4.951264160975716406e-08 inf 0.000000000000000000e+00 -9.000000000000000000e+01
4.563766743802526449e-01 4.359493341514421999e-02 1.272816359531442777e-03 2.889721300660988423e-01 -5.341002128118240710e-01 4.589920662910387069e-07 7.795381560649433706e-10 3.253807111760903825e-06 inf 0.000000000000000000e+00 -9.000000000000000000e+01
6.575051897942622847e-02 5.989691342429657875e-05 6.476916794988255566e-01 1.566236243151705398e+00 -1.790965628917207120e-01 1.312438471638334474e-09 4.734283623319340460e-10 2.760873353151170088e-07 inf 0.000000000000000000e+00 -9.000000000000000000e+01
1.389026483539136381e-01 1.009771896077355565e-03 2.766217653621002483e-05 3.880881244643484607e+00 -9.064342007385300937e-02 7.546904012074873158e+00 8.057192895453600956e-01 4.414670273967285508e-01 inf 0.000000000000000000e+00 -2.000000000000000000e+01
-4.518822217918903178e-02 5.628530044364361551e-01 4.747030242557075397e-01 -1.527548135192867244e-02 -3.957403741594236468e-01 -1.448639246764640010e-01 -6.380942651251472753e-02 -1.397801918630083851e-01 inf 0.000000000000000000e+00 -9.000000000000000000e+01
5.885844922247560757e-02 7.846977874522670149e+00 2.866482916679006712e-05 5.588770276717392704e+01 -1.245047299916471006e+00 0.000000000000000000e+00 1.487833969465605151e+03 8.450152764793322259e-05 inf 0.000000000000000000e+00 -2.000000000000000000e+01
1.247423135988440235e-02 2.518287780572636692e-01 3.318404133017082483e-10 3.295848965075372082e-07 -5.492010585291388081e-01 -4.554350241461151139e-02 -4.428697245191970887e-10 -2.164655879470946953e+00 inf 0.000000000000000000e+00 -3.000000000000000000e+01
6.764885453766476712e+04 7.445211582238694947e-02 6.726679868963092446e-02 1.186003045998718031e+07 -1.060613960429962432e+01 3.442531017193499756e+11 0.000000000000000000e+00 7.446137217341402096e-06 inf 0.000000000000000000e+00 -2.000000000000000000e+01
7.763391879451837438e-04 -2.216135457172358603e+00 4.432224931177431366e-08 2.003816960833991288e+03 5.690840168768535659e+04 2.247322793904088858e-02 1.553173312908544006e+11 1.575865780142597556e+08 inf 0.000000000000000000e+00 -2.000000000000000000e+01
6.640140970269274988e-14 5.493620046473350799e-13 1.531514784691552139e-09 -6.673100280209009159e-03 -1.218703522825461016e+00 2.611032383782715266e-02 4.708540600184383461e-10 4.632137756625681959e+02 inf 0.000000000000000000e+00 -3.000000000000000000e+01
1.736934977831713633e-01 2.278407399693834490e-01 1.509118754006494034e-01 -5.597500027152873744e-03 -3.216168874135839628e-01 -3.208168227522626426e-01 -5.302430434616061117e-01 -5.746938262592298646e-02 inf 0.000000000000000000e+00 -9.000000000000000000e+01
1.757074683806534310e-01 2.546691242116353449e-01 1.280841365237655784e-05 1.565005791244686639e+00 -7.184799314350606148e-01 4.776018650038716593e-07 8.692006596259552534e-03 5.668699954082315889e-03 inf 0.000000000000000000e+00 -9.000000000000000000e+01
-1.074058014844692446e-03 5.931255231690918395e-02 2.828148189945338398e-02 2.030341252949997316e-07 -9.835670927254344109e-01 7.843223244214127559e-10 2.837607931936574000e-08 0.000000000000000000e+00 inf 0.000000000000000000e+00 -9.000000000000000000e+01
6.189372697465964634e-01 3.684416919094593654e-05 3.916115441297909339e-01 1.856811809239789390e+00 4.663818884929865600e-07 7.059156264229844192e-03 0.000000000000000000e+00 5.829773606162332000e-08 inf 0.000000000000000000e+00 -9.000000000000000000e+01
0.000000000000000000e+00 3.132437791565503837e-01 1.438963610500403334e+00 2.458319917655734126e-07 -1.239923292494678586e+00 1.269289896790605221e+00 -4.160268941922934949e-01 2.206215709328104324e-09 inf 0.000000000000000000e+00 -9.000000000000000000e+01
2.285448892481999907e-04 1.181144529367771145e+00 1.183347725107998578e-06 3.882578865164471721e-05 -4.604029124613403384e-02 8.344189245034953168e-04 -2.368567835856990913e-08 1.731956717919143575e-09 inf 0.000000000000000000e+00 -9.000000000000000000e+01
5.121957143874381613e-01 9.475079283065716840e-02 5.886399613895371246e-08 2.664370351552641436e-07 -4.439751435493650145e-01 -3.668209265301156097e-02 3.833905011681853514e-08 5.845091546429438916e-07 inf 0.000000000000000000e+00 -9.000000000000000000e+01
5.917779616362078249e-10 1.568363336274831779e-07 4.928552980741148781e-01 5.457430502305701467e-03 -7.576122763783914582e-01 -4.195379810052382585e-01 1.132854378321183492e-01 -5.519467526799246050e-10 inf 0.000000000000000000e+00 -9.000000000000000000e+01
3.545069987593752681e-17 3.905378395150946111e-11 5.948200322316341585e-15 1.285621766585204355e-17 -3.726372554862884948e-14 0.000000000000000000e+00 7.151836152243883666e-13 -2.277499016404023191e+00 inf 0.000000000000000000e+00 -3.000000000000000000e+01
9.891126153671624399e-01 1.023886105751164143e-02 7.371979961408382520e-01 4.523008075964420840e-08 7.376537944956979703e-05 6.491051538347003547e-02 1.594797908658534224e-09 0.000000000000000000e+00 inf 0.000000000000000000e+00 -9.000000000000000000e+01
6.411987966696792718e-01 1.123561818365248488e-01 9.369114837182528355e-01 8.432203353464274853e-01 -9.003133788855086084e-02 3.957170085040472365e-03 0.000000000000000000e+00 7.580424207078592161e-10 inf 0.000000000000000000e+00 -9.000000000000000000e+01
1.878448258085265070e-05 -5.314864161904066242e-02 0.000000000000000000e+00 1.331675318962600128e-02 -1.026514521426103776e+00 6.991295424553650717e-04 0.000000000000000000e+00 0.000000000000000000e+00 inf 0.000000000000000000e+00 -9.000000000000000000e+01
4.054526265999307544e-01 2.449408021673209548e-02 5.479359616384503714e-10 2.237246951549021201e+00 -1.456339386713355055e-01 2.119647009496110868e-09 0.000000000000000000e+00 1.068186737846747557e-07 inf 0.000000000000000000e+00 -2.000000000000000000e+01
1.160925581253832977e-03 2.097608592671856069e-05 7.674618320602761742e+03 1.953721374043783953e+03 1.635114503815105418e+05 3.442531038775070801e+11 0.000000000000000000e+00 8.453885164415933450e-06 inf 0.000000000000000000e+00 -2.000000000000000000e+01
1.242687223779513647e-05 1.227581977928847490e+00 0.000000000000000000e+00 5.921896594257212918e-07 -1.093273217401331746e-06 6.994286696180280255e-13 0.000000000000000000e+00 9.883231201124308463e-13 inf 0.000000000000000000e+00 -9.000000000000000000e+01
1.641526717555820942e+05 1.490839694655188941e+05 9.901672829189841707e+00 1.678196564884033251e+03 3.442531038775625000e+11 3.519203244271741369e+02 2.700456226142684102e+01 2.896141459921139472e+01 inf 0.000000000000000000e+00 -2.000000000000000000e+01
1.752714280882672802e-06 1.242626104701981119e-04 1.764155718571147169e+00 8.438612026863046359e-03 1.354208306161663877e+00 3.474747825410609302e-10 2.072837221281983199e-08 7.220611777445848183e-08 inf 0.000000000000000000e+00 -1.000000000000000000e+01
2.231976917911002167e-01 1.047826289606123229e+00 -4.711730839293318241e-04 0.000000000000000000e+00 -2.263719104617820457e-02 3.920883258960637380e-10 0.000000000000000000e+00 1.282347797674705022e-04 inf 0.000000000000000000e+00 -9.000000000000000000e+01
2.197703759577456582e-06 2.261729671172078571e-01 2.560101175023769479e-02 6.798829840370566261e-05 -9.105856265696055107e-01 0.000000000000000000e+00 7.559876103917337801e-07 1.536917191200666925e-09 inf 0.000000000000000000e+00 -9.000000000000000000e+01
3.740400431032084305e-01 1.896615472797342217e-01 1.006421302417531138e-01 2.329825692210662491e-01 -3.930590283457444656e-01 -2.736620654342682979e-01 -8.584958616422510430e-03 -2.588695213567402953e-01 inf 0.000000000000000000e+00 -9.000000000000000000e+01
1.007176166873167398e-05 2.821671276194746836e-02 0.000000000000000000e+00 2.248523123693931147e+00 0.000000000000000000e+00 0.000000000000000000e+00 7.296516880282473396e-10 6.056109010634453343e-10 inf 0.000000000000000000e+00 -2.000000000000000000e+01
6.590673383889985582e-01 4.952098614696723022e-08 1.590766447305654914e-05 2.606311747265585010e-01 -3.495054067214386495e-01 5.654439523992652648e-10 2.964554789155059763e-03 2.666226959846403344e-01 inf 0.000000000000000000e+00 -9.000000000000000000e+01
9.954330821394979933e-01 1.427893925202382275e-04 1.286050157798171965e-02 3.489356678143569609e-04 -7.459090915229397295e-03 0.000000000000000000e+00 -7.886513467674084298e-04 -1.210400148515926593e-04 inf 0.000000000000000000e+00 -9.000000000000000000e+01
6.022176422801855944e-01 3.814633745821703337e-01 3.282915937343526193e-09 9.520027794476906488e-03 -2.322334896183120279e-01 0.000000000000000000e+00 0.000000000000000000e+00 7.302784002217057250e-06 inf 0.000000000000000000e+00 -9.000000000000000000e+01
8.430938718983747027e-01 6.733809640072716126e-06 0.000000000000000000e+00 1.669842409190917659e-07 -1.641178826156341475e-01 -9.348269860526819269e-04 1.909587808378830117e-06 2.281965282936256043e-09 inf 0.000000000000000000e+00 -9.000000000000000000e+01
3.686565036899603211e-04 1.035056190015881006e+00 1.667158788200295361e-03 0.000000000000000000e+00 -1.547919741012741325e-04 3.710631633579659916e-03 0.000000000000000000e+00 2.230070160228093050e-08 inf 0.000000000000000000e+00 -9.000000000000000000e+01
9.905775666085870901e-01 2.308036037658217285e-02 0.000000000000000000e+00 2.225407135942579107e+00 1.848705251825461523e-09 0.000000000000000000e+00 0.000000000000000000e+00 5.993849058652863257e-10 inf 0.000000000000000000e+00 -2.000000000000000000e+01
1.173466444015503201e-04 1.075397643708545953e-06 1.379733777228202805e-02 2.548529123105393887e-07 -3.124848576902433672e-01 2.904702688901479590e-03 1.231145038167939201e+05 3.802382124175553151e-07 inf 0.000000000000000000e+00 -3.000000000000000000e+01
1.238320620005367440e-01 1.190635482318528779e-05 -1.221075858778626042e+02 1.482927162228649953e-01 -1.735565828458043525e-06 4.525221031130725602e-01 7.756392983364240136e-08 3.377821666138772911e-06 inf 0.000000000000000000e+00 -2.000000000000000000e+01
-6.237801526717557572e+06 1.311091066316793885e+01 6.822826525637212239e-05 1.482927162228649953e-01 -1.138167938931297795e+04 1.510445398228769109e-01 2.305130012162769234e-04 3.377821666138772911e-06 inf 0.000000000000000000e+00 -2.000000000000000000e+01
6.318636950355305274e-06 2.487033696189319016e+02 7.429302193435571421e-04 0.000000000000000000e+00 -9.345312283445346471e-08 2.423475419110728002e-02 -7.043538381225108424e+03 1.131385616058746725e+07 inf 0.000000000000000000e+00 -2.000000000000000000e+01
5.694290179021126441e-01 6.985778673232103664e-01 1.653496632739811789e-01 8.018615930098899400e-09 2.901281036526692405e-09 1.466794384537072717e-06 3.950990758285093596e-09 5.685927659524673428e-09 inf 0.000000000000000000e+00 -9.000000000000000000e+01
7.272267789551052353e-01 5.063218702940114335e-01 1.969572526336743346e-01 1.279091959372691311e-03 1.536819443723905036e-04 2.231391658223807351e-08 0.000000000000000000e+00 0.000000000000000000e+00 inf 0.000000000000000000e+00 -9.000000000000000000e+01
3.594910885462251795e-04 5.344802891862646815e-02 9.494251825707999200e-05 6.245005448463270730e-05 -9.476701286410768033e-01 6.716097114008293030e-10 -5.965413558776498926e-01 -6.531750289040090252e-01 inf 0.000000000000000000e+00 -9.000000000000000000e+01
1.569040981960302394e-01 3.369181023279099185e-01 2.067728425839158168e-01 2.967798446498556286e-01 -4.719286054268196362e-01 -2.779270266495574293e-01 0.000000000000000000e+00 1.634824837049071048e-08 inf 0.000000000000000000e+00 -9.000000000000000000e+01
1.047353642742126069e-04 1.831121166960406874e-06 9.806031195083524260e-08 6.563213916962548756e-09 -1.001684956525781933e+00 1.223471750434297102e-02 3.698983919158088695e-08 5.300221924431221510e-08 inf 0.000000000000000000e+00 -9.000000000000000000e+01
3.746885666239780505e-02 6.516322897808313197e-01 2.873106004942756544e-02 3.890471545433319387e-05 -6.113495664125617735e-01 4.248423853052184299e-07 1.884673134811447704e-06 -5.472952935697211670e-10 inf 0.000000000000000000e+00 -9.000000000000000000e+01
1.965435476165296471e-09 5.987616727896511817e-06 1.473909397108087216e+00 1.764156343243655192e-04 -2.362801184487396400e-01 7.505200321683354601e-09 2.254483737485424370e-06 1.066087856430354572e-05 inf 0.000000000000000000e+00 -9.000000000000000000e+01
5.554725558010995545e-01 2.890048142354169070e-01 6.667184501917346462e-10 2.983737917539544022e-06 -3.281132638681912295e-01 1.035142127112500729e-08 4.099083804882516538e-09 5.867122361687265300e-09 inf 0.000000000000000000e+00 -9.000000000000000000e+01
1.004367597743348147e-05 1.224242345345076144e+00 0.000000000000000000e+00 1.079597466445914062e-06 1.941809922679868325e-07 0.000000000000000000e+00 4.621263363157623825e-06 2.188505271347373430e-05 inf 0.000000000000000000e+00 -9.000000000000000000e+01
7.116844581437827832e-01 2.661964156058171938e-02 2.584334437351062386e-01 6.278521031081726322e-01 -4.540839439318722359e-01 -5.386818627802349990e-01 5.971493915042302980e-02 -3.839147684154747275e-01 inf 0.000000000000000000e+00 -9.000000000000000000e+01
3.197405969465328401e-01 1.524419815745085838e-01 3.720617855377836292e-01 2.441201290607405972e-04 -1.873227739686758042e-01 -5.309631731112121056e-01 0.000000000000000000e+00 1.390850792592643168e-09 inf 0.000000000000000000e+00 -9.000000000000000000e+01
1.281162654274272932e-07 1.810471322605622657e-01 1.334499746392350916e+00 9.252531574986966323e-02 -8.196047178999653250e-07 2.502933662323910669e-08 1.633933124371938434e-09 0.000000000000000000e+00 inf 0.000000000000000000e+00 -9.000000000000000000e+01
1.624187440362595680e+01 5.977671284171689638e-08 9.540946556980376156e-07 0.000000000000000000e+00 -1.851270217021913319e-04 1.050577099236641452e+07 0.000000000000000000e+00 5.758975993287359626e-08 inf 0.000000000000000000e+00 -2.000000000000000000e+01
3.535597255584078231e-05 4.414939577461788889e-01 1.150499060732639300e+00 6.855130234438018121e-04 2.589628567645582344e-02 4.085976025127183271e-11 0.000000000000000000e+00 -9.590921374739794858e-10 inf 0.000000000000000000e+00 -1.000000000000000000e+01
4.247289744084284217e-03 1.192907853302521248e+00 -7.675677580676058820e-02 8.648903908792781378e-08 -8.653470903055175689e-02 2.360381457588326263e-08 5.594978269838995906e-09 -5.365640856555398130e-02 inf 0.000000000000000000e+00 -9.000000000000000000e+01
2.536763277184624901e-05 9.451255181282145965e-04 4.922528740251117690e-06 2.224574209311124484e+00 5.451021089664580929e-06 3.539011268393728652e-08 -5.253219851521941536e-10 -3.024401658010286709e-02 inf 0.000000000000000000e+00 -2.000000000000000000e+01
0.000000000000000000e+00 4.353068161198017649e-01 1.134870475907624243e+00 1.054946364031142912e-07 -9.538340529683891553e-03 4.487185055340799329e-09 5.396832093770430379e-08 3.993167348295659263e-06 inf 0.000000000000000000e+00 -9.000000000000000000e+01
1.403332245953679558e-01 1.951719467178137482e-08 -1.479562639561039949e+00 1.995091010893207219e-07 -9.251597769620554246e-01 7.904572064399584957e-03 1.649022235000046826e-09 -8.325787409589277418e-10 inf 0.000000000000000000e+00 -1.000000000000000000e+01
6.135417469866268503e-04 2.385939706287466822e-01 7.513637347261447989e-03 1.240932742649449141e-08 -9.064728459408754047e-01 6.237608830308735521e-07 1.405658327956898058e-08 -1.271132433289148010e-08 inf 0.000000000000000000e+00 -9.000000000000000000e+01
5.385101717502427388e-01 3.820511353633478796e-02 5.842523485012285356e-01 1.011263680154748022e-07 -4.199963501681429623e-01 0.000000000000000000e+00 5.712369516805504291e-10 9.258892311101543302e-03 inf 0.000000000000000000e+00 -9.000000000000000000e+01
5.844572793934975935e-06 1.690673619887811049e-02 0.000000000000000000e+00 2.609604457991538951e+00 0.000000000000000000e+00 7.346194157343331790e-10 1.359686964523745139e-04 3.489323033986944655e-01 inf 0.000000000000000000e+00 -2.000000000000000000e+01
4.861130066606796974e-06 4.059939950575298662e-01 3.146939100445925175e-01 0.000000000000000000e+00 -7.789645551103803189e-01 3.035242187930097747e-05 0.000000000000000000e+00 0.000000000000000000e+00 inf 0.000000000000000000e+00 -9.000000000000000000e+01
7.834797348864486893e-04 5.014270303273271612e-02 2.881294762766001756e-08 2.258579676856659280e+00 -5.090436434462232429e-02 7.041400148979474495e-05 1.513285064477942112e-10 0.000000000000000000e+00 inf 0.000000000000000000e+00 -2.000000000000000000e+01
8.668855856392324810e+00 5.246810330688921331e-01 3.761559003210127729e-08 1.759601622137241179e+02 1.925321025702610850e-03 5.473071382245436184e-02 4.945099236640762538e+06 0.000000000000000000e+00 inf 0.000000000000000000e+00 -2.000000000000000000e+01
7.586751829780469247e-01 3.366860217661909901e-05 2.471592123878923768e-09 1.343054377237189395e-03 -2.493653489868082607e-01 0.000000000000000000e+00 1.106912948272408828e-05 2.588562050907872635e-06 inf 0.000000000000000000e+00 -9.000000000000000000e+01
7.420779170024928151e-01 4.549966790380248205e-01 9.851490595242948234e-02 4.535896255058434207e-04 -3.537734595198927662e-02 0.000000000000000000e+00 -1.416531296911221100e-08 7.667833231143362643e-09 inf 0.000000000000000000e+00 -9.000000000000000000e+01
6.203621802940454621e+00 1.091837437317520099e+01 -1.416555415136047072e-04 2.960222356791351217e+01 -4.367573324478525884e-07 6.987464793270549945e-09 1.272295394764899975e+05 1.777376134085794875e-04 inf 0.000000000000000000e+00 -2.000000000000000000e+01
7.089585590772241597e-01 3.010471769841623917e-05 3.876809456355113054e-10 1.385313245737560477e-06 -3.176221067425484268e-01 4.769751773608235657e-02 0.000000000000000000e+00 1.580001770623893635e-10 inf 0.000000000000000000e+00 -9.000000000000000000e+01
3.306297709923549633e+02 2.594942748091512840e+03 4.013076083350588553e-03 6.606333492366182725e+01 3.442531038778506470e+11 6.237466826693485733e-02 1.355607546012773073e-04 -3.936515235917804556e-08 inf 0.000000000000000000e+00 -2.000000000000000000e+01
1.444059202630616420e-03 8.675406689273218778e-05 1.539072404044516729e+00 1.505947454171928683e-03 -1.556047467324419469e-03 1.241132276655080929e-08 2.248428037418624882e-08 8.993712149674498865e-09 inf 0.000000000000000000e+00 -9.000000000000000000e+01
1.167657812168669670e-03 5.043771246768729947e-12 1.166592183236200623e-09 2.277488761258509964e+00 7.144953755413049716e-04 9.709518570525019424e-14 7.961805227830515726e-14 0.000000000000000000e+00 inf 0.000000000000000000e+00 -2.000000000000000000e+01
1.700015610084349704e-01 3.155424657566634483e-01 0.000000000000000000e+00 5.780741030244107613e-04 -1.111492220463781990e+02 3.442531325584489136e+11 1.553173312910189514e+11 1.575865780144266784e+08 inf 0.000000000000000000e+00 -3.000000000000000000e+01
5.811253199376795742e-01 1.328495383246792831e-02 2.285255819805262663e-03 2.230897201371494720e+00 -2.413230145714357344e-01 1.418056284669199902e-08 1.807673060588147249e-06 6.919562557107647873e-10 inf 0.000000000000000000e+00 -2.000000000000000000e+01
6.099736835103345411e-01 1.254057737480128443e-03 6.842819929853728451e-06 4.200818827532722412e-09 -3.972854912337047129e-01 6.123328796289689662e-05 6.906684335658781481e-09 3.385955891196347142e-03 inf 0.000000000000000000e+00 -9.000000000000000000e+01
2.147645440720420407e+00 -3.052556819541985474e+11 1.761167104007633988e+00 3.833920901058285378e-04 -2.349435114503817167e+06 5.033587786259542918e+04 8.408349888925335542e-04 0.000000000000000000e+00 inf 0.000000000000000000e+00 -2.000000000000000000e+01
6.211040742740518011e-02 1.448470322467471615e-02 5.932934440826763689e-01 1.575935710844608983e-01 -2.527580712705737934e-03 1.588574286305992442e-09 -7.675733932819625016e-01 -1.793785647343716649e-01 inf 0.000000000000000000e+00 -8.000000000000000000e+01
8.000928215929643539e-01 7.384822984112277000e-02 2.156104567682780825e-03 5.350831739345351945e-01 -1.164692082065707651e-01 4.477155178519607585e-09 -8.102205788283183274e-01 3.203429682787961714e-07 inf 0.000000000000000000e+00 -9.000000000000000000e+01
9.836169808010097274e-04 6.675542732260881726e-03 3.875031352089286138e-05 1.904655410178925923e+00 -2.154074571035690111e-01 -8.473091110445096774e-01 9.402731196661744541e-10 3.357419668897848694e-07 inf 0.000000000000000000e+00 -9.000000000000000000e+01
2.900052677682083812e-03 3.732980483362268176e-01 1.627035751291789678e+00 4.411347735065704843e-03 -5.458307597521299126e-01 6.587612617698119788e-01 0.000000000000000000e+00 6.581600624691129704e-07 inf 0.000000000000000000e+00 -9.000000000000000000e+01
8.590581762940107780e+00 -3.052556819562745972e+11 2.952477404199544721e-03 -1.286450381688138987e+04 -4.373564974982036446e+00 8.752327838986353331e-03 3.057581777811826202e-04 4.837189921928865862e-05 inf 0.000000000000000000e+00 -2.000000000000000000e+01
2.516130587995501133e-04 7.316542872947642506e-06 2.004328912029082320e-07 2.802254924346409340e-02 -1.008811772764707237e+00 1.809463601137365882e-09 1.087418029529667021e-11 7.259530850561037279e-05 inf 0.000000000000000000e+00 -9.000000000000000000e+01
6.018240099286209510e-01 2.368468684235217891e-01 1.912247257353844043e-01 -2.470505355245847498e-08 -3.902149225666219912e-01 2.208305842883246384e-01 0.000000000000000000e+00 -3.910225618944621970e-06 inf 0.000000000000000000e+00 -9.000000000000000000e+01
9.951682349738973921e-01 2.324818161448316892e-02 4.528773925841627095e-05 7.926056651489541760e-10 -3.887375917866786688e-03 1.007979078507532770e-04 0.000000000000000000e+00 5.912801987152381799e-10 inf 0.000000000000000000e+00 -9.000000000000000000e+01
5.190334326027696399e+00 2.403681283380294938e-04 1.904455170678233692e-04 -8.763384711089252050e+02 -5.023077553730616676e-05 -1.134550084928850128e-07 2.670857295422691014e-09 5.760113314006530493e+07 inf 0.000000000000000000e+00 -2.000000000000000000e+01
1.814783620147145116e-01 6.206090379505316357e-08 2.354599430956682790e-08 1.074205253945683891e+00 -8.249016455214296384e-01 1.083880573322055402e-07 2.296212467109004086e-10 1.864285512329391928e-09 inf 0.000000000000000000e+00 -9.000000000000000000e+01
6.114315121265022634e-01 5.156782106890777859e-03 4.280020584885516066e-01 2.184847155814250515e-04 -3.724173755679605069e-01 2.378809591352011173e-07 3.597825265471900515e-10 -8.862556625162436154e-09 inf 0.000000000000000000e+00 -9.000000000000000000e+01
3.122309923696642373e-04 -1.064741455413944913e-09 1.548386726686719761e-09 2.255511273461382249e+00 -4.671637954015809570e-05 8.703882422236733195e-07 2.309947564287880293e-09 -4.897088836290306684e-08 inf 0.000000000000000000e+00 -2.000000000000000000e+01
0.000000000000000000e+00 1.461038443284554447e-06 1.099655056904782970e-04 6.869862394546149892e-04 -1.008312603188853629e+00 1.654849665352913605e-06 0.000000000000000000e+00 2.970223172184219829e-01 inf 0.000000000000000000e+00 -1.000000000000000000e+01
1.551009040004036653e-03 1.491282925109977030e-07 1.529409803002498958e+00 1.877251722929389121e-09 -1.693424221917987459e-05 3.662104677787308629e-05 9.641915464073126852e-10 4.879393583333976548e-09 inf 0.000000000000000000e+00 -9.000000000000000000e+01
2.509328875463916475e-01 1.760206885169743607e-01 3.336580153089383494e-01 2.378706473206909167e-05 -6.581243497553714850e-01 4.451418340674320083e-10 -8.416132789731313110e-03 -4.494731941765037209e-01 inf 0.000000000000000000e+00 -9.000000000000000000e+01
1.041281090089923422e+00 4.446695854323549456e-07 1.223340521189506674e-01 2.940960040839419865e-01 -6.551771099384037095e-03 1.971760494701634614e-10 1.169793629689629189e+00 -1.331258102520028741e+00 inf 0.000000000000000000e+00 -1.000000000000000000e+01
2.719444847941664481e-03 1.416230368863126551e-03 0.000000000000000000e+00 3.258036197696344825e-04 -4.875053421748016369e+00 7.305347115675809855e-01 3.614425364226326928e+04 5.054812257943515938e-05 inf 0.000000000000000000e+00 -3.000000000000000000e+01
6.710488248538875045e-01 4.477770651138991698e-02 1.048513788834199226e-02 2.218408468046380921e+00 -3.338282871803001893e-03 3.083864084806468343e-05 2.364565586265945905e-08 6.378298028873470272e-10 inf 0.000000000000000000e+00 -2.000000000000000000e+01
2.735582726874190018e-01 1.811540469895694394e-01 -4.053085243963540612e-05 7.463794713412105590e-04 -7.225279568690607945e-01 1.503526384236195945e-01 1.526279742027151151e-05 1.015194345797637553e-09 inf 0.000000000000000000e+00 -9.000000000000000000e+01
9.831419584540117551e-01 5.874386991341244701e-02 7.111848657798117341e-05 1.354807169310541341e-02 -1.595217518152348679e-07 6.595871753414792267e-09 1.911785450379223298e-09 6.945164704880973966e-08 inf 0.000000000000000000e+00 -9.000000000000000000e+01
8.226174386158556260e-06 -3.481915267450385790e-05 1.952744232467020424e-03 4.746993386899025375e-10 -1.007646655235060473e+00 5.824195732387649820e-10 0.000000000000000000e+00 1.930346603115615798e-07 inf 0.000000000000000000e+00 -9.000000000000000000e+01
9.871003749009428421e-04 1.010698140490188700e-09 1.626037439274808982e-05 2.391231528345307264e-07 -1.006872990162524406e+00 3.366853991910192492e-04 0.000000000000000000e+00 -3.409373077523582809e-08 inf 0.000000000000000000e+00 -9.000000000000000000e+01
4.667078941263584451e-05 4.666975022209624013e-01 0.000000000000000000e+00 3.243846027297859864e-08 -7.844166486840931096e-01 -5.864003759201959556e-04 -5.233066645870102684e-05 0.000000000000000000e+00 inf 0.000000000000000000e+00 -9.000000000000000000e+01
1.620017374852240621e+00 4.385619066938352958e-07 1.703922657215105829e+00 1.257444698872564560e-03 3.742394937120727496e-04 3.156129467341616479e+00 0.000000000000000000e+00 0.000000000000000000e+00 inf 0.000000000000000000e+00 -3.000000000000000000e+01
6.455862298029940716e-02 1.032937967684790515e+00 3.535939846440062928e-02 4.993579727388929406e-09 -1.823411488756548071e-01 3.696104369101110973e-04 7.200154486926907490e-07 2.368278620710190565e-10 inf 0.000000000000000000e+00 -9.000000000000000000e+01
1.102794655121257239e-02 7.919281302918004251e-01 5.515709960102540554e-01 6.335425042334403845e-01 -1.115819788843161811e-02 1.683261096222699144e-05 3.304181642557742382e-08 -7.080720480332260101e-06 inf 0.000000000000000000e+00 -9.000000000000000000e+01
2.336183577093459748e-03 2.245488057609733357e+00 1.448070729961832281e+00 8.432237246564327745e-04 -2.201458880009542485e-01 2.864464122137405351e+07 1.175257995838427643e-03 3.892776177741075932e-08 inf 0.000000000000000000e+00 -2.000000000000000000e+01
1.224038617299212639e+01 5.117930160657866649e-06 -3.760565973883083090e+06 1.742636631579933554e-09 -1.685323249030193566e-05 1.781361890059487638e-07 5.123382677051787574e-04 7.861227471349477934e-08 inf 0.000000000000000000e+00 -2.000000000000000000e+01
9.802328164682397871e-01 2.287224183268970787e-05 1.034397864371999895e-08 4.617847608803570962e-10 -3.608172157116555478e+00 3.594822682962319216e-01 2.655858812308033885e+04 3.628349431951015038e-07 inf 0.000000000000000000e+00 -3.000000000000000000e+01
3.103732070980025782e-03 1.549622373751955162e-01 2.748485629120866244e-03 1.890658957936748319e+00 -8.519931506651675646e-01 3.685588348383028179e-01 -4.176202381771678129e-01 6.936267344987421206e-09 inf 0.000000000000000000e+00 -9.000000000000000000e+01
2.783084657124711980e-01 5.326529930857081263e-01 -1.049196838145977965e-07 2.148040291135002722e+00 -1.388819153751079394e-02 1.350694706393206490e-01 1.616885044195496765e-02 0.000000000000000000e+00 inf 0.000000000000000000e+00 -2.000000000000000000e+01
1.083621880439904345e-01 7.871532235361679009e-01 3.446785543692083564e-07 4.697637510252738124e-04 -4.257315637099208794e-01 7.642380646948500767e-10 0.000000000000000000e+00 6.396600729577584464e-10 inf 0.000000000000000000e+00 -8.000000000000000000e+01
9.147778693686295370e-02 2.852858681203083633e-04 1.393592354964836855e-01 5.946987696587914263e-01 -4.560847707157648090e-01 5.822160573883844097e-06 8.906121788510977046e-09 -1.526244461480206427e+00 inf 0.000000000000000000e+00 -8.000000000000000000e+01
7.269548234563305003e-04 1.351609983838423901e+00 3.198260075466471057e-07 3.355750154940198570e-07 2.197636533872625586e-01 0.000000000000000000e+00 0.000000000000000000e+00 1.661028181949472137e-09 inf 0.000000000000000000e+00 -1.000000000000000000e+01
3.560648881397348586e-01 3.621341760057530390e-01 -1.463583480190848961e-02 -1.299206933819522548e-02 -2.650255701494617089e-01 -2.963835574572225018e-01 -1.186040003817724758e-01 -2.002864995786008406e-01 inf 0.000000000000000000e+00 -9.000000000000000000e+01
