2.304939698917067847e-01 2.011938889732694802e-01 3.491592976113778307e-02 1.101194707851268634e-01 -6.914819096751203542e-01 1.782804684096857707e-09 5.925350022974991909e-05 5.312030283227371837e-10 4.556430128516854893e+03 0.000000000000000000e+00 0.000000000000000000e+00
9.946967873976267360e-02 3.340850912080174651e-02 2.300614245168332989e-03 0.000000000000000000e+00 -9.578113746126691863e-01 1.777755960455332795e-01 3.240867049599657264e-07 1.398319951888761037e-03 3.318774366821142758e+04 0.000000000000000000e+00 0.000000000000000000e+00
1.817905307448649810e-01 4.840762259603897388e-01 3.489120849454757090e-01 2.476208373123273197e-04 -5.312265077097783061e-01 3.242349290220814857e-05 1.920423459733459224e-09 1.299018145120518854e-07 5.306649636358339922e+04 0.000000000000000000e+00 0.000000000000000000e+00
2.887422908573800684e-01 -8.271798723850211366e-02 4.028006335092276791e-01 6.864051611840920053e-01 -6.966806875491233786e-01 -6.085038269291983756e-03 -3.668362912316180391e-01 -6.699643190000419413e-01 6.102981323346449062e+04 0.000000000000000000e+00 0.000000000000000000e+00
5.523680534682749999e-01 1.254825476074871056e-02 2.879365385100582375e-01 1.202673705069222665e+00 -4.328841837464140752e-01 4.688270896691256726e-10 0.000000000000000000e+00 3.318783842972410254e-04 6.766001680108578876e+04 1.000000000000000000e+00 0.000000000000000000e+00
2.743386798768226997e-01 3.433108338571538298e-01 6.866216677143076597e-01 5.267360776236664800e-04 -4.727304935730560764e-01 0.000000000000000000e+00 -1.506344093250209550e-02 1.302914987409345242e-02 8.178614654635982879e+04 0.000000000000000000e+00 0.000000000000000000e+00
2.085515262088774024e-01 2.044779484269733239e-09 5.624777319249202323e-01 5.964437785387438629e-01 -5.842160017577673337e-01 1.062880424991693127e-09 -6.691311182923265211e-02 -9.483320214579572527e-01 8.298088983161374927e+04 0.000000000000000000e+00 0.000000000000000000e+00
4.239067575778071584e-01 8.919390406330195142e-02 1.089183910929454768e+00 2.392489762797343766e-03 -4.480437971551912146e-01 3.784303003808913915e-05 1.663473368367570398e-09 2.064848307596525365e-02 9.666638580932750483e+04 0.000000000000000000e+00 0.000000000000000000e+00
5.737881261645928488e-01 4.627816544444473633e-10 8.475563170797253409e-01 1.147576252329185698e+00 -3.262716795837880546e-01 6.592234905383649330e-04 -3.493884499853334123e-03 1.863221948952184222e-04 9.922657960193607141e+04 1.000000000000000000e+00 0.000000000000000000e+00
3.290169306974214947e-01 2.927693027392309633e-01 5.334907294359320096e-01 1.438752002032792188e+00 -3.661939850135143004e-01 -1.007846706850328879e-02 2.666034905555795038e-09 0.000000000000000000e+00 1.008273430536616070e+05 1.000000000000000000e+00 0.000000000000000000e+00
3.441930534204790115e-01 7.117682903013457804e-05 1.275366894827157260e+00 0.000000000000000000e+00 -3.354175931349710482e-01 -6.435337542705839298e-02 1.743713286440587795e-05 3.449859371104191614e-07 1.042956054264788108e+05 0.000000000000000000e+00 0.000000000000000000e+00
2.241799650597273985e-01 1.757957370958156921e-04 1.386449659222254160e+00 1.611957200709767516e-09 -3.343132646027854871e-01 -9.861212736935312583e-06 1.932661209065799843e-04 0.000000000000000000e+00 1.083981675273892324e+05 0.000000000000000000e+00 0.000000000000000000e+00
7.367938717391960823e-01 -8.251619386795230361e-04 -1.565814538711674669e-02 2.826757651963398010e-01 -2.724708639257137910e-01 -3.308931762707552889e-06 -5.839291345954504899e-06 1.156023972063099882e-03 1.088427595248295111e+05 0.000000000000000000e+00 0.000000000000000000e+00
6.679193983575277827e-01 -2.124104731649317009e-03 2.894577652290379355e-05 7.163037793012432960e-08 -3.339596991787638913e-01 1.491806218048870368e-06 -1.527027620780221362e-01 3.431672289782557446e-09 1.147106591175712529e+05 0.000000000000000000e+00 0.000000000000000000e+00
1.677848000562828790e-02 3.315565240292150245e-03 1.137635407557014761e-04 -6.451497551139076525e-02 1.856868816468552709e-06 2.169131679389313831e+03 -6.792967328588473680e-06 2.996430142235211314e-01 inf 0.000000000000000000e+00 -3.000000000000000000e+01
8.704880286061452699e-01 2.069192854883460109e-01 4.518926924458131489e-01 2.226116605828674123e-10 -5.016900779620457954e-03 -1.947300747052681594e-02 1.080940202631236727e-08 3.374330302144722821e-02 inf 0.000000000000000000e+00 -9.000000000000000000e+01
1.993797709923664570e+03 8.024659206849019290e-06 2.966588144083970136e+01 1.821411019973172727e-05 6.000504238914898536e-03 8.877376488549619913e+08 0.000000000000000000e+00 1.590002242845433731e-05 inf 0.000000000000000000e+00 -2.000000000000000000e+01
-5.267978467938780329e-02 3.175910463924814797e-01 5.787214623151885062e-01 1.560733142271623297e+00 -4.496685926699896529e-01 1.819847107106123962e-01 1.544439583030347682e-08 0.000000000000000000e+00 inf 0.000000000000000000e+00 -9.000000000000000000e+01
3.745172281494715816e-01 1.810842404807361250e-02 1.176632866390859622e+00 1.733985276786529806e+00 -1.533456367226182948e+00 -1.625885344106668494e-08 2.131228086193876334e-09 3.691317293877732300e+04 inf 0.000000000000000000e+00 -3.000000000000000000e+01
7.961132969803115284e-09 7.281524057746752183e-08 2.645251359037950944e+00 5.433841461669091544e+00 -1.557179987216921857e+00 2.736466923142707675e+00 2.097078928631064756e-07 6.020227230913957506e+00 inf 0.000000000000000000e+00 -2.000000000000000000e+01
3.060593785792639285e-02 2.750576742835195154e-02 6.473718587355204258e-06 1.941893988227053836e+00 -9.841392087074607442e-02 -1.662219038835657525e-01 -2.601504717923743271e-01 1.207783318536418764e-07 inf 0.000000000000000000e+00 -9.000000000000000000e+01
1.314792061805995615e+00 -4.181277032056125720e-03 5.697944585635844296e-05 1.412949486682645185e-07 2.408947776387928991e-05 1.136390908438267511e+00 0.000000000000000000e+00 3.818517837494178504e-05 inf 0.000000000000000000e+00 -1.000000000000000000e+01
1.048139948421498824e+00 7.229464692492811623e-07 3.106604256431196921e-04 3.654952956672754549e-01 -3.517167031718821529e-02 2.840146843479318912e-06 2.158162698225817078e+00 3.602053119266587265e-11 inf 0.000000000000000000e+00 -3.000000000000000000e+01
0.000000000000000000e+00 5.424734385887584043e-07 2.406218816710532150e-05 1.820238810693266984e+01 -1.903140776328801564e+01 -2.905173230532223982e+01 4.414981846732270867e-07 1.585246524900122070e+11 inf 0.000000000000000000e+00 -2.000000000000000000e+01
2.259470941119266219e-01 6.066504310120312421e-05 1.322166115928614216e+00 3.521394129781465370e-04 -4.507384486120275674e-02 -4.926340095407095998e-02 -4.550724721563739229e-03 -2.710209389731293994e-01 inf 0.000000000000000000e+00 -9.000000000000000000e+01
2.046681372818927258e+00 8.729455695569546814e-01 9.023707011150542412e-01 4.723768691012158545e-07 -4.266644075924441171e-01 1.527491273771570057e+01 -1.481049589591270788e-08 8.467898970608661591e-01 inf 0.000000000000000000e+00 -2.000000000000000000e+01
4.183289354900078250e-01 5.839969794162261252e+01 5.558148195516361056e+01 -2.478853270090857726e-07 -1.416936370969663805e+01 8.304844122941223031e+04 3.100037585104900018e+02 2.340134795681784973e+11 inf 0.000000000000000000e+00 -2.000000000000000000e+01
1.222525491913395851e-01 8.125913487916421041e-02 6.064114543221209123e-03 2.227713118597743680e+00 -1.831362592052805313e-02 4.988001626518529113e-10 0.000000000000000000e+00 7.143396648203694898e-07 inf 0.000000000000000000e+00 -2.000000000000000000e+01
7.193745734338077291e-01 5.353485197646941085e-01 2.586777210370175446e-03 8.168770138011080539e-03 -2.208835445318196172e-02 4.985821617438403037e-10 1.466662525796463631e-08 -5.249796275361787341e-03 inf 0.000000000000000000e+00 -9.000000000000000000e+01
2.710240487690641853e+00 4.548862050153505301e-08 9.999045800997932020e+03 1.000305343458550633e+05 -5.909694059801977595e+00 2.720994686879004478e+09 -1.947459446461896562e+02 0.000000000000000000e+00 inf 0.000000000000000000e+00 -2.000000000000000000e+01
3.534531290330461350e-05 1.559174932759920522e-09 1.410761147561541584e+00 6.881875565285166187e-09 -4.852874024220648064e-01 0.000000000000000000e+00 0.000000000000000000e+00 3.206954013422887451e-06 inf 0.000000000000000000e+00 -9.000000000000000000e+01
6.282032786132219328e-04 0.000000000000000000e+00 3.592004253577079364e-07 4.439134636800070970e-03 -9.966312296196242482e-01 1.851548584318082110e-09 -1.274911378149778951e-01 -1.724042594614726642e+00 inf 0.000000000000000000e+00 -9.000000000000000000e+01
6.163696728715768909e-03 -1.147301965345113445e-01 -1.764175274246487416e-09 0.000000000000000000e+00 -1.042824254458367017e+00 3.608374993922712271e-09 1.284302139772439964e-05 2.532846447347039511e-07 inf 0.000000000000000000e+00 -9.000000000000000000e+01
1.681008187315255753e-01 6.963478682919300479e-03 8.948680939014715466e-03 7.897859937110362691e-05 -8.365947722917783658e-01 0.000000000000000000e+00 -1.918392564784511252e-04 -8.995447722932346855e-05 inf 0.000000000000000000e+00 -8.000000000000000000e+01
2.763075500954522923e+01 2.828263144457035441e-03 4.530113161975722669e+00 -3.256202290076718242e+01 -2.692628816794209357e+01 -5.166090171756331451e+00 1.260692519084117508e+10 1.891102099236863125e+02 inf 0.000000000000000000e+00 -2.000000000000000000e+01
9.735090080865581585e-01 3.173502069802529250e-08 4.912614901918279514e-02 1.839885731954679353e-11 -3.327658106345256911e-02 1.357084045380115409e-05 1.173049579977797219e-09 6.995218084726908528e-04 inf 0.000000000000000000e+00 -9.000000000000000000e+01
1.545146470094695967e+00 5.119950892138416521e+01 1.156112903111856938e-03 1.193278877280647094e+02 -2.425783184783322444e+00 -2.566820566709478469e-08 0.000000000000000000e+00 2.137721534815119207e+07 inf 0.000000000000000000e+00 -2.000000000000000000e+01
1.003137754549020544e+00 -1.866139371046298002e-08 1.429392437201336147e-03 5.294759162585768589e-05 -1.447875960096181103e-03 1.066171958647952444e-05 0.000000000000000000e+00 1.611763196430472320e-02 inf 0.000000000000000000e+00 -9.000000000000000000e+01
5.594816493047304329e-01 7.609099347208701064e-10 3.019424774025529223e-01 4.237344010607255740e-01 -4.300777304179220772e-01 -3.498742598578689217e-03 6.687500357950503764e-10 -4.135850740892111910e-01 inf 0.000000000000000000e+00 -9.000000000000000000e+01
4.729779866728399118e-01 -2.032458786147523788e-01 2.457465695880235668e+00 -5.938314366483200324e+00 -1.037269339100133775e-01 4.752957549092139643e-09 -6.009008585131809799e-01 5.743905265199523991e-02 inf 0.000000000000000000e+00 -2.000000000000000000e+01
2.277807543578067004e-05 1.361926703601507512e-05 7.216665236760756545e-03 1.690002928153634443e+01 7.336054511422895594e+05 4.755208995350599812e-10 0.000000000000000000e+00 -1.170870392015488045e-06 inf 0.000000000000000000e+00 -2.000000000000000000e+01
9.833110581172828102e-01 1.026271420917497175e-07 1.450195677229729912e-04 5.197501307191352282e-01 -4.991808687891308161e-02 3.919447776296567192e-06 6.180812365308634426e-01 4.088767920232579123e-02 inf 0.000000000000000000e+00 -1.000000000000000000e+01
3.027272170800918150e-01 1.235760972053730883e-04 8.059747129978007685e-01 1.323823200093006136e+00 -8.663254765314525041e-02 3.898885278414716031e-07 3.713224074680682249e-08 4.978041025118788991e-08 inf 0.000000000000000000e+00 -9.000000000000000000e+01
7.302342624137765359e-01 7.602272040826728980e-07 3.613773870058473836e+00 3.764347781310910246e-02 -1.042576713941502191e-02 4.172767213793009411e+00 4.822301732921165790e-02 7.102962321602059604e-06 inf 0.000000000000000000e+00 -2.000000000000000000e+01
5.740825784291168077e-01 1.922702954995640209e-05 4.463735302616225753e-01 1.068993148723444633e-05 -4.111015074344098741e-01 1.308548064131549484e-08 3.024431554043660891e-10 3.876881819370359139e-02 inf 0.000000000000000000e+00 -9.000000000000000000e+01
2.170656486289348042e+00 6.457831945552039432e-01 -9.556250731468240929e+02 8.507323521086518348e-01 -2.410408330974513624e-01 5.059279518221906913e-02 -1.604941626625430609e-04 2.487747635711663741e-01 inf 0.000000000000000000e+00 -2.000000000000000000e+01
8.519041624665264489e-01 2.337926996960628626e-04 8.627861499432885883e-02 4.098962916749154014e-05 -1.528660145545165938e-01 3.724489761391823928e-04 4.748803021090905428e-10 1.254765025898003265e-10 inf 0.000000000000000000e+00 -9.000000000000000000e+01
1.358055522423664385e+01 3.647572757633588481e+01 7.726067236361615063e-06 5.959895730928611466e-04 1.671934637404580428e+02 6.794191316793894941e+01 1.213248449427481113e+01 2.334989209211510029e-04 inf 0.000000000000000000e+00 -2.000000000000000000e+01
5.414022535185092095e-04 3.394150006449377699e+00 1.476906504634246921e-07 1.439547556727087450e-04 -7.133272527531889229e-02 2.206739700678748584e+00 0.000000000000000000e+00 2.982080676592903656e-01 inf 0.000000000000000000e+00 -2.000000000000000000e+01
9.990393824455047200e-01 2.232885351137303340e-02 1.015407139318094849e-02 1.250314761100639310e-03 -8.367005345749227484e-05 0.000000000000000000e+00 0.000000000000000000e+00 -1.638034931430305553e-07 inf 0.000000000000000000e+00 -9.000000000000000000e+01
6.417115871183401674e-09 2.322146988404888648e-08 9.425603614891526864e-04 2.238685587465791826e+00 0.000000000000000000e+00 0.000000000000000000e+00 0.000000000000000000e+00 0.000000000000000000e+00 inf 0.000000000000000000e+00 -2.000000000000000000e+01
5.617875529706556348e-01 0.000000000000000000e+00 0.000000000000000000e+00 1.643060034279563821e-08 -4.396598240639913446e-01 -1.897341502657105480e-02 1.884839438058044066e-09 2.715161115871375305e-02 inf 0.000000000000000000e+00 -9.000000000000000000e+01
2.875979846878597423e-01 1.419228270397792681e-02 7.340042841528541251e-01 1.433148206525361568e+00 -8.805872637222976820e-03 3.405348037746964726e-09 -5.815064657678079261e-09 3.593461772062641192e-04 inf 0.000000000000000000e+00 -9.000000000000000000e+01
1.263323832645035262e-02 6.621456005754240248e-05 1.522896901651291213e+00 9.544891298860828347e-05 -6.152956760064081491e-06 -1.109805999817284165e-02 5.309158385293060063e-03 -2.280029662358771400e-05 inf 0.000000000000000000e+00 -9.000000000000000000e+01
4.697451153638527305e-04 1.867592701082954054e-02 4.285441983363031948e-01 1.789973726384286756e+00 -6.457315641598038169e-01 0.000000000000000000e+00 1.348737869112880377e-04 7.536988924489196237e-09 inf 0.000000000000000000e+00 -9.000000000000000000e+01
3.605709457430694154e-01 2.333828268488290246e-07 3.088995509066373778e-04 2.427975893957519849e-04 -7.940371007338352660e-01 4.329375577847293757e-08 5.540035902824922864e+00 -2.562245503276506074e-06 inf 0.000000000000000000e+00 -3.000000000000000000e+01
9.157257129787719219e-01 -3.029974785591524940e-03 1.019867068572436253e+00 2.609638114217961008e-06 5.227495561079127765e-05 2.280864808489713661e-06 -2.096293666475914086e-01 1.175517995521156364e-02 inf 0.000000000000000000e+00 -9.000000000000000000e+01
2.462244229105950144e-01 4.086678156543204453e-03 6.678705376802405169e-01 3.555526095003853144e-06 -8.052489710638343068e-01 2.044825143055799821e-01 1.889830650042864551e-05 3.799414222835750067e-07 inf 0.000000000000000000e+00 -9.000000000000000000e+01
4.168905500902079297e-08 4.274271715524701198e-01 8.623750558008781431e-01 1.630505262575035552e-06 -1.641238864373945755e-02 5.875556793701477249e-04 -2.889207127356139271e-01 3.268631105097956458e-10 inf 0.000000000000000000e+00 -9.000000000000000000e+01
0.000000000000000000e+00 4.511557213650167070e-02 -5.734116144485510801e-06 8.211131986497525101e-11 -9.977045517783801332e-01 1.553751397378375435e-02 2.184507245119716162e-09 -9.621902341240172463e-02 inf 0.000000000000000000e+00 -9.000000000000000000e+01
1.937317624598456334e+01 -4.355058773038868458e-01 1.923647036521652642e-01 1.525735276428975698e-03 6.406896180316988241e-06 -7.727272569237094103e+03 7.496612683120669425e+07 1.093647046144289758e+00 inf 0.000000000000000000e+00 -2.000000000000000000e+01
1.038553239371681333e-03 5.306476405548737679e-04 1.529235531912193746e+00 0.000000000000000000e+00 -2.183887471591625767e-06 6.751543640988348432e-05 0.000000000000000000e+00 6.159302970726213039e-06 inf 0.000000000000000000e+00 -9.000000000000000000e+01
2.265414168295440102e-08 9.521631198796024582e-04 1.426667226625736218e-06 2.529768738828228170e+00 -8.858482248360127699e-05 -1.528211909661233081e-03 3.152075632113697790e-01 7.574978625237877872e-11 inf 0.000000000000000000e+00 -2.000000000000000000e+01
1.546884774613574182e-04 1.219501352968580976e+00 3.829890497808194106e-08 2.178013762655912292e-03 -2.092844106830129780e-05 0.000000000000000000e+00 0.000000000000000000e+00 8.241817718601161233e-09 inf 0.000000000000000000e+00 -9.000000000000000000e+01
4.349636475808633528e-04 1.220016297075506850e+00 1.463747231424296661e-03 6.317941538426731507e-02 -5.325467963424830760e-03 0.000000000000000000e+00 1.464503689941828481e-02 7.941336976043276158e-08 inf 0.000000000000000000e+00 -9.000000000000000000e+01
3.354891804108135582e-03 2.391913601077096801e-03 1.526848536625213804e+00 0.000000000000000000e+00 -4.358641261702988720e-04 7.980169894356454111e-10 -1.103522333419129109e-09 1.387860785933405774e-06 inf 0.000000000000000000e+00 -9.000000000000000000e+01
4.532597004749406855e-01 1.785195184225437952e-09 3.041921035936486260e-09 3.987647364865413713e-01 -5.501396364543174045e-01 -8.331770159446376902e-08 2.418069433651206997e-08 2.719683638061858691e-09 inf 0.000000000000000000e+00 -9.000000000000000000e+01
2.378990195909226890e-01 1.717774776995858194e-05 6.146250532667340005e-01 7.017074530108913244e-01 2.971382063276712841e-08 -6.322939459684470132e-01 9.497138873131266437e-09 0.000000000000000000e+00 inf 0.000000000000000000e+00 -9.000000000000000000e+01
1.031601128324212274e-01 6.647867258096784294e-10 1.118627195073837788e+00 5.906038687277954669e-01 -6.551400530589783777e-01 5.172587126847908394e-10 1.579460407183981198e-08 5.955760529856571432e-10 inf 0.000000000000000000e+00 -9.000000000000000000e+01
6.029280176615628983e-01 1.378214375076228921e-08 1.442054640180232994e+00 1.274477809210276248e-08 2.187944971307939634e-01 7.189240404698711711e-06 -1.766390676742860162e-04 5.383649902641519482e-10 inf 0.000000000000000000e+00 -9.000000000000000000e+01
1.830460403037388606e-01 1.435396493575726593e-04 7.212287872316893722e-01 1.316185336412243168e-09 -3.587884979519669892e-01 0.000000000000000000e+00 -6.719296043069915569e-01 -1.380120355313804292e-03 inf 0.000000000000000000e+00 -9.000000000000000000e+01
5.282789517278929203e+00 0.000000000000000000e+00 0.000000000000000000e+00 4.393657571170715044e-08 -1.895527615340143402e-08 1.575827446704598458e+02 2.029015475575365053e-08 -9.992519823322285904e-09 inf 0.000000000000000000e+00 -2.000000000000000000e+01
5.189590685338596465e-01 6.068214848450507277e-05 7.735221484673108217e-01 1.056269485708308053e-04 -8.435485476142737122e-06 0.000000000000000000e+00 -6.293061546852697363e-01 -4.114116299890137156e-03 inf 0.000000000000000000e+00 -9.000000000000000000e+01
9.895782250321735196e-01 1.193657343605461910e-07 -2.597398379685485204e-02 2.100836924745612953e-04 -3.521289163636112673e-06 0.000000000000000000e+00 -3.813591973938217916e-01 6.386066788289221045e-06 inf 0.000000000000000000e+00 -9.000000000000000000e+01
3.878196491682120730e-08 1.226854688338651321e-02 7.663064330588772316e-03 3.745537677794013448e-02 -6.707570025029074672e-03 4.968570388910425843e-04 7.144046168888117691e-08 1.022677498919363499e-05 inf 0.000000000000000000e+00 -9.000000000000000000e+01
1.911186821358078047e+00 1.206051361058625870e+00 3.236085296370863813e-04 9.071908584002054732e-09 -5.406520178867042781e-02 6.208768301176657107e-04 3.462330706047408171e+02 3.068372118538416704e-07 inf 0.000000000000000000e+00 -3.000000000000000000e+01
1.853265558359356788e-03 1.221089333140643829e+00 9.561407906244431652e-10 9.684072077492540925e-05 -2.572925032353410419e-04 0.000000000000000000e+00 0.000000000000000000e+00 -6.218693343880013567e-05 inf 0.000000000000000000e+00 -9.000000000000000000e+01
4.299636784879121675e-03 1.728986685884135399e+00 2.003053230735707139e-07 7.208669250091171406e-06 1.441733850018234349e-04 1.528083303369429380e-01 1.669211025613089503e-08 6.954909823781817657e+00 inf 0.000000000000000000e+00 -3.000000000000000000e+01
3.476879611642619615e-09 7.397869902006297682e-01 8.608412695834068498e-03 3.944339679830021794e-07 -9.096141460470559548e-03 -4.448086333484799204e-01 1.019574596484364131e-07 9.418971523179002686e-09 inf 0.000000000000000000e+00 -9.000000000000000000e+01
1.042490944116341162e-01 6.721929755595943527e-10 1.130050508332145265e+00 5.979205600593029413e-01 -6.288808479588137157e-01 0.000000000000000000e+00 5.002701608990439337e-09 1.342511740141757033e-07 inf 0.000000000000000000e+00 -9.000000000000000000e+01
-1.508681505359339781e+02 1.904281945541894840e-05 1.113475970934913592e-05 3.064509307761158929e+00 2.463003558035957668e-07 -5.269292022394752584e-01 7.980999364860643238e-09 -7.157587521003823750e-07 inf 0.000000000000000000e+00 -2.000000000000000000e+01
4.395725482755099417e-03 4.999879678327946969e-06 4.744302702214905790e-05 2.276630076617669918e+00 -9.248809686259283971e-03 6.554874159369652806e-12 -2.914073793661707849e-04 1.553312495599649994e-05 inf 0.000000000000000000e+00 -2.000000000000000000e+01
7.242125490202913074e-01 2.304712093905048898e-07 1.426777440325301995e-03 8.855859974432909792e-04 -1.691223259006284898e-03 -6.313244177329060403e-01 3.345547101452432392e-01 -7.807493738310263822e-08 inf 0.000000000000000000e+00 -1.000000000000000000e+01
1.891102099236641720e+02 1.612874387784769131e-02 2.198616657690465603e-07 2.732713713900733997e-03 7.088501908396948465e+02 1.223032711116412482e-03 2.446065422232824964e-03 6.158459391302736522e-06 inf 0.000000000000000000e+00 -2.000000000000000000e+01
2.209596129227860695e-01 2.608049993834942560e-09 8.117358411584456590e-01 1.335061240186096843e+00 -8.751163617073499934e-02 4.968638499882755883e-07 0.000000000000000000e+00 6.849623074838370428e-06 inf 0.000000000000000000e+00 -9.000000000000000000e+01
1.175757258769316018e-03 2.759829072733019362e-02 2.432368884903857512e-03 2.236970830437896417e-03 -1.010787397888468275e+00 4.862042624228873899e-02 -6.605648172017056504e-09 4.326314009003544386e-07 inf 0.000000000000000000e+00 -9.000000000000000000e+01
6.412649175536220625e-04 4.540399956810710419e-09 1.274204529775629924e+00 5.256666260157854694e-09 -3.478806484745485816e-01 1.177254185118788571e-01 -2.794451110697193652e-01 7.077782514338737743e-03 inf 0.000000000000000000e+00 -9.000000000000000000e+01
2.988111731015370741e-04 5.161226151041643019e-07 1.793883403143581258e-04 2.314644197800292957e+00 3.055663383427005275e+00 2.799282813290314147e-09 4.044614724133594660e-08 5.350429753934395272e-10 inf 0.000000000000000000e+00 -2.000000000000000000e+01
9.566699539050227408e-01 1.195837442381278426e-01 1.235894088735553335e-02 -4.217091675064187534e-05 -2.192124396522053629e-03 0.000000000000000000e+00 2.909984074422120100e-05 0.000000000000000000e+00 inf 0.000000000000000000e+00 -9.000000000000000000e+01
-1.192122696220040190e+00 -5.506543178036590880e-02 1.430690835099396742e-07 2.223690147157920016e+00 -2.143412524516839834e+00 -2.602996034428334179e-05 -1.113929185321537020e-06 0.000000000000000000e+00 inf 0.000000000000000000e+00 -2.000000000000000000e+01
1.266536792381745269e-01 3.175546463457137262e-03 -6.259048101886531545e-02 2.212075796794057948e-08 -1.539480380197346010e+00 3.440267380236926353e+00 5.752801564233944384e-03 4.344563681322510070e-06 inf 0.000000000000000000e+00 -3.000000000000000000e+01
1.235444367691660439e+00 5.546684666657571670e-04 2.819658844801893952e-02 1.066091319536174531e+01 -3.586027659030100595e-02 -4.306870731493277459e-05 -5.125882214859212163e-05 8.362894128805991159e+02 inf 0.000000000000000000e+00 -2.000000000000000000e+01
5.351026977332493662e-01 1.784703648412316792e-04 5.380267561908080864e-01 3.223774449458510771e-01 -4.429948563201490663e-01 0.000000000000000000e+00 4.069612323283944965e-08 3.088373891588501332e-07 inf 0.000000000000000000e+00 -9.000000000000000000e+01
2.538957865860518075e-05 1.674807339073830962e-09 1.924785284880190073e+00 2.426731344797611545e+00 -1.596741796902662935e+00 3.414814139910645530e+00 1.379363581977795405e+00 9.717563461878931042e-10 inf 0.000000000000000000e+00 -2.000000000000000000e+01
8.724900677022529027e-01 0.000000000000000000e+00 1.310628078031628796e+01 4.072144150002637508e-08 -3.482108720643545090e-03 6.615952082497988102e-09 1.197737844419660824e+01 0.000000000000000000e+00 inf 0.000000000000000000e+00 -2.000000000000000000e+01
2.452120120934098384e-09 0.000000000000000000e+00 1.179498003914526860e+00 9.393179668270930371e-02 -5.921827569741612230e-06 1.221351158892139077e+00 1.374792910308640973e-04 -1.411592772426740305e+00 inf 0.000000000000000000e+00 -1.000000000000000000e+01
4.872992577933124786e-06 1.247030174252229179e-09 6.765497037322438507e-08 2.408640149803954245e+00 -6.387128831748505320e+00 2.758008401564655969e+02 2.228887265473811805e-09 4.386341486863431172e+00 inf 0.000000000000000000e+00 -2.000000000000000000e+01
5.464233059918244582e-05 1.978769083969004612e+02 -3.084274809159587021e+05 4.408396946563858592e+02 -1.418717944894707816e+00 3.819877747445408553e-08 -1.603053435114130423e+02 5.777754628929947445e-05 inf 0.000000000000000000e+00 -2.000000000000000000e+01
7.210286823248679422e-02 2.151760989137040808e-02 3.784456827385759836e-02 2.192531197352268979e+00 -4.499822980791846616e-01 0.000000000000000000e+00 0.000000000000000000e+00 0.000000000000000000e+00 inf 0.000000000000000000e+00 -2.000000000000000000e+01
9.491254900057571886e-01 4.109135760472388653e-09 4.509147703785797352e-04 1.972658197303189717e-09 -5.473962164849806300e-02 0.000000000000000000e+00 9.665342586094522366e-09 0.000000000000000000e+00 inf 0.000000000000000000e+00 -9.000000000000000000e+01
2.150715452110764925e-01 2.414509639601562438e-02 5.743469758380582334e-05 1.666732400471227990e-03 -7.841750710108955635e-01 1.610999881065756461e-09 -3.168299766095987838e-10 2.160887840469534459e-09 inf 0.000000000000000000e+00 -9.000000000000000000e+01
2.272788585097988145e-01 7.544463181488091433e-03 6.164817106360208632e-01 3.281948649617511211e-06 -7.432896574440630566e-01 2.880077386399040702e-06 3.046593488519656770e-08 1.816767699461374619e-02 inf 0.000000000000000000e+00 -9.000000000000000000e+01
-1.293861335948932600e-01 1.974231760120886275e-02 1.946800710115134957e-05 2.387084134712941452e+00 -2.580688441332059063e-07 4.959373072981196895e-01 0.000000000000000000e+00 2.726626274564351166e-02 inf 0.000000000000000000e+00 -2.000000000000000000e+01
1.408952597268162182e-09 2.595842013445146518e-09 4.977761812817756163e-18 2.277499015687555861e+00 -1.144773985280381798e-09 -3.563678095998261888e-14 0.000000000000000000e+00 2.476674487385441092e-11 inf 0.000000000000000000e+00 -2.000000000000000000e+01
7.066032746700832146e-01 1.441498891708743856e-09 1.169660749453879323e+00 5.079211747628489260e-01 -4.937009841444884445e-02 2.101066707583759201e-09 3.461984915905057751e-09 4.987080935171506191e-02 inf 0.000000000000000000e+00 -9.000000000000000000e+01
4.728281170895969959e-09 1.369875853250234318e-08 5.560331391087939765e-04 -3.479531821623030652e+00 -9.983883919997900147e-01 -4.312345901088202038e-02 1.042136737822086838e-09 3.373267710593350066e-02 inf 0.000000000000000000e+00 -2.000000000000000000e+01
1.703952017967844124e-01 5.096243928084455421e-02 5.595385893557234702e+00 5.152893641770821098e+00 -2.162502456311023113e+00 0.000000000000000000e+00 1.986602444651197328e-07 1.786723191192650120e+05 inf 0.000000000000000000e+00 -2.000000000000000000e+01
-2.691702691223206781e-02 1.188229115945379534e-02 3.637436069220549850e-01 1.140699951307564408e+00 -1.008782269863832459e+00 -1.066695777211493615e-08 7.516013606368247116e-09 2.048980940074543760e-07 inf 0.000000000000000000e+00 -9.000000000000000000e+01
2.007366537235899084e+00 3.336348761723653132e-09 2.741941798428059774e-09 3.669216661169185660e-07 -3.358478629606215793e-01 1.202361084867451346e+01 -1.165804624786195972e-08 1.899647957020033170e-06 inf 0.000000000000000000e+00 -2.000000000000000000e+01
2.583600481643622311e-08 1.067577856679166568e-06 1.535971037210874579e+00 1.171503333465921323e-02 -9.215927916262943778e-05 0.000000000000000000e+00 0.000000000000000000e+00 1.187265748108908871e-03 inf 0.000000000000000000e+00 -9.000000000000000000e+01
1.282153154944660558e-08 3.038621600708642364e-04 1.593919812871720968e-05 1.536215954585463521e+02 -1.894869547157334466e+01 -1.733577032084290481e+00 9.201039474025104710e+02 1.117121233360929108e+11 inf 0.000000000000000000e+00 -2.000000000000000000e+01
1.003291735294862264e+00 5.963860518906281306e-03 7.403051474897291706e-02 3.312546944901527912e-09 -5.959764460857581227e-05 -2.540836008333827177e-06 8.562621348141685985e-10 3.948599958946191670e-04 inf 0.000000000000000000e+00 -9.000000000000000000e+01
3.130511073260934807e-01 2.135948612304872638e-04 2.911654022502219378e-09 2.834434177466181766e-03 -6.945173573128563538e-01 0.000000000000000000e+00 3.239353345675636165e-05 8.699435254500000127e-08 inf 0.000000000000000000e+00 -9.000000000000000000e+01
1.021630261824265223e-01 6.583612775312795692e-10 1.107815184385743557e+00 5.848954295183471652e-01 -7.049732991545640814e-01 0.000000000000000000e+00 0.000000000000000000e+00 1.904738381022003320e-08 inf 0.000000000000000000e+00 -8.000000000000000000e+01
9.218679447626394741e-03 1.041533495284712844e-05 1.378547142014285333e-02 1.083549399690240771e-02 -4.209390861623867053e-02 -1.031130570092660514e+00 4.691748291591708374e-07 2.591498422131490157e-08 inf 0.000000000000000000e+00 -9.000000000000000000e+01
1.177229467229935767e-01 9.468108882347525679e-02 1.176391581488135163e+00 5.253885986651782471e-08 -1.022220604996812554e+00 1.426819592055577607e-05 7.132083434207268979e+00 -3.298561422494076953e-06 inf 0.000000000000000000e+00 -3.000000000000000000e+01
5.508317318455508982e-01 9.968856886117851701e-01 1.841796827566114739e-04 2.073103121212195865e-01 -6.107047461765890972e-01 2.017720582955985442e+00 3.345665391406313361e-09 -2.221288831681515141e+00 inf 0.000000000000000000e+00 -3.000000000000000000e+01
1.435513976974506667e+00 4.548559879649496075e-07 2.815875631240576972e-03 1.727588249345943128e+00 2.280665062985471447e+00 1.852019494971293219e-09 -5.717198523015351030e-01 -1.174292962597094222e-03 inf 0.000000000000000000e+00 -3.000000000000000000e+01
4.682020106471492149e-09 0.000000000000000000e+00 1.443151104364326143e+00 1.803938880455407678e-01 -1.095462043888102092e-05 1.010581374725314683e-09 7.099249091673053258e-08 0.000000000000000000e+00 inf 0.000000000000000000e+00 -9.000000000000000000e+01
-2.954847030057252688e+00 5.447876908396947471e+01 1.137635407557014490e-04 -6.451497551139076525e-02 1.856868816468552286e-06 1.948711832061069117e+03 -6.792967328588472833e-06 2.926201310776573006e-04 inf 0.000000000000000000e+00 -2.000000000000000000e+01
1.007640295688146725e+00 1.130109359566619676e-07 1.481056118602535633e-04 1.502142341308063339e-03 -1.443402149485521998e-05 5.017771356535628000e-10 0.000000000000000000e+00 3.655572835110071955e-06 inf 0.000000000000000000e+00 -8.000000000000000000e+01
3.322400595271255829e-05 1.465598490782990432e-09 1.329483542077651403e+00 4.392043844363670013e-01 -4.218227437395610097e-02 3.312050437653588104e-06 0.000000000000000000e+00 -1.018843640489140780e-06 inf 0.000000000000000000e+00 -9.000000000000000000e+01
1.377610055358552410e-01 1.107971076551718254e-01 1.376629549981073009e+00 6.148169381072075629e-08 -1.420966777518969416e-03 -3.137617207934069452e-02 0.000000000000000000e+00 2.758494247020931362e-08 inf 0.000000000000000000e+00 -9.000000000000000000e+01
1.022112864854460623e+00 2.242866277349432336e-01 9.089058215285267380e-04 -2.474051495461137092e+05 -1.406337773905590005e+00 0.000000000000000000e+00 1.271375277408640699e-03 -7.647194791794321711e-01 inf 0.000000000000000000e+00 -2.000000000000000000e+01
5.252671501645478358e-01 1.259045989006128685e-01 9.435723616703169461e-03 -3.446709607912705475e-02 -4.318356831070794266e-01 2.738293170752412275e-06 1.986485001103870760e-09 2.156270043933261403e-09 inf 0.000000000000000000e+00 -9.000000000000000000e+01
4.958272678826094459e-01 1.489711331471762085e-09 1.965711256197608757e-07 8.845102525905859991e+00 -7.021370046337641391e+00 6.341004052250350617e-09 1.110798972718781471e-04 8.567203046060845852e+08 inf 0.000000000000000000e+00 -2.000000000000000000e+01
2.910637570711998023e-01 -7.081249123376505417e-02 4.619904600492534263e-01 1.820613567720525072e+00 3.815328191474410456e-06 3.842341013142564138e-09 4.766540461379506421e-10 4.436157351537324283e-08 inf 0.000000000000000000e+00 -9.000000000000000000e+01
1.700522179666502263e-04 5.151244715034707794e-03 7.141428874967998830e-01 1.498721785815201990e+00 -2.873691413728560878e-02 9.232497946234312358e-03 3.451946576965227115e-08 1.332712607098185799e-04 inf 0.000000000000000000e+00 -9.000000000000000000e+01
5.230633350101309142e-01 3.490191292327385897e-01 7.362122257253078889e-04 2.136927788582314136e+00 -1.400730105320724117e-01 8.520974834783656043e-07 0.000000000000000000e+00 1.133289653026226285e-05 inf 0.000000000000000000e+00 -2.000000000000000000e+01
5.472878335721588217e-01 0.000000000000000000e+00 8.628411790552054095e-01 2.051096745639802599e+00 -7.321823719411314491e-01 1.035409414866246491e+00 7.934812761882558305e-08 2.277900712705742237e+00 inf 0.000000000000000000e+00 -2.000000000000000000e+01
3.347956996883980768e-04 7.391982073120115238e-02 1.418474699479793655e+00 6.139519994285810769e-04 -2.563863549613754622e-01 1.384461758711450288e-02 -1.880951688923184224e-09 1.217861326991508995e-07 inf 0.000000000000000000e+00 -9.000000000000000000e+01
2.834443290232462487e-04 4.895801814017593094e-07 1.701630070496699607e-04 1.446144535832888974e-04 -4.242023971776474542e-03 -1.583524410351584644e+00 8.391494693259644588e-01 -2.043055757003495751e-07 inf 0.000000000000000000e+00 -1.000000000000000000e+01
2.166626908397253999e+02 3.080513641124900392e-02 2.849666216901644566e-01 1.790911259542238838e+02 7.088501908397952320e+02 1.323359613200368167e-03 -1.125190094227258797e+00 4.471016221374680413e+02 inf 0.000000000000000000e+00 -2.000000000000000000e+01
5.505910839008215651e-01 1.350466413908732760e-08 1.466618727912807785e+00 3.605890536578672624e-06 7.211781073157344231e-05 7.643714715658529724e-02 1.332314983614260571e-08 7.446721569973604668e-04 inf 0.000000000000000000e+00 -9.000000000000000000e+01
9.052277178382292511e-03 9.261820631585586383e-03 2.551191542750102202e-03 0.000000000000000000e+00 -1.062133855596855803e+00 1.971384807736588363e-01 -2.522932144824585220e-09 1.550621553704374309e-03 inf 0.000000000000000000e+00 -1.000000000000000000e+01
8.030217790412749745e-02 5.337545555135458919e-02 1.768682401906959847e-07 3.385756508854581917e-03 -9.075420740910917772e-01 7.779771389831300750e-08 6.223817111865040388e-06 4.599789834237756812e-06 inf 0.000000000000000000e+00 -9.000000000000000000e+01
-2.950577450116095291e-01 -7.178418293067681533e-02 4.683299107063466638e-01 1.845596096314228829e+00 7.100822917526372392e-06 9.344320364251895716e-03 3.564575334263571059e-08 3.021626773415477555e-08 inf 0.000000000000000000e+00 -1.000000000000000000e+01
1.076346669975749348e+00 6.903616961114948936e-01 2.576173996991137471e+00 1.363078364846338264e+00 -1.486593556482899592e+00 1.697451633633886559e+01 1.140464935395515428e-08 5.381877036628693558e-10 inf 0.000000000000000000e+00 -2.000000000000000000e+01
9.886238906187875264e-01 0.000000000000000000e+00 0.000000000000000000e+00 8.222312904669414299e-09 -3.518750227432309849e-09 0.000000000000000000e+00 -3.736078656408208798e-01 2.457557968173413669e-07 inf 0.000000000000000000e+00 -9.000000000000000000e+01
5.147725571202868989e-04 2.181121034419719097e-07 7.698074239128420653e-08 7.796833533367129518e-03 -2.056223745564468575e-02 0.000000000000000000e+00 0.000000000000000000e+00 -1.001358032226562673e-02 inf 0.000000000000000000e+00 -9.000000000000000000e+01
1.008942405745435922e+00 0.000000000000000000e+00 -2.648224570416318410e-02 2.141946343719081287e-04 -9.279739131169315139e-06 0.000000000000000000e+00 3.951733172533039020e-09 -2.161568333096079768e-09 inf 0.000000000000000000e+00 -9.000000000000000000e+01
6.159151084156920877e-03 -1.129380971075110707e-01 4.710835853971506379e-03 0.000000000000000000e+00 -1.042055185406667972e+00 2.573432879626809900e-09 0.000000000000000000e+00 2.585623821467855979e-02 inf 0.000000000000000000e+00 -1.000000000000000000e+01
1.007738767540927949e+00 0.000000000000000000e+00 0.000000000000000000e+00 1.943993639799686331e-08 0.000000000000000000e+00 0.000000000000000000e+00 0.000000000000000000e+00 6.820711217485800213e-10 inf 0.000000000000000000e+00 -8.000000000000000000e+01
5.799860881074240249e-01 8.483839054762852203e-03 1.353888497466570362e+00 5.751381800761309893e-02 -3.864898270686404681e-04 7.076183372896191949e-10 1.092785998375801620e-07 7.229199681562995029e-08 inf 0.000000000000000000e+00 -9.000000000000000000e+01
4.551667821395606328e-01 6.896497940927320510e-05 1.586154969142075322e+00 9.941366843148062202e-05 -7.254335098239587709e-06 1.929395493378465443e-01 6.401295028268974641e-09 3.955727120833783870e-04 inf 0.000000000000000000e+00 -9.000000000000000000e+01
0.000000000000000000e+00 8.923916221791155854e-09 1.268097215555828041e-09 2.255043014225949438e+00 -1.456950909385818296e-02 0.000000000000000000e+00 1.183072932335179335e-08 5.195928419039639027e-10 inf 0.000000000000000000e+00 -2.000000000000000000e+01
4.458475821183662674e-03 6.207449845072552375e-01 7.942865930791760398e-01 6.604794954009420969e-10 -1.259845331459617523e-01 1.255673658176638674e-01 1.765422839471694679e-08 -7.225338126119394966e-01 inf 0.000000000000000000e+00 -9.000000000000000000e+01
2.110124941975700386e-01 1.532709701666685680e-09 4.455500299779772445e-03 4.114336276825207306e-01 -4.301721889433087753e-01 -6.566643641823993738e-01 0.000000000000000000e+00 4.888320328901235926e-03 inf 0.000000000000000000e+00 -9.000000000000000000e+01
2.584923663985437088e+03 2.204198473165876749e+03 9.999045800997932020e+03 1.000305343458550633e+05 -6.144516340323910697e+00 2.720994686879004478e+09 -1.947459446461896562e+02 3.790718375127920643e-08 inf 0.000000000000000000e+00 -2.000000000000000000e+01
4.498917659048137230e-01 1.066175171911082492e-01 2.019607337102343489e-07 9.087618490467734844e+00 -7.088967001155243253e+00 0.000000000000000000e+00 1.141254977441648636e-04 8.718270013678513765e+08 inf 0.000000000000000000e+00 -2.000000000000000000e+01
9.259863416072281472e-01 3.835844583692732401e-02 9.726979351310225188e-09 5.776020728200711169e-09 -8.344644357506997290e-02 0.000000000000000000e+00 7.081144700741706730e-05 1.257618659299119024e+01 inf 0.000000000000000000e+00 -3.000000000000000000e+01
7.446150154592406922e-02 5.624411226407099979e-10 7.684074479058672358e-01 3.484071078770468189e-09 3.339105709261827829e-07 -7.190601806091602155e-01 1.081987902854346490e-08 -1.044310913097994501e-06 inf 0.000000000000000000e+00 -9.000000000000000000e+01
3.504059462862496969e-06 1.573192075822110060e-09 7.997326723527467715e-08 2.277498593472654154e+00 -5.616994195150369501e-06 -1.221546800218288051e-10 -1.453840945833569174e-10 1.702155377353352314e-12 inf 0.000000000000000000e+00 -2.000000000000000000e+01
3.396012164880950895e-02 0.000000000000000000e+00 1.164697312865307921e-01 1.130369392065067313e-01 -1.937075530870722706e-01 -9.827593326240324778e-01 1.476117543162748758e-08 -2.383338501273851162e-01 inf 0.000000000000000000e+00 -9.000000000000000000e+01
1.023028003189797364e+00 5.344916878399703158e-08 2.543658175514823405e-11 8.092655837013634723e-10 1.389297288282441076e-02 4.565010697269830782e-07 -2.881213126267562468e-03 9.630356202866920123e-02 inf 0.000000000000000000e+00 -1.000000000000000000e+01
3.487666802670075783e-01 3.434105201601622737e-10 5.851616083595545481e-10 2.495944753819233641e-01 -6.589294150082776191e-01 1.523403780407246966e-08 4.481346120697985103e-07 5.182151531658766303e-10 inf 0.000000000000000000e+00 -9.000000000000000000e+01
2.965854324457351532e-01 6.888120229007755313e+01 4.530113161975270586e+00 -3.310994155534409344e+01 -6.935084685114625813e+01 2.828263144456753114e-02 1.256490210687045097e+10 6.735814959237484538e-08 inf 0.000000000000000000e+00 -2.000000000000000000e+01
7.970856473485097322e-08 1.143636840931308241e+00 1.391023346105027688e-05 9.505790802040370429e-06 -1.007076371507002605e-01 0.000000000000000000e+00 -1.136329257283184679e+00 8.184493685898178938e+00 inf 0.000000000000000000e+00 -3.000000000000000000e+01
3.610046085844852981e-01 4.137519307503149252e-02 -9.617917688494162856e-03 2.245390594949077556e+00 -2.547493491526083337e-07 3.576643941907091312e-09 -1.899765581158929502e-04 -8.908104777324831207e-05 inf 0.000000000000000000e+00 -2.000000000000000000e+01
1.637524783427883790e+01 4.765824366558470618e-10 3.227952026909898131e-06 -1.214817975789414104e-10 -3.204986360315282060e-05 4.630449165374115182e+03 6.501100485678000529e-02 1.567193061715510127e-11 inf 0.000000000000000000e+00 -2.000000000000000000e+01
4.754135083915060900e-01 1.434351176468121383e-09 7.484825316287376136e-03 -1.830251624511026326e-02 -5.332584980056817026e-01 3.050419374185044021e-03 1.575766081190330624e-09 1.710446942830529792e-09 inf 0.000000000000000000e+00 -9.000000000000000000e+01
1.303887680246809677e-01 1.151608827079299152e-01 -3.750201772726917625e+03 5.740912764415150527e+00 -6.319572406451690938e+00 2.787312128378114835e+02 1.621866447615393338e-04 1.010472726839141138e-09 inf 0.000000000000000000e+00 -2.000000000000000000e+01
9.652560733438662888e-02 9.948828177813603920e-08 1.143376771267710268e+02 -3.356362912734919290e-08 -4.249511203274241211e+01 6.226731288881663932e+04 2.324318282453866971e+02 1.754565207578140564e+11 inf 0.000000000000000000e+00 -2.000000000000000000e+01
4.373792954657471392e-04 1.226791874308099217e+00 1.821779848070372975e-03 0.000000000000000000e+00 -5.355043895789321495e-03 0.000000000000000000e+00 1.813412591983202052e-02 1.359381981491707311e-06 inf 0.000000000000000000e+00 -9.000000000000000000e+01
0.000000000000000000e+00 8.893429044217967400e-03 -2.399799675274688200e-06 5.561547572548938279e-01 -1.057605767894552296e+00 1.406667770106054816e-01 5.682026062118206849e-02 4.002965539478231703e-11 inf 0.000000000000000000e+00 -9.000000000000000000e+01
3.424023467754582217e-01 9.677012193767936532e-01 2.000547899496033289e-05 1.637353191551812906e-05 -4.477416727443503342e-04 3.289591412117733342e-06 9.026281594154722152e-05 1.435445913225688427e-09 inf 0.000000000000000000e+00 -9.000000000000000000e+01
2.330950842994605407e-02 1.006327743251464124e+00 2.700185513167242227e-04 1.478948121072439115e+00 -7.696156662645980973e-02 5.102094719647404898e-06 7.351005282319511318e-10 2.560245847899989807e-07 inf 0.000000000000000000e+00 -8.000000000000000000e+01
0.000000000000000000e+00 3.328047655907391544e-02 7.832845975220437156e-06 1.381434181147494253e-08 -1.063084767184146887e-04 -1.187562329014436147e+00 0.000000000000000000e+00 0.000000000000000000e+00 inf 0.000000000000000000e+00 -9.000000000000000000e+01
2.372268946758590814e-09 6.870900912867869557e-09 1.529875804952720353e+00 0.000000000000000000e+00 -2.184801839746448450e-06 6.754370433385630760e-05 0.000000000000000000e+00 6.043384071976617076e-06 inf 0.000000000000000000e+00 -9.000000000000000000e+01
1.054615269915160601e-03 -5.388545174748995883e-04 1.422822259627437580e+00 3.133054123032630225e-03 -4.709896399597750527e-01 4.943509077727315318e-05 2.173027817488673973e-09 2.697351756045782839e-02 inf 0.000000000000000000e+00 -9.000000000000000000e+01
-1.362595419847393350e+04 1.719889750007536815e-03 9.984915493099310972e-04 1.348393564005908873e-01 -1.979784201119786854e-02 0.000000000000000000e+00 6.809846135496508168e+01 9.017175572519514049e+01 inf 0.000000000000000000e+00 -2.000000000000000000e+01
1.937283595483041410e+01 4.354982276136272201e-01 1.938260048908183875e-01 3.124650960456518245e+00 6.406783642751230096e-06 -7.727136839170550957e+03 7.496481004610663652e+07 0.000000000000000000e+00 inf 0.000000000000000000e+00 -2.000000000000000000e+01
7.449713790962569915e-01 2.484669099722296506e-04 2.550661911010920768e-02 4.508501652180899599e-01 -2.605364385910406977e-01 4.003617201700966454e-09 0.000000000000000000e+00 1.416261386841709204e-04 inf 0.000000000000000000e+00 -8.000000000000000000e+01
1.699030595359298998e-04 5.146726387740079532e-03 7.115616494290378791e-01 1.497407207314953359e+00 -1.820444467117559098e-02 0.000000000000000000e+00 0.000000000000000000e+00 0.000000000000000000e+00 inf 0.000000000000000000e+00 -9.000000000000000000e+01
4.672432726188904123e-02 -5.107517554943336729e-03 1.719152575530557225e+00 4.398971418442136817e-06 8.811797864973855573e-05 2.519708660438712555e-01 2.106216835232609491e-08 2.009902741528627954e-02 inf 0.000000000000000000e+00 -9.000000000000000000e+01
8.610985728163882413e-01 -5.710822140156590618e-09 4.666521352387018734e-04 2.231905717882836093e+00 -4.537178578741059287e-02 -4.800974532184539261e-10 -7.722857155303930812e-03 4.932371659735127270e-03 inf 0.000000000000000000e+00 -2.000000000000000000e+01
-1.224185957070615671e-01 1.867917936484488062e-02 2.686881305379641427e-01 2.814045751218487851e-03 -1.273348096897308324e+00 4.896743828282462685e-01 -3.655611653235455820e-09 -3.877037273374288932e-06 inf 0.000000000000000000e+00 -9.000000000000000000e+01
6.371924538443092256e-01 2.717737782371095201e-01 3.960559484958316266e-07 1.240540420323884901e-03 -1.587891738014572673e-01 -1.735484239304388721e-01 -9.383574974244770356e-03 3.814647328688023049e-09 inf 0.000000000000000000e+00 -9.000000000000000000e+01
2.386268897233088937e-02 0.000000000000000000e+00 3.072861356597941240e-01 4.205280348508878831e-07 -8.880569320568050262e-01 4.011134130328590443e-08 6.985958240390632325e-03 0.000000000000000000e+00 inf 0.000000000000000000e+00 -9.000000000000000000e+01
5.790726057648716563e-02 1.231651520982454673e-02 3.403380649648510948e-08 2.714907844702281636e+00 -7.038649967746656300e-01 2.901647537724131976e+00 0.000000000000000000e+00 3.304918064815912528e-07 inf 0.000000000000000000e+00 -2.000000000000000000e+01
3.737960761500908752e-02 9.647377972876917718e-10 8.834291577508031068e-01 1.196147443680290801e+00 -3.400811359483180141e-01 3.725745203456788668e-03 -5.069456588310056015e-03 -2.177089202199231262e-05 inf 0.000000000000000000e+00 -9.000000000000000000e+01
1.200521833777986984e-02 1.432683816900447507e-02 7.409632977129478881e-01 1.446735726405228073e+00 -8.889360143241582454e-03 6.263485252396562041e-10 -3.642804800967556090e-03 1.942638304499207645e-04 inf 0.000000000000000000e+00 -9.000000000000000000e+01
2.454425997406472397e-04 2.605059674677958625e-01 5.063355424021948048e-01 5.959895730928611466e-04 1.671934637404580428e+02 2.896141459923664740e+01 1.213248449427481113e+01 2.334989209211510029e-04 inf 0.000000000000000000e+00 -3.000000000000000000e+01
2.400283900387565339e+01 3.541214873161098181e-06 1.106629647862843181e-07 1.698373203668486298e+01 7.372388648145172046e+05 0.000000000000000000e+00 6.032045049929586344e-01 3.990354477023225210e-02 inf 0.000000000000000000e+00 -2.000000000000000000e+01
1.207226661118171673e+00 2.698190656423098480e-02 1.199534986396241613e-02 9.442904234512398932e-05 -2.569996077724263223e-02 7.950505680826794874e-01 5.039416367039409452e-10 0.000000000000000000e+00 inf 0.000000000000000000e+00 -1.000000000000000000e+01
3.783049450002344827e-01 2.731590460741031287e-05 9.773713963666535998e-01 1.115849068541805655e+00 3.803977046470571514e-08 -2.416362777946715141e-08 6.698827503218616576e-09 7.826998862073816787e-02 inf 0.000000000000000000e+00 -9.000000000000000000e+01
1.812525234207602365e+00 3.079876862813699665e-04 3.779719288400920529e+00 1.591714528242270763e-08 -1.600119933323898959e-03 4.949402239542893156e+00 4.587364484363316814e-05 0.000000000000000000e+00 inf 0.000000000000000000e+00 -2.000000000000000000e+01
3.317503309438530105e-04 2.348918749579740349e-09 1.547672094778223428e+00 1.612158432060649405e-02 -9.456942436434202445e-03 4.160852063092453943e-10 2.065248710352204572e-02 2.155478381967290998e-08 inf 0.000000000000000000e+00 -9.000000000000000000e+01
2.507994719356936297e+00 7.223143936390226116e-01 -1.155988976963835512e+03 3.465568150155009030e-07 3.932704011758853847e-03 2.283411722803772349e-04 -4.654087587880300351e-05 3.025270557307445953e-07 inf 0.000000000000000000e+00 -2.000000000000000000e+01
1.114312283234315836e-05 4.683501476124696250e-01 6.979457842295361822e-04 1.711583667047908853e-05 -1.089327916094491415e-02 -7.516971184133608430e-01 1.849932501463219443e-09 6.207343432493749730e-02 inf 0.000000000000000000e+00 -9.000000000000000000e+01
1.973277575814198714e+00 1.528103437066620854e-04 9.544695923110826127e-05 4.227276797866540170e-04 -6.178679168341148775e-02 6.283789834666479290e-04 3.494183217252020199e+02 1.287738062413156069e-07 inf 0.000000000000000000e+00 -3.000000000000000000e+01
7.798503066949483768e-09 2.057011325418767348e-12 7.403796921772020032e-06 2.277487228002750275e+00 -8.567537359340521031e-06 2.899318848769801861e-06 -6.761733232079053846e-06 1.736832441845231556e-07 inf 0.000000000000000000e+00 -2.000000000000000000e+01
9.289664695242528802e-01 1.131604920216118017e-04 1.352196259093690466e-03 1.890782904664906170e-04 -1.384664248365714147e-05 0.000000000000000000e+00 -1.126494076728357108e+00 -1.464409737009553687e-09 inf 0.000000000000000000e+00 -9.000000000000000000e+01
1.958982147591435338e-03 3.871109369101526760e-04 1.374496842631881144e+01 -3.030584221398525406e+05 -2.467514278660956961e+00 -6.991290456206045167e-01 3.322812605750083422e-07 -9.367415317138817477e-01 inf 0.000000000000000000e+00 -2.000000000000000000e+01
5.635810238362882751e-01 5.033417098864493108e-05 9.488539271368018335e-01 1.050744281728673180e+00 -3.757206825575255538e-01 0.000000000000000000e+00 -3.094521511530467367e-02 3.136312477281039679e-01 inf 0.000000000000000000e+00 -9.000000000000000000e+01
4.158027077084012918e-08 4.263118347038658551e-01 8.701262080759255557e-01 3.744459867804151614e-09 -2.167062369980760528e-04 5.860225000511352185e-04 -2.881667973584782216e-01 1.108559229263397393e-03 inf 0.000000000000000000e+00 -9.000000000000000000e+01
7.800482580245855502e-01 3.660607821026392039e-01 7.321215642052784078e-01 5.616409431950057912e-04 -1.545222714519041141e-01 2.983023529098255966e-01 8.219035566980348529e-10 3.536659474941976633e-01 inf 0.000000000000000000e+00 -1.000000000000000000e+01
1.548388770540224226e-04 1.220687042489552177e+00 3.833614200958390539e-08 1.142968503069960997e-08 2.941938664026425961e-05 4.663382650097616460e-05 7.143553144187256229e-10 1.119211836023427907e-02 inf 0.000000000000000000e+00 -9.000000000000000000e+01
6.717538549018060579e-01 5.863614157193730581e-01 1.017593233590659563e-01 3.323189091516349780e-01 -1.230018044864146834e-04 5.195823212389170147e-09 8.895045748170100713e-05 -5.768424137836140426e-07 inf 0.000000000000000000e+00 -9.000000000000000000e+01
8.661891912118782643e-05 5.430298876356020044e-01 2.409436143227188576e-08 3.549469644183638264e-04 -7.356059819728283378e-01 0.000000000000000000e+00 4.015188315396703422e-10 3.650347461627457518e-08 inf 0.000000000000000000e+00 -9.000000000000000000e+01
