3.978674024980449753e-01 8.431465224927856689e-03 1.331927115242226636e-02 1.871113206618953704e-03 -6.060879350093067996e-01 1.999729864974118816e-07 1.298323449490702570e-04 2.107866306231964172e-03 1.434110911723957997e+03 0.000000000000000000e+00 0.000000000000000000e+00
4.992237686887600612e-01 8.980501374013673266e-02 5.397511595048217758e-01 4.680265170700522925e-09 -4.384326824646674892e-01 4.409194094098366922e-10 0.000000000000000000e+00 8.715449804676927021e-10 3.713355237000512716e+03 0.000000000000000000e+00 0.000000000000000000e+00
4.190764902665020109e-01 3.338642705789799381e-01 8.730760213885458559e-04 3.382560097590415516e-10 -4.414272364140487959e-01 5.008790913739654132e-10 1.001820630011271007e-06 4.646742496648022463e-06 1.249231714650318463e+04 0.000000000000000000e+00 0.000000000000000000e+00
2.427956423197188407e-01 4.579560082778436625e-01 2.319244689770005435e-06 4.779794821525287817e-10 -5.467836822972529376e-01 1.319958723790444878e-09 6.325212790281833313e-06 1.694988779017813495e-09 2.034849830117452802e+04 0.000000000000000000e+00 0.000000000000000000e+00
5.586279231259886346e-01 3.661665428138414732e-05 1.698163676817815616e-05 1.107786461049121856e-05 -4.499454478096484022e-01 6.028481052703245878e-04 1.762010650995048066e-08 1.171732937004292714e-03 2.778230113635435555e+04 0.000000000000000000e+00 0.000000000000000000e+00
1.282802744719060417e-01 1.020050449853955946e-02 4.477108589242265874e-02 4.031084584174801405e-05 -8.712897850270054922e-01 1.647318219494510125e-06 2.413063798087661315e-09 9.296446569573797743e-08 2.902990182516228742e+04 0.000000000000000000e+00 0.000000000000000000e+00
6.123974584350944106e-01 1.011153153420264600e-01 1.226095477696898056e-06 1.062744554679032743e-09 -3.562809230233158209e-01 1.072191172942846441e-09 1.525446567659881954e-03 7.604527702369967883e-10 3.506452908492193092e+04 0.000000000000000000e+00 0.000000000000000000e+00
6.466514183449649789e-01 1.455219878154451543e-02 5.071028221691058213e-02 3.062951883277055184e-02 -3.538281345661128952e-01 -8.141923444914370719e-05 1.294477396027139583e-07 0.000000000000000000e+00 3.515218363493502693e+04 0.000000000000000000e+00 0.000000000000000000e+00
2.155970063323426056e-01 1.185521990255189014e-07 9.471313572981524542e-01 2.373183268312342161e-05 -7.352730273761972635e-01 3.524481407708996653e-03 3.006052195685443661e-10 0.000000000000000000e+00 9.119479707947511633e+04 0.000000000000000000e+00 0.000000000000000000e+00
3.258909754311966056e-01 3.898876926608877969e-01 8.290036293446150228e-01 1.305733239064426423e-09 -3.032459831806905148e-01 8.345725744496986431e-04 1.073021881435326811e-03 1.456112628956677694e-09 9.524600920394065906e+04 0.000000000000000000e+00 0.000000000000000000e+00
3.263712835399423251e-01 3.904623210931031929e-01 8.341695041534477051e-01 5.940746173196834873e-02 -2.879166610080458044e-01 1.579166189711295567e-04 1.203632766548243624e-07 0.000000000000000000e+00 9.582119871484300529e+04 0.000000000000000000e+00 0.000000000000000000e+00
2.854711238001221285e-01 8.372229494699033717e-09 1.221889141361032438e+00 1.141359765256300221e-09 -6.291274448079124948e-01 6.448513332486634213e-09 -5.249328285069859257e-05 0.000000000000000000e+00 1.037405006786365557e+05 0.000000000000000000e+00 0.000000000000000000e+00
2.980385156728008189e-01 1.972586729042883485e-03 1.342658562300059533e+00 6.104695631599373354e-10 -3.990349561997964534e-01 5.136461129743037646e-03 0.000000000000000000e+00 8.758301696477071482e-08 1.068789570289297699e+05 0.000000000000000000e+00 0.000000000000000000e+00
1.307512857243374182e-01 3.929762399670693185e-01 9.708824752127594993e-01 0.000000000000000000e+00 -3.402422960009001129e-01 6.824593118313096400e-09 1.559048803580292096e-04 0.000000000000000000e+00 1.089143655008643545e+05 0.000000000000000000e+00 0.000000000000000000e+00
6.414359340349571337e-01 3.722826364936490205e-09 3.537343034605329168e-06 0.000000000000000000e+00 -3.660368101829918341e-01 0.000000000000000000e+00 0.000000000000000000e+00 2.127725133597190482e-05 1.123123470429967274e+05 0.000000000000000000e+00 0.000000000000000000e+00
6.684334258889512714e-01 4.628538062467752834e-04 5.897807263103239852e-04 1.938498544203633457e-06 -3.391029221980498276e-01 5.078510872077953407e-10 2.519232633317522542e-09 6.756785791094395781e-09 1.139463776998647227e+05 0.000000000000000000e+00 0.000000000000000000e+00
2.902670389336621119e-05 3.648235195750558213e-01 1.219552908293757953e+00 2.517926384023792510e-11 -4.193712570210229834e-08 5.785770120012260972e-09 4.669720692105380853e-04 5.962122138375237966e-15 inf 0.000000000000000000e+00 -9.000000000000000000e+01
5.306983540076344497e+01 2.373270515267179519e+02 9.466273184041046340e-01 8.456217914194109674e-08 5.291328721374054567e+01 9.357824427480931263e+03 3.442531038778631592e+11 2.612397870944660916e+00 inf 0.000000000000000000e+00 -2.000000000000000000e+01
-5.723696337657777078e-02 4.594483423784134768e-01 3.901960400252412198e-01 7.456362057552786693e-01 2.660087278597336041e-02 -9.748508037556243011e-02 -3.796997121443138057e-01 -4.581291705289303184e-02 inf 0.000000000000000000e+00 -1.000000000000000000e+01
1.318858402053135981e+00 1.118302486676217815e-06 1.633397853588821169e+00 3.525530817370796763e-09 2.234885576700921028e+00 7.379974130822833879e-09 7.355851688360235839e-04 -1.125202807714005201e-02 inf 0.000000000000000000e+00 -3.000000000000000000e+01
3.162273377862596035e+01 1.153759373963334335e-03 1.278069183116651020e-01 8.248603184714574577e-06 2.016000000000000466e+06 3.957538167938932361e+02 6.946825799141223001e+00 -7.739503875033547364e-04 inf 0.000000000000000000e+00 -2.000000000000000000e+01
1.008998001522658283e+00 1.103222842575355619e-05 2.255477811487393688e-06 3.939587253442286074e-12 -1.357209256999370958e-04 1.391130217090896295e-12 -1.132431433459512211e-08 -4.806997859393079724e-11 inf 0.000000000000000000e+00 -9.000000000000000000e+01
1.608306829674227860e-04 1.686394443424686693e-09 1.260094379913293761e+00 7.752863691762944373e-05 -8.682151625676044482e-01 1.617176761045315206e-09 1.678412511993360797e-04 -4.574911254281657385e-07 inf 0.000000000000000000e+00 -9.000000000000000000e+01
1.004526010748001186e+00 2.984394568885973333e-07 -6.733540246048976902e-08 4.140847464329287801e-08 -1.272068341041957212e-04 3.497337385413250000e-09 0.000000000000000000e+00 1.725353110137203250e-09 inf 0.000000000000000000e+00 -9.000000000000000000e+01
1.206311560769117750e-04 2.071481795256374973e-06 3.913704675572519942e-02 0.000000000000000000e+00 2.444656488549618643e+03 0.000000000000000000e+00 4.403065189804513288e-08 0.000000000000000000e+00 inf 0.000000000000000000e+00 -3.000000000000000000e+01
1.376322363965384282e-07 -2.293007633587786928e+06 -2.491376753754288596e-06 4.140630840743317009e-08 -3.473412899570611501e+00 2.211243141698473913e+00 7.376416038920862416e-03 -7.381193510448661073e-04 inf 0.000000000000000000e+00 -2.000000000000000000e+01
9.526693309590619219e-01 2.501662572979476001e-02 7.697423301475310176e-01 2.887754907530399584e-09 -7.693885882678676595e-04 1.655511996824653121e-03 0.000000000000000000e+00 3.022696725639297018e-07 inf 0.000000000000000000e+00 -9.000000000000000000e+01
4.743410066793894231e+01 1.076268785782442983e+01 7.389074427480917961e+01 3.592434644926596128e-07 -2.222984255725191360e+01 2.415489604454914771e-02 3.442531038778626709e+11 0.000000000000000000e+00 inf 0.000000000000000000e+00 -2.000000000000000000e+01
9.920361495100099569e-01 4.524088301443675991e-02 3.411317863057074728e-05 3.259220888271090912e-07 -1.466649399721990863e-05 4.158901654304256454e-08 3.227038911184212815e-10 -1.525496443537996744e-06 inf 0.000000000000000000e+00 -9.000000000000000000e+01
1.094614276230982952e-01 7.280866606913486035e-03 5.499114502720572054e+07 2.567390266663775833e+01 -6.412213739179771437e+03 8.434033574177496106e+00 3.442531038092374268e+11 -3.770381678637705627e+05 inf 0.000000000000000000e+00 -2.000000000000000000e+01
1.276348642155771040e+00 -2.618767096376076076e+00 7.297711059855349625e-01 7.988440913257296438e-01 -2.785443213175241572e-01 -3.852146201861913116e-07 4.940484905733680190e-07 5.975552294100145519e-05 inf 0.000000000000000000e+00 -2.000000000000000000e+01
1.047204468387497034e+00 1.512881075804930697e+00 7.473942340711948172e-08 0.000000000000000000e+00 6.741712627332052515e-06 1.899051920980363573e+00 3.549364385803610252e-04 1.143838132143741495e-06 inf 0.000000000000000000e+00 -1.000000000000000000e+01
9.473842241170357115e-01 1.518630762650449995e-01 2.172994206826961379e-05 1.786274898832332722e-05 -2.316287521842828069e-07 0.000000000000000000e+00 0.000000000000000000e+00 -2.954105824958969376e-07 inf 0.000000000000000000e+00 -9.000000000000000000e+01
1.902109163937852065e-01 7.157229583015586199e-05 7.770213981550246063e-02 1.309906104649984693e+00 -8.118280349178048638e-01 1.087707398836883915e-03 1.033227776080714829e-07 6.961327352556057058e-02 inf 0.000000000000000000e+00 -9.000000000000000000e+01
1.044189999299755645e+00 1.197106374648027719e-09 0.000000000000000000e+00 1.093558042927900709e-08 8.841734544439261475e-06 1.408038161485323044e-09 -7.916790441036155813e-10 2.607239479941699756e+01 inf 0.000000000000000000e+00 -3.000000000000000000e+01
1.601957033189302382e-01 3.068008681490171363e-01 3.223649599048062364e-01 4.655958840558756251e-02 -4.957100617288395794e-01 -3.597251663767499219e-02 -5.408063569704774087e-01 -9.207289659821828176e-02 inf 0.000000000000000000e+00 -9.000000000000000000e+01
4.938283715831668363e-01 2.451543100871386152e-04 3.555240893204140308e-06 1.051576073099854236e+00 -5.340356920252201656e-01 5.644489215903629453e-02 0.000000000000000000e+00 2.226866978329103131e-01 inf 0.000000000000000000e+00 -9.000000000000000000e+01
7.011800723644899536e-02 5.671767696459429908e-01 1.963304202620572148e-01 8.836712654242693343e-07 -5.837973343242124358e-01 -7.101071334709823909e-04 9.657457015205360559e-04 4.194838020774541146e-09 inf 0.000000000000000000e+00 -9.000000000000000000e+01
6.808167646058026039e-06 2.342080866768364231e-02 6.934541476873744064e-04 0.000000000000000000e+00 -1.003176116007243213e+00 -2.676989317561116570e-03 0.000000000000000000e+00 2.111335779038500338e+00 inf 0.000000000000000000e+00 -3.000000000000000000e+01
4.039694680853876635e+05 -1.195031457589484453e+09 2.896141477391675778e+01 0.000000000000000000e+00 -1.167849482234697405e+02 1.653148864932761910e+02 1.031075404308229462e-06 1.140861075583367795e+07 inf 0.000000000000000000e+00 -2.000000000000000000e+01
1.455898139312977690e+01 4.367694417938933071e+01 4.553527549932932664e-06 1.077730393477979103e-06 8.194319164479965667e-02 -1.030405059115577643e-01 6.681670351145040512e+09 3.216576030236165673e-01 inf 0.000000000000000000e+00 -2.000000000000000000e+01
9.837833888697399276e-01 9.248013505067479324e-09 3.082792299832862876e-02 2.752493124850770301e-02 -2.379847901794050757e-02 7.161910022005724099e-11 1.018951781795717908e-04 5.079592570673663521e-11 inf 0.000000000000000000e+00 -9.000000000000000000e+01
8.945520283647404591e-01 2.376153825343841897e-01 9.500247371549368214e-02 1.054413068014313140e-09 -1.091982456499927318e-04 1.695985252751449658e-03 -1.501475877687400134e-03 -1.534016954891097795e+00 inf 0.000000000000000000e+00 -9.000000000000000000e+01
2.361025846136958206e-01 7.395284949199240274e-03 1.093067521359702976e-02 4.317616709370826200e-01 -7.673333999945114448e-01 -9.039956612807601449e-06 0.000000000000000000e+00 -1.739555765408519806e-08 inf 0.000000000000000000e+00 -9.000000000000000000e+01
4.340394651259485426e-02 2.093170603649645023e-01 1.201127804337272842e+00 4.489124837351253482e-09 -4.254809404614932622e-01 1.497589535837147200e-09 0.000000000000000000e+00 4.680443175874005577e-05 inf 0.000000000000000000e+00 -9.000000000000000000e+01
1.746295691052829557e+00 1.378398696039927738e-09 0.000000000000000000e+00 1.257332990461817626e-08 5.761560687151020686e-10 -1.150561789879677205e-07 7.057401323724430017e-07 1.725659644393356939e+04 inf 0.000000000000000000e+00 -3.000000000000000000e+01
5.080110932989174710e-01 4.022459165632111248e-10 0.000000000000000000e+00 3.659793510881756290e-09 -5.040576995767469537e-01 9.698168974699664796e-03 3.549336966287739570e-09 3.276877489622498081e-09 inf 0.000000000000000000e+00 -9.000000000000000000e+01
2.717208629143521496e-04 3.456946921419249108e-05 1.497160681138564042e+00 5.584298873061863735e-05 -2.042257873576910042e-03 -4.665669621216189113e-05 6.343376728534342191e-04 0.000000000000000000e+00 inf 0.000000000000000000e+00 -9.000000000000000000e+01
7.991915060768036705e-01 1.446271059077563158e-04 7.522713174198349638e-03 4.963339316379818342e-06 -2.014134927713777390e-01 -8.962155532991290792e-08 -1.001682076349632577e-01 -1.728709389829204690e-01 inf 0.000000000000000000e+00 -9.000000000000000000e+01
1.745222659005905008e-01 2.364571270828679813e-05 1.298857399839247195e+00 8.824305829541811633e-06 -6.157407558315739493e-01 2.385132760140233350e-04 -1.860586321703262564e-03 2.091622854772312188e-08 inf 0.000000000000000000e+00 -9.000000000000000000e+01
1.046217849684027312e+00 3.293310452378319264e-08 3.024966637740085553e-06 2.557989852528183995e-03 -4.273985120419862682e-06 1.950467262552740139e-02 7.929768542837369871e-01 -2.797801401202701203e-03 inf 0.000000000000000000e+00 -1.000000000000000000e+01
2.795383788189338556e-06 1.139568026288944491e+00 5.666528181903482397e-03 6.657532738532884206e-10 -1.185180657262452086e-01 4.910747683415067188e-05 4.792086494038866702e-06 1.284151712327890892e-09 inf 0.000000000000000000e+00 -8.000000000000000000e+01
2.533309685125662569e-01 1.652830099441743306e-01 2.300458073204456064e-05 1.581773852176023398e+00 -1.324581131094668129e-01 8.920648433902866881e-02 -2.525586179988084101e-01 -4.078010712641310098e-01 inf 0.000000000000000000e+00 -9.000000000000000000e+01
9.707064825216985549e-01 6.526362391797672219e-10 6.530455128200752801e-01 7.262800171416864763e-10 5.493317947835300987e-08 3.546928132945491486e-06 8.104886807012102112e-05 2.392356218702237703e-07 inf 0.000000000000000000e+00 -9.000000000000000000e+01
4.213630326221931566e-02 1.050670556241406755e-08 1.530891018085872135e+00 2.802022119759963787e-06 -2.472517795135685623e-03 2.700947173556197585e-06 4.541161557345589713e-12 0.000000000000000000e+00 inf 0.000000000000000000e+00 -9.000000000000000000e+01
3.166134055996885910e-01 1.095582895567176474e+00 4.079119802302866304e-01 1.349970538688018079e-07 -5.167666844412271843e+01 -7.287133938405530864e-02 6.997082044478228092e+08 -9.783186712709953881e+00 inf 0.000000000000000000e+00 -3.000000000000000000e+01
6.842830819727606650e-01 9.681360897499704648e-06 1.421078394128557493e-02 5.435286505543129865e-01 -3.215697394713764035e-01 1.206814265033359788e-08 1.924707413922723037e-06 2.390395742076772237e-07 inf 0.000000000000000000e+00 -9.000000000000000000e+01
4.836034950336245281e-02 -8.804731712086517539e-08 5.350097394497015291e-10 4.446007510370680047e-04 -9.593911760060995775e-01 1.135950148505384380e-05 2.137136657345563003e-04 0.000000000000000000e+00 inf 0.000000000000000000e+00 -9.000000000000000000e+01
6.941999440741697391e-01 5.064157278431412334e-10 8.708652203117133892e-04 1.471981715597397083e-09 -3.226307834078386838e-01 1.333561416653605276e-09 1.217795267427761825e-03 4.915588115741901909e+00 inf 0.000000000000000000e+00 -3.000000000000000000e+01
1.009070149111175763e+00 1.053334798402549824e-05 3.179698473591379662e-04 1.585224112326783396e-08 1.352087999581199360e-03 4.149557235208345121e-08 9.725524770019558361e-10 0.000000000000000000e+00 inf 0.000000000000000000e+00 -9.000000000000000000e+01
0.000000000000000000e+00 1.704237868167292807e-08 1.628492649406116710e+00 -4.957318360690674069e-13 -7.172646270821558508e-06 1.218014339236037845e-14 8.805377606780606659e-02 9.685650025604972401e-12 inf 0.000000000000000000e+00 -9.000000000000000000e+01
7.799670824495261862e-03 4.634878312564151273e-09 7.212941325327797326e-09 -6.416632603011608062e-05 -9.756679140459527666e-01 1.819923192382227883e-02 -5.767029336899527348e-01 -2.628252714193554662e-01 inf 0.000000000000000000e+00 -9.000000000000000000e+01
5.608699834176885446e+00 6.901094943193155718e-05 4.179031248994542125e+01 5.235602728939245344e-04 -1.622123971649197216e+01 7.775541283593874475e-02 6.526921155145438761e+07 0.000000000000000000e+00 inf 0.000000000000000000e+00 -2.000000000000000000e+01
3.634158880806614977e-01 1.065817507749572073e-08 2.025407019557826926e-01 7.920788165770787509e-03 -6.342417409815366280e-01 5.532593147023668323e-08 1.392467325946005960e-03 6.165530081237411379e-10 inf 0.000000000000000000e+00 -9.000000000000000000e+01
8.868281237979455667e-02 3.167243299278377222e-01 1.156602729524715656e+00 5.663472353121716570e-10 -2.041940385887706655e-01 2.320913180004782037e-09 0.000000000000000000e+00 -3.226624562594207485e-07 inf 0.000000000000000000e+00 -9.000000000000000000e+01
3.463984928798596874e-02 5.271281413389169307e-02 1.503068243017825933e+00 7.648351812716163884e-08 -3.882863541112557826e-04 6.269059680923547151e-02 -2.141458074189350053e-02 -3.097043867825207300e-09 inf 0.000000000000000000e+00 -9.000000000000000000e+01
1.218945959448099359e+00 3.881906261520839566e-09 3.688497052807299294e-06 1.214099255832003621e+00 -3.210941145663482460e-02 -1.169077923023113591e-03 1.275652391756420556e+01 1.073824104396230264e-04 inf 0.000000000000000000e+00 -3.000000000000000000e+01
2.457527622003740642e-01 7.499779119884462407e-06 2.748912328863244853e-03 1.050304637370844273e-05 -7.323102444091683649e-01 -1.295424934976804020e-02 4.582499266484214163e-07 0.000000000000000000e+00 inf 0.000000000000000000e+00 -9.000000000000000000e+01
3.672922315102330471e-01 6.892926528349827771e-08 3.615914651675021241e-01 2.831295784057193902e-03 -6.221979265494856914e-01 3.467044960287733328e-06 2.904737489129955553e-07 1.096033568090960809e-05 inf 0.000000000000000000e+00 -9.000000000000000000e+01
2.984685528184405356e-01 5.569432875601721535e-06 8.056819830681829497e-01 0.000000000000000000e+00 -6.689601920020671333e-01 1.583134578472045195e-02 1.320868307942037754e-03 7.571711807813861009e-10 inf 0.000000000000000000e+00 -9.000000000000000000e+01
8.896509478041880849e-08 3.569697748820853112e-01 1.138852212312634560e+00 5.052497434783900559e-08 6.808658120767313216e-07 4.054751325575989881e-04 0.000000000000000000e+00 0.000000000000000000e+00 inf 0.000000000000000000e+00 -9.000000000000000000e+01
3.138495429979227258e-01 1.758001567500156945e-02 1.045741064000915694e-04 0.000000000000000000e+00 -6.869159809011139428e-01 -9.522508490625849684e-04 2.343655718392029230e-07 0.000000000000000000e+00 inf 0.000000000000000000e+00 -9.000000000000000000e+01
9.768658197212776173e-01 1.955845326432646569e-08 2.534099315155341221e-03 1.400237202978858175e-01 -2.179755894838039323e-06 5.359178057486949911e-04 -1.470956253634356226e-01 -8.901171175838668015e-01 inf 0.000000000000000000e+00 -9.000000000000000000e+01
1.652790199691623130e+01 -5.134589796166545966e+03 1.109302391415441236e-03 1.658672015348888706e+01 -3.944064744963501967e-09 2.486057948398682897e-04 -6.823825196124500003e-02 -1.174065547211993188e-01 inf 0.000000000000000000e+00 -2.000000000000000000e+01
7.469000349745315293e-02 1.233235564994179800e-02 9.438335473664801973e-09 -8.079215165457071191e-06 -9.352487394463698811e-01 3.841402537781574630e-06 -6.229301412618769693e-06 2.830488248483193470e+00 inf 0.000000000000000000e+00 -3.000000000000000000e+01
1.023175568508122746e+00 2.016066654670578771e-09 -1.163834958408231667e-04 2.053867904445652066e-08 -6.711947169448945205e-02 2.047936636347611090e-03 6.949772069153829779e-02 8.063638199416081420e+01 inf 0.000000000000000000e+00 -3.000000000000000000e+01
2.126727690604117171e+01 2.251522755114144805e-07 1.785690460952597577e-07 3.970161597967732091e-08 1.138112991417416449e-08 9.387226533861481788e-08 5.344138800969985873e+07 -3.433042846669341729e-06 inf 0.000000000000000000e+00 -2.000000000000000000e+01
9.508349114392660173e-01 4.883191702851452347e-10 3.851045320476808532e-06 1.209086368867214878e+00 -5.490289033387737300e-02 9.782252175301090445e-04 -5.247608994109023711e-10 -3.521728702713166881e-08 inf 0.000000000000000000e+00 -9.000000000000000000e+01
5.186230316451077016e-01 3.831024948010736467e-03 5.629173484987563614e-08 9.040548842077805085e-05 -4.883532048953933002e-01 -3.702745225680708475e-06 0.000000000000000000e+00 5.021751987141683935e-09 inf 0.000000000000000000e+00 -9.000000000000000000e+01
2.874787901289392600e-02 1.702587139052752205e-06 9.671955905185498914e-02 1.292390960832551141e-09 -9.745043733184381995e-01 2.016710748768816837e-07 1.062057500608766612e-03 1.441233740029558378e-09 inf 0.000000000000000000e+00 -9.000000000000000000e+01
1.522900765060379927e+05 7.734732833069823755e+03 1.471461232206059148e-03 4.475963625100471587e-08 3.642137408649666468e+05 0.000000000000000000e+00 2.971587293610937573e-03 2.113465651216425933e+06 inf 0.000000000000000000e+00 -2.000000000000000000e+01
2.012366308186598566e-06 8.429782885213366050e-01 8.754337323397701036e-04 5.244963390345930919e-10 -4.651529245329151241e-01 1.336646334864698615e-03 -1.270510188087539119e-03 -3.680232908660803770e-01 inf 0.000000000000000000e+00 -9.000000000000000000e+01
3.340018271816152517e-01 4.794758176136705489e-08 1.363497776016497041e-02 2.229815015268811429e+00 -8.467651956717005268e-02 0.000000000000000000e+00 0.000000000000000000e+00 4.977015065872896489e-09 inf 0.000000000000000000e+00 -2.000000000000000000e+01
1.150360490248635986e-01 2.032059294876571443e-01 0.000000000000000000e+00 2.877069942116211195e-06 -8.089159116143274098e-01 1.045243795761536356e-08 0.000000000000000000e+00 2.051216704845547481e-05 inf 0.000000000000000000e+00 -9.000000000000000000e+01
3.733674260496206898e+01 -1.279077618320618868e+09 2.896141459923682859e+01 0.000000000000000000e+00 -1.377624045801535658e+03 5.518323592557287327e+00 7.091559299075921952e-05 1.193679926049625983e+01 inf 0.000000000000000000e+00 -2.000000000000000000e+01
1.008338292480346343e+00 -2.319398828529972700e-09 1.890634298400649393e-02 5.067618129419523342e-07 -1.563024386905298750e-05 3.212015115090388639e-04 5.812496938804079428e-06 6.661191205008558111e-12 inf 0.000000000000000000e+00 -9.000000000000000000e+01
3.684847104171593067e-09 4.080217402381646763e-01 4.624536177533649403e-04 7.735231041077008125e-07 -8.160434804763293526e-01 1.018786527361362119e-05 6.367415796008513244e-07 4.716604293339639060e-09 inf 0.000000000000000000e+00 -9.000000000000000000e+01
5.666872918443467411e-01 9.734545561681506858e-08 5.035109773283538413e-07 1.187931434766875821e-01 -4.446676679275515243e-01 -4.067473566186737195e-05 9.454817240943532766e-08 1.689502485001779020e+00 inf 0.000000000000000000e+00 -1.000000000000000000e+01
3.308326333226916868e-03 -1.471478604281502456e+01 1.721141552500874555e-02 1.151191007439964447e-04 -2.488835633654094881e+00 1.558769707925320401e-02 0.000000000000000000e+00 4.776808415857979449e-06 inf 0.000000000000000000e+00 -2.000000000000000000e+01
-1.121929738840393974e-04 -1.185972239789000040e-07 2.114089446425283736e+00 8.728755684847040340e-05 5.736590576371963331e-10 2.329249478945596052e-04 0.000000000000000000e+00 1.632201410843050038e+00 inf 0.000000000000000000e+00 -2.000000000000000000e+01
7.305478370594908899e-01 2.626321416539463879e-07 9.629845193978035104e-07 1.027183487357656924e-03 -2.763459750133414605e-01 1.090025978544211018e-09 -1.733138684123464862e-02 -2.994146485330537524e-02 inf 0.000000000000000000e+00 -9.000000000000000000e+01
4.293506549745246259e-01 5.841890800059130952e-06 1.434466473993227520e-02 3.630425678072922102e-06 -5.777437384910654172e-01 1.313897093636038119e-04 4.772569814173387758e-10 1.292537208669413621e-07 inf 0.000000000000000000e+00 -9.000000000000000000e+01
3.747372227009953871e+00 1.219823473331031209e+03 3.807251908548598180e+02 4.439608741529416647e-01 9.357824427853660382e+03 1.322519084022144671e+04 7.643954444782053153e-05 7.534351145338278729e+04 inf 0.000000000000000000e+00 -2.000000000000000000e+01
2.305416660455698041e-01 4.329583572069745681e-05 2.269948711833302823e+01 0.000000000000000000e+00 -1.407114660922667262e-05 3.019362005570294313e-02 6.925422726700472542e-02 1.034470419847894163e+03 inf 0.000000000000000000e+00 -2.000000000000000000e+01
2.049040434193861531e-10 -1.660904724494857736e-05 1.540098289282748167e+00 6.784972491553461680e-05 -1.464423229426955369e-03 -2.022295064315962809e-07 4.464751261875046129e-09 2.453456309363702715e-10 inf 0.000000000000000000e+00 -9.000000000000000000e+01
2.172037826353771794e-01 1.794218074524985126e-03 1.345262137612658560e+00 4.834790494780647053e-06 -4.655478925303066506e-01 1.189809867216780407e-04 2.752148063466290867e-04 3.387397363703424845e-09 inf 0.000000000000000000e+00 -9.000000000000000000e+01
1.056553855739337687e-03 1.763790355699352393e-07 6.206548810059747678e-02 2.343076312522555775e-04 -9.997125600096238296e-01 2.429856916690057832e-03 1.148714814991882940e-08 7.713272388850396252e-09 inf 0.000000000000000000e+00 -9.000000000000000000e+01
9.477421670941189591e-01 1.484796061780786260e+02 3.470735475198189358e-03 1.140094330375924383e-08 -2.020739321115390397e-02 5.977377762841326429e-03 1.095842676405359998e+04 -1.560625847354741495e-04 inf 0.000000000000000000e+00 -2.000000000000000000e+01
2.853189636225574866e+00 9.909995333256472997e-06 1.380317233604745899e-09 2.009444841077155708e+00 -6.355949143654408525e-04 9.107031608818256683e-04 2.211144254738425388e+03 -1.715191499986697373e-05 inf 0.000000000000000000e+00 -2.000000000000000000e+01
1.009339270282116452e+00 1.287828013567719022e-09 2.470624409094586511e-06 1.812860767712261560e-07 5.895808248975718039e-08 2.142217461666470757e-03 9.048260822917837507e-07 1.546546708030637351e-06 inf 0.000000000000000000e+00 -9.000000000000000000e+01
4.998472501244259902e-01 7.295853770601936469e-10 8.820632326414452667e-04 2.899176280425462164e-06 -5.071549584595783644e-01 1.393834750204549149e-09 -7.840320469900588706e-10 -5.261726182022172842e-08 inf 0.000000000000000000e+00 -9.000000000000000000e+01
6.149216389938858551e-01 3.110315869437881694e-06 4.499426626784530647e-01 0.000000000000000000e+00 -3.735887562845337517e-01 8.841202888804831211e-03 7.376545783731741374e-04 2.239968675569126795e-09 inf 0.000000000000000000e+00 -9.000000000000000000e+01
7.980976770438161783e-01 2.546718285681308327e-09 7.654190946810440765e-04 5.700503139461068297e-10 -2.098583533262624035e-01 3.858692784853688594e-07 1.067394782136344453e-04 -6.235138101904813893e-03 inf 0.000000000000000000e+00 -9.000000000000000000e+01
9.728447251205561974e-01 7.096858387209116291e-10 3.866141349883136130e-06 2.374960360281253291e-01 -3.365585537296963275e-02 -9.401215497019082667e-04 7.921229457467327229e-07 1.179706038466846650e-06 inf 0.000000000000000000e+00 -9.000000000000000000e+01
1.305539484505773484e-03 2.245680162852496577e-03 1.527854208153042403e+00 5.706220103125045961e-09 6.946197703142550418e-08 1.826994030795251410e-04 0.000000000000000000e+00 5.299670070332421826e-10 inf 0.000000000000000000e+00 -9.000000000000000000e+01
9.232573648754091237e-08 -6.243172051608954831e+01 2.211261999665443696e-03 3.698667672416906114e-06 -3.901982532255596769e+00 5.782767673276523884e-02 4.180035738270969879e-03 1.127642583053934734e-08 inf 0.000000000000000000e+00 -2.000000000000000000e+01
7.103373986164124076e+00 5.511121330285119210e-08 1.816203576007872633e-01 1.597467042107618795e-05 -4.305075143129771575e+00 1.903523811857209355e-06 4.267969465648856014e+07 0.000000000000000000e+00 inf 0.000000000000000000e+00 -2.000000000000000000e+01
4.982457356540834770e-01 -1.120610430033242878e-02 3.050044719787481373e-01 2.895003519763950650e-01 -6.348756596050471324e-02 -5.338699471363327342e-01 -2.930512307353919654e-01 -2.654660228000536859e-02 inf 0.000000000000000000e+00 -9.000000000000000000e+01
5.412953384275630553e-01 4.859212697203171910e-10 5.877671065394059853e-04 1.188050205518438351e-07 -4.660611487905191308e-01 -9.427173721768395114e-04 1.528158695725677608e-07 -8.659068980268034459e-05 inf 0.000000000000000000e+00 -9.000000000000000000e+01
5.183406077908560006e-01 -1.581849999361743166e-05 5.797993375736644472e-03 2.215297761969689354e-05 -1.544585435296242037e+00 1.778254193913368910e-06 3.906641552624345195e+02 1.318208332801452709e-06 inf 0.000000000000000000e+00 -3.000000000000000000e+01
9.523115982215911712e-01 3.881275313686172631e-08 1.099949227925349146e-02 1.806599620484554782e-08 -5.499746139626746078e-02 5.385168095051189215e-04 2.272818877383794803e-09 -5.817509249916291009e-02 inf 0.000000000000000000e+00 -8.000000000000000000e+01
1.004318974193810332e+00 7.754651612513005152e-03 1.640994189655803164e-04 9.067446964237647899e-03 -5.513803786629392088e-10 3.470416491205223345e-05 -1.059395318717327832e-02 1.695995092124948393e-09 inf 0.000000000000000000e+00 -9.000000000000000000e+01
-4.605277493773230618e-02 9.374703492275011651e-01 6.289598603761881579e-06 1.860349720256909034e+00 -6.406351365100385054e-02 5.913892492475220118e-07 8.662928455774248736e-10 3.337435652922596634e-08 inf 0.000000000000000000e+00 -9.000000000000000000e+01
7.421781282423739468e-01 3.684441345638253041e-04 1.365437318399983363e-02 1.229408046542538199e-05 -2.657276596942946267e-01 -6.619889481382898227e-05 9.003049694680741156e-05 3.462981454325064212e-01 inf 0.000000000000000000e+00 -1.000000000000000000e+01
4.689234008610638216e-01 2.829557652900873213e-07 1.463564303224589571e-06 3.273937926011791233e-01 -5.371304409863094653e-01 0.000000000000000000e+00 0.000000000000000000e+00 3.122270513545791085e-05 inf 0.000000000000000000e+00 -9.000000000000000000e+01
3.819662846694918401e-01 2.488986078803006319e-01 5.884732710985726830e-04 3.557338236546999217e-10 -5.212391899099925174e-01 0.000000000000000000e+00 0.000000000000000000e+00 4.623255469880576730e-10 inf 0.000000000000000000e+00 -9.000000000000000000e+01
2.421036012902894052e-02 7.199950577502519655e-01 1.217096908660422229e-02 1.995775774114733503e+00 -7.605210953575396171e-02 -7.298469638081923861e-05 2.283783344332688429e-07 -4.557528080558419803e-07 inf 0.000000000000000000e+00 -9.000000000000000000e+01
9.847750587816774814e-01 1.975959019819838870e-09 1.553222450436141822e+00 7.605578114023530753e-10 -2.580155689452756597e-04 4.165778640425541607e-02 -1.057081967315189920e-02 1.819031653294285533e+01 inf 0.000000000000000000e+00 -3.000000000000000000e+01
9.971295463066147668e-01 1.179930819758536147e-08 0.000000000000000000e+00 1.076296684266516519e-07 4.931985966186474123e-09 -2.062693877503811476e-07 6.041245797163705074e-06 -1.723073578060084685e-08 inf 0.000000000000000000e+00 -9.000000000000000000e+01
1.452939966919736703e+00 3.583484223344642339e-01 8.127993761131711015e-01 4.135923708419414132e-08 -2.231533357264618156e-01 2.542476575451488244e-09 0.000000000000000000e+00 1.409083332366686773e+04 inf 0.000000000000000000e+00 -3.000000000000000000e+01
8.072589412867422348e-03 4.797057521764766358e-09 0.000000000000000000e+00 -6.641157246617968306e-05 -1.009807548373234054e+00 1.051882862888785380e-01 -6.281942306740467830e-01 2.720218008214719818e-01 inf 0.000000000000000000e+00 -1.000000000000000000e+01
2.228770347194217460e-01 2.813238095584309484e-01 9.787886559706073797e-01 3.739170531066449746e-09 -4.519883920883377981e-01 -6.278462140909190844e-05 0.000000000000000000e+00 2.296454547278574978e-07 inf 0.000000000000000000e+00 -9.000000000000000000e+01
1.233652100967735032e+00 1.107450503890860619e-09 1.339564696729969411e-03 2.707654265692711104e-07 -1.062187819786298837e+00 1.152080344422192780e-07 5.733856092055152676e-07 1.581947807084824599e+05 inf 0.000000000000000000e+00 -3.000000000000000000e+01
2.705572487430814022e+00 5.618907963092488039e-07 -1.876350132079621394e-08 4.088668362132959077e-09 -1.071040940257340742e-05 1.933037953283902510e+01 1.064549783043659883e-05 -3.778056347025183640e-08 inf 0.000000000000000000e+00 -2.000000000000000000e+01
7.214408912720220446e-01 4.937552773822710878e-06 1.297002190558892432e-01 7.608213602722143080e-10 -2.800888166114909317e-01 1.937584746284936617e-07 6.617130151803386537e-07 9.834633803597695403e-07 inf 0.000000000000000000e+00 -8.000000000000000000e+01
8.513309156848891668e-01 3.054974757079970127e-01 4.514315597555979741e-05 2.124096022235657799e-01 -2.242571497579479503e-02 -6.231201758457132183e-04 1.136326580620498244e-04 -6.651022778788196615e-03 inf 0.000000000000000000e+00 -9.000000000000000000e+01
1.490767187973039753e-07 3.862153500608097718e-10 0.000000000000000000e+00 2.263385191287457410e+00 -1.246670496342692086e-01 -1.659266755171134866e-02 3.705742299648891479e-10 1.428395213682845356e-08 inf 0.000000000000000000e+00 -2.000000000000000000e+01
1.247723520187505545e-03 1.531544607084996339e-08 1.233233827695005419e-01 1.758934838974006748e-06 -1.030378132800004565e+00 -3.985608774792498031e-05 6.530021416620028774e-01 -5.353136393062523160e-03 inf 0.000000000000000000e+00 -1.000000000000000000e+01
1.977930131923922863e-01 1.817681162902308745e-01 1.384551092346745893e+00 3.711122887498317913e-05 -2.459177817016957343e-04 6.478636890445256535e-02 4.256613239636624583e-04 4.878129825015327588e-10 inf 0.000000000000000000e+00 -9.000000000000000000e+01
4.112553109374053606e-01 -2.236465129711827987e-07 8.621704631811432165e-03 3.405573329565516061e-01 -5.931732786686265690e-01 1.673823125785266382e-03 -1.481855483592590039e-03 -1.513971333346087578e+00 inf 0.000000000000000000e+00 -9.000000000000000000e+01
5.313696778205766885e-02 2.739081662063147746e+02 2.370768943759272496e+00 1.289272099752233736e+01 2.123072425200813086e+03 3.000487795787016694e+03 1.317612321721276344e-05 -6.859035865001502501e-06 inf 0.000000000000000000e+00 -2.000000000000000000e+01
2.428250146999645143e+00 3.612585286445089692e-06 1.145818650548489260e-09 5.722829122486143213e-03 -5.931506869493925055e-02 3.201306346142110209e-04 1.060918677558458285e+03 9.407364836162892061e+02 inf 0.000000000000000000e+00 -2.000000000000000000e+01
2.465633945610703037e+01 -1.279077618320618868e+09 2.896141459923682859e+01 0.000000000000000000e+00 -6.412213740458056236e+03 1.995989384541997591e+00 7.091559299075921952e-05 1.193679926049625983e+01 inf 0.000000000000000000e+00 -2.000000000000000000e+01
1.009019567076069768e+00 1.260231915700077190e-11 1.197443058579243696e-08 3.941482683890897530e-03 -1.042408095041005839e-04 -2.911797376330639759e-06 1.024597855183132583e-10 0.000000000000000000e+00 inf 0.000000000000000000e+00 -8.000000000000000000e+01
1.406567756793789328e-02 2.025945749481726857e-02 9.490213342150547460e-01 1.038846398770389090e+00 -3.622293364133593596e-01 -2.550738925552294839e-02 4.543908938428960190e-06 -7.770829187818182975e-05 inf 0.000000000000000000e+00 -9.000000000000000000e+01
1.770115006684277459e-01 5.320124660973739594e-01 1.696767699777470273e-01 1.362556854046674807e-09 -5.359243224657370686e-01 4.674954425435008945e-08 1.176613048296696901e-03 1.173110446532164017e-09 inf 0.000000000000000000e+00 -9.000000000000000000e+01
5.068247554866413651e+00 9.389317821967239940e-08 8.659071594704200736e-01 8.248603184714574577e-06 4.965618320610688068e+06 -5.744909512177679475e-04 0.000000000000000000e+00 7.558109252962448598e-07 inf 0.000000000000000000e+00 -2.000000000000000000e+01
1.009368017456951927e+00 2.112779397136873576e-09 1.701508738057642038e-11 2.732652118940026943e-08 -5.992951812148626152e-05 7.710016377156095942e-04 1.353370161140434106e-05 -1.535720707169974421e-09 inf 0.000000000000000000e+00 -9.000000000000000000e+01
4.039694678925685585e+05 -1.279077625424820662e+09 2.896141476009315596e+01 0.000000000000000000e+00 -7.890028669776729942e+01 -1.149650754834778965e+00 0.000000000000000000e+00 1.050577105071721226e+07 inf 0.000000000000000000e+00 -2.000000000000000000e+01
6.634485283467047578e-01 2.966926162164024827e+00 1.186476903569881440e-02 6.054701724403002867e-03 -6.614914530418473104e-01 1.139078986030363011e-03 8.993152440881350174e+01 5.212831657279798597e-10 inf 0.000000000000000000e+00 -2.000000000000000000e+01
5.662334894073290596e-05 6.760771951251936009e-10 1.545374652520530079e+00 5.729467755298250691e-12 -2.160009343747440565e-10 4.634910235326073111e-07 1.063095866634284181e-06 1.188099043662529421e-02 inf 0.000000000000000000e+00 -9.000000000000000000e+01
6.294471466231229551e-01 9.027109389827462681e-06 1.155314383042440829e+00 4.786213006068755820e-10 -2.958003204858662971e-01 1.110104597996722185e-08 0.000000000000000000e+00 3.922765338803390630e-07 inf 0.000000000000000000e+00 -9.000000000000000000e+01
1.206311560769117615e-04 7.054235302764950895e-06 3.790718375328388196e-08 0.000000000000000000e+00 -1.893073092890149944e-04 0.000000000000000000e+00 4.852993797709923740e+01 -1.712245795562977180e-01 inf 0.000000000000000000e+00 -3.000000000000000000e+01
2.216094084651708653e-04 9.034143979753599751e+01 4.492248841638467605e-01 0.000000000000000000e+00 1.851406724249766512e+03 3.820727107579109140e-03 0.000000000000000000e+00 0.000000000000000000e+00 inf 0.000000000000000000e+00 -2.000000000000000000e+01
5.147618984447625001e-01 -1.330361019991539369e-08 2.886581385474399188e-04 2.292573991524735424e-04 -4.936486174538640137e-01 5.844959119184449454e-06 9.621937951581330175e-05 0.000000000000000000e+00 inf 0.000000000000000000e+00 -9.000000000000000000e+01
5.514251287531463097e-01 7.536839670142435332e-02 1.211464298018275931e+00 1.344579501254535958e-08 -1.425124129313884089e-03 -9.212992343608363368e-05 5.436417119269882541e-09 1.772852972024499082e-07 inf 0.000000000000000000e+00 -9.000000000000000000e+01
1.386527482826818702e-01 1.706495363479161587e-01 1.628927392411926967e+00 4.355623375357412885e-05 2.862541799935672001e-10 1.162288628967657453e-04 0.000000000000000000e+00 8.144636962059634833e-01 inf 0.000000000000000000e+00 -1.000000000000000000e+01
9.380285412278894785e-01 1.552100277805179519e-03 1.056450749090546593e+00 3.900757534120898460e-09 1.077340192829477411e-03 3.306356386064380765e-08 0.000000000000000000e+00 7.371967363591578677e-10 inf 0.000000000000000000e+00 -9.000000000000000000e+01
1.999002360041423156e-04 -8.415554699416879242e-10 1.471400976050786166e-02 8.689921058558760514e-01 -1.004014783658183418e+00 -1.394652809331225433e-04 3.077216899376661943e-06 3.821758112691509094e-07 inf 0.000000000000000000e+00 -9.000000000000000000e+01
3.912015830470380595e-01 7.521909419256345153e-02 2.102397042649288821e-03 0.000000000000000000e+00 -5.868023745705570615e-01 1.177010470001476101e-08 1.910163979721865525e-04 3.053543881795627796e-07 inf 0.000000000000000000e+00 -9.000000000000000000e+01
1.463941822391599257e-01 2.585986403884947826e-01 1.221408467129402866e-03 0.000000000000000000e+00 -7.509306672819753281e-01 1.330170950916375562e-08 3.438436329945394273e-07 -3.892966311136895896e-02 inf 0.000000000000000000e+00 -9.000000000000000000e+01
3.593588299250317641e-01 1.500490965892421649e-05 4.529527402988568394e-04 2.299685715918249957e-08 -6.504673394379451024e-01 7.225480349752335003e-03 0.000000000000000000e+00 0.000000000000000000e+00 inf 0.000000000000000000e+00 -9.000000000000000000e+01
3.585160615992914468e-01 2.207833571083255849e-07 8.095389760638604338e-07 2.949910965808461379e-06 -6.495089187718104951e-01 1.067610189039369857e-04 -2.512023974210282135e-05 1.692672404497162604e-05 inf 0.000000000000000000e+00 -9.000000000000000000e+01
5.288333382897912882e-01 9.805858025484137652e-02 5.717644580033537371e-01 6.015582105478929295e-10 -4.019913936815388000e-01 0.000000000000000000e+00 0.000000000000000000e+00 8.630452055135449445e-08 inf 0.000000000000000000e+00 -9.000000000000000000e+01
9.342495169741674710e-01 3.309983846307810951e-07 1.502511481420840036e-03 1.575085019005392062e-05 -7.247783621630887740e-02 1.601253361884437430e-06 2.218078586890504822e-06 -6.719033562086292781e-05 inf 0.000000000000000000e+00 -9.000000000000000000e+01
5.441402530754388053e-03 2.005366595336138937e-07 1.954423247440582266e-05 0.000000000000000000e+00 -1.003431517535724460e+00 4.344960956561634848e-08 4.380142826655250738e-08 9.551328013696660300e-11 inf 0.000000000000000000e+00 -9.000000000000000000e+01
3.428115716259921841e-03 1.270816981013537204e-02 2.367041477097555080e-01 1.688030130970857309e-06 -9.888423925211717869e-01 -3.704235952208674543e-05 0.000000000000000000e+00 5.137345242395150585e-03 inf 0.000000000000000000e+00 -9.000000000000000000e+01
1.237768961056201000e+01 1.981268173412450257e-04 3.725441872982879232e+01 5.980122980475449594e+02 -1.319680142302567205e+01 2.291962443231856540e-07 1.440408767798808515e+08 -1.470212083821948986e-03 inf 0.000000000000000000e+00 -2.000000000000000000e+01
2.595782236342968291e-09 3.074629948327085582e-01 6.857849005839214415e-06 2.153111963814321683e+00 -1.008182483056261070e-01 7.176818727041039070e-06 2.874050092078934418e-07 1.204442957663137327e-08 inf 0.000000000000000000e+00 -2.000000000000000000e+01
5.152456942955950803e-01 2.515848116677710353e-04 3.511834078918021993e-03 2.348901405231504168e-05 -4.929819914556619609e-01 2.888566356185519194e-04 2.132710873648503967e-09 9.746646671156896749e-07 inf 0.000000000000000000e+00 -9.000000000000000000e+01
3.562787578308595493e-01 0.000000000000000000e+00 3.460660100989390266e-08 2.252033629745679999e+00 -4.349105930552484597e-04 3.106442873062278259e-02 1.036268450119295697e-04 -4.050545345476218220e-08 inf 0.000000000000000000e+00 -2.000000000000000000e+01
2.954954086187596829e+01 -2.865604288056094083e+04 -2.931502827786005406e-05 5.211046199429063335e-10 3.941445852659073359e-08 2.544914623918094965e-06 5.815241862043929260e-05 1.716511329915430765e-07 inf 0.000000000000000000e+00 -2.000000000000000000e+01
3.259995114841788277e-01 9.779985344525363722e-01 1.019609625648934757e-07 6.790432957702946863e-08 8.422748572535385437e-10 7.077720505913455461e-09 -5.755278463990839250e-05 -2.540666608174394743e-07 inf 0.000000000000000000e+00 -9.000000000000000000e+01
1.139337369077802170e-09 8.926388190708444137e-01 2.165746642991557003e-01 4.674554038201987652e-10 -3.248619964487335365e-01 5.751200595105652280e-10 8.198867957382844641e-09 2.913912560853681726e-06 inf 0.000000000000000000e+00 -9.000000000000000000e+01
1.337509079892278856e-09 1.227591137678432975e+00 2.083512494089622413e-09 1.012966175989206375e-17 -6.268194367812000439e-10 6.811005653845015982e-13 0.000000000000000000e+00 4.714897110058852064e-14 inf 0.000000000000000000e+00 -9.000000000000000000e+01
1.021426114378119143e+00 8.056359220888834852e-10 0.000000000000000000e+00 1.578087755853739629e-09 -1.171868720371795547e+01 4.856947054367702257e-05 4.417014168627907522e+06 7.246582789758562626e+01 inf 0.000000000000000000e+00 -3.000000000000000000e+01
2.786255762875403663e-01 5.042197073410230394e-05 2.857367243346364740e-03 0.000000000000000000e+00 -1.120510403830216273e+00 1.586138051534461635e+00 2.278478613606007674e-08 2.025563011113396014e-09 inf 0.000000000000000000e+00 -1.000000000000000000e+01
1.007946191166892769e+00 1.067091849778963499e-08 0.000000000000000000e+00 -5.469675987788395364e-04 6.748034629222907478e-06 1.240816276187668059e-03 -1.210124707518715195e-03 9.700834997990577114e-09 inf 0.000000000000000000e+00 -8.000000000000000000e+01
9.991864093783252576e-01 4.192338592942459434e-09 6.228222636054306976e-06 2.499776726909973181e-03 -2.655698414101540991e-03 -6.067114037897696589e-05 2.414271285546855644e-03 0.000000000000000000e+00 inf 0.000000000000000000e+00 -9.000000000000000000e+01
-1.717266938450991709e-01 5.905944497318226238e-01 2.146583673063739636e-02 9.661642389311895995e-08 -9.376822648049859543e-01 9.949244960866857057e-02 0.000000000000000000e+00 0.000000000000000000e+00 inf 0.000000000000000000e+00 -9.000000000000000000e+01
2.534694137237199385e+00 7.550303069798463338e-09 8.201796860716548389e-06 4.700156322089894291e-03 1.528706580823991690e+00 5.043822897430330897e-07 1.064277199981420721e-03 1.750615600621022727e-01 inf 0.000000000000000000e+00 -2.000000000000000000e+01
1.752220570735131544e-02 1.427735279858255435e-01 5.025628185101058687e-01 1.678474633899857143e-07 -8.950602263547753346e-01 9.754839056986090717e-04 1.640102426192707072e-09 0.000000000000000000e+00 inf 0.000000000000000000e+00 -9.000000000000000000e+01
9.991063876936780996e-01 2.293710149880295868e-02 5.906878981297083303e-02 1.062853154768064831e-06 -3.441396778654306645e-07 1.296444867323645611e-02 5.281490566424568530e-06 9.027228556796603549e-06 inf 0.000000000000000000e+00 -9.000000000000000000e+01
4.867190038106244399e-01 1.131701039595260083e-01 -1.084526501505052049e-03 1.059421502036411306e-01 -2.121997521744134474e-01 -3.958527631406065228e-01 -2.741471185660315224e-01 -4.321510104330547608e-01 inf 0.000000000000000000e+00 -8.000000000000000000e+01
9.055170976196631641e-05 1.227525923965745003e+00 6.700344400429101391e-10 1.658051326207879205e-09 -5.985095884951883328e-06 -7.965914535994896245e-07 1.478713012100348956e-14 5.950208668005920450e-07 inf 0.000000000000000000e+00 -9.000000000000000000e+01
6.119845178721261374e-05 2.105290739861067628e-01 5.721455257282935698e-03 3.774904501580516336e-06 -1.078039927493060324e+00 5.097527291558954295e-08 -1.427163895273036434e-03 1.572824210324221781e+02 inf 0.000000000000000000e+00 -3.000000000000000000e+01
7.993217193875697957e-01 2.597665778340629870e-08 1.229091503871855345e-03 3.649103968017061370e-03 -2.139993356306574557e-01 1.505446239525030233e-02 1.302569800298977102e-04 -3.328471401789620619e-03 inf 0.000000000000000000e+00 -8.000000000000000000e+01
9.724475395201713779e-01 4.913419147049286756e-02 5.240980423519239206e-01 5.369147719695384790e-07 -5.677942048185211305e-04 0.000000000000000000e+00 1.897505614574164447e-08 4.487589487638348196e+00 inf 0.000000000000000000e+00 -3.000000000000000000e+01
1.759601621786660530e+02 -8.541269082266921941e+02 -1.378969381508882708e-01 1.520952849367047205e-06 -1.492959852139432835e-06 1.511668430638562377e+00 3.442531038092421265e+11 -3.770381678637757432e+05 inf 0.000000000000000000e+00 -2.000000000000000000e+01
4.580774830849474455e+01 3.693210413880517145e-04 9.169287457021330079e-01 3.365940965235678206e+00 7.327655028877135192e+04 7.056490685488420157e-08 2.986325306440360624e-08 1.074431418360380667e-05 inf 0.000000000000000000e+00 -2.000000000000000000e+01
1.913839787190084962e+00 1.998899333287421953e+01 5.801638352281141778e-04 4.390571529882784833e-06 -1.088164115112418180e-02 1.287522426278051892e-02 1.475272767512214841e+03 -2.100984805985480527e-05 inf 0.000000000000000000e+00 -2.000000000000000000e+01
2.958210370012794369e-02 1.709439031040379498e-05 5.698354007633534479e+01 1.808131560114486902e+01 8.194319164479885176e-02 -6.440031619472297818e-03 6.681670351144975662e+09 3.216576030236134032e-01 inf 0.000000000000000000e+00 -2.000000000000000000e+01
1.490571116673127666e-02 1.872031689969865907e-07 -3.746979317151522590e-08 1.033408147858754549e-06 -3.605498043635419798e-05 0.000000000000000000e+00 0.000000000000000000e+00 -4.613245944030413171e-05 inf 0.000000000000000000e+00 -9.000000000000000000e+01
5.173776316233066190e-12 1.720678052099160666e-13 2.599197634475742050e-03 1.213496228272229344e-09 -1.009016280502391893e+00 7.168137019138550609e-12 2.432541981978630696e-10 2.822414642147311983e-07 inf 0.000000000000000000e+00 -9.000000000000000000e+01
1.823010286417723611e-06 9.542319467967773266e-10 -2.050886572219939062e-08 2.232707726217997291e+00 -9.825443247226460786e-01 1.830131420349043009e-09 1.899430877624354557e-04 -5.396110447796462099e-07 inf 0.000000000000000000e+00 -2.000000000000000000e+01
4.671397900763344069e+02 1.977873212508566517e-03 1.086444417938927813e+02 7.381193510448636136e-04 -7.318627743320587520e+00 -2.660096146678188334e-02 1.563258723664117241e+10 -6.281496004293873447e+00 inf 0.000000000000000000e+00 -2.000000000000000000e+01
1.134649487852140465e-05 -3.971181435114504814e+09 1.471461230561933774e-03 0.000000000000000000e+00 -4.870781518575800396e-06 4.016062003055602685e-05 5.135781892383373023e-05 3.153131208347001099e-04 inf 0.000000000000000000e+00 -2.000000000000000000e+01
1.266228840881158208e-03 1.010351080718852237e-08 1.489129351944919133e+00 2.689094751120772846e-06 -1.705704248187858707e-01 -2.412193588796529467e-04 -2.100517787522049577e-06 -3.229160013426184833e-02 inf 0.000000000000000000e+00 -9.000000000000000000e+01
4.980218143530797903e+01 -1.024167213516686417e+02 3.012094882513013653e-08 0.000000000000000000e+00 4.523209890359736107e+01 -4.191187718447046510e-03 9.253155479079976586e-05 1.151056780610190385e-05 inf 0.000000000000000000e+00 -2.000000000000000000e+01
2.920060841651457295e-01 8.675348993852376485e-08 4.048059422227098247e-01 3.162546423614920506e-03 -6.949926738385400204e-01 3.872675790855700478e-06 3.244580523700788684e-07 2.311112971962272975e-06 inf 0.000000000000000000e+00 -9.000000000000000000e+01
8.054930413544304129e-04 1.224586623263550278e+00 4.902141699531257189e-03 3.024202209839774041e-07 -1.339174648772134025e-07 3.681834861884958351e-12 0.000000000000000000e+00 1.742735167958880243e-12 inf 0.000000000000000000e+00 -9.000000000000000000e+01
2.876162746757759958e-02 7.677498944974343875e-02 2.820495080691480805e-01 1.152381392871889573e-05 -1.228399831195895020e+00 8.720724054165650599e-05 1.496346863861585597e+01 0.000000000000000000e+00 inf 0.000000000000000000e+00 -3.000000000000000000e+01
4.527838611857754603e-01 0.000000000000000000e+00 1.153978610529757259e-04 1.933509461279797836e+00 -2.495282680943568254e-02 1.147256405031525607e-03 -1.090491114157569972e-03 -3.151130925819923823e-01 inf 0.000000000000000000e+00 -9.000000000000000000e+01
5.467002139496025619e-06 1.211064049219262140e+00 0.000000000000000000e+00 4.631138176019360636e-06 -7.942119585399055898e-10 5.006147413687269489e-05 -1.374106137752601105e-02 -2.364202816133263024e-02 inf 0.000000000000000000e+00 -9.000000000000000000e+01
2.115063047877950186e+00 4.392543410821472040e-07 -1.014299103149017001e-01 3.196288921457411671e-09 -8.372790328208438052e-06 8.407043058231852939e+00 1.359944126036279600e-05 4.509474045475629467e+00 inf 0.000000000000000000e+00 -2.000000000000000000e+01
1.505725148424034820e+00 1.030520652926569676e-05 3.906686901463430366e-08 3.596527637326975797e-09 -7.882914012337594034e-01 1.101230366016401904e-09 2.992767126348322773e-03 1.573062594214638520e+05 inf 0.000000000000000000e+00 -3.000000000000000000e+01
5.198602493825564350e-12 8.060562210000853081e-09 1.540461757628139861e+00 2.344671115898719722e-13 -3.692077281688071803e-06 1.481859797388915503e-09 1.856528016178251402e-16 5.304219927200036087e-05 inf 0.000000000000000000e+00 -9.000000000000000000e+01
3.746979317151522590e-08 6.831784284751834992e-04 2.958760734732825171e+01 1.103595922921450385e-03 -7.436038883587788462e+01 5.971839409748108245e-06 3.442531038778626709e+11 5.190368236988101066e-07 inf 0.000000000000000000e+00 -2.000000000000000000e+01
7.515377807544521005e-01 5.085195045136132680e-08 2.257590384528668746e-03 8.075743992275744534e-09 -3.694178668778926866e-01 1.013411233405696367e-09 -5.697973666425024378e-10 1.430758573929828117e+02 inf 0.000000000000000000e+00 -3.000000000000000000e+01
7.068446907133230095e-01 2.115625428454459833e-01 4.702480650717801858e-01 4.772678024760998875e-10 -1.683664784129651482e-01 5.669483456763111523e-02 -3.210252970323008714e-01 -6.798471504430224355e-02 inf 0.000000000000000000e+00 -9.000000000000000000e+01
