4.728030727752908779e-01 0.000000000000000000e+00 4.899612488034264524e-01 0.000000000000000000e+00 -5.090258888346882449e-01 9.355450796590839642e-05 2.315294984799371842e-09 5.790139696994529720e-04 5.420004752693569117e+02 0.000000000000000000e+00 0.000000000000000000e+00
3.861610175743763751e-01 3.427309844325426846e-02 3.074113791665936211e-03 0.000000000000000000e+00 -6.069739571629764185e-01 0.000000000000000000e+00 0.000000000000000000e+00 1.228040639865613950e-09 1.429991757016747215e+03 0.000000000000000000e+00 0.000000000000000000e+00
3.195459799422128433e-01 9.214706709240934671e-03 4.657475190277426264e-02 2.329693946269788218e-06 -6.230529724741987740e-01 4.734691131206882583e-06 6.482102784481724809e-04 1.904642462385969420e-08 1.440447546251212771e+03 0.000000000000000000e+00 0.000000000000000000e+00
3.982849996212955435e-01 4.256363614780048904e-03 7.947068797902731357e-05 6.049210931183040998e-08 -6.116870858381378007e-01 1.023371179582495405e-02 9.075504548662333257e-05 1.230944084833758235e-08 1.469133256694328566e+03 0.000000000000000000e+00 0.000000000000000000e+00
3.211491071675467435e-01 7.092889695485770328e-03 1.106279064445168546e-03 3.275943654175975553e-07 -6.843050595764181843e-01 8.125244862182030919e-08 1.121703783757296639e-06 1.993221101459970258e-05 1.817551285675929876e+03 0.000000000000000000e+00 0.000000000000000000e+00
4.154082819864675091e-01 3.832287671846988653e-02 3.483066800986886567e-03 3.549631315802334402e-05 -5.757207739080056896e-01 8.606248964872864092e-06 -9.170476075432993507e-05 8.770517617314420311e-05 2.788736472207845964e+03 0.000000000000000000e+00 0.000000000000000000e+00
4.256822717451809179e-01 -6.445705462819420826e-09 1.105987426589673424e-03 4.706097454388043147e-10 -5.819951613698547410e-01 4.852590760361212160e-10 7.945796915984667376e-08 1.542094013853873978e-05 4.736825994254360921e+03 0.000000000000000000e+00 0.000000000000000000e+00
4.332969193058973101e-01 5.722930650362767317e-03 1.435408259527262524e-03 5.462270972537362650e-10 -6.008703135125980088e-01 7.660498020877742897e-02 6.107041897132385985e-08 -2.951855823526313728e-09 4.948700854590261770e+03 0.000000000000000000e+00 0.000000000000000000e+00
6.553447667489618045e-01 4.754953971368763789e-10 5.010339350435376593e-01 0.000000000000000000e+00 -3.257673113781176522e-01 3.813864836469419507e-05 5.109801282664940176e-10 -5.850154712953282171e-07 7.493936396827161843e+03 0.000000000000000000e+00 0.000000000000000000e+00
6.986053470265832788e-01 1.640869128678895366e-05 6.285554883816413252e-01 7.334981112739890008e-10 -2.745197163112589878e-01 0.000000000000000000e+00 4.654891860008007061e-10 -8.920781460141598621e-05 1.067053610554367333e+04 0.000000000000000000e+00 0.000000000000000000e+00
4.629474054890702628e-01 2.285374612720885990e-01 8.914756775065979380e-10 4.468681351133277822e-08 -4.492449452843197966e-01 0.000000000000000000e+00 0.000000000000000000e+00 0.000000000000000000e+00 1.236726864023491180e+04 0.000000000000000000e+00 0.000000000000000000e+00
2.589468644879930892e-01 3.704782855221473992e-01 4.769067264286192421e-10 1.716864215143029189e-08 -5.799633893776025007e-01 -2.384533632143096004e-09 -1.533557039219621797e-02 -5.274877428680182270e-09 1.286322894211053426e+04 0.000000000000000000e+00 0.000000000000000000e+00
6.279025478904617374e-01 1.532781380289349737e-01 2.426903852124803751e-01 -5.630282482422501594e-03 -3.011780957761529542e-01 0.000000000000000000e+00 3.430296871578541486e-05 5.193145308721999414e-08 1.435946231515976797e+04 0.000000000000000000e+00 0.000000000000000000e+00
4.978211016419205048e-01 -2.327893861524068018e-08 2.857830046545900820e-03 1.029724177302679668e-09 -5.101978693622997163e-01 7.108273087019970792e-07 4.354554978643173033e-09 -7.737788046756056683e-08 1.547779512768073437e+04 0.000000000000000000e+00 0.000000000000000000e+00
4.996613615620187909e-01 0.000000000000000000e+00 4.221694814469248113e-10 1.519810133208929300e-08 -5.082466083242528354e-01 4.237686082705874239e-10 2.895110373617117571e-06 -4.515934150023165417e-09 1.615935812166242613e+04 0.000000000000000000e+00 0.000000000000000000e+00
4.465847478016551353e-01 3.514542689800008168e-01 0.000000000000000000e+00 4.021654900433135648e-08 -4.043045349920310061e-01 0.000000000000000000e+00 0.000000000000000000e+00 5.344705859844559287e-08 1.700431312512961449e+04 0.000000000000000000e+00 0.000000000000000000e+00
5.262907445298301568e-01 1.670936867963166150e-01 2.495723109275101755e-07 -6.071191439996318981e-03 -4.132034771101972814e-01 1.724019253117668975e-08 3.737860401490271118e-03 3.194525579872130246e-05 1.937507199893698998e+04 0.000000000000000000e+00 0.000000000000000000e+00
5.525314792219574445e-01 1.348792047779510672e-01 1.212084676153322064e-09 3.956160885756788460e-03 -4.010881615765387043e-01 7.334214185887737077e-08 3.018536890782596199e-05 4.442841285681994792e-08 2.237650109886383507e+04 0.000000000000000000e+00 0.000000000000000000e+00
4.982712663719461865e-01 3.560542108776945658e-01 5.012134960415466671e-10 4.897789676147433305e-10 -3.499153451729067332e-01 4.096573793885113004e-05 5.488573644865605695e-10 -6.342351767400255985e-07 2.405574403055211587e+04 0.000000000000000000e+00 0.000000000000000000e+00
5.638779498268976509e-01 -1.254827261480452876e-04 1.592497130954958993e-09 0.000000000000000000e+00 -4.441162613680875171e-01 1.189725483048062859e-09 -1.960667596063207618e-06 4.661947236827054114e-04 2.863712409875653248e+04 0.000000000000000000e+00 0.000000000000000000e+00
5.152904176053944019e-01 4.071430460092004822e-01 1.789202838907619220e-02 2.275331735242762518e-04 -3.029716807216902286e-01 1.752121920696751625e-05 1.090146840807470873e-08 7.702124418748435114e-10 3.013260840724748050e+04 0.000000000000000000e+00 0.000000000000000000e+00
5.892628324789360716e-01 0.000000000000000000e+00 0.000000000000000000e+00 1.086523165848067154e-09 -4.181865262753740042e-01 -6.063286098622615296e-10 2.885593092191200690e-09 7.035364588883466844e-03 3.339866778192986385e+04 0.000000000000000000e+00 0.000000000000000000e+00
6.087595925413130660e-01 2.808906801597377267e-01 7.948259686710166506e-10 1.801119396896707540e-09 -2.789332538171611642e-01 1.739509738031912417e-04 7.065085705237305648e-03 4.736871094024700972e-08 3.768961329872273927e+04 0.000000000000000000e+00 0.000000000000000000e+00
3.474517390323393351e-01 8.417645223979354496e-02 6.805755713004584262e-01 3.936451389868699529e-10 -5.817130146273392644e-01 4.950588019123008259e-10 1.051499557700520452e-09 -5.433637308320455339e-09 3.967175865185647126e+04 0.000000000000000000e+00 0.000000000000000000e+00
5.764026698123295711e-01 3.184868989132533246e-01 6.037573727864740114e-01 6.842139787891025073e-10 -2.149298090825635943e-01 0.000000000000000000e+00 3.886917709291284461e-09 4.742330760219958243e-07 3.968136909003463370e+04 0.000000000000000000e+00 0.000000000000000000e+00
6.304034277239047857e-01 2.643358288207378615e-01 0.000000000000000000e+00 1.237771280459882455e-03 -2.651696957886265915e-01 1.249986128622315566e-04 1.276728972056066763e-09 0.000000000000000000e+00 5.118987333802744251e+04 0.000000000000000000e+00 0.000000000000000000e+00
4.574004488436002602e-01 5.264941722338721819e-01 1.848257100689774599e-02 1.028983673536764797e-04 -2.860480148357258390e-01 1.273578153311897332e-05 1.590696016519817020e-09 1.966491515568188012e-09 5.509133425464747415e+04 0.000000000000000000e+00 0.000000000000000000e+00
3.435336509716950260e-01 6.190191027093802090e-01 3.772833626885628436e-04 6.384911311479695042e-08 -3.413385477705979665e-01 5.710698171604155528e-03 5.064386047453009877e-05 6.885367987020881019e-09 6.470620909091824433e+04 0.000000000000000000e+00 0.000000000000000000e+00
4.744199047556998949e-01 1.149367810490613262e-01 9.292761020987936327e-01 5.247395238681305553e-10 -4.079032995528388827e-01 -1.619462779440132818e-06 1.081353358938974638e-03 -2.157262487013425708e-09 8.197885770924393728e+04 0.000000000000000000e+00 0.000000000000000000e+00
5.902880268063747105e-01 4.619645427180323893e-01 5.333158632220957936e-10 6.681883078788271893e-06 -1.972973567858263277e-01 3.004399809235385829e-06 2.722928544011704305e-06 3.005623597345054217e-05 8.311132586808681663e+04 0.000000000000000000e+00 0.000000000000000000e+00
6.430697751629201875e-01 -9.737399553305725327e-09 1.670793295746616927e-03 3.470055113541676662e-07 -3.638616510737077148e-01 0.000000000000000000e+00 3.397024616891883557e-09 2.810036467455790407e-05 9.200528251738655672e+04 0.000000000000000000e+00 0.000000000000000000e+00
1.241306072631848251e-01 5.671699089379987901e-01 4.417955080148622260e-01 1.553146670817685004e-09 -4.855770448451638965e-01 3.938468586500693247e-10 0.000000000000000000e+00 -1.986841564578232164e-09 1.002200709074109327e+05 0.000000000000000000e+00 0.000000000000000000e+00
3.334842507837303405e-01 8.660003718764807124e-01 1.375043568769721372e-04 5.007794952051382337e-07 -1.288943096283148293e-01 2.208340648791071691e-03 0.000000000000000000e+00 9.465338241024537973e-09 1.050268054822567356e+05 0.000000000000000000e+00 0.000000000000000000e+00
1.603651710501374228e-01 6.605612504794742268e-01 1.803113353153685183e-04 1.294044712500381882e-04 -4.854727262559991319e-01 1.489122924414853968e-03 1.214381299268376387e-08 0.000000000000000000e+00 1.053101560747398471e+05 0.000000000000000000e+00 0.000000000000000000e+00
1.517790575130253117e-01 6.995704782833856994e-01 2.160877286134838329e-03 3.688152537283813772e-10 -4.607303370192341596e-01 -1.894304026931764520e-09 -8.234206483098770180e-03 -4.941263352675341764e-08 1.106777654857461894e+05 0.000000000000000000e+00 0.000000000000000000e+00
6.552486977633960041e-01 8.654441536412257191e-03 4.585288120064341514e-10 0.000000000000000000e+00 -3.493453001887718568e-01 0.000000000000000000e+00 0.000000000000000000e+00 -1.029262321539148722e-07 1.131739574556882872e+05 0.000000000000000000e+00 0.000000000000000000e+00
1.708530855400287041e-01 7.857507385749542550e-01 2.319959410251658596e-02 1.291595393046794475e-04 -3.590516619978267876e-01 6.775582389753675878e-06 0.000000000000000000e+00 -2.468368981252578749e-09 1.132726107018002949e+05 0.000000000000000000e+00 0.000000000000000000e+00
6.666794021804912651e-01 6.280256338518423544e-08 2.071837142604016175e-08 8.558467883999011479e-09 -3.414864962289074768e-01 0.000000000000000000e+00 1.127079405576584810e-05 6.447557187783697799e-05 1.139399333616480581e+05 0.000000000000000000e+00 0.000000000000000000e+00
6.694480700271606688e-01 2.829323682547773529e-09 0.000000000000000000e+00 2.683482255612321500e-08 -3.386389360078911892e-01 9.366706480528963008e-04 0.000000000000000000e+00 5.323212083144007036e-10 1.139869879168280750e+05 0.000000000000000000e+00 0.000000000000000000e+00
6.694477910365715934e-01 2.829322503435134546e-09 1.633423300952242616e-09 2.683481137278684097e-08 -3.386387948810727355e-01 9.366702576980539922e-04 -8.960493536652302049e-06 0.000000000000000000e+00 1.139918060448049655e+05 0.000000000000000000e+00 0.000000000000000000e+00
1.861257162062286696e-01 8.592147865955208630e-01 3.154226402852912479e-03 2.627692581045722771e-07 -2.755335375862599800e-01 1.265247384368316684e-09 2.597527742742902050e-09 -8.312088776777286560e-08 1.144554880943465832e+05 0.000000000000000000e+00 0.000000000000000000e+00
6.884890944521324663e-01 1.164792972295094868e-02 2.005465607156164487e-04 7.641399955012706245e-08 -3.145682931548536287e-01 4.882005526813673397e-08 2.508643303749356562e-06 6.986928199606525309e-09 1.147645878708047094e+05 0.000000000000000000e+00 0.000000000000000000e+00
6.224403306752640530e-01 3.439246572883662423e-01 5.187758680188987604e-10 7.388625999057042763e-10 -2.320963944890815089e-01 0.000000000000000000e+00 4.197368386698362782e-09 3.571693248905872467e-08 1.173842530841541884e+05 0.000000000000000000e+00 0.000000000000000000e+00
2.170119055841180017e-04 1.948349076722329457e-07 6.113668737961172909e-04 7.574602220198857205e-01 -1.889170309257010016e-02 2.258043879523003172e-01 -8.363125479714826893e-01 -7.025025402960454191e-01 inf 0.000000000000000000e+00 -1.000000000000000000e+01
1.543180781345442898e-01 5.488080003790299491e-10 6.126835158625749900e-10 2.195590747268386320e-05 -8.538233801548481550e-01 1.670186735762527229e-05 3.506635441851758939e-10 2.268232590640171095e-09 inf 0.000000000000000000e+00 -8.000000000000000000e+01
3.017802811251428241e-01 4.317605520217399073e-01 2.706980424324783030e-01 1.058931915688033491e-05 -4.792316074796275083e-01 1.223419914806512729e-07 1.285399337803318357e-07 1.198079018699068854e+00 inf 0.000000000000000000e+00 -1.000000000000000000e+01
5.240865438796334930e-01 1.857414667397771911e-09 4.881392100953425267e-07 5.384603338452109355e-08 -4.843212224568597124e-01 2.248649249692190226e-09 2.266881540905910679e-08 9.608757805733339475e-05 inf 0.000000000000000000e+00 -9.000000000000000000e+01
1.706718411831246269e-03 0.000000000000000000e+00 6.108255368659197288e-04 2.266464561449601955e+00 -1.275547444631773596e-03 4.726020478896402107e-08 -1.847073544383158133e-05 3.306706614077021187e-10 inf 0.000000000000000000e+00 -2.000000000000000000e+01
6.340700768474247795e-01 0.000000000000000000e+00 2.201632211275780446e-02 2.818930131624805655e-04 -3.728097211093654995e-01 2.161976075525804533e-05 4.240339816639009080e-05 8.561903043850258022e-02 inf 0.000000000000000000e+00 -1.000000000000000000e+01
7.357282465237509061e-01 -5.102555609988105032e-09 5.135445225577056313e-05 2.011512333580893319e+00 -2.680711962067922061e-01 2.336329005240724700e-06 1.909813671166976126e-09 2.045220918325746201e-06 inf 0.000000000000000000e+00 -2.000000000000000000e+01
2.057740600010339333e-03 1.417695707386088987e-07 5.649433283664750255e-02 0.000000000000000000e+00 -1.077507805096323157e+00 1.057125260895463233e-04 1.317196305310481025e-08 7.304704764623370750e+01 inf 0.000000000000000000e+00 -3.000000000000000000e+01
7.267052826874711435e-01 -3.398194172817728794e-08 4.171780153549450865e-03 1.499423265074724131e-09 -3.051359198024740649e-01 0.000000000000000000e+00 5.035070802541198194e-07 1.544951341315684523e+01 inf 0.000000000000000000e+00 -3.000000000000000000e+01
4.835122304570993457e-01 2.380705487146353974e-09 8.797990327781607574e-05 6.205287121669503361e-10 -5.249931724802284760e-01 8.000474657781259406e-04 3.682125626671592465e-10 -7.074510220424764021e-10 inf 0.000000000000000000e+00 -9.000000000000000000e+01
2.064428345574060297e-01 5.033811582358667103e-01 8.851590029653162439e-01 1.428318352654891171e-05 -1.583671059618457222e-01 0.000000000000000000e+00 3.667887008328270533e-06 4.187686942240600418e-10 inf 0.000000000000000000e+00 -9.000000000000000000e+01
2.875711028767006551e-03 1.057925584480584835e-07 1.048807266162914864e+00 9.882991546535159211e-01 -6.046871820763500020e-04 0.000000000000000000e+00 0.000000000000000000e+00 -2.351780596181981728e-09 inf 0.000000000000000000e+00 -9.000000000000000000e+01
7.847221455512408753e-03 2.262893252735841782e-04 0.000000000000000000e+00 5.182963443382507663e-10 -3.054053755658883706e-01 3.635778280546289598e-02 0.000000000000000000e+00 -2.257091156563136636e+00 inf 0.000000000000000000e+00 -3.000000000000000000e+01
9.676301504577202728e-01 0.000000000000000000e+00 1.741870008482925348e-08 2.676305077424745351e-03 -2.394722268330767498e-02 2.822170046099553575e-03 5.651400471966824949e-08 3.181815882162143689e-07 inf 0.000000000000000000e+00 -9.000000000000000000e+01
6.134459416965252349e-02 1.255314089185939619e-01 4.440969655138937017e-02 2.182825404893890653e+00 2.728623119815997365e-07 -1.344688287264454435e-09 4.626010057436393073e-07 1.027045384761040034e-09 inf 0.000000000000000000e+00 -2.000000000000000000e+01
1.008424726850799757e+00 -6.126308467309886764e-04 4.950656781265785141e-10 4.286686342366609602e-08 -2.948552935900945749e-09 1.217627664219223665e-03 4.189769955495712120e-06 1.015612677921436897e-09 inf 0.000000000000000000e+00 -9.000000000000000000e+01
7.198642646659049182e-01 5.633720332167950762e-01 3.581822924402841769e-07 9.924634353032874003e-07 -4.049847786524813026e-04 2.499813915989483510e-06 5.456310254840328740e-05 3.677338202386917846e-05 inf 0.000000000000000000e+00 -9.000000000000000000e+01
5.694164593713388345e-02 2.922415678799070214e-05 0.000000000000000000e+00 5.012754671273405394e-05 -9.476419907785785801e-01 5.909773928238120158e-04 1.616479009345494085e-09 5.276583864498321183e-05 inf 0.000000000000000000e+00 -9.000000000000000000e+01
6.641923526316980686e-01 -1.478062178535175615e-04 0.000000000000000000e+00 1.467897511449780181e-05 -3.448314279149818917e-01 0.000000000000000000e+00 -2.309472153961211898e-06 6.308847715262736466e-01 inf 0.000000000000000000e+00 -1.000000000000000000e+01
2.760796926887315212e-09 0.000000000000000000e+00 0.000000000000000000e+00 8.180139042629082224e-10 -1.007733417841510937e+00 2.421321156618208363e-07 0.000000000000000000e+00 8.857921991875492169e-08 inf 0.000000000000000000e+00 -9.000000000000000000e+01
3.454251220661707055e-10 0.000000000000000000e+00 0.000000000000000000e+00 -3.279106088346465559e-09 -1.005602107322252303e+00 6.950755231465952663e-05 8.618697355530460945e-07 -1.342544112113344568e+00 inf 0.000000000000000000e+00 -9.000000000000000000e+01
9.768644030946802784e-04 1.706001101352278351e-02 5.394816312240692166e-09 3.039607565542385451e-08 -1.000309148768952605e+00 -7.518025063032588492e-04 4.399481227172732971e-05 -8.768098746756881824e-10 inf 0.000000000000000000e+00 -9.000000000000000000e+01
-6.852784843109159807e-01 1.096445574897465525e+00 6.735308531513003460e-01 5.592361916608725586e-02 -2.800853528884817131e-09 8.552085319316270520e-10 1.598820556071749710e-08 -4.966846924555742335e-07 inf 0.000000000000000000e+00 -1.000000000000000000e+01
1.803478424862572244e-06 1.224104290793678995e+00 5.334783657569687552e-10 7.655049152471571920e-10 -1.934885400549654166e-04 1.585526934720985266e-07 3.540265564570060312e-03 4.934309487111031278e-08 inf 0.000000000000000000e+00 -9.000000000000000000e+01
-5.330427247015155504e-04 1.223759866759579040e+00 3.853178058896631594e-05 0.000000000000000000e+00 -4.603436286710639004e-07 9.086386659502702131e-04 9.841350210523246540e-08 -1.155953417668989300e-06 inf 0.000000000000000000e+00 -1.000000000000000000e+01
0.000000000000000000e+00 5.813373905528900607e-09 0.000000000000000000e+00 1.410211992567010736e-07 -1.230514152510441939e+00 1.234446903708095924e-03 4.947410394726817653e-07 5.899308576980969292e+02 inf 0.000000000000000000e+00 -3.000000000000000000e+01
1.023283284603614396e-01 4.215013033354838567e-01 1.150558904059585072e-04 8.282040386980634176e-05 -7.150287169835677359e-01 1.025187657962057901e-02 3.215799738582487815e-07 1.138121895432055222e-07 inf 0.000000000000000000e+00 -9.000000000000000000e+01
8.069471137659178783e-01 4.091755248366955631e-08 4.330121117631428262e+00 0.000000000000000000e+00 -5.519463079643302565e-05 8.053184157693376691e-10 3.036365417851306425e+00 2.513085254706147097e-08 inf 0.000000000000000000e+00 -2.000000000000000000e+01
1.007980383110063327e+00 8.259238998314853654e-04 1.586754347651880923e-05 3.743685129690179379e-06 -2.254002495671673471e-09 0.000000000000000000e+00 5.358085932568091893e-08 5.402269533488961162e-02 inf 0.000000000000000000e+00 -1.000000000000000000e+01
4.837917545088792903e-01 4.797526557399497240e-10 3.082091586076879008e-07 6.421024137660163939e-08 -5.268825180683746057e-01 7.834684283544604208e-03 0.000000000000000000e+00 0.000000000000000000e+00 inf 0.000000000000000000e+00 -9.000000000000000000e+01
4.151281402053147995e-01 -4.291091397459083079e-01 0.000000000000000000e+00 2.340204230794728169e+00 -6.420506486461004037e-07 1.052881012578499634e-04 1.360080709515368714e-04 -6.525634587876698991e-08 inf 0.000000000000000000e+00 -2.000000000000000000e+01
9.338983506317733536e-05 0.000000000000000000e+00 2.910994830137344143e-09 0.000000000000000000e+00 -1.006428791946721857e+00 5.772457025730466471e-10 -3.658184715710021502e-05 -5.870834619689211387e-01 inf 0.000000000000000000e+00 -9.000000000000000000e+01
4.258699796912914781e-01 3.503611180438993555e-01 1.051083354131697956e+00 1.828730243022777448e-03 -2.265265849421763209e-03 -1.080162930212861596e-08 2.070312282907984754e-09 2.977949189545180892e-09 inf 0.000000000000000000e+00 -9.000000000000000000e+01
1.447617253798341224e-05 8.768957086861879358e-01 0.000000000000000000e+00 9.940671180364974990e-01 -3.855317339913412189e-01 5.192208337919204887e-10 7.543758438120438654e-05 1.025065130848862667e-08 inf 0.000000000000000000e+00 -9.000000000000000000e+01
3.017342756030694795e-01 1.158698415528958489e-05 4.362574734761046624e-01 1.492956051161020876e-03 -6.839310247002908794e-01 1.461262100502812721e-09 6.987830301122424476e-09 -4.367393938201515298e-10 inf 0.000000000000000000e+00 -9.000000000000000000e+01
9.538579251913070767e-02 0.000000000000000000e+00 2.083812698110240058e-01 4.781597691663545286e-08 1.099626982476952897e+00 5.165058501668172647e-06 2.640374920469820938e-07 -2.097509119600166283e+00 inf 0.000000000000000000e+00 -3.000000000000000000e+01
1.504231630051067903e+01 0.000000000000000000e+00 3.873313763491314067e-08 0.000000000000000000e+00 -1.422713965027850580e-01 1.375874389644441116e-05 7.628460744805508293e+06 7.017440503177911626e-02 inf 0.000000000000000000e+00 -2.000000000000000000e+01
5.032060436144318860e-01 3.834228148682496118e-02 0.000000000000000000e+00 7.749410382584900439e-06 -3.424596685709327959e-01 -3.207161975505561369e-01 -7.474318163254486079e-03 -1.258015109036079715e-01 inf 0.000000000000000000e+00 -9.000000000000000000e+01
9.944509987401678464e-01 0.000000000000000000e+00 4.756903335049913786e-10 0.000000000000000000e+00 -1.330126579054212790e-02 1.185622119114713279e-09 8.886010748741966715e-06 8.072320810993793592e-09 inf 0.000000000000000000e+00 -9.000000000000000000e+01
9.994391917659619651e-01 1.381913068972033358e-02 6.593522445678220989e-02 5.153383144428325896e-08 9.479388261081462614e-08 0.000000000000000000e+00 2.623970316658459662e-08 4.531497451505826432e-04 inf 0.000000000000000000e+00 -9.000000000000000000e+01
7.663758914285621060e-01 2.642778758405456450e-09 2.740813273030251549e-03 3.236384676640887553e-02 -5.944591374053981525e+00 2.345707277533602144e-08 1.632319338671522855e+05 4.595666240830059701e-02 inf 0.000000000000000000e+00 -3.000000000000000000e+01
8.886400450079954888e-04 1.797695282903343794e-01 1.401523886380501342e-09 1.334416437239523500e-07 -9.322069353612184583e-01 0.000000000000000000e+00 3.076757793306705651e-05 1.760086443523983010e-04 inf 0.000000000000000000e+00 -9.000000000000000000e+01
4.626501037614181855e-01 1.148342135801046085e-03 2.941450142933007312e-08 2.914695653696934396e+00 -7.383039858761848362e-06 2.216676827714314242e-04 9.525592142874251102e-04 6.689149416883837240e-01 inf 0.000000000000000000e+00 -2.000000000000000000e+01
1.001799380271232609e+00 1.631126121991152790e-08 0.000000000000000000e+00 7.042516714869045256e-10 -6.134328975478409510e-03 6.138106271645576460e-06 3.815069128838173562e-03 5.489920958291777878e-09 inf 0.000000000000000000e+00 -9.000000000000000000e+01
9.898694083140261446e-01 1.562076039638979168e-02 7.443739076465037685e-02 5.817809393627269875e-08 -8.503609209868999430e-03 8.649584041661755839e-10 1.630773109059739504e-05 5.064423057508032162e-04 inf 0.000000000000000000e+00 -9.000000000000000000e+01
6.241641662193275764e-01 2.958997167065837369e-05 1.245363182005309183e-01 6.475744551230510382e-10 -3.780566802516117098e-01 6.116748051588733951e-10 2.841926751625732783e-07 2.013384922544797750e-05 inf 0.000000000000000000e+00 -9.000000000000000000e+01
3.232687906131275213e-01 1.038500989844671984e+00 1.117713176786187799e-09 0.000000000000000000e+00 1.641599327332288107e-03 1.221728730149222036e-02 1.993066998067222581e-08 8.263558460048071597e-01 inf 0.000000000000000000e+00 -1.000000000000000000e+01
0.000000000000000000e+00 0.000000000000000000e+00 5.047841133954435178e-04 4.037257244963557862e-05 0.000000000000000000e+00 2.138692987041242019e-09 -5.194854269972639742e-08 -2.229841670943072174e+00 inf 0.000000000000000000e+00 -3.000000000000000000e+01
4.380204635522473855e-01 0.000000000000000000e+00 8.365741568868693509e-06 -4.782600117044664952e-09 -5.697192666247493653e-01 0.000000000000000000e+00 3.640009329203599109e-08 6.134520514871879594e-09 inf 0.000000000000000000e+00 -9.000000000000000000e+01
8.193709438573441028e-01 1.136615082676126209e-02 1.270992723936195112e+00 7.421885520664135165e-08 -4.813602678295789486e-03 0.000000000000000000e+00 0.000000000000000000e+00 2.788013990923055686e-08 inf 0.000000000000000000e+00 -9.000000000000000000e+01
8.514493198961449183e-01 3.407513911277918472e-01 2.053587719082302005e-04 1.647061170610907520e-04 -6.325783598958876519e-06 0.000000000000000000e+00 4.190995345065922386e-07 -2.116728911158478332e-09 inf 0.000000000000000000e+00 -9.000000000000000000e+01
8.032363700030523135e-02 1.134661827175482918e+00 3.726612467393344384e-08 1.447272738744238407e-03 -3.509636391454777904e-01 2.474836383252647654e-01 1.337094751032334273e-09 0.000000000000000000e+00 inf 0.000000000000000000e+00 -8.000000000000000000e+01
4.264482578880412489e-01 8.919179249945961008e-01 1.290123935097113217e-09 5.743245915950310728e-04 -2.041438121783285414e-06 1.844737052757291964e-06 6.613408915360435719e-06 0.000000000000000000e+00 inf 0.000000000000000000e+00 -9.000000000000000000e+01
4.585243420692313721e-01 6.316818620936154142e-03 5.184554493129219495e-10 7.409943312685845538e-10 -5.463543568881263912e-01 4.643243699183013691e-10 -2.554224781828217170e-05 -4.921064065588088843e-01 inf 0.000000000000000000e+00 -8.000000000000000000e+01
4.654965871884765303e-08 4.708462803346917056e-10 5.386334880093360541e-10 2.258331948494065600e+00 -1.988620181036917240e-06 3.256834560641593045e-06 3.711530688978909292e-03 1.663534718069650045e-09 inf 0.000000000000000000e+00 -2.000000000000000000e+01
1.005019462185070989e+00 4.269128705440223530e-07 1.316619382775202282e-02 9.417195673765198653e-08 -3.567987096876158791e-04 2.435914614280597995e-06 0.000000000000000000e+00 -2.982111963358979750e-07 inf 0.000000000000000000e+00 -9.000000000000000000e+01
1.007727763193398518e+00 0.000000000000000000e+00 1.695201054465096485e-08 0.000000000000000000e+00 -8.587454476598274011e-08 6.800601115987790313e-10 1.444440344851314920e-09 6.012391283137452711e-09 inf 0.000000000000000000e+00 -8.000000000000000000e+01
4.353996452245670667e+00 6.261927481881414126e-01 1.175705883975413708e-05 1.471552958242132263e+02 -3.248374881225983390e+00 1.678196565144218994e+03 6.344482189894498810e-03 2.917557252358188271e+05 inf 0.000000000000000000e+00 -2.000000000000000000e+01
1.848634624939813065e-01 -1.287538778367171843e-01 3.632214658972653804e-02 1.191540578849427648e-09 -8.673945454263053412e-01 4.265311360220323989e-09 1.034014875204927103e-08 -4.717692868122480165e-09 inf 0.000000000000000000e+00 -8.000000000000000000e+01
4.573351587411431662e-01 0.000000000000000000e+00 2.577396327307190232e-02 3.578656778510797812e-05 -5.491930752404325933e-01 8.480671011575068507e-08 8.573137118929981723e-10 1.124882959553870166e-09 inf 0.000000000000000000e+00 -9.000000000000000000e+01
5.426726433661349658e-01 7.787973813193387329e-01 1.577724914366595860e-03 3.592607156455636612e-08 -6.295729225597473824e-05 5.825640900180424876e-10 8.123489721470134154e-08 7.901266598390403644e-06 inf 0.000000000000000000e+00 -9.000000000000000000e+01
7.586817725875123486e-01 1.197247443668665243e-02 6.423102656368381846e-02 1.734993376355506323e+00 -2.380326278536517848e-01 1.117991788189119803e-04 -3.053261401737612671e-05 3.866849485221774004e-04 inf 0.000000000000000000e+00 -8.000000000000000000e+01
3.753181632238498239e-02 1.315670869960132655e-06 3.314418647125484396e-01 3.698450918416038569e+00 -5.995726767387112239e-04 1.800151271674473030e-02 7.735681897811323704e-02 7.455607406965665263e+00 inf 0.000000000000000000e+00 -2.000000000000000000e+01
1.003519072035501836e+00 0.000000000000000000e+00 1.728636096824765303e-05 0.000000000000000000e+00 -3.364559877037821904e-07 1.542089943642335039e-08 3.738399863375357671e-08 1.705644937665006938e-08 inf 0.000000000000000000e+00 -9.000000000000000000e+01
1.457997408279273488e-01 6.901446868201713795e-10 1.080931815645694874e-04 8.227919905252469737e-08 -8.614223219558276856e-01 1.575678553018271293e-05 2.611088923420720713e-09 2.796217121288901094e-06 inf 0.000000000000000000e+00 -8.000000000000000000e+01
7.615712339921660856e-01 0.000000000000000000e+00 1.420432559842512808e-08 -2.078835908310438940e-09 -2.476378622780762706e-01 0.000000000000000000e+00 1.582190004379738591e-08 3.468626221634698581e-01 inf 0.000000000000000000e+00 -1.000000000000000000e+01
1.133640581147155491e+00 1.172418813916973257e-03 7.441818338148573024e-10 3.149001614297654239e+00 -9.037634633034267395e+00 9.129490764107578649e-06 1.042183497462785919e+06 4.070637971763633533e-08 inf 0.000000000000000000e+00 -2.000000000000000000e+01
3.336680468273446332e-01 1.409386660899216437e-01 1.321087737565771469e+00 0.000000000000000000e+00 -6.235050175288325315e-03 4.719011256811558763e-09 2.312695060978962303e-08 -4.521344147223290982e-06 inf 0.000000000000000000e+00 -9.000000000000000000e+01
9.660315871103443142e-01 -1.747561692398491573e-02 1.034203337323397753e-07 4.150184245595411325e-01 1.286674352977673352e-01 0.000000000000000000e+00 1.682989837412069236e-04 4.038983303871106938e-08 inf 0.000000000000000000e+00 -9.000000000000000000e+01
8.268084893502849393e-06 2.992929724614881715e-01 5.672873334237357179e-01 6.730877774313691302e-06 -8.215885518550655187e-01 8.029295438094824605e-06 9.536295691174867528e-03 6.474900253905396807e-01 inf 0.000000000000000000e+00 -1.000000000000000000e+01
7.287848430213453299e-02 1.486916726701268399e+00 1.823853317499775411e-07 4.396372766607514927e-08 5.008561605730588173e-01 6.006972384802616166e-03 0.000000000000000000e+00 -1.618611511949928486e-07 inf 0.000000000000000000e+00 -1.000000000000000000e+01
1.530520029263743572e-05 -5.034605359420209110e-09 2.210650908794251079e-02 0.000000000000000000e+00 -1.003041606378286987e+00 2.477969825339634384e-09 1.901087961239402047e-09 2.733633378747691940e-09 inf 0.000000000000000000e+00 -9.000000000000000000e+01
1.073975599449056469e-02 3.827290076335724734e+03 2.382467721254675652e+00 7.623896708014962087e+01 3.437488268702152252e+10 -3.125884691039899546e-06 1.822318739563381362e-01 -1.947846057476355135e-07 inf 0.000000000000000000e+00 -2.000000000000000000e+01
2.948085198541663065e-04 5.328150859583378196e-01 1.356508333672791633e-09 0.000000000000000000e+00 -9.692415131503432368e-01 4.417813526790238532e-01 3.198167883153264471e-07 -3.044962236056102044e-07 inf 0.000000000000000000e+00 -9.000000000000000000e+01
4.932125111626168845e-01 -1.681334359311731288e-05 6.262869075230932717e-10 7.885178534477500248e-10 -5.144804017876989377e-01 0.000000000000000000e+00 2.716425141064019129e-09 -9.618221555474463504e-05 inf 0.000000000000000000e+00 -9.000000000000000000e+01
1.583186029659737482e-01 -9.226334458306118902e-07 2.237692673991372061e+00 -2.862276583095883084e-05 1.061952856901885220e-08 0.000000000000000000e+00 0.000000000000000000e+00 2.311543917357424149e+00 inf 0.000000000000000000e+00 -2.000000000000000000e+01
9.463399432330692473e-01 7.344101555023818673e-02 1.993292034237591266e-09 8.266299318455892182e-10 -3.278616765635633534e-02 1.098108490077242370e-07 5.987692934219587739e-09 -2.337295155189465123e-06 inf 0.000000000000000000e+00 -9.000000000000000000e+01
5.570112145982618335e-02 1.555596711996755366e-01 1.387932974161946609e+00 8.743009309008388879e-08 4.585868706706483614e-05 6.479766984824371317e-10 4.829390374306052381e-06 2.758088100453541438e-04 inf 0.000000000000000000e+00 -9.000000000000000000e+01
4.398245219980394527e-01 1.571597534015763754e-09 4.324679738993732800e-09 1.367252700987709322e-09 -5.664860056573387537e-01 0.000000000000000000e+00 6.603445337183574786e-04 -5.647348112775320824e-09 inf 0.000000000000000000e+00 -9.000000000000000000e+01
1.037184777873249253e+00 0.000000000000000000e+00 3.524922743071761750e-05 -1.961222125433053165e+01 4.738295109836221752e-10 1.015363587768332571e-06 5.268837805532168734e-10 0.000000000000000000e+00 inf 0.000000000000000000e+00 -2.000000000000000000e+01
8.091921056144135704e-02 7.230762485031548836e-01 2.700400260708650871e-02 8.908536942544003079e-01 -4.780914825831948378e-01 8.722398688963422074e-06 1.019943637279864468e-08 7.218147758406850437e-10 inf 0.000000000000000000e+00 -8.000000000000000000e+01
4.999330805972235225e-01 2.252094708121677724e-01 5.490479119977494452e-04 9.291748777039327768e-08 -2.760013940166141211e+00 1.735272165049705278e-05 8.359955834874651845e-10 2.190661091168597341e+06 inf 0.000000000000000000e+00 -3.000000000000000000e+01
2.400993659526181045e-01 9.788666458068276954e-01 1.598738566559500252e-01 1.032045967673244340e-09 1.491650438610395599e-07 7.826348588188769237e-10 0.000000000000000000e+00 9.599403560651401947e-07 inf 0.000000000000000000e+00 -9.000000000000000000e+01
8.321239521801805372e-01 3.839542994786363517e-01 1.086461280363449207e-09 1.933701728353294854e-09 -1.065585275724979547e-05 7.974027745786783595e-10 3.266161764674266561e-06 6.902517767446684792e-10 inf 0.000000000000000000e+00 -9.000000000000000000e+01
1.498215071117605345e-02 0.000000000000000000e+00 2.197450282805748976e-06 4.583853296935559378e-07 -9.883394223133118689e-05 7.604764248351106302e-07 0.000000000000000000e+00 0.000000000000000000e+00 inf 0.000000000000000000e+00 -9.000000000000000000e+01
4.584260569405073094e-01 0.000000000000000000e+00 1.492272320769880492e-03 1.053270884457657419e-07 -5.505030854712928967e-01 8.500900264802379811e-08 8.465869082392478974e-10 6.464982854289205161e-01 inf 0.000000000000000000e+00 -1.000000000000000000e+01
8.212110527219577488e-06 2.972667796148553143e-01 5.634468371784838725e-01 2.149379109109817019e-06 -8.160264538447008498e-01 1.246084009376165515e-07 9.684242514005191732e-03 1.809485376069013583e-09 inf 0.000000000000000000e+00 -9.000000000000000000e+01
9.950630612862823021e-01 1.218119766215367689e-02 3.802798516388428141e-03 9.013309761682480916e-08 -5.845750636862693909e-03 1.240497619402543525e-09 -2.445969423669015238e-08 -1.061661770112529490e+00 inf 0.000000000000000000e+00 -9.000000000000000000e+01
1.140119754020229621e-04 2.180267765137219593e-01 1.449344780472921459e-04 -8.824487523774528440e-10 -9.707267566287222094e-01 1.237579928769685644e-01 1.152586125554224085e-07 -4.754417767911174979e-09 inf 0.000000000000000000e+00 -9.000000000000000000e+01
7.074893947960450872e-04 4.661663575996002418e-08 -1.215681170985301263e+00 5.119651576444732691e-08 -1.053773294939854832e+00 1.198640469924410720e-09 7.269185543122243850e-05 -6.752051663758419753e-07 inf 0.000000000000000000e+00 -1.000000000000000000e+01
8.316222844690607892e-04 1.452349505948581990e-02 4.603071702748504074e-09 5.416903073617327205e-10 -1.001860257995668579e+00 5.507616761453024733e-10 0.000000000000000000e+00 -2.778430667424772696e-09 inf 0.000000000000000000e+00 -9.000000000000000000e+01
4.915613072518887350e+01 3.186068702289948760e+03 2.382467721254675652e+00 7.623896708014962087e+01 5.568058625953975677e+09 3.219194681817209873e-06 1.654199516500159343e-04 0.000000000000000000e+00 inf 0.000000000000000000e+00 -2.000000000000000000e+01
6.928901178292959373e-02 7.271860874441866684e-01 1.351763095064960618e+00 1.729066684566787300e-05 6.016260725012850963e-09 1.840271540311208542e-01 1.140762807085309688e-07 1.396375738466444361e+00 inf 0.000000000000000000e+00 -1.000000000000000000e+01
5.336948480392923050e-02 -1.372506254490093212e-09 6.026554182915604477e-03 0.000000000000000000e+00 -3.315864080582102247e+00 2.026734235797037675e-07 1.496946821563861710e-06 2.631847005996458232e+06 inf 0.000000000000000000e+00 -3.000000000000000000e+01
5.565936051604013918e-02 1.186403550328479772e+00 4.468770752421689517e-05 3.584136542248416037e-05 -1.376540990701323912e-06 7.000266684078937572e-08 4.403221181435912173e-07 4.606171025028086135e-10 inf 0.000000000000000000e+00 -9.000000000000000000e+01
2.112283374082976628e-04 4.880171398536134464e-01 1.879255670892328058e-07 2.297202132098781924e-03 -7.697431227974975698e-01 6.147955563954393421e-08 4.606431500491274533e-03 -3.429641599378498765e-06 inf 0.000000000000000000e+00 -9.000000000000000000e+01
1.108904007445257633e+00 1.061954442613906036e-01 2.084150751324890931e-07 5.023816069370101256e-08 1.430843880574526050e-01 3.493271192808901490e-05 0.000000000000000000e+00 -2.025517354228794166e-07 inf 0.000000000000000000e+00 -9.000000000000000000e+01
4.429615842572149144e-06 8.013896275538934244e-01 2.632034061387500466e-08 1.872666889164022836e-03 -5.213121301689868092e-01 8.675964128277316020e-08 1.043369983825484927e-09 1.735192825655463363e-06 inf 0.000000000000000000e+00 -9.000000000000000000e+01
1.683676489083598404e-01 2.384190067091748751e-07 1.124515950011527734e-06 2.222226207814042453e+00 -1.359660885281630720e-03 0.000000000000000000e+00 0.000000000000000000e+00 -5.288063286562623266e-09 inf 0.000000000000000000e+00 -2.000000000000000000e+01
1.928056915479561774e-03 2.465121758518706720e-09 1.361420056714887084e+00 7.160976649336307732e-08 -6.440981344019635069e-01 2.247908160944312301e-09 2.950063743801074990e-09 1.656885116381425607e-08 inf 0.000000000000000000e+00 -9.000000000000000000e+01
1.377569567090120295e-01 5.616245158136644600e-01 9.007185630973864321e-02 7.599080458995475345e-10 -5.602999296914624727e-01 4.872786982635086279e-10 2.243485405951329055e-06 -5.046673125589767883e-01 inf 0.000000000000000000e+00 -8.000000000000000000e+01
0.000000000000000000e+00 0.000000000000000000e+00 1.308991717065405069e+00 1.226527033258955394e-10 -1.668528721860192295e-05 4.051255958340186023e-10 3.292147227210461643e-07 -5.128214501308065998e-01 inf 0.000000000000000000e+00 -9.000000000000000000e+01
1.498215071117605345e-02 0.000000000000000000e+00 2.197450282805748976e-06 4.490543306158245028e-07 -9.883394223133118689e-05 5.006790161132813367e-03 1.887755725190840289e+07 1.936182308629269219e-06 inf 0.000000000000000000e+00 -3.000000000000000000e+01
8.644215108513851609e-02 1.708817812957178495e-01 0.000000000000000000e+00 1.383074417362216257e+00 -7.182374870085640461e-01 1.230715954156171021e-02 5.703794808721661375e-05 -8.010083498236774124e-01 inf 0.000000000000000000e+00 -8.000000000000000000e+01
3.900265559410515115e-01 3.897115065002770971e-10 3.700909880513520572e-02 5.005603977057220266e-01 -1.490233045220110825e-02 -1.997504426175830683e-01 -1.032701893058492804e+00 8.423650978239951339e-09 inf 0.000000000000000000e+00 -9.000000000000000000e+01
6.799934642744749984e-10 9.195046151405624757e-01 3.071970473898805104e-07 6.493028501649746345e-08 -3.982567759844474753e-01 0.000000000000000000e+00 0.000000000000000000e+00 0.000000000000000000e+00 inf 0.000000000000000000e+00 -9.000000000000000000e+01
1.237329199208427760e-05 0.000000000000000000e+00 0.000000000000000000e+00 -4.941832194009312293e-09 -1.007715497001302030e+00 9.561052197311785909e-09 0.000000000000000000e+00 0.000000000000000000e+00 inf 0.000000000000000000e+00 -9.000000000000000000e+01
0.000000000000000000e+00 0.000000000000000000e+00 1.533460749446486693e+00 1.894467655214529382e-05 -1.967217588682799024e-06 3.221782767880508609e-06 3.671585213667180950e-03 1.645630869070590184e-09 inf 0.000000000000000000e+00 -9.000000000000000000e+01
4.483327218908350065e-01 0.000000000000000000e+00 6.454571801239504525e-03 2.239705824642424403e+00 0.000000000000000000e+00 0.000000000000000000e+00 0.000000000000000000e+00 3.384098979280040372e-08 inf 0.000000000000000000e+00 -2.000000000000000000e+01
8.374621983918494328e-01 0.000000000000000000e+00 1.270800196396934423e+00 2.206250340966899991e-03 -5.173276661577558451e-03 3.264896305462754765e-09 2.512156323925508726e-09 3.600455092413093510e-09 inf 0.000000000000000000e+00 -9.000000000000000000e+01
1.007968788691721240e+00 -6.123538585007163139e-04 0.000000000000000000e+00 4.730105866826917719e-10 -4.468130772664196421e-09 7.113351515112787809e-10 4.821069441188973869e-10 3.004539959933421678e-04 inf 0.000000000000000000e+00 -8.000000000000000000e+01
4.596024995397673951e-01 9.862714582398441829e-03 0.000000000000000000e+00 8.427612558201794190e-07 -5.444218449483939626e-01 8.799583250598709323e-10 1.632849933151597545e-06 1.938350888386412537e-05 inf 0.000000000000000000e+00 -9.000000000000000000e+01
2.599021986995150164e-09 4.658299989918556716e-10 1.506830329413767766e-03 4.462066954180880498e-07 -1.007745053225544529e+00 2.279438542668339264e-07 0.000000000000000000e+00 1.357454057224573994e-05 inf 0.000000000000000000e+00 -9.000000000000000000e+01
2.218401737077315139e-01 1.059853655549563012e+00 1.258687358336703019e-02 0.000000000000000000e+00 -1.450060629430390598e-04 1.579220221423067498e-05 0.000000000000000000e+00 -1.204087582914924644e-07 inf 0.000000000000000000e+00 -9.000000000000000000e+01
1.901869890306372552e-07 7.837428565595026761e-07 0.000000000000000000e+00 1.724617532771521748e-07 -1.081016882305962268e+00 6.653191193091914742e-06 1.326398553850319704e-08 7.355737179824659222e+01 inf 0.000000000000000000e+00 -3.000000000000000000e+01
7.156011160804470750e-01 5.697584973140515929e-01 8.511795453752808744e-10 2.802912829416662806e-03 1.256413449786286844e-07 6.592113925885154504e-10 4.781093616576045578e-10 2.587006291441875193e-07 inf 0.000000000000000000e+00 -9.000000000000000000e+01
8.375446417000029231e-02 -1.318045377598424951e-07 1.511975633063095570e+00 9.524391509500987096e-08 4.971872090084348357e-05 2.313053202581207791e-05 5.320618513669401734e-06 3.165579390764768712e-09 inf 0.000000000000000000e+00 -9.000000000000000000e+01
2.689165374898629390e-01 1.872952423866347527e-01 5.283697364170327621e-02 1.504157155782878212e-09 -6.577020301071720976e-01 -2.611216822439076381e-06 1.743570841954527424e-03 -6.167044338709801009e-07 inf 0.000000000000000000e+00 -9.000000000000000000e+01
1.020258029058330074e+00 1.916919985152032088e-02 9.163428594320185971e-02 3.022986752765422391e+00 -7.179593537817877680e-01 7.617926616968864195e+00 1.360764972713422665e-09 1.956686184901714871e-09 inf 0.000000000000000000e+00 -2.000000000000000000e+01
1.330981251719302698e-03 1.817135562232420850e-10 0.000000000000000000e+00 2.291728614956653128e-08 -1.140552860420684239e-01 3.659924802990475827e-08 0.000000000000000000e+00 -2.266759143980730862e+00 inf 0.000000000000000000e+00 -3.000000000000000000e+01
9.980778594610193455e-01 1.383282344062323685e-02 2.381646551779279615e-04 1.617491480541820404e-09 -3.909755032978701368e-03 1.892927172656941890e-04 2.158405839294442102e-09 3.056428706738115208e-09 inf 0.000000000000000000e+00 -9.000000000000000000e+01
8.852064187117515415e-01 9.893218376131845959e-02 0.000000000000000000e+00 1.298105830577866717e-07 -1.992165158200581432e-01 1.989489031361935231e-04 7.973464621595836080e-08 1.172294545220222659e+02 inf 0.000000000000000000e+00 -3.000000000000000000e+01
3.900300290372552547e-01 1.560813077743590028e-09 0.000000000000000000e+00 2.667571441961772070e-09 -6.185632491762720342e-01 2.423562438913217859e-06 0.000000000000000000e+00 2.724328281152448078e-08 inf 0.000000000000000000e+00 -9.000000000000000000e+01
8.547631772332749955e-01 1.887201846363354141e-01 9.454016883022529211e-03 2.988789896123541290e+00 -5.846484091469170141e-02 2.554685451056754597e-01 1.443613371661535243e-02 1.060290502994983841e+00 inf 0.000000000000000000e+00 -2.000000000000000000e+01
-6.889758825216808248e-04 8.938150324483402631e-01 1.286057765414025686e-09 4.197603953299351189e-03 -4.255664269662743915e-01 7.811748695809413386e-08 6.512783587004322831e-06 7.365603565553056411e-10 inf 0.000000000000000000e+00 -9.000000000000000000e+01
9.705737548621430344e-01 9.231000385917120798e-02 1.886435996311144547e-09 1.338111933383371698e-06 -5.267130521540322290e-04 -1.380242337300987424e-07 5.855811738549177486e-09 -3.281612618582928242e-09 inf 0.000000000000000000e+00 -9.000000000000000000e+01
7.095738397585762414e-01 4.531203233935032215e-01 3.826144088153816671e-07 6.198142422216086228e-10 -8.338672618005441017e-02 2.010601207108280141e-06 4.388512246679326175e-05 2.640789645157143889e-05 inf 0.000000000000000000e+00 -9.000000000000000000e+01
1.262289366270879717e-02 -3.973377480297444499e-05 1.525531847702903843e+00 0.000000000000000000e+00 -7.199951482370309068e-03 4.324376611063554407e-09 4.359439124126231544e-08 5.221041945119759103e-06 inf 0.000000000000000000e+00 -9.000000000000000000e+01
2.464258633239042040e-01 1.063344478726435893e+00 3.348087909866494808e-05 0.000000000000000000e+00 -3.863178357538263044e-07 1.703671957483327351e-02 2.672031697297298605e-07 9.979877423640511805e-07 inf 0.000000000000000000e+00 -9.000000000000000000e+01
1.880219537377754088e-04 1.237034038031572081e+00 1.331389433386786002e-09 0.000000000000000000e+00 1.955428318872864252e-03 1.455289921930381578e-02 2.374087016571184387e-08 7.584885256870173797e-09 inf 0.000000000000000000e+00 -1.000000000000000000e+01
3.627597083540685108e-01 1.590275255032655095e-07 4.990079153476034745e-04 2.246769806580037443e+00 2.352863389024922593e-07 1.384080025967291618e-09 4.761525909805376851e-07 1.057131988337222855e-09 inf 0.000000000000000000e+00 -2.000000000000000000e+01
9.314087292853295841e-01 1.884147429470323098e-01 1.413984276965440172e-05 3.336062648339177985e-06 -2.008580656380110556e-09 0.000000000000000000e+00 4.140695644822069074e-06 3.189449503812373213e-10 inf 0.000000000000000000e+00 -9.000000000000000000e+01
1.016339363882288183e+00 -1.468004713456430056e-02 5.429763153952663785e-09 2.178925235067405777e-02 6.755283744312084136e-03 0.000000000000000000e+00 3.174503690440649193e-07 3.200681136257206294e-01 inf 0.000000000000000000e+00 -1.000000000000000000e+01
4.531340611610037983e-01 7.250144978576060772e-01 3.767486051367202604e-01 0.000000000000000000e+00 -2.093189343212711434e-09 -9.086563876987898745e-09 1.084214203581146379e-08 -1.003187519327750980e-09 inf 0.000000000000000000e+00 -9.000000000000000000e+01
-2.263012904341189113e+01 1.114256661874885069e-07 7.774934922615831208e-08 1.732903648263946828e+00 -8.615223389180934888e+00 0.000000000000000000e+00 1.004264115087318693e-02 -8.588590902889580739e-08 inf 0.000000000000000000e+00 -2.000000000000000000e+01
4.738277937169194653e-01 2.339086465811854032e-01 9.124275207439733123e-10 2.179808201116314237e+00 -5.980449274615385709e-07 9.807172535701550353e-05 1.266861689150474628e-04 0.000000000000000000e+00 inf 0.000000000000000000e+00 -2.000000000000000000e+01
4.950327705033498726e-01 -9.942585803872465433e-03 8.160417608310301966e-10 4.884890354858603299e-10 -5.163791528043156775e-01 4.998492456134384170e-10 2.665862643271671695e-09 5.964110316978526743e-10 inf 0.000000000000000000e+00 -9.000000000000000000e+01
1.006064247423413827e+00 0.000000000000000000e+00 1.312487642996205256e-09 2.016578347351694923e-04 -1.804407544928909998e-03 3.564851770436882217e-04 8.545752875508624539e-09 -1.849326588685085095e-04 inf 0.000000000000000000e+00 -9.000000000000000000e+01
1.096661712960188773e+01 4.568903802386328678e-10 2.891615877214238811e-05 2.888193846590316784e-04 -3.956722908910016243e-07 1.003082726637187983e-05 2.087046365423183655e+06 6.132278878068540134e-02 inf 0.000000000000000000e+00 -2.000000000000000000e+01
1.434765506611408170e-01 2.712459829456162545e-05 3.134410799058768293e-01 7.192340969558585468e-08 -8.476153146750472489e-01 -1.368299013720901519e-08 1.635819013198385425e-08 -1.022386883248990891e-09 inf 0.000000000000000000e+00 -8.000000000000000000e+01
7.358134117605723556e-01 -3.732586981187842547e-09 5.015663755971163294e-08 2.027400783467959933e+00 -2.681022271574425853e-01 2.336599450223589291e-06 1.129928730945183735e-04 7.142869555654492164e-02 inf 0.000000000000000000e+00 -2.000000000000000000e+01
3.345898626855868807e-01 0.000000000000000000e+00 5.581859728456666225e-01 1.910218567015069431e-03 9.040360712947107524e-01 1.698539330250858366e-05 2.170730809523992666e-07 -1.730859097354286114e+00 inf 0.000000000000000000e+00 -1.000000000000000000e+01
2.478320608402318492e-01 1.036683130312080925e+00 7.497605340396755781e-10 4.163660108550311017e-10 -1.113624456389930573e-02 9.986749970508353505e-10 3.818691817121898871e-06 3.669898776739544208e-04 inf 0.000000000000000000e+00 -9.000000000000000000e+01
3.936468273552904573e-05 3.567065092072829041e-02 1.701953927338784589e-01 1.269198600103863140e-07 -9.827824181926214653e-01 3.368257823352559681e-06 2.335325424191108136e-05 0.000000000000000000e+00 inf 0.000000000000000000e+00 -9.000000000000000000e+01
9.757520687989301722e-01 0.000000000000000000e+00 5.865902514763996489e-01 0.000000000000000000e+00 9.074669858091327566e-08 0.000000000000000000e+00 2.511941033037749156e-08 2.093284194198124296e-09 inf 0.000000000000000000e+00 -9.000000000000000000e+01
6.561494103480340900e-01 3.110630746638385881e-05 1.866363227771427324e-01 7.300945253960125813e-06 -3.428809270227256567e-01 3.971338171910568399e-09 7.199501949077639030e-10 0.000000000000000000e+00 inf 0.000000000000000000e+00 -9.000000000000000000e+01
7.793647170747309838e-01 0.000000000000000000e+00 2.249712585370357565e-01 0.000000000000000000e+00 -3.247352987811379377e-01 3.039790219518280767e-01 4.219469786861772473e-06 1.419461512197963682e+00 inf 0.000000000000000000e+00 -1.000000000000000000e+01
8.356273061709871275e-01 5.683071383222106088e-02 0.000000000000000000e+00 1.148613245595349961e-05 -1.502057347869336368e-01 5.552721507392825906e-10 2.967426513391289555e-03 2.536081845014809624e-05 inf 0.000000000000000000e+00 -8.000000000000000000e+01
2.157270388225318580e-01 7.580876903720220641e-10 6.505704458240670793e-10 0.000000000000000000e+00 -7.924666732256271384e-01 1.219120701962649869e-03 4.194907391892444587e-06 5.085018969264640867e-08 inf 0.000000000000000000e+00 -8.000000000000000000e+01
9.245637655833018886e-01 4.745137939239117762e-04 0.000000000000000000e+00 6.392755279252700356e-04 -9.391418838077420514e-04 6.371645182083775696e-07 1.338689088761035688e-04 8.600562514870900436e-04 inf 0.000000000000000000e+00 -9.000000000000000000e+01
2.329188147135604625e-01 8.285152282635137311e-02 9.000443087079558202e-01 1.447949988385894279e-05 -3.170283866934572869e-01 -2.968996002367298437e-01 -6.559827729201355394e-03 -1.143027516649880032e-01 inf 0.000000000000000000e+00 -9.000000000000000000e+01
2.392183099653260481e+00 5.832370223916520047e+00 3.406836282872074885e-05 -1.895520322772869193e+01 -3.939507882365488045e-02 1.944123407972173467e+01 5.341287752164445350e-07 1.461130248804086662e+01 inf 0.000000000000000000e+00 -2.000000000000000000e+01
1.531747711967347936e+00 7.348900238516236463e-10 5.887420125200019846e-06 5.489023274622574958e-06 0.000000000000000000e+00 7.321882222933456988e-10 1.175713372370770798e-04 5.406605257271415212e+03 inf 0.000000000000000000e+00 -3.000000000000000000e+01
5.754770266673725487e-01 7.359842245814016692e-01 2.581327649379583714e-02 1.097431146792403232e-09 -5.949631448973603207e-05 5.505385487230992758e-10 8.896119595260676085e-09 -1.068263541562040260e-09 inf 0.000000000000000000e+00 -9.000000000000000000e+01
2.157247284812447707e-01 7.708357182250417953e-10 1.328024786480168720e-04 4.406844840028617262e-05 -7.924581862576338676e-01 1.207642683533045359e-03 4.796311135622482925e-09 4.612855879298247137e-06 inf 0.000000000000000000e+00 -8.000000000000000000e+01
7.211037783131004254e-06 0.000000000000000000e+00 7.071249122786335319e-09 3.060798948809374521e-09 -7.736456137785695242e-04 2.213417855582912991e-09 -1.402711416071292336e-04 -2.188390666080021862e+00 inf 0.000000000000000000e+00 -3.000000000000000000e+01
4.828875928407692599e-05 6.600076631508521308e-01 4.040431527622204144e-01 0.000000000000000000e+00 -5.203906574843257804e-01 8.548780809921288567e-08 4.841787361371349577e-06 0.000000000000000000e+00 inf 0.000000000000000000e+00 -9.000000000000000000e+01
