3.074349496269007664e-01 1.410762351083968968e-01 4.828953567330430963e-02 1.505097602382930591e-03 -6.411636778403126957e-01 9.204402660242069116e-04 5.067130149393361147e-10 -9.875968519573034062e-04 3.797101876443507535e+03 0.000000000000000000e+00 0.000000000000000000e+00
3.774855160813995192e-01 5.063830093774871477e-01 6.863381108314094939e-07 3.759510221135889396e-01 -3.774855160813995192e-01 -9.628050530452045492e-05 -2.421623292951051356e-03 3.164618688001967660e-08 4.958800527566920209e+03 0.000000000000000000e+00 0.000000000000000000e+00
4.566278425146124142e-01 5.236247898153773250e-05 3.670703616173862094e-02 9.669229093651698047e-04 -4.412531676824705817e-01 -2.536821347303402363e-01 1.136911270834562814e-09 -3.390687518055723673e-09 1.226781147429553130e+04 0.000000000000000000e+00 0.000000000000000000e+00
4.742804417865629230e-01 2.718101490212384590e-05 -7.175787934160695724e-04 -6.038750869368334946e-08 -5.332871634172855480e-01 1.384532946576933321e-06 6.005570919536641067e-09 4.925199900264840436e-04 1.558119950565946056e+04 0.000000000000000000e+00 0.000000000000000000e+00
2.328937695136045760e-01 4.359293634485418845e-01 4.762379004797426957e-02 -2.296221998847701446e-05 -5.637223549252377008e-01 3.018347369517067488e-08 5.381770309799299734e-08 4.136844394749430011e-06 1.872957224294788830e+04 0.000000000000000000e+00 0.000000000000000000e+00
5.420959719685224387e-01 3.121455145450517388e-01 1.457257511514265356e-05 1.215801886590052588e-01 -3.287802284863240443e-01 5.814163285215417645e-10 2.538255911449028004e-06 7.480389480211546845e-06 1.935596687674542409e+04 0.000000000000000000e+00 0.000000000000000000e+00
4.302366970442246807e-01 7.054533831430107593e-01 2.621842633036107354e-04 8.829400623414115357e-01 -1.561433443580867719e-01 -1.647114870020354447e-08 -2.577801727470879958e-09 6.109724873551112273e-09 2.324014097069167838e+04 0.000000000000000000e+00 0.000000000000000000e+00
1.939026902209349257e-01 9.460475204409947159e-01 3.944437687217267063e-02 5.718276788044132086e-01 -1.151683175993769570e-01 2.555429718013571734e-05 1.210040905865369359e-09 2.282054331974232845e-09 2.342153742697033158e+04 0.000000000000000000e+00 0.000000000000000000e+00
5.120675908934813059e-01 3.301748559042910758e-01 -5.193735745594024993e-04 -9.533111614821746719e-06 -3.499458053596378182e-01 0.000000000000000000e+00 1.185805671777885355e-09 6.564573061345607284e-05 2.633463229895653058e+04 0.000000000000000000e+00 0.000000000000000000e+00
5.395421939998831240e-01 0.000000000000000000e+00 0.000000000000000000e+00 0.000000000000000000e+00 -4.679900033977481000e-01 -1.213373164639774130e-04 -3.724158569135618390e-03 0.000000000000000000e+00 2.676572707763365906e+04 0.000000000000000000e+00 0.000000000000000000e+00
5.480839341089810413e-01 1.471472455893049758e-01 -1.990146718739759586e-04 -3.847773113586340227e-08 -3.885953066315408488e-01 -3.010316612394019178e-08 -1.936647619368916939e-01 2.791521670641070442e-09 2.934662178953628973e+04 0.000000000000000000e+00 0.000000000000000000e+00
3.787778419115514494e-01 8.543359253687856647e-01 4.481170262840577134e-04 3.086955980336432703e-01 -7.633958708129286175e-02 -9.853482339314223145e-06 6.387055060742039309e-10 0.000000000000000000e+00 3.383686964344401349e+04 0.000000000000000000e+00 0.000000000000000000e+00
6.356312504710526223e-01 9.221475754749251108e-06 6.804195702533428699e-05 2.302940915168198432e-01 -3.715998079676923194e-01 3.786326007714599841e-07 -8.364189995490225200e-09 -2.487518451362677116e-02 3.384662176743827877e+04 0.000000000000000000e+00 0.000000000000000000e+00
3.459731282476363745e-01 5.613535827341931128e-01 -2.055738218020726569e-03 4.073407209781810330e-04 -3.771594383995359734e-01 9.076410832319995186e-10 6.776322274216469398e-03 1.924199096451839116e-09 4.176862849196045136e+04 0.000000000000000000e+00 0.000000000000000000e+00
5.833331225228527428e-01 1.100481964986738462e-04 -2.512647275176692753e-04 1.715786143379893997e-09 -2.818461383233312190e-01 -3.240739569571404188e-01 1.404822769846224486e-09 1.826269600800091955e-08 4.814130578178146970e+04 0.000000000000000000e+00 0.000000000000000000e+00
2.715279042449130209e-01 8.102737460006929071e-01 5.525993062580713405e-02 1.499252713914656088e-01 -2.154983367023119434e-01 6.124170326709458752e-10 -2.473522576900179894e-08 1.863964407860399064e-05 6.201155313474147260e+04 0.000000000000000000e+00 0.000000000000000000e+00
2.269853186829549896e-01 6.613882561624033762e-01 3.375055286076567412e-09 2.962467534042153354e-08 -3.903756127349096716e-01 -3.473266729846940376e-02 8.350892733756621084e-08 0.000000000000000000e+00 8.745278607315412955e+04 0.000000000000000000e+00 0.000000000000000000e+00
8.796875199513148891e-01 3.800788754120673824e-04 1.683410552572079111e-01 2.682202885992281960e-01 -3.254281123913712603e-01 6.677372219673093356e-01 -1.447789626254904112e-08 7.395510648078178521e-05 9.124719889471156057e+04 0.000000000000000000e+00 0.000000000000000000e+00
5.174113209596447049e-01 6.245520490371468947e-01 -1.588328628892848871e-02 6.339357586538412642e-08 -1.616910377998889703e-01 0.000000000000000000e+00 0.000000000000000000e+00 6.120673113528585713e-06 9.935761023782068514e+04 0.000000000000000000e+00 0.000000000000000000e+00
3.346767905234420692e-01 8.718471013635885614e-01 -2.993678617963430912e-04 8.577850513415952172e-02 -1.117932976748472473e-01 0.000000000000000000e+00 4.592437490552980270e-10 1.217612404248123308e-04 1.007718623399536300e+05 0.000000000000000000e+00 0.000000000000000000e+00
4.425625894171608676e-01 1.119078970596697475e+00 1.749779400889435454e-01 2.748957053207915502e-01 -3.372833831240917291e-01 6.862644558363022451e-01 4.797880495126846667e-03 4.871359939713673019e-07 1.105384401358903269e+05 0.000000000000000000e+00 0.000000000000000000e+00
6.346075693927227812e-01 6.404730828832036524e-06 5.980049580201042974e-10 2.994974130434790538e-04 -3.685221121473488681e-01 -1.011093506844950793e-02 6.445423088387894648e-10 -2.154917435437887496e-01 1.178648768591683183e+05 0.000000000000000000e+00 0.000000000000000000e+00
6.940005542456787468e-01 1.018404860862721592e-04 4.933487125288719745e-10 1.014888780059393823e-08 -3.137768463344824399e-01 0.000000000000000000e+00 0.000000000000000000e+00 0.000000000000000000e+00 1.185828021214543987e+05 0.000000000000000000e+00 0.000000000000000000e+00
1.008431251443966170e+00 6.993202189799816555e-05 -1.248358438846970594e-05 -4.100430574937527495e-01 -6.753708964121740970e-05 -2.688311458236401994e-05 -1.447133138557709556e-09 2.701782952180793788e-06 inf 0.000000000000000000e+00 -1.000000000000000000e+01
1.224398504648264857e-01 4.899980095857128727e-05 6.377963222596643106e-05 3.047924100046999994e-07 -1.517450346778079130e-11 -1.143135530397667354e+00 8.539626428520988376e-12 5.326065321583835895e-07 inf 0.000000000000000000e+00 -9.000000000000000000e+01
8.046576812977045279e+01 1.958763326397365816e-03 7.534781755268068394e-07 1.291522542938922591e+01 8.995566412213680148e+07 -1.471461230561923669e-02 3.049937823346532406e-02 4.127735400017863883e-03 inf 0.000000000000000000e+00 -2.000000000000000000e+01
1.375177854025656961e-02 1.172378040684816769e+00 -2.916414920612902736e-02 8.196698749218326573e-10 -7.493421966841692927e-02 0.000000000000000000e+00 0.000000000000000000e+00 -2.910901235820818845e-04 inf 0.000000000000000000e+00 -8.000000000000000000e+01
3.079311078542064720e-02 7.115383048002438260e-01 -1.760608384314483327e-02 1.587002577494629058e-03 -5.791068852948356716e-01 2.801198924895548257e-10 2.281095721526882552e-08 2.665462892587664324e-03 inf 0.000000000000000000e+00 -9.000000000000000000e+01
1.007150201109473953e+00 6.620015219131533267e-05 1.366154977466491061e-02 1.759145200662078247e-09 -3.166461361191740737e-07 0.000000000000000000e+00 0.000000000000000000e+00 0.000000000000000000e+00 inf 0.000000000000000000e+00 -9.000000000000000000e+01
5.688177037785073807e-05 3.879306880572371431e-03 -5.870557013358780551e+00 1.209297480473992114e-05 -7.070657861141761355e-04 2.817867366412214913e+00 0.000000000000000000e+00 8.469501524481158616e-02 inf 0.000000000000000000e+00 -2.000000000000000000e+01
1.545487933038989903e+00 6.069807780265537578e-09 1.566545978583238066e-08 1.078247395143481363e-01 -6.926241947970279700e-02 -1.640704747757423408e-05 8.491797263085550185e+01 1.014600847513484200e-01 inf 0.000000000000000000e+00 -3.000000000000000000e+01
1.008124702654606519e+00 1.973095629788679080e-05 4.003620238406966421e-04 -2.108463937029898060e-05 -2.403812971010740025e-05 -3.922604357558054702e-07 0.000000000000000000e+00 0.000000000000000000e+00 inf 0.000000000000000000e+00 -8.000000000000000000e+01
3.084367323607482003e-01 1.953035679813231729e-01 3.128373891659675722e-04 -4.606428796095073852e-06 -1.426073308888015367e-01 -4.727775395645444911e-01 -4.692049133209837408e-01 -2.471066485129546353e-01 inf 0.000000000000000000e+00 -9.000000000000000000e+01
4.499002502450021868e-01 5.026229358205883679e-01 -1.054453711511723901e-01 5.553456213961746046e-01 -3.207296705848159957e-01 0.000000000000000000e+00 1.054052558748594975e-09 5.491946414123561850e-05 inf 0.000000000000000000e+00 -9.000000000000000000e+01
2.051743786350798404e-01 7.128123952580238676e-01 -4.891554654958990035e-03 9.512192436720251151e-03 -3.987896373470566358e-01 5.956782360980638071e-10 1.992292510130391796e-08 2.763085793948850106e-09 inf 0.000000000000000000e+00 -9.000000000000000000e+01
3.913704675572520220e-01 0.000000000000000000e+00 3.306010297236552497e-03 2.560724738899988751e-02 8.995566412213742733e+07 -8.432061068702291232e+04 0.000000000000000000e+00 -2.532059909733197869e-04 inf 0.000000000000000000e+00 -3.000000000000000000e+01
7.053323380186838140e-08 2.794422817961330838e-02 1.144167748970437797e-08 1.353829041892400760e-03 -9.860956958707813389e-07 -1.179521682819138162e+00 2.037931104799614527e-06 1.548535463145227098e-05 inf 0.000000000000000000e+00 -9.000000000000000000e+01
7.241169904119061362e-01 3.894824815676832682e-04 7.043169164553305661e-01 0.000000000000000000e+00 -2.432580514664997307e-01 1.350758393521965311e-03 2.866142624291219745e-09 5.753359826702228119e-09 inf 0.000000000000000000e+00 -8.000000000000000000e+01
7.441544084366744638e-01 2.455721371350894165e-06 2.803036973743053707e-03 -4.394054602197505943e+01 -8.453088610374821636e-05 -9.213340294930255636e-01 8.580591804282977838e-10 -7.783036796833597543e-10 inf 0.000000000000000000e+00 -2.000000000000000000e+01
5.275128345440040518e-07 0.000000000000000000e+00 6.684556746085732470e-01 1.551911712395342535e+00 0.000000000000000000e+00 -1.371238111747301661e-02 3.807934344287119553e-04 0.000000000000000000e+00 inf 0.000000000000000000e+00 -9.000000000000000000e+01
7.714368038545305062e-01 2.973304635012217425e-08 4.301012266081613339e-04 -8.289882811372353500e-08 -2.021312779330380616e-01 -8.762112736088117915e-02 1.635870208110811176e-08 7.426353351854399694e-10 inf 0.000000000000000000e+00 -8.000000000000000000e+01
8.015155600864923846e-01 3.467312512329501044e-05 -2.985025732796344200e-01 6.310256604256977118e-03 -2.194871862350253056e-01 -2.000846176326505577e-08 2.447804429868980061e-07 1.569894692194642772e-09 inf 0.000000000000000000e+00 -1.000000000000000000e+01
7.586418796554504802e-03 1.216952742231850459e+00 2.341274446725680212e-08 7.134366271613956775e-07 -2.045158500680600269e-04 0.000000000000000000e+00 1.835913152024613360e-09 3.841031512472271636e-05 inf 0.000000000000000000e+00 -9.000000000000000000e+01
8.906448809949749634e-01 5.349809556476217113e-07 2.289101204453766088e-09 -2.796210672891200621e-01 -1.178033200153237314e-01 0.000000000000000000e+00 0.000000000000000000e+00 -1.212066227639143080e-09 inf 0.000000000000000000e+00 -1.000000000000000000e+01
1.786446627423765084e-07 1.070835742273217539e+00 -7.928019441761080532e-03 1.115085153110953797e+00 -7.190529261132143357e-02 -2.214631157650374458e-05 -1.192839952799490424e-05 0.000000000000000000e+00 inf 0.000000000000000000e+00 -8.000000000000000000e+01
4.028406646860782092e-01 -8.630103377513902764e-07 0.000000000000000000e+00 0.000000000000000000e+00 3.297186673465493151e-08 -9.166084689233953142e-01 6.228985905544308615e-08 0.000000000000000000e+00 inf 0.000000000000000000e+00 -9.000000000000000000e+01
1.002982145630701982e+00 5.408578517975229752e-09 2.521869746842888529e-08 0.000000000000000000e+00 -6.176660674374079314e-09 0.000000000000000000e+00 0.000000000000000000e+00 0.000000000000000000e+00 inf 0.000000000000000000e+00 -9.000000000000000000e+01
2.007774406538479491e-09 5.508591155521410654e-01 7.871844768538311943e-01 1.029601916488628475e-07 -3.391863998538646174e-01 -2.985945437310023876e-02 0.000000000000000000e+00 -1.111559647783921646e-09 inf 0.000000000000000000e+00 -9.000000000000000000e+01
6.075674123416539146e-02 2.789806917134567772e-08 1.391326783032496031e-08 2.726702539931333824e+00 -6.944129857492861713e-05 3.149149412315061625e+00 1.465006299049126940e-07 -6.750749026018376805e-04 inf 0.000000000000000000e+00 -2.000000000000000000e+01
6.057212869881194450e-01 2.785890495850095318e-04 1.750597664433173631e-09 0.000000000000000000e+00 -3.946958063600004007e-01 -1.923409328641709909e-02 4.591471921670748556e-06 6.082209558576835496e-06 inf 0.000000000000000000e+00 -9.000000000000000000e+01
4.616241951408542321e-02 0.000000000000000000e+00 7.814589727590337092e-09 6.436690971744576384e-01 -9.979186362668749366e-01 1.472422001742379992e-02 7.941672673771185131e-01 6.503532731350015980e-09 inf 0.000000000000000000e+00 -1.000000000000000000e+01
1.411750405008369846e-01 1.161043005498262892e-01 3.226597659278136853e-08 3.314984675153446858e+01 -2.436389112753755271e+01 -3.030395265923139028e-02 1.215297907812910378e+08 9.626867491049128779e-06 inf 0.000000000000000000e+00 -2.000000000000000000e+01
3.550121400347757694e-01 -9.319068675912862976e-02 1.380109694385190711e+00 1.329135897513291426e-08 -4.925793442982513426e-01 1.252264231798903179e-09 -6.527551708097912317e-05 0.000000000000000000e+00 inf 0.000000000000000000e+00 -9.000000000000000000e+01
3.999808272211093918e-01 2.654839374723017248e-04 1.750603640278613530e-07 4.127112231593582647e-02 -6.077737415680102284e-01 -1.639222952293101763e-05 -1.184080692092812323e-09 -1.026644833729746867e-02 inf 0.000000000000000000e+00 -9.000000000000000000e+01
1.420479912697180380e-01 7.208576849889529736e-01 2.679093269686128151e-04 0.000000000000000000e+00 -4.591450222859573271e-01 4.492805784477824603e-03 2.483571217802204183e-08 1.208534490117303980e-05 inf 0.000000000000000000e+00 -9.000000000000000000e+01
-1.438467259939265164e+00 5.236566841238326359e-02 -1.031780181212980763e+00 2.959778184063514228e+00 -5.008276062092206216e-01 -1.648349842631062332e-06 1.341079835201606367e-08 9.818562827321861055e-04 inf 0.000000000000000000e+00 -2.000000000000000000e+01
8.504772585785671524e-01 3.827147663603552297e-01 -8.740807888459473920e-05 -3.065833343424350654e-01 -4.005473540402283983e-01 1.229076812397413176e+00 2.760282663531113868e-07 6.213906470034498051e-07 inf 0.000000000000000000e+00 -1.000000000000000000e+01
2.269923664076929272e+05 3.058625954137557419e+05 2.534123777382736087e+00 3.767175572444056161e+04 1.075790949596894989e+11 4.636340166655459337e-08 4.308206106784426083e+03 1.292903232184715496e-04 inf 0.000000000000000000e+00 -2.000000000000000000e+01
0.000000000000000000e+00 0.000000000000000000e+00 1.068354471451162441e-09 2.255519133423428357e+00 -5.919261260742927012e-10 0.000000000000000000e+00 0.000000000000000000e+00 0.000000000000000000e+00 inf 0.000000000000000000e+00 -2.000000000000000000e+01
8.791668916342264273e-02 4.741736186027221689e-01 4.367009314183125102e-01 3.344167095483673805e-03 -4.381421886177128688e-01 -1.653842636311926018e-01 -3.895898367129128383e-03 -3.358909874949128203e-08 inf 0.000000000000000000e+00 -9.000000000000000000e+01
4.477278148854967554e+01 5.038894769799624473e-01 2.134466039031064304e-07 -2.010665777075384408e+00 -2.635635492455871698e-01 8.528244274809170747e+04 4.005325190839699656e+07 0.000000000000000000e+00 inf 0.000000000000000000e+00 -2.000000000000000000e+01
1.067980979925884588e+00 9.653354762968221898e-09 -2.690649755627228856e+00 3.307738972295021458e-09 -2.794136284689814273e-02 0.000000000000000000e+00 7.870722477666102306e-08 2.514399260817512614e-03 inf 0.000000000000000000e+00 -2.000000000000000000e+01
-1.503639723765381632e+03 1.447469274314375909e+01 2.261670741116212469e+00 3.578165650124156993e+00 -7.384186188345842616e-02 -1.717350730661004465e-01 0.000000000000000000e+00 3.684531881443657223e-09 inf 0.000000000000000000e+00 -2.000000000000000000e+01
-4.864825738453864429e-02 7.964190523436567859e-02 1.992273645410163599e-04 1.388447074258991751e-09 -1.082816051462311746e+00 -6.103321033795315798e-09 0.000000000000000000e+00 3.836621279152260655e+01 inf 0.000000000000000000e+00 -3.000000000000000000e+01
8.336235765804081987e-01 3.896820269222026623e-01 -7.013659899114010887e-03 1.677947480442798121e-04 -2.736098092511509913e-03 1.302536838406887811e-02 1.070199569566957228e-07 7.448275392590544915e-08 inf 0.000000000000000000e+00 -9.000000000000000000e+01
9.118628560094610425e-01 1.225030174865164557e-04 9.019513032267495456e-01 3.647141688013384730e-02 -6.129286296405324620e-09 -7.464638189479623487e-02 -6.442751290031606187e-05 0.000000000000000000e+00 inf 0.000000000000000000e+00 -9.000000000000000000e+01
1.002488496014379837e+00 2.303219548194242021e-04 -4.116445304818002696e-05 -2.975503622074474583e-09 -4.636286433946077193e-04 -6.964378763438313236e-04 1.235866320744075569e-06 8.860928337410353507e-06 inf 0.000000000000000000e+00 -9.000000000000000000e+01
6.100490078585243392e-01 3.753963681410416942e-05 5.153732267667189917e-09 6.398079191089485588e-08 -5.493605387429878419e-05 -7.050566402299338620e-01 0.000000000000000000e+00 0.000000000000000000e+00 inf 0.000000000000000000e+00 -9.000000000000000000e+01
2.092578742832821348e+01 5.712948184723933842e+00 0.000000000000000000e+00 1.357418980748735562e-07 -8.146481921724790354e+00 2.739799813899641595e+04 1.293789966026138524e-09 0.000000000000000000e+00 inf 0.000000000000000000e+00 -2.000000000000000000e+01
9.960855018596218580e-01 2.641965529904669285e-08 2.192889711355751933e-08 -1.355672413896866629e-05 -1.164994401425945188e-02 1.100818970793612271e-09 0.000000000000000000e+00 -2.541736472927341229e-04 inf 0.000000000000000000e+00 -9.000000000000000000e+01
7.052141916039891267e-01 7.835713240044324401e-02 -1.567142648008864825e+00 1.355578390527668153e+00 -3.349767410118948407e-01 -3.443428669941353429e-05 -8.932233793488007650e-09 0.000000000000000000e+00 inf 0.000000000000000000e+00 -1.000000000000000000e+01
2.185466202070925155e-04 2.663316720676236690e-02 7.581615561833497663e-02 -6.277189229293788095e-08 -9.926796967133763028e-01 -2.757782187885577177e-03 2.630026042829110314e-09 -2.368476491608535783e-09 inf 0.000000000000000000e+00 -9.000000000000000000e+01
1.007825468573320116e+00 5.311917189337352528e-10 2.842924327196938199e-07 0.000000000000000000e+00 0.000000000000000000e+00 2.647528289847798919e-05 2.612981918379538786e-09 1.234290143024018968e-09 inf 0.000000000000000000e+00 -8.000000000000000000e+01
0.000000000000000000e+00 2.313937821289358952e-08 1.170852537572415561e-05 2.870729109537110926e-07 -7.794616173479398391e-01 2.175101552011997223e-06 -1.307190494462887376e+00 0.000000000000000000e+00 inf 0.000000000000000000e+00 -9.000000000000000000e+01
1.486844028025753062e+01 1.624355614432759154e+01 -5.579670130050678563e+04 2.010969439616056843e+04 -3.856770275008998272e+00 6.244422624927521703e-02 1.225626468440658785e+07 8.458611796619312177e-05 inf 0.000000000000000000e+00 -2.000000000000000000e+01
7.389074427636984410e+02 7.215892995739242588e-01 1.299472255588634759e-03 -3.767175572598652070e+04 3.442531038851337280e+11 1.083664122160293191e+05 3.819877747526979811e-08 2.279341603101578130e+03 inf 0.000000000000000000e+00 -2.000000000000000000e+01
-1.957786571543226601e+05 2.346324911506338395e+01 -1.084030402558637453e-04 1.001679312568831115e+01 -3.218711378023486169e+00 2.599679347009587610e-02 5.678439908038839533e-08 7.309936814188513002e-03 inf 0.000000000000000000e+00 -2.000000000000000000e+01
2.778730319629760359e+01 3.293773854930149696e+02 1.341514004992910847e-02 1.819465648837460685e+04 -1.998807251889170630e+03 -1.125190094216276249e-01 3.442531038745512695e+11 6.172493213856270616e-03 inf 0.000000000000000000e+00 -2.000000000000000000e+01
4.146633742676265194e-02 3.868128491302486407e-04 4.635761392024476898e-09 2.257749237803435172e+00 -5.754344793376420037e-06 -3.500454819603161460e-06 0.000000000000000000e+00 4.196163328987673268e-10 inf 0.000000000000000000e+00 -2.000000000000000000e+01
1.006215975716303390e+00 0.000000000000000000e+00 6.875564702871972075e-05 4.136339725247777932e-01 -7.699200057903510150e-06 9.589684846830614275e-10 8.620334367156682425e-08 7.595248967005444439e-10 inf 0.000000000000000000e+00 -9.000000000000000000e+01
4.642831502867220683e-01 6.517821542630325132e-10 9.649288875961096536e-10 -7.139880682863242222e-04 -5.434556453882473104e-01 -2.866384982323235636e-08 -4.486009017050592068e-09 1.063242396898354607e-08 inf 0.000000000000000000e+00 -9.000000000000000000e+01
7.679348184166077118e-01 3.126682864470332994e-06 1.166983241826983477e-03 1.536827161544458142e-01 -5.438740359858269535e-01 1.129879159266330646e+00 0.000000000000000000e+00 -8.332646360482414715e-09 inf 0.000000000000000000e+00 -1.000000000000000000e+01
1.556784250543171710e+00 1.670218278849081139e+00 -3.447407413324465029e-04 1.001348663665959648e+00 -1.294926441126862749e-03 4.240085747710548247e+00 0.000000000000000000e+00 5.131911901288043509e+01 inf 0.000000000000000000e+00 -3.000000000000000000e+01
6.708291952651618262e-01 6.375811010391917444e-01 -3.483715755294663347e-02 7.522600820904739951e-10 -3.115576384772160152e-05 -1.032556924455141051e-05 5.237391336470441197e-06 -5.720627977115447238e-02 inf 0.000000000000000000e+00 -9.000000000000000000e+01
-1.289145134330340614e+00 1.678699894548543403e+00 7.241061972957683234e-09 9.337266159869289650e-01 -6.271597477404671443e-08 -3.408685041154294591e-06 2.872487394231147282e-07 4.657259561846766579e-06 inf 0.000000000000000000e+00 -1.000000000000000000e+01
8.557680057989441869e-01 1.183724109606952341e-09 -6.629268241124468925e-04 -8.727361115310138494e-04 -1.936310519450142598e-01 1.155467349601949911e-01 3.705271685635143853e-06 2.064791486643945118e-09 inf 0.000000000000000000e+00 -8.000000000000000000e+01
5.094849916412946822e-01 -3.806985076430785542e-01 -5.812562208255622661e-10 3.933035290121264889e-09 -4.146641737524981997e-01 -5.844925042995964271e-01 3.036767194517223133e-09 -1.402395961356912072e-09 inf 0.000000000000000000e+00 -8.000000000000000000e+01
4.735070889550549444e-01 0.000000000000000000e+00 9.828252926186527261e-10 2.244482666980302188e+00 -5.299440918709273900e-05 3.755272759856345001e-08 0.000000000000000000e+00 1.936312516800927746e-09 inf 0.000000000000000000e+00 -2.000000000000000000e+01
3.544190429539492010e-02 1.250739666076617906e-01 -3.582714238556225506e-02 1.263827352691303384e-07 -9.286806226967249112e-01 9.181507815654844223e-03 -2.094132532075706334e-08 6.035396745954932363e-02 inf 0.000000000000000000e+00 -1.000000000000000000e+01
1.012078902650867862e+00 5.127720306592809842e-04 4.330231437717801298e-09 -1.014083019289780507e+00 -2.473831476157752410e-02 1.926206398157228745e-09 6.613584908411611618e-01 2.079466727387351407e-06 inf 0.000000000000000000e+00 -1.000000000000000000e+01
-8.854417251950467138e-01 1.088355453885578195e+00 6.793986451691904271e-04 8.116549147621261451e-01 -4.414032409826498110e-02 -4.558970787462591767e-01 1.861311928779118072e-08 1.757251240777753933e-09 inf 0.000000000000000000e+00 -1.000000000000000000e+01
4.215417345422246553e-01 3.092281276029208437e-01 9.113601221498099370e-02 4.188477247633541900e-01 -3.344803676877604603e-01 -1.254345006363028203e-01 -1.969393226751768311e-01 -1.290830397207726188e-01 inf 0.000000000000000000e+00 -9.000000000000000000e+01
1.010037179526474649e+00 9.192449598709074990e-05 5.957463407436738101e-12 2.235715707939276142e-10 -9.119493649512971238e-07 2.490229732560341868e-03 2.690280312458050050e-11 -3.146225309081974849e-06 inf 0.000000000000000000e+00 -8.000000000000000000e+01
2.049193446725330187e-02 0.000000000000000000e+00 0.000000000000000000e+00 2.975168209860437063e+00 1.352450296519735105e+02 8.980495242591822905e-06 6.430423512781053991e-07 3.707374716336993281e-02 inf 0.000000000000000000e+00 -2.000000000000000000e+01
7.243657751621035423e-01 7.019250486981477855e-02 9.367698605302418602e-02 1.910071136234365030e-01 -2.489355005420197109e-01 1.201481402849440241e-09 7.888561391912441918e-08 4.994529418304084235e-04 inf 0.000000000000000000e+00 -8.000000000000000000e+01
1.839801250882564926e-08 7.608608914608331331e-01 3.382804815727852299e-02 1.957487566212870789e+00 -7.029215777489609105e-05 8.245607847092727700e-10 4.235536843330834872e-10 1.122985823911252764e-04 inf 0.000000000000000000e+00 -9.000000000000000000e+01
6.500923540171427151e-02 6.084197672211719837e-02 7.730264850652561991e-03 2.441753132576407058e-04 -9.201307164550327489e-01 0.000000000000000000e+00 4.669852866052378695e-06 7.948415145105493159e-09 inf 0.000000000000000000e+00 -9.000000000000000000e+01
-2.269322519083969837e+03 1.127184688589955402e-05 1.905016771709646317e-04 -1.134649487852140573e-03 -3.819775763358779130e+01 1.978171804479060835e-06 3.527117651382476295e-06 2.711215092025641015e-04 inf 0.000000000000000000e+00 -2.000000000000000000e+01
9.352312808825734569e-01 2.596670797487230799e-04 2.413757188587815586e-09 8.234099994276924874e-08 -7.131393209344241702e-02 8.161231852734651870e-08 -1.645605529829680667e-08 2.169981076557604971e-01 inf 0.000000000000000000e+00 -1.000000000000000000e+01
2.177968457234921995e-01 3.478699619194667138e-04 3.970255000167826590e-04 1.206201281003368205e-03 -8.479557193501295886e-01 1.442411513616589656e-09 1.575881177057090188e+00 2.688193489696965751e-06 inf 0.000000000000000000e+00 -1.000000000000000000e+01
8.961722495870297345e-02 8.443125356515367441e-01 -8.929381254312390389e-05 3.185981400922954298e-09 -3.894027642875622086e-01 1.396408869340699075e-09 4.372251071479373733e-10 3.009735621297429399e-09 inf 0.000000000000000000e+00 -8.000000000000000000e+01
1.270072909475981338e-01 2.939112738531133060e-06 -8.321084313078657146e+00 5.585913080538913889e+00 -2.335489520742562997e-01 0.000000000000000000e+00 0.000000000000000000e+00 -6.224805421571674598e-09 inf 0.000000000000000000e+00 -2.000000000000000000e+01
6.376355426691684425e-01 2.743732040904320107e-04 4.961601566394467366e-01 2.809581609886023790e-01 -3.427291041846780573e-01 6.513730491187835408e-10 4.798262552141101263e-08 4.109403076833715451e-08 inf 0.000000000000000000e+00 -9.000000000000000000e+01
6.764873714064627563e-01 8.006134946003091724e-01 1.143683783832118139e-08 -2.065738296967902377e-04 -1.089336029070995561e-02 -1.745523607413464878e-02 1.373791728056893667e-02 1.539163927603695114e+01 inf 0.000000000000000000e+00 -3.000000000000000000e+01
5.576886692361807674e-01 2.270655743159775608e-06 8.474851192413905597e-04 1.303823260371370085e-01 -4.269586569962779965e-01 -6.615009064841927442e-08 -4.255679121852152247e-01 -1.358149229553510650e-03 inf 0.000000000000000000e+00 -9.000000000000000000e+01
9.157880192060758873e-01 5.483910431654297969e-07 1.994053079411333179e-08 2.236226558526464459e+00 -7.214388834531876402e-05 8.462824740207249238e-10 5.239678598917378583e-10 2.123153470823194579e-04 inf 0.000000000000000000e+00 -2.000000000000000000e+01
3.838205112522698168e-07 6.495112011176992217e-01 7.260607355351423875e-01 1.270700297771203257e-05 -3.642626992875489661e-03 1.068088418380325697e-08 5.663288235191992558e-07 -1.043892240617664709e-08 inf 0.000000000000000000e+00 -9.000000000000000000e+01
5.431507986703763002e-01 7.066800713883389928e-01 -5.231963338446724704e-03 7.358817272308323387e-01 -4.696599648001013178e-02 -1.452597016090825108e-05 0.000000000000000000e+00 -1.272780348946050440e-09 inf 0.000000000000000000e+00 -8.000000000000000000e+01
5.419444264346051708e-05 8.081800155056722446e+00 5.353947996182855462e+01 1.242992604961750516e+02 3.951094921976637335e-08 8.528244274808601767e+04 4.005325190839432180e+07 0.000000000000000000e+00 inf 0.000000000000000000e+00 -2.000000000000000000e+01
9.210401764547629933e-01 0.000000000000000000e+00 1.191168567429128133e+00 -1.045018530595482470e-02 -3.305411410642645500e-04 -1.446117492156157426e-03 0.000000000000000000e+00 -3.290016615911587312e-07 inf 0.000000000000000000e+00 -9.000000000000000000e+01
3.232488730652564174e-02 6.889470321028560162e-01 -1.841908672937876343e-02 -5.316274930515727803e-08 -5.952658492673401636e-01 4.689547771037533465e-10 5.263926490280890597e-09 4.316973452198147407e-04 inf 0.000000000000000000e+00 -9.000000000000000000e+01
7.043239279202613279e-01 -5.262864905848618768e-01 -6.324089088042710895e-04 2.254509100873232103e-03 -4.685710576025071683e-01 1.934483444605209810e-05 0.000000000000000000e+00 -1.714764337316716954e-04 inf 0.000000000000000000e+00 -1.000000000000000000e+01
4.109708634081834372e-02 9.636305679201235819e-01 6.571872604166496823e-02 1.783009447481383736e-01 -2.562847255106711630e-01 0.000000000000000000e+00 2.111328260656547409e-09 -1.830605182219079835e-02 inf 0.000000000000000000e+00 -8.000000000000000000e+01
3.391263847234921025e-01 -7.795196759963603228e-02 2.007875097743682969e-07 1.128587512993513118e-08 -6.970931241538448342e-01 -1.880125729108715637e-05 0.000000000000000000e+00 1.852904872078902020e-09 inf 0.000000000000000000e+00 -9.000000000000000000e+01
4.775930803159540439e-01 3.217869188473766696e-04 1.219970825283463789e+00 4.927936814348396477e-02 -4.295395671014125005e-01 -4.525128546291233908e-05 2.645012642604971995e-09 -2.381972711296190026e-09 inf 0.000000000000000000e+00 -9.000000000000000000e+01
7.009399251335783898e-01 7.885574157752756053e-02 -1.557644278074618693e+00 1.347362300534544977e+00 -3.387876304812295625e-01 1.091628632742120461e-09 -5.728031479125718231e-05 0.000000000000000000e+00 inf 0.000000000000000000e+00 -1.000000000000000000e+01
1.007287508503165174e+00 4.171965655843352612e-09 -5.572145573047399686e-02 0.000000000000000000e+00 -2.071225163665645162e-03 -1.642011099513693886e-05 8.377120580367826942e-06 -7.507732982632286944e-02 inf 0.000000000000000000e+00 -9.000000000000000000e+01
3.259728535178503250e-01 3.201873253736871039e-01 2.031196454391486772e-01 3.858167996043407322e-01 -2.304245138975114238e-01 -3.473507950548712642e-01 -5.070736156145449341e-02 -1.285424038759530162e-03 inf 0.000000000000000000e+00 -9.000000000000000000e+01
2.387359852099051327e+00 5.917521469465189909e+01 2.436510479177038239e-04 1.471552958015153081e+02 3.442531038778358765e+11 -1.796390446087646708e+01 -4.231693180462458015e-01 -3.629758641237239277e-06 inf 0.000000000000000000e+00 -2.000000000000000000e+01
1.010042432426180747e+00 8.000877371780749838e-05 1.067746267795588375e-06 9.377946399902338551e-16 -8.549569759929088415e-08 2.490242683496500867e-03 2.690294303797130736e-11 -2.697864235355401051e-06 inf 0.000000000000000000e+00 -8.000000000000000000e+01
0.000000000000000000e+00 0.000000000000000000e+00 0.000000000000000000e+00 1.248900908531485054e-01 -1.008820928056500588e+00 -1.578808794158936369e-06 0.000000000000000000e+00 -3.560908125100979192e-10 inf 0.000000000000000000e+00 -9.000000000000000000e+01
1.992075679724934290e+01 1.253608528805290889e-01 8.689492890520251314e-08 1.343358778530548443e+05 -4.782137026997722071e-08 6.811629326260170411e-06 1.791233954071259260e+09 9.554943054918375457e-06 inf 0.000000000000000000e+00 -2.000000000000000000e+01
1.009155925912703866e+00 5.672325180079980950e-10 -1.424014689559827943e-11 9.902420468051032213e-17 -5.942887971096348692e-09 4.712873448097140412e-05 0.000000000000000000e+00 -1.547086271616512362e-13 inf 0.000000000000000000e+00 -8.000000000000000000e+01
2.490821261868367276e-01 1.567467947823597942e-03 0.000000000000000000e+00 6.843152166201816655e+00 -1.954291511080061028e+01 -5.581715131274275418e-03 2.239695842477883399e+07 1.765940213701795571e-06 inf 0.000000000000000000e+00 -2.000000000000000000e+01
8.059276993716034676e-01 4.254074058708337547e-01 -8.443232362755068231e-05 3.948025565276083171e-01 -4.374167208580704648e-06 -1.136349488350147388e-05 -8.208860280782849448e-10 -1.214181645086458909e-05 inf 0.000000000000000000e+00 -9.000000000000000000e+01
9.145825300339759378e-01 9.177516025919879887e-04 9.171020411359979141e-01 2.031355826005215234e-02 -2.173078325493951052e-02 -2.314800824982687216e-02 -3.850127902777326222e-02 -3.582429848187491852e-03 inf 0.000000000000000000e+00 -9.000000000000000000e+01
9.547967457364194388e+00 8.531935789617718646e-02 2.839428230784776730e+01 -8.349108594125910845e-03 -7.648271011407311616e-03 9.665288887559257773e+02 3.952105615438766791e-08 2.009194700456851058e-04 inf 0.000000000000000000e+00 -2.000000000000000000e+01
4.353434240293815336e-08 1.160825331422888684e+00 -1.749880887080958809e-04 -2.192106219957397004e-04 -9.056774817309450054e-02 4.074814448915010689e-08 6.106417094385457493e-08 1.248216665377042618e-05 inf 0.000000000000000000e+00 -8.000000000000000000e+01
2.479614925242032142e-01 9.314289566899003336e-01 -6.391773879312027604e-03 1.273792032662404372e+00 -3.107385455173231753e-02 2.419512324498254542e-09 3.241021160258127169e-08 -1.498072002963756436e-05 inf 0.000000000000000000e+00 -8.000000000000000000e+01
7.171202107837876261e-01 3.647173101719835544e-04 -4.863637073137569433e-02 -7.011447605435546827e-03 -2.932382644096082069e-01 -7.908853268344463828e-06 -4.523002424306049483e-10 4.171367562727477246e-02 inf 0.000000000000000000e+00 -1.000000000000000000e+01
2.895608991949755550e-08 7.721022260173880936e-01 -1.163902002831370959e-04 -1.435900840449571636e-04 -6.477367667931107631e-01 1.257080383705120456e-07 4.443474220200739899e-01 3.638815299883526150e-09 inf 0.000000000000000000e+00 -1.000000000000000000e+01
5.426757184180019955e-01 1.014327263657472389e-01 1.318175280623679934e-07 2.157093451266540729e+00 -2.577284368035338558e-01 9.303316097487300193e-03 2.133415992640171323e-07 4.360929420697171423e-05 inf 0.000000000000000000e+00 -2.000000000000000000e+01
1.045578587615092035e-09 1.226012837942076716e+00 8.420548948765821627e-11 -1.742905638808367786e-05 -1.000913634335719778e-03 0.000000000000000000e+00 0.000000000000000000e+00 4.074947474597803554e-07 inf 0.000000000000000000e+00 -9.000000000000000000e+01
3.852903959372001863e-02 8.902928875596717306e-01 -2.202913197727500091e-02 1.985693669266322230e-03 -4.016147726215553715e-01 1.046245885430816707e-09 -5.796202205286724067e-09 1.996664352521937413e-03 inf 0.000000000000000000e+00 -8.000000000000000000e+01
1.008751692065508188e+00 4.036972598396904076e-04 5.254646398456840409e-04 2.853922968890474509e-06 -1.980091179376742422e-04 4.201082584764016100e-12 3.419565359121019052e-06 4.360160091360446990e-07 inf 0.000000000000000000e+00 -8.000000000000000000e+01
1.036686723943925248e+00 2.878361959479725017e-04 2.675605578410276513e-09 9.127348841067509300e-08 -2.040218247140801125e-05 8.469662777319650337e-02 9.127348841067509300e-08 1.064911213456938529e-05 inf 0.000000000000000000e+00 -9.000000000000000000e+01
9.032412120043969983e-01 2.599879993362911711e-04 5.714721777902955343e-07 3.233392665541032218e-01 -1.038990985598443051e-01 -2.407892155569198221e-05 1.832984441226204621e-09 2.359627056682510619e-04 inf 0.000000000000000000e+00 -9.000000000000000000e+01
3.945504393954901712e-01 9.231820866078320753e-01 1.969306346820078433e-09 0.000000000000000000e+00 -7.566538447015922907e-05 1.058242114717404233e-03 -2.017617812293003587e-08 6.842082638259079440e-06 inf 0.000000000000000000e+00 -9.000000000000000000e+01
4.990090425061617151e-08 2.558011653225592503e-08 1.184325204666152043e-02 1.521218269854112570e+00 -9.771714580660098015e-01 0.000000000000000000e+00 1.019269258746812964e-08 1.431424135869668435e+00 inf 0.000000000000000000e+00 -9.000000000000000000e+01
1.512042991265274194e+00 2.953208967314988824e-05 1.588653169489381511e+00 0.000000000000000000e+00 -1.449506964853395798e-09 5.671853159882303062e-07 5.677217417870683391e+01 0.000000000000000000e+00 inf 0.000000000000000000e+00 -3.000000000000000000e+01
4.751668758614600585e-01 1.449715116049950974e-03 1.409972298307861749e+00 0.000000000000000000e+00 -3.882082319129575437e-02 3.844171358981825887e-04 3.456390180706860957e-10 2.530556589862296412e-05 inf 0.000000000000000000e+00 -9.000000000000000000e+01
1.933370109732825171e+01 6.203221910782445114e+00 -5.306983540076338102e+01 -6.702219256917941737e-01 -6.139624209804391830e-01 7.774809160305347177e+04 3.172539686428682823e-06 1.612874387784769131e-02 inf 0.000000000000000000e+00 -2.000000000000000000e+01
7.751132273555160213e-01 6.639881676222553089e-05 -3.039259759893996993e+00 9.346452097038734732e-09 -3.297630835679168926e-01 0.000000000000000000e+00 4.844197733221295768e-10 0.000000000000000000e+00 inf 0.000000000000000000e+00 -2.000000000000000000e+01
8.547531011450385563e+01 5.981394352803705641e-03 -2.035126431297710781e+02 2.484378504445990735e-07 8.995566412213744223e+07 -8.207633587786262797e+04 5.953177411592646434e-06 1.859009720896947215e-01 inf 0.000000000000000000e+00 -2.000000000000000000e+01
6.842475018534845965e-01 1.594416497669963308e-07 3.133925937142020463e-06 1.933269071908548173e-03 -3.233014086427467570e-01 0.000000000000000000e+00 3.101826426195552583e-05 5.279524826721732554e-08 inf 0.000000000000000000e+00 -9.000000000000000000e+01
-2.274332061068720577e+03 2.183847208969483233e+01 -4.987680275021658637e-03 -1.467639253339706507e+01 -4.521111641221410196e+02 0.000000000000000000e+00 1.575072644321075802e-05 1.292903232210475327e-04 inf 0.000000000000000000e+00 -2.000000000000000000e+01
3.854810753548215674e-01 2.810799507795573859e-01 6.023141802419086643e-02 2.544777411522064492e-01 -1.202118718066142733e-01 -3.985312159267295762e-01 -2.921223774173257182e-01 4.360503700709651709e-03 inf 0.000000000000000000e+00 -9.000000000000000000e+01
8.491676158823201481e-01 2.103307778369026271e-01 4.338991570761278199e-02 -5.949814331780693756e-08 -2.784799109821927687e-01 5.785322094348370747e-01 0.000000000000000000e+00 1.066641567337894472e-09 inf 0.000000000000000000e+00 -1.000000000000000000e+01
1.007268227015453377e+00 2.451974434322466413e-05 9.432018653369814545e-09 1.410959384146160400e-01 -1.114751303799287085e-04 -1.865892740264901099e-04 7.855148661784767838e-09 4.899164528285278927e-04 inf 0.000000000000000000e+00 -8.000000000000000000e+01
9.617223518262192350e-01 5.523898103239967993e-05 -9.872625659678345639e-06 -7.081648040706717472e-10 -1.392299337154883618e-08 -1.167945335805215396e-01 2.926741368144826435e-07 2.125149783238918826e-06 inf 0.000000000000000000e+00 -9.000000000000000000e+01
6.070209612899841733e-01 6.979670201324478403e-05 -1.245942839876843885e-05 -4.092496158374409609e-01 -3.955426909050864803e-01 -1.584863195303487168e-02 3.697492240641712985e-07 0.000000000000000000e+00 inf 0.000000000000000000e+00 -1.000000000000000000e+01
1.190323025917188957e-02 0.000000000000000000e+00 1.244240096777549489e-04 1.704111236546531849e+00 7.746539303329281267e+01 5.143831129256145664e-06 4.986883525902856984e-07 -1.101567232347057113e+00 inf 0.000000000000000000e+00 -3.000000000000000000e+01
9.960859977116202080e-01 2.641966845076795980e-08 2.192890802977649479e-08 -1.355673088751459207e-05 -1.164994981360901495e-02 5.722803458568666762e-10 7.764058195382968381e-10 2.694922825106149664e-06 inf 0.000000000000000000e+00 -9.000000000000000000e+01
5.207372220407286978e-01 4.234789081965459334e-01 1.373779425990555823e-09 1.306908592281206261e-01 -1.398088261510127550e-01 -1.489267930739049117e-01 -2.477047680719030587e-01 -2.330147102516879482e-02 inf 0.000000000000000000e+00 -9.000000000000000000e+01
1.447970164794125034e-02 2.405858119965623154e-01 8.704340327789985341e-09 2.454919034820768684e-07 -1.689298525593145930e-02 0.000000000000000000e+00 -1.306885892327005250e+00 4.109156784438455929e-06 inf 0.000000000000000000e+00 -9.000000000000000000e+01
6.317024352159846812e-01 1.443305976687465041e-03 7.207829574326499397e-09 1.839485707578621954e+00 -3.704795728546576572e-01 8.220442306738081175e-05 4.440141421556364777e-09 4.546704815673717531e-06 inf 0.000000000000000000e+00 -9.000000000000000000e+01
2.158941324420451252e-02 7.387676590425602541e-01 1.671938808063696322e-09 -2.029720018871197795e-01 -5.698344400806095722e-01 5.633733748031469375e-03 1.110712157604112807e-09 5.801785464947180912e-05 inf 0.000000000000000000e+00 -1.000000000000000000e+01
1.881306456196253640e-01 6.450193564101440735e-01 -4.434508075319740228e-02 1.150047828589937889e-04 -4.798553090869405180e-01 1.063094288515785256e-09 -1.648524293972423194e-08 1.456293545912034781e-09 inf 0.000000000000000000e+00 -9.000000000000000000e+01
4.180199970438348012e-01 2.395672848375116892e-05 -8.060392197673236885e-10 -3.574343889775674480e-04 -5.750228128349463841e-01 -3.912804549794110520e-02 2.545402401398561550e-06 7.501450606474584787e-06 inf 0.000000000000000000e+00 -9.000000000000000000e+01
1.805031460596397954e-04 2.664016880736678680e-02 7.583608694820201390e-02 -6.278839441285499500e-08 -9.929406625500920569e-01 -2.194613448661794988e-03 -7.441587485967999849e-09 -2.507175471346640425e-09 inf 0.000000000000000000e+00 -9.000000000000000000e+01
-5.578625954145522555e+05 3.293773854930568632e+02 7.980288439958842239e-02 1.795419847311202466e+04 -3.224793281233368782e-05 -5.365324469644638013e-08 4.303163798432437897e+10 0.000000000000000000e+00 inf 0.000000000000000000e+00 -2.000000000000000000e+01
3.919499231616453000e-02 3.327731863516815200e-10 5.625734725612278019e-04 7.413824389807870458e-11 -9.698481819627687850e-01 -3.797964371721369181e-05 1.448808430374667809e-10 2.994976787270513405e-06 inf 0.000000000000000000e+00 -9.000000000000000000e+01
6.932783080571580658e-02 5.813684085839722071e-01 3.629153579613930616e-04 1.687418946581855912e-04 -4.639542928483718240e-05 -5.954451254988383235e-01 0.000000000000000000e+00 0.000000000000000000e+00 inf 0.000000000000000000e+00 -9.000000000000000000e+01
1.059384708629223376e-01 6.683426766862874047e+01 1.041168162375093154e+01 3.715785777099134890e+01 -2.437705098734499742e+01 -3.032032097111225441e-02 1.215954336213750839e+08 9.691524532291857834e-06 inf 0.000000000000000000e+00 -2.000000000000000000e+01
5.468562380186083871e-01 5.519106886683558989e-06 0.000000000000000000e+00 3.769618787117037589e-09 -4.607371454172527470e-01 1.652215893927892989e-09 0.000000000000000000e+00 1.435663325306276038e-09 inf 0.000000000000000000e+00 -9.000000000000000000e+01
3.466603053505223670e+03 3.787213740534608405e+03 -5.581190839807531796e+06 -3.767175572595271660e+04 7.816293618478688049e+10 -6.604376640162193945e-01 2.455620365338084376e-03 5.823592557369685210e+02 inf 0.000000000000000000e+00 -2.000000000000000000e+01
1.060104136314747691e+01 6.273093283697360079e+00 9.009479994379253758e-08 1.572915113227820403e-06 -1.659857240957647662e+01 2.244126989774739559e+04 1.638614270291390304e-06 4.163193267553914716e-03 inf 0.000000000000000000e+00 -2.000000000000000000e+01
1.000151662638885997e+00 0.000000000000000000e+00 2.553244715329358388e-12 7.193978823399315055e-03 -9.430309319062772297e-03 -3.426907047195132546e-04 0.000000000000000000e+00 3.000454987916658101e-01 inf 0.000000000000000000e+00 -1.000000000000000000e+01
1.013437330854881413e+00 5.593871136682005600e-04 -5.809020026554390440e-03 1.151046560817258922e-03 -2.650951058531963191e-08 2.181609743305982022e-02 2.921791259558448796e-07 1.247506380485629799e-07 inf 0.000000000000000000e+00 -9.000000000000000000e+01
2.372763447048466534e-01 3.702847745534790236e-01 9.731672053246668286e-01 3.935111209717703090e-02 -2.646800915580824753e-01 -1.155312307789333598e-04 -6.951455411274804841e-05 8.158985224500943879e-08 inf 0.000000000000000000e+00 -9.000000000000000000e+01
2.340697717059196381e-01 2.183486676361190686e-03 2.637624540383823671e-08 2.166018782950301258e+00 -1.443752379999566529e-07 -7.782935906951509453e-06 0.000000000000000000e+00 2.359979851922368474e-09 inf 0.000000000000000000e+00 -2.000000000000000000e+01
1.000037415412442371e-01 4.306152250316904739e-01 3.580676394619469738e-01 6.934969175627261895e-02 4.848892619098027663e-03 -2.382094171597547716e-01 -3.656095207582499840e-01 -3.317985851632743732e-01 inf 0.000000000000000000e+00 -9.000000000000000000e+01
7.584829425356739430e-01 3.305018711402841076e-05 4.533960687123030531e-04 -8.738873651681417269e-08 -2.130789709700733336e-01 -9.236680163610977434e-02 1.724471067265132974e-08 2.505143780148672915e-08 inf 0.000000000000000000e+00 -9.000000000000000000e+01
1.551736429013548690e+00 1.664802651228103780e+00 -3.436229308615165279e-04 1.610218957745215285e+00 -3.105456542758165244e-05 4.226337409675092971e+00 0.000000000000000000e+00 3.197044903997763754e+00 inf 0.000000000000000000e+00 -3.000000000000000000e+01
9.214317580647142236e+00 8.998357012350724840e-03 3.777117548881328817e-05 5.846787484176652652e+04 -1.121335597102482673e+01 2.440232410129009877e-01 3.576545152683920413e+07 1.927201714170538450e-09 inf 0.000000000000000000e+00 -2.000000000000000000e+01
6.828562716112460142e-07 4.657043926915122815e-05 -7.047506868710963490e-02 1.451741679803436483e-07 -1.011082318764399579e+00 0.000000000000000000e+00 0.000000000000000000e+00 9.396675824947951696e-04 inf 0.000000000000000000e+00 -1.000000000000000000e+01
5.272824354650641476e-01 2.464811384718347265e-01 -4.436270490691645273e-03 1.061333027191568114e-04 -4.430420463670953213e-01 9.685799513744447159e-10 4.517520865979038173e-03 2.995213834594447277e+01 inf 0.000000000000000000e+00 -3.000000000000000000e+01
8.351321606643563600e-01 3.755161003455653734e-01 1.234972131760118234e-09 3.784498198795150925e-01 -4.207910708485024901e-06 6.047356161421228380e-10 2.768669085951887677e-08 2.797812971067170601e-09 inf 0.000000000000000000e+00 -9.000000000000000000e+01
1.561715697436125927e+00 2.197034042729941298e-09 6.692478924930655472e-03 4.860477547045010126e-08 3.533628872363386297e-01 6.688360476361467910e-01 -1.256850759639921839e-08 2.877009941988258714e-08 inf 0.000000000000000000e+00 -1.000000000000000000e+01
5.121481937197212841e-02 1.677766279284102073e-06 -3.034053280330102531e-05 2.252481155317068051e+00 -8.252624922497879545e-02 0.000000000000000000e+00 0.000000000000000000e+00 -4.647682267694689821e-10 inf 0.000000000000000000e+00 -2.000000000000000000e+01
-9.474022499236869344e-01 1.547168996851182143e+00 6.645193807005131588e-05 2.258675726884596391e-01 -3.294896937738628906e-01 -1.188593464657579176e-07 5.105458638001753953e-10 -2.429389589963083101e-02 inf 0.000000000000000000e+00 -1.000000000000000000e+01
-7.299711343148683973e+00 1.024767231332326076e-08 1.511388542300190304e-08 1.909450809234155777e+00 -8.175676704326527044e+00 -1.327823533889912574e-05 6.650109586120837207e-07 3.536172872593357024e-04 inf 0.000000000000000000e+00 -2.000000000000000000e+01
3.281343096666980193e-08 0.000000000000000000e+00 5.559993811008181299e-07 -8.909384432548664840e-10 -2.066734046207078341e-04 -2.295930885917282005e+00 3.111780540347008017e+00 0.000000000000000000e+00 inf 0.000000000000000000e+00 -3.000000000000000000e+01
1.007833963515790021e+00 2.592663601551670023e-05 2.717588644016358157e-09 3.126741199986939057e-04 0.000000000000000000e+00 2.576008374989239441e-05 1.057216529841775285e-09 -9.589496087987896165e-10 inf 0.000000000000000000e+00 -8.000000000000000000e+01
1.262157818747096025e-02 5.795532383287305500e-09 2.890336021921489507e-09 2.265775853189848643e+00 -2.562959481821263652e-01 -1.430396833553084294e-06 -7.058661236055051836e-10 3.334288662820741308e-10 inf 0.000000000000000000e+00 -2.000000000000000000e+01
0.000000000000000000e+00 8.108529896568738401e-08 3.399179704472258797e-05 -8.334204191424696635e-07 -1.005980918856900663e+00 4.433712658007294193e-06 0.000000000000000000e+00 -1.311304107337914930e-03 inf 0.000000000000000000e+00 -9.000000000000000000e+01
1.002254569125561767e+00 3.181827536419174175e-09 2.862782498892048194e-08 3.145611613240419386e-07 -2.492119078515020328e-04 1.826662182425576776e-07 -9.298869418087905660e-08 7.007318950926586941e-05 inf 0.000000000000000000e+00 -9.000000000000000000e+01
5.960642214953749685e-01 2.544673076739134885e-05 8.129744345737554259e-10 2.097624910617603700e+00 -2.402171384441743329e-01 -6.590703268754359752e-03 4.201379074196460144e-10 -1.404659538360002458e-01 inf 0.000000000000000000e+00 -2.000000000000000000e+01
-1.315004770966176650e+01 4.667092825527278777e+00 2.534123777382736087e+00 3.767175572444056161e+04 1.075790949596894989e+11 2.583045085826418230e+01 1.105723390689151081e-06 2.606847867289296339e-07 inf 0.000000000000000000e+00 -2.000000000000000000e+01
1.363476967243997161e-11 1.228124424039446438e+00 -1.981894656116020319e-09 1.243927799764664377e-05 -6.764867092876015316e-07 -2.059750577532398590e-05 1.111457566542972848e-03 9.089846448293314408e-12 inf 0.000000000000000000e+00 -9.000000000000000000e+01
9.950202639226475299e-01 3.977959477302695293e-04 7.023584702112571241e-04 5.197867050342188655e-01 -1.140348383493439317e-02 1.252824151787225791e-05 7.646631785810704293e-10 8.365110098755016625e-05 inf 0.000000000000000000e+00 -9.000000000000000000e+01
5.424274860557727340e-01 3.123364044256164429e-01 1.461136694298880607e-05 1.464825018648625295e-08 -3.289812911818405516e-01 5.197648534796541202e-10 4.201888499709204026e-09 -1.882095890494747930e-09 inf 0.000000000000000000e+00 -9.000000000000000000e+01
5.153137535285347015e-01 6.912745474163271009e-01 9.369352015242646698e-07 3.875327008243045768e-01 -9.583578952817262131e-02 -1.000335149403953384e-03 2.122587743325226432e-09 4.260782749469020659e-09 inf 0.000000000000000000e+00 -9.000000000000000000e+01
3.621291137637754898e-01 2.892003339085706974e-04 3.300655984826078647e-04 7.528639127293769873e-04 -6.952878984264490025e-01 3.223296860181717825e-08 1.284351256815523756e+00 8.570389025742687628e-02 inf 0.000000000000000000e+00 -1.000000000000000000e+01
4.011547292461832837e-01 0.000000000000000000e+00 3.306010297236552497e-03 2.560724738899988751e-02 8.929905343511451781e+07 -2.410842080152672295e+01 4.165357988299305306e-05 3.165074887166497201e-04 inf 0.000000000000000000e+00 -3.000000000000000000e+01
1.161578661853175697e-03 9.971339004378477367e-07 4.445936473511871039e-06 -6.984460082884901000e-02 -3.015093637093011731e-10 -1.232622311623292610e+00 4.562573695810793942e-07 0.000000000000000000e+00 inf 0.000000000000000000e+00 -1.000000000000000000e+01
8.119832238733232233e-01 3.106312120966288292e-08 -2.556966402101090163e-01 1.712398184661893318e-09 -2.073875421551456544e-01 -1.890545766505699731e-08 1.191334686093437785e-07 1.814923935845471755e-08 inf 0.000000000000000000e+00 -1.000000000000000000e+01
2.970068945434076735e-01 2.203126799984816697e-01 -2.757343252821906412e-04 6.060430568140051828e-03 -6.194156945411857240e-01 8.892193465847808521e-04 9.044393761529146584e-10 7.424773953126542964e-10 inf 0.000000000000000000e+00 -9.000000000000000000e+01
7.771071193223415552e-01 -4.522503961539190654e-07 0.000000000000000000e+00 0.000000000000000000e+00 1.727851815950960895e-08 -4.803378650929433502e-01 -3.092809160794543628e-06 0.000000000000000000e+00 inf 0.000000000000000000e+00 -9.000000000000000000e+01
1.025092882172798667e-07 2.454671644991257871e-05 -1.943066396877290384e-03 -2.434000725875541931e-03 -1.005433505788419168e+00 3.229831111830602378e-07 1.086030711353040005e-05 6.051990669750945214e-09 inf 0.000000000000000000e+00 -9.000000000000000000e+01
