4.789407538557130528e-01 1.779364878266130601e-02 5.922488049667068433e-01 3.972756550977992571e-09 -4.894146073197545022e-01 7.466654053400602268e-10 6.479906456635189282e-06 3.290804512170113189e-06 5.512896033112893747e+03 0.000000000000000000e+00 0.000000000000000000e+00
4.257363626016680835e-01 7.434442511445899341e-08 2.833448088936777604e-02 1.842819981700632558e-03 -5.787713253747001074e-01 1.087047175335954912e-08 1.738178145849491419e-05 5.178048059171267972e-09 5.999562979960730445e+03 0.000000000000000000e+00 0.000000000000000000e+00
5.495557914519560994e-01 2.264877209820561621e-01 1.713961131756100709e-01 0.000000000000000000e+00 -3.509539460262491861e-01 4.167481177017025627e-08 -3.113448972713108462e-06 -6.182304275244127635e-09 1.417739568218106069e+04 0.000000000000000000e+00 0.000000000000000000e+00
5.061900131975818340e-01 9.319313027179044660e-10 2.857679971224824294e-10 9.342611309746992608e-08 -5.022812100068668739e-01 2.201687702671049417e-08 -5.697158159193439835e-10 1.697886385966792394e-02 2.009913491767089727e+04 0.000000000000000000e+00 0.000000000000000000e+00
4.502454208094506805e-01 3.753665927266694458e-01 -2.312710719064435598e-08 7.419222356898440504e-09 -3.870360204798301562e-01 -9.439624989129024321e-04 2.285120485924719620e-05 5.621989933163362534e-03 2.135560589759640425e+04 0.000000000000000000e+00 0.000000000000000000e+00
5.399598159028349276e-01 6.715435073052081687e-10 2.639797721865810333e-03 8.745682885835269059e-09 -4.678533808599097399e-01 0.000000000000000000e+00 8.475816099643780696e-07 2.161620963314435221e-04 2.644888464114354429e+04 0.000000000000000000e+00 0.000000000000000000e+00
9.119163906364570471e-02 1.804221676097936544e-01 2.824841809872257500e-04 1.612164751132075022e-06 -8.432775225240355388e-01 -2.518418291513233281e-04 5.745440969231710611e-03 -7.773271168088963412e-09 2.892179590191589523e+04 0.000000000000000000e+00 0.000000000000000000e+00
6.035123369719882502e-01 1.713196311404353855e-01 5.698486783908894397e-03 9.902008006959127565e-09 -3.348520063199418861e-01 3.976275090294524451e-08 -2.970602402087738230e-06 -9.147753490804037350e-09 3.432288484612842876e+04 0.000000000000000000e+00 0.000000000000000000e+00
5.811596544953026022e-01 3.336618925144699797e-06 7.107285226195649972e-10 4.992238785540884210e-05 -4.265750999325790271e-01 1.287621397287384168e-07 0.000000000000000000e+00 0.000000000000000000e+00 3.490875492828967981e+04 0.000000000000000000e+00 0.000000000000000000e+00
6.232082299956165361e-01 1.310857932883233494e-05 5.695154890647192991e-02 8.524365170483454577e-07 -3.823668024674300447e-01 0.000000000000000000e+00 4.994745217080148959e-09 1.944616068758110022e-03 3.502038254489078827e+04 0.000000000000000000e+00 0.000000000000000000e+00
6.067887734838904867e-01 8.557472110498749493e-10 8.385883492361594430e-06 6.942854731159361918e-10 -4.013474316043447176e-01 -1.712889451515499065e-06 4.442560663007055419e-03 1.679504640892911377e-02 3.886330330115168181e+04 0.000000000000000000e+00 0.000000000000000000e+00
6.251882009150659947e-01 8.057271514218858253e-10 7.895712578679412062e-06 6.537031605875677314e-10 -3.827849428579189750e-01 0.000000000000000000e+00 1.056082691911694189e-04 1.379881630469525034e-05 4.291359905375610106e+04 0.000000000000000000e+00 0.000000000000000000e+00
2.780490354582514367e-01 3.920772257572919250e-01 6.111461627850052203e-01 4.422684557256455121e-06 -4.482487480720901973e-01 0.000000000000000000e+00 5.825665523275672556e-09 2.745428579934512506e-09 7.422367396108634421e+04 0.000000000000000000e+00 0.000000000000000000e+00
2.611821083158455403e-01 6.978483590528929418e-10 8.353914625533036542e-01 2.052366557799422130e-07 -6.984420424625981116e-01 -1.422663182110963073e-07 2.158176129107993238e-02 1.287721946723430905e-03 7.741924727431200154e+04 0.000000000000000000e+00 0.000000000000000000e+00
2.550829599642729373e-01 1.861308473489304005e-01 7.764087593912556429e-01 1.111801948987690109e-08 -6.026334929155947595e-01 1.800739054129634766e-08 3.923395136169236896e-04 -1.023819302200353228e-02 8.447134028282739746e+04 0.000000000000000000e+00 0.000000000000000000e+00
6.235971204394376022e-01 4.354981788188390867e-05 3.728580298106499327e-07 5.925638781605157765e-03 -3.841280067910642360e-01 1.612610978931060984e-07 3.321717615977117909e-04 4.136393768211897799e-09 8.563641916013510490e+04 0.000000000000000000e+00 0.000000000000000000e+00
7.230649741410674070e-01 2.119957197254965052e-07 7.348717783359384748e-02 8.493418258233032531e-10 -2.906916619013075187e-01 2.458054494018408961e-02 2.385534252735257228e-04 6.840235061541245584e-10 9.243236656382307410e+04 0.000000000000000000e+00 0.000000000000000000e+00
2.703132408426336952e-01 3.811689739558754564e-01 7.426788031231956744e-01 1.985509912341611162e-08 -4.226716129539363487e-01 5.472358262498907683e-10 7.184461767345252069e-03 6.314135044935257138e-03 9.262448077016873867e+04 0.000000000000000000e+00 0.000000000000000000e+00
7.405896412574395349e-01 3.439282948901683324e-05 1.263832322580630496e+00 1.761864814225304485e-06 -1.187358392233394955e-01 0.000000000000000000e+00 1.841273481642049370e-08 9.864907565488088765e-07 9.451240515768033220e+04 0.000000000000000000e+00 0.000000000000000000e+00
6.744638163426976973e-01 1.100520742988734898e-09 1.268937314844212905e+00 0.000000000000000000e+00 -1.777057629312633613e-01 1.625384481952593120e-07 1.819737122407937826e-05 -8.946116188667071747e-07 9.690104142703142134e+04 0.000000000000000000e+00 0.000000000000000000e+00
5.361828753225497124e-01 1.249030140048621656e-08 1.333670063302291320e+00 8.849403826255416611e-10 -3.028754533071997268e-01 2.561079200759409577e-02 2.481542579617812896e-02 2.802682043807886949e-06 1.028975570086431690e+05 0.000000000000000000e+00 0.000000000000000000e+00
3.934627511068634065e-01 1.051286923820666937e-09 1.261438632762078793e+00 3.576681235549038501e-07 -4.627239844477719077e-01 1.443803973706712153e-09 3.295549874307691180e-04 3.414623846561121848e-09 1.030744904953705554e+05 0.000000000000000000e+00 0.000000000000000000e+00
6.654649239944582240e-01 3.576365062414567434e-06 3.315091808869451845e-02 5.905972119152448783e-10 -3.425187108795005320e-01 -5.471315903418361149e-05 3.890033930702899156e-02 -5.497657997334501466e-09 1.040563141848048836e+05 0.000000000000000000e+00 0.000000000000000000e+00
3.942733236200276492e-01 5.745650892953480575e-10 1.377241251653429810e+00 6.919382168325273239e-07 -2.145151003166816950e-01 1.962908564218022917e-07 5.770184660417071107e-03 4.412494152083642866e-03 1.064026563891911937e+05 0.000000000000000000e+00 0.000000000000000000e+00
3.972571516157413218e-01 2.186089650903191850e-01 1.238000590834065662e+00 4.586224994323873826e-08 -3.533786496621288409e-01 1.500488057877997217e-01 1.614052299428035400e-06 6.436243707029112257e-10 1.065592872415340680e+05 0.000000000000000000e+00 0.000000000000000000e+00
1.969528108985233450e-01 7.092960835084512054e-05 1.197758270803689573e+00 3.867761082803580774e-01 -5.489725407850243322e-01 0.000000000000000000e+00 7.171067034847771736e-09 2.791928633000136627e-03 1.065804490735078143e+05 0.000000000000000000e+00 0.000000000000000000e+00
2.138838116847847082e-01 3.655240922347394644e-05 1.343190337380447907e+00 6.751588980451940697e-07 -4.705443857065263469e-01 2.442606587338730474e-07 1.639963003106755285e-06 2.078000384844536055e-08 1.077059027364228241e+05 0.000000000000000000e+00 0.000000000000000000e+00
1.885593370274460390e-01 1.123253863151778276e-02 1.398481749620224868e+00 6.579505118816139536e-08 -2.995343635071408550e-01 2.140095259287527465e-07 6.109749526480734953e-10 1.880485782401854779e-09 1.090668128321812546e+05 0.000000000000000000e+00 0.000000000000000000e+00
1.893345674077464846e-01 4.394306239298093470e-05 1.416320919829376246e+00 6.589395775928344130e-08 -2.744121782169416379e-01 8.465380338470220619e-08 7.254784050454916139e-10 1.322569116592023448e-07 1.092763621986807557e+05 0.000000000000000000e+00 0.000000000000000000e+00
1.857148431401328126e-01 9.081553062454661429e-01 2.347263028889931286e-03 3.804237297307694332e-02 -2.231495104746621938e-01 0.000000000000000000e+00 1.800327954197131685e-03 7.715302766002966042e-10 1.147087328018669068e+05 0.000000000000000000e+00 0.000000000000000000e+00
6.647451096698965278e-01 3.751494353394878024e-06 1.441910348181025571e-02 2.021882052416784973e-08 -3.441033508879464686e-01 1.587113316903439452e-05 3.800289138002533457e-02 -5.491711338336656033e-09 1.161926962089450826e+05 0.000000000000000000e+00 0.000000000000000000e+00
6.638041190488538357e-01 2.926706144753392034e-08 1.449020940019327131e-02 8.673203473206808984e-10 -3.436162498605831450e-01 1.608699234396457079e-05 7.580667444101111055e-03 -3.222164985042977434e-04 1.165877850851823605e+05 0.000000000000000000e+00 0.000000000000000000e+00
2.885217054940417136e-01 3.084393774709479064e-01 7.006752463304513449e-03 4.534827101884901079e-04 -5.850104797788459043e-01 4.176349916043587595e-10 3.358039729448245006e-08 1.259264898543091919e-09 inf 0.000000000000000000e+00 -9.000000000000000000e+01
1.480308932683951743e-02 3.014195566461706318e-06 9.069579495502686655e-05 2.963689045726168765e-03 -9.886743809328168986e-01 1.856926295414258601e-08 2.915221980697292091e-05 -8.691440413891251063e-03 inf 0.000000000000000000e+00 -9.000000000000000000e+01
1.352376600955324318e-02 1.225166747166832604e+00 6.054060190375312666e-08 1.251447266979332666e-08 -6.844621513289692128e-06 1.176382385762508170e-02 6.827749059549005488e-10 5.992223972477510074e-09 inf 0.000000000000000000e+00 -9.000000000000000000e+01
3.485846712772619482e-04 1.732263274695873452e-06 1.054068877550326001e-02 1.708342051382534810e-01 -1.002081791162406921e+00 0.000000000000000000e+00 8.084605954026772429e-03 1.405381863485233998e-08 inf 0.000000000000000000e+00 -9.000000000000000000e+01
1.422340108170707662e-01 7.104253734004477572e-01 3.611701321794729136e-01 1.367233737487654199e+00 -1.672622632113377204e-05 0.000000000000000000e+00 6.908658697859601950e-04 2.840731372475165179e-09 inf 0.000000000000000000e+00 -9.000000000000000000e+01
2.712586521181112689e-07 2.170998582776558178e-04 3.076200902821236103e-06 2.983264319654431357e-06 -1.008618581027904693e+00 2.042063594973736464e-09 1.118143266225619197e-08 -6.852028403722177675e-04 inf 0.000000000000000000e+00 -9.000000000000000000e+01
3.627082987293584353e-07 1.227590819384059895e+00 6.796102998668090782e-15 2.246673923591189846e-12 -9.732162194418137022e-14 2.302932099889245867e-10 2.028216849394843330e-10 -9.121575037352181708e-07 inf 0.000000000000000000e+00 -9.000000000000000000e+01
1.867476563861304728e-05 2.513195337800383771e-03 1.886597161849551174e+00 2.674290564756299739e-08 -1.942212533067216566e-06 5.006738621831501312e-01 6.667705585982687676e-09 4.793539691544311087e-09 inf 0.000000000000000000e+00 -1.000000000000000000e+01
1.195848941311141063e-02 1.920227412288124475e-03 1.370823809904029522e+00 2.685196056207784024e-03 -6.814153340776590850e-01 8.956853441940368188e-08 3.309660255325873324e-02 -1.343528016291055096e-07 inf 0.000000000000000000e+00 -9.000000000000000000e+01
8.328622353136807543e-01 3.877117302322307113e-01 5.804473489077015393e-13 7.056063085159246677e-14 -8.648201140845626418e-10 -1.011869252383202345e-07 0.000000000000000000e+00 2.008522425783198530e-07 inf 0.000000000000000000e+00 -9.000000000000000000e+01
4.819701437278128765e-04 0.000000000000000000e+00 8.205369628619079098e-08 1.805600315894254581e-04 -1.022222920384990186e+00 7.010571790409253429e-10 3.544096658068304206e-01 -2.234653856304770369e-06 inf 0.000000000000000000e+00 -1.000000000000000000e+01
-3.317476228903269014e-02 5.588770276717558261e+01 6.794191316793894941e+01 2.549975427962442292e-04 4.161270229007634521e+07 4.105639594201824122e-05 6.589088731139672306e-02 1.261252483338800440e-02 inf 0.000000000000000000e+00 -2.000000000000000000e+01
6.180268269784477790e-03 5.093667065912639291e-01 9.996551937410193349e-08 9.212822265517234266e-02 -7.534041319356316047e-01 1.529472446423759622e-05 2.241786751275860398e-02 3.270356346711342739e-08 inf 0.000000000000000000e+00 -9.000000000000000000e+01
9.639073290444759579e-01 1.548530700269514643e-02 7.415977161838661624e-01 2.289071093479523871e-05 -1.543310375241850770e-05 0.000000000000000000e+00 3.687372440175160494e-04 1.578228549315779272e+00 inf 0.000000000000000000e+00 -1.000000000000000000e+01
8.370130116702947584e-03 1.910988611119394638e-04 3.511441572931887391e-04 3.067136720846628303e-03 -7.777723647255935756e-03 5.971839409748107822e-07 2.541614852788794642e-03 1.323359613200180600e-03 inf 0.000000000000000000e+00 -9.000000000000000000e+01
7.944640396309916586e-01 8.655284835429380430e-02 5.560806971775661276e-06 6.031366906372894743e-01 -1.781166510869940933e-01 1.629142667512400698e-07 1.823944686742416709e-05 -1.120850155248531684e-07 inf 0.000000000000000000e+00 -8.000000000000000000e+01
2.138527734756988976e-08 1.530403125715699975e-02 1.676077861746392283e+00 1.309435829489368971e-03 5.677713756665903944e+00 0.000000000000000000e+00 8.816353756136842146e-07 1.918323490201925552e-01 inf 0.000000000000000000e+00 -3.000000000000000000e+01
4.588873747288451099e-01 0.000000000000000000e+00 2.351353730489900272e-06 2.665484420867219040e+00 -2.295951353428808961e+00 2.054846171723092496e+01 0.000000000000000000e+00 4.945723046530972611e-03 inf 0.000000000000000000e+00 -2.000000000000000000e+01
1.183887539940959577e-01 0.000000000000000000e+00 1.363638096366592341e-06 2.107964740377366031e+00 0.000000000000000000e+00 1.446749729621430326e-03 0.000000000000000000e+00 8.841242490134558393e-09 inf 0.000000000000000000e+00 -2.000000000000000000e+01
3.235419759410587459e-05 2.422147456786789745e-03 6.259379169084346994e-01 6.305188414903013043e-07 -9.721598271984127626e-01 0.000000000000000000e+00 -2.268375477077533883e-05 1.187912420890603138e-05 inf 0.000000000000000000e+00 -9.000000000000000000e+01
3.640318228300474246e-01 1.464318657469736227e-06 5.318961913087717609e-09 9.181541397591894378e-10 -6.430756714585273981e-01 -4.322711903969701114e-07 -9.223755381029097570e-09 1.135556154460790499e-08 inf 0.000000000000000000e+00 -9.000000000000000000e+01
1.006766518661695642e+00 9.502149950270238898e-04 4.881094458287751452e-07 1.716428820496791632e-07 0.000000000000000000e+00 0.000000000000000000e+00 0.000000000000000000e+00 -6.783371956003860641e-10 inf 0.000000000000000000e+00 -8.000000000000000000e+01
1.038449002070804253e-05 2.238036642393974601e-07 1.491089805797408463e+00 2.434983866924644315e-05 -1.371947036811174692e-01 0.000000000000000000e+00 4.088720788988991984e-08 -1.131930071056952581e-07 inf 0.000000000000000000e+00 -9.000000000000000000e+01
2.923153598932678250e-04 4.869855779151700425e-09 7.140162069524082699e-05 7.643327852946920123e-05 -1.008892441080544211e+00 -3.036246098825811073e-03 8.277292405404992513e-09 1.326870214339392895e+00 inf 0.000000000000000000e+00 -1.000000000000000000e+01
6.495911343050773112e-01 9.838717684572938275e-09 5.169281561723502172e-01 1.432408228257454954e-07 -2.836242980768647337e-01 -1.029281726891847909e-01 4.217242499438192215e-07 -2.125276158304463536e-02 inf 0.000000000000000000e+00 -9.000000000000000000e+01
3.889734811335324110e-07 2.873964309092011504e+01 7.453728283790350660e-07 3.954883079111384151e-06 -8.124372216779198838e-06 2.758234202685621739e+01 -6.718273321117459312e-03 -6.590186614808304366e-01 inf 0.000000000000000000e+00 -2.000000000000000000e+01
7.931512956640823786e-01 0.000000000000000000e+00 1.661482899566385697e-05 1.433439889183004986e-07 -2.154238086988865541e-01 2.241448009544522776e-03 4.888053368040580571e-10 8.842269674724155335e-09 inf 0.000000000000000000e+00 -8.000000000000000000e+01
7.729057029230279596e-01 0.000000000000000000e+00 3.668873084780455987e-10 7.100594677388790928e-10 -2.351670452692158630e-01 9.681360915732459123e-10 1.674874768817501982e-04 1.718650813859133749e-09 inf 0.000000000000000000e+00 -8.000000000000000000e+01
6.155901435412032718e+00 8.437814850793244094e-04 1.642974376277204485e+01 1.016256575874414258e-04 1.070191909100001448e-01 2.615979072282403634e-04 1.091197189431387960e+05 3.808044829926385266e-02 inf 0.000000000000000000e+00 -2.000000000000000000e+01
7.364271874300885035e-01 3.229337219518586127e-03 5.698016849857205635e-03 7.158176886814317503e-07 -2.699642934689627238e-01 5.984711752638554827e-10 1.744974441087565920e-05 -9.656785800136297522e-07 inf 0.000000000000000000e+00 -8.000000000000000000e+01
1.888723208490482008e+01 2.140248419868270337e-03 2.234079770217401187e-06 0.000000000000000000e+00 -4.377072791990880097e-08 6.101830372406277049e-05 1.809604613876094898e-04 8.049120656533641052e+10 inf 0.000000000000000000e+00 -2.000000000000000000e+01
1.854410260036187530e-01 3.517871944014471300e-03 1.406059372100545213e+00 6.464503425345813046e-08 -3.021284601207783194e-01 3.826986027804721302e-06 -2.340519640170918335e-05 1.620743358783128915e-07 inf 0.000000000000000000e+00 -8.000000000000000000e+01
7.242233622357733269e-01 2.427126943709078388e-01 5.898722634869765301e-06 2.183680239173742266e-02 -8.636852934771216406e-02 3.264816043862702778e-03 1.883959422032248365e-01 -2.317514759154474913e+00 inf 0.000000000000000000e+00 -3.000000000000000000e+01
2.121613535472126610e-01 3.762163536738364050e-03 1.492037053783188627e+00 2.837041355573192633e-03 -1.940983580172898652e-08 4.778936845122666696e-10 1.437023121409899788e-02 2.005683032845328529e-08 inf 0.000000000000000000e+00 -9.000000000000000000e+01
9.050442062261451759e-02 1.319776509554331932e-04 9.998292413376672072e-02 3.929470331614254731e-04 -3.051466614235449071e-01 7.763391232672540380e-06 1.418311859815175581e-05 -5.159669250022365632e-04 inf 0.000000000000000000e+00 -9.000000000000000000e+01
1.072272150421839987e+00 2.225655363060899340e-07 1.133375894287790356e-02 4.451374889159292331e-03 -7.057934124301231175e-05 1.860707555143781000e-01 4.348549611385879204e-08 7.340251489273279283e-05 inf 0.000000000000000000e+00 -9.000000000000000000e+01
5.663910948090906672e-01 5.720696700645056625e-10 1.344181682751151685e+00 1.022096605949503328e-01 -1.813598245922594387e-02 3.335834829337182509e-09 1.247676520934452305e-05 2.898565576073331176e-06 inf 0.000000000000000000e+00 -9.000000000000000000e+01
9.480450674346715401e-01 5.216534378732665638e-06 1.017472610251857063e-01 1.296827524124717255e-06 -5.494352095360028471e-02 0.000000000000000000e+00 -1.797293357378481502e-06 -3.132843055462978892e-04 inf 0.000000000000000000e+00 -9.000000000000000000e+01
7.978090854538224530e-01 3.288000315051025635e-01 1.974774963994610222e-01 0.000000000000000000e+00 -1.521193839452098136e-02 -5.171441936960885499e-02 5.615766303859673000e-03 3.192768746516334995e-09 inf 0.000000000000000000e+00 -8.000000000000000000e+01
6.074337482675019606e-01 6.932422331528740322e-01 5.504162681791955475e-02 7.823295003430230030e-09 -4.462070984150004249e-06 1.275281207010777362e-08 2.778543661481516335e-04 -8.115111646231729092e-03 inf 0.000000000000000000e+00 -9.000000000000000000e+01
8.077886450380430006e+01 0.000000000000000000e+00 0.000000000000000000e+00 2.930582061068248549e+02 -8.316622435590316498e-02 0.000000000000000000e+00 3.235777465648354340e+10 1.049737396244621930e-07 inf 0.000000000000000000e+00 -2.000000000000000000e+01
2.517324230234505109e-03 4.421221256963802200e-07 6.740264061362592762e-02 3.031063869057873481e-03 -9.907640181254933065e-01 3.250590569540762501e-07 1.494644538406202689e-07 0.000000000000000000e+00 inf 0.000000000000000000e+00 -9.000000000000000000e+01
1.619609129358440943e-06 1.951246113640831004e-01 4.965508228931267594e-03 2.182108108417061092e-07 -9.304965180358881760e-01 -1.233928794889419932e-03 2.987063543966465601e-05 1.311847550017809505e+00 inf 0.000000000000000000e+00 -1.000000000000000000e+01
8.911685078395901669e-04 8.216089749878575238e-05 1.449354523808764172e+00 1.093798451364202896e-04 -1.103274677578786750e-02 -3.167882261351954998e-02 1.083918981480913243e-02 -1.502002017194979944e-01 inf 0.000000000000000000e+00 -9.000000000000000000e+01
0.000000000000000000e+00 3.757557251908397884e+05 3.107481512404580926e+01 3.738371470502315484e-04 -1.536129085162214025e+00 3.442531038778626709e+11 3.977245046892239678e-04 1.395021686117158075e-03 inf 0.000000000000000000e+00 -2.000000000000000000e+01
7.095344685553008686e-05 1.241812998073527787e-09 1.540374357970689667e+00 6.545120826235066438e-13 -2.256407750933627442e-04 5.971601877581692480e-12 2.392888468778795215e-07 2.810680649125694192e-12 inf 0.000000000000000000e+00 -9.000000000000000000e+01
7.039419680333569327e-08 0.000000000000000000e+00 0.000000000000000000e+00 2.253915864593349472e+00 1.719576550433596401e-09 0.000000000000000000e+00 5.673828032399140744e-10 2.086047747524201270e-06 inf 0.000000000000000000e+00 -2.000000000000000000e+01
8.148736836622640922e-01 1.358994888385089972e-03 3.456250577809256149e-06 7.049331773976135612e-04 -6.827822874521710661e-01 -1.957185194549547536e+00 1.181157544026251571e+02 4.967380674379554550e-01 inf 0.000000000000000000e+00 -3.000000000000000000e+01
4.203115190638076932e-18 8.403830574093393970e-11 3.791901407826223717e-10 1.209686338693028492e-10 -1.009138249179919677e+00 2.383209644176229347e-18 -5.091575745986975997e-16 -7.244957318295736907e-18 inf 0.000000000000000000e+00 -9.000000000000000000e+01
3.774252916986232109e-01 -1.570650794422315666e-06 1.132995494934847540e-08 0.000000000000000000e+00 -1.777330009998971116e-01 -7.603404058219537243e-01 8.664756882563107826e-07 4.803594621618841043e-02 inf 0.000000000000000000e+00 -9.000000000000000000e+01
2.195005052359732742e-02 3.916351119736575792e-01 1.283315299680919045e-05 2.890985015764707759e-05 -8.063755402879438927e-01 1.220185177194898467e-07 1.417005728702623460e-03 -1.253237597344647505e-08 inf 0.000000000000000000e+00 -9.000000000000000000e+01
3.273080506584860050e-01 1.128597354009179102e-06 1.997729801382360870e-05 0.000000000000000000e+00 -3.141664924664775135e-09 1.363803202551538902e+02 4.933732698669229377e-04 -5.991801431874265838e+00 inf 0.000000000000000000e+00 -3.000000000000000000e+01
2.599562532247752175e-02 1.457999994992206702e-07 7.236397033968673030e-08 2.072905214903721038e+00 -1.811350582013847581e-04 6.415602000023152651e-09 1.852517640695980296e-05 7.470909900810250470e-09 inf 0.000000000000000000e+00 -2.000000000000000000e+01
2.251636610539285988e-01 2.169522610057813075e-07 9.192728280754707271e-01 3.405484659649572241e-08 -2.624000287734413184e-01 7.447273543902548087e-02 2.585227556210067533e-04 -1.200872858954285860e+00 inf 0.000000000000000000e+00 -8.000000000000000000e+01
3.989512763336221235e-03 1.166316817725947308e+00 4.706549690226441634e-08 1.939925171720080364e-08 -4.761788237488979715e-06 0.000000000000000000e+00 6.059330439513083749e-09 -5.532124365159560853e-01 inf 0.000000000000000000e+00 -9.000000000000000000e+01
1.183836680362730576e-07 8.731186891737435118e+00 1.219219791188560720e+00 7.220681727049187842e-03 -4.965370923792122304e-01 8.547648428547759636e+00 1.953525875186024068e-07 4.711366800627839017e-03 inf 0.000000000000000000e+00 -2.000000000000000000e+01
1.226854688338653056e-02 2.046987922677332829e-07 3.000252119457453605e-03 1.765425025506786954e-05 6.861581679389324784e+07 -7.680645425811081228e-01 -9.126883472906056896e-08 2.720024749522905072e+00 inf 0.000000000000000000e+00 -3.000000000000000000e+01
1.703158833031708230e+00 2.103207983737592764e-09 1.208942019574424160e-05 2.638289795098471154e-04 -2.164318730662326967e-02 9.210946659089456263e-10 1.286639482978890499e+02 5.443640573930459414e-01 inf 0.000000000000000000e+00 -3.000000000000000000e+01
5.341750222903729273e-09 2.944904010454273236e-05 5.710186616656440714e-07 2.255509787376594133e+00 -8.420769700576074082e-05 5.053006967611635770e-10 0.000000000000000000e+00 -5.233471502169194080e-10 inf 0.000000000000000000e+00 -2.000000000000000000e+01
9.094054224261093333e-01 2.977340692575458081e-01 2.966897214380837759e-03 6.106863432933891183e-05 -1.236207172658682349e-07 1.630248208943637307e-06 4.192581791585849316e-01 -5.659510962328029962e-07 inf 0.000000000000000000e+00 -1.000000000000000000e+01
4.167720723043387698e-01 3.664556262174823997e-01 -2.257808423116038580e-08 4.809867568041686283e-10 -3.731011945685766551e-01 3.289100616381447142e-09 -1.315640246552578857e-08 -2.126581872350156832e+00 inf 0.000000000000000000e+00 -3.000000000000000000e+01
4.126813569241777335e-01 2.691796881470351560e-04 7.591779679265533466e-03 2.896034118372167002e-08 -5.948840692265505714e-01 4.641080317904114210e-09 7.556421330398762211e-06 2.037434259559905935e-08 inf 0.000000000000000000e+00 -9.000000000000000000e+01
7.554372859234492754e-01 3.248174474432920434e-05 5.503529368239561403e-01 1.609232780778504809e-08 -2.219583778228691184e-01 6.412173695717426921e-07 -8.471682187271454882e-09 -1.265552154253201181e-02 inf 0.000000000000000000e+00 -8.000000000000000000e+01
1.698586381714175531e-01 2.214897117593787098e-04 2.475494730214494920e-08 4.129335890400348815e-07 -8.384929306265352933e-01 6.711780186086876091e-10 0.000000000000000000e+00 7.059256544494644031e-10 inf 0.000000000000000000e+00 -8.000000000000000000e+01
5.841677710770071918e+00 1.739125425343761933e+01 3.827444425752555406e-06 1.716828945531662320e+00 -4.191738204674708257e+00 1.855247367482836121e-06 2.099778539128138159e-07 5.338767827195708275e+09 inf 0.000000000000000000e+00 -2.000000000000000000e+01
3.476294195984448998e-01 4.093867361026702623e-02 3.556167945311114794e-06 -5.990906430650018936e-07 -6.460765418903574586e-01 3.383902735490288511e-04 2.590041008580065517e-09 7.510080909733285372e-04 inf 0.000000000000000000e+00 -9.000000000000000000e+01
9.696778001949132308e-01 6.899659344692478663e-10 3.762314444879020478e-05 0.000000000000000000e+00 -3.933058924094411796e-02 2.041659815356106571e-08 1.370767842627398408e-07 1.736902661289380735e-09 inf 0.000000000000000000e+00 -9.000000000000000000e+01
1.694634124522972485e+01 6.210712986138294464e-03 1.092706345419893665e+02 6.712347496557156956e-04 -1.267061888716656703e+00 1.124385388866683394e-06 2.298137404580250084e+08 7.983957538168277779e+01 inf 0.000000000000000000e+00 -2.000000000000000000e+01
2.871190312972601665e-05 8.607963145337780680e-06 1.076696367364725709e-05 4.827188713685186630e-04 -1.122653988188521024e-09 0.000000000000000000e+00 4.306785469458902565e-04 -2.256525890771427179e+00 inf 0.000000000000000000e+00 -3.000000000000000000e+01
3.087729593306969592e-06 7.679747371048523542e-09 4.910725145195404123e-02 0.000000000000000000e+00 -1.002301727824188804e+00 1.230267259833245607e-06 4.168434950964408886e-05 3.003299487239982273e-06 inf 0.000000000000000000e+00 -9.000000000000000000e+01
1.490972379427781913e-04 6.745839705834937524e-06 1.171152726707454468e-08 2.689249557209367959e-10 -1.008986386579023620e+00 5.409410028869418108e-13 -3.283975551240497096e-08 5.100300884362594182e-11 inf 0.000000000000000000e+00 -9.000000000000000000e+01
6.224412253841367093e-01 2.731922513097510136e-05 1.367272579355041984e+00 8.810450104739470188e-04 -2.676230245069276937e-07 0.000000000000000000e+00 0.000000000000000000e+00 0.000000000000000000e+00 inf 0.000000000000000000e+00 -9.000000000000000000e+01
2.363157547277390247e-01 4.135950949190425423e-06 3.884776589106103128e-01 2.179901380950927075e-09 -7.515134560285862131e-01 1.988886611115093625e-08 8.351933295809229078e-04 1.379389101257242331e-08 inf 0.000000000000000000e+00 -8.000000000000000000e+01
7.364651904770910806e-03 6.069814969464190080e-01 9.529829069320536856e-06 6.291176221543635103e-07 -6.811464386954991790e-01 0.000000000000000000e+00 -2.001264104557312469e-05 1.349438686573708799e-08 inf 0.000000000000000000e+00 -9.000000000000000000e+01
3.129669454724689099e-05 1.652746790697307483e-05 9.026201139594896006e-01 1.183882452910837285e-04 -9.544727588039708666e-01 0.000000000000000000e+00 2.628641023366066684e-02 -1.465201055582719578e-06 inf 0.000000000000000000e+00 -9.000000000000000000e+01
5.445333284975929500e-01 3.802828221845409379e-05 3.280264925949700108e-07 1.470217995656735930e-08 -4.660112811280341383e-01 1.408153429750119531e-07 5.633103398250961791e-02 2.200431014941781950e-04 inf 0.000000000000000000e+00 -1.000000000000000000e+01
2.716142419856140133e+00 3.385486058375391433e-08 3.788092625137696244e-06 3.095228086537189435e-02 -4.128923581126949514e-05 1.401774554127258909e+02 -3.414323765561642215e-02 -5.799883061948449381e+00 inf 0.000000000000000000e+00 -2.000000000000000000e+01
7.093960897447913153e-10 1.226988168416355052e+00 1.242431419192201666e-05 8.928186609690504585e-07 -9.087498380377246471e-04 9.773853145344647103e-12 3.801725632919917099e-05 1.654456705608619135e-11 inf 0.000000000000000000e+00 -9.000000000000000000e+01
5.095844952150587748e-01 4.414558221526624111e-06 9.623201824961794687e-03 2.273121243328695064e-08 -4.975298082314767445e-01 -3.344362289035321072e-07 -6.809565793592426531e-09 9.536658089827283033e-09 inf 0.000000000000000000e+00 -9.000000000000000000e+01
-6.472328244274810459e+03 2.538031749142945920e-05 2.784370124795055380e-05 1.810213821079895301e-05 -8.469501524481155841e-02 5.617261444794313503e-06 1.125190094227099535e-01 2.739581329221944323e-05 inf 0.000000000000000000e+00 -2.000000000000000000e+01
1.009130880203478409e+00 1.032089886187837459e-05 2.501970199818814210e-10 1.416883504656276325e-11 -3.672658566777284706e-06 1.401306517600043921e-07 8.011181576256400823e-06 -9.854793751987094377e-05 inf 0.000000000000000000e+00 -8.000000000000000000e+01
5.335189712619702318e-01 8.138335182041904773e+03 7.672104963774925141e-10 2.182113033801353352e-01 5.433594649936126079e+05 -5.309957433686694978e-04 0.000000000000000000e+00 1.646885294282527496e-04 inf 0.000000000000000000e+00 -2.000000000000000000e+01
3.061711847214941273e-01 1.925915516796495308e-01 7.026540196395216569e-07 2.407720291827784401e-08 -6.241941572386590087e-01 4.120792675499875397e-10 -2.501674364829181604e-05 4.320945462595583837e-08 inf 0.000000000000000000e+00 -9.000000000000000000e+01
9.109068353353725556e+00 4.207993532799275127e-01 1.575006196125073251e-05 -3.370966498900786735e-06 -8.737774806342024636e-01 2.397937491117234018e-02 1.864890430064160565e-07 4.741555761116450310e+09 inf 0.000000000000000000e+00 -2.000000000000000000e+01
5.259335988430312581e-01 1.695191742671835907e-05 3.777993285228352545e-03 1.896691129956800358e-03 -4.816133517495174154e-01 0.000000000000000000e+00 1.615842341951026452e-04 1.385420999801062760e-08 inf 0.000000000000000000e+00 -9.000000000000000000e+01
3.688711335980853932e-04 1.106819282357194734e+00 1.493560445424141545e-05 6.253087602036169870e-08 -5.330861897513859346e-04 -1.201564016844687000e-01 0.000000000000000000e+00 0.000000000000000000e+00 inf 0.000000000000000000e+00 -9.000000000000000000e+01
1.135127235004920396e-02 2.633581179698915543e-04 1.323835494153145027e-07 0.000000000000000000e+00 1.200366412213740638e+06 1.030142298181548562e-05 2.354337968899093969e-01 3.936515235917942199e-08 inf 0.000000000000000000e+00 -3.000000000000000000e+01
8.683766008070561426e-01 8.957549242399139216e-10 1.231116193549244286e+00 1.926839396816487724e-03 -3.065767864795481204e-02 -1.443787737447451824e-03 2.675234016297264652e-05 0.000000000000000000e+00 inf 0.000000000000000000e+00 -9.000000000000000000e+01
1.912862442566135595e-09 2.939612674425610873e-12 1.540440306106543034e+00 4.215921473614220583e-16 -4.858967171938536865e-07 0.000000000000000000e+00 -3.959607589474152523e-15 2.075974743870224478e-09 inf 0.000000000000000000e+00 -9.000000000000000000e+01
4.844609979070063080e-10 4.430471941106135492e-13 1.540440414666008895e+00 5.504012907338971301e-18 -1.693773343856504909e-11 1.232420281425900010e-17 5.982156521116900370e-10 4.885808559050898279e-18 inf 0.000000000000000000e+00 -9.000000000000000000e+01
1.003426152800144910e+00 4.213006419217494222e-08 7.470360144927550017e-02 7.089108922524635098e-08 -6.369404290235294950e-04 2.671608976695853560e-09 1.171278689389875123e-02 -2.259553377169444197e-03 inf 0.000000000000000000e+00 -9.000000000000000000e+01
1.287878486747812331e-07 -7.210041553821828764e+00 4.892631362894921121e-02 3.486569432706310417e-09 -2.022046910126314323e+00 -3.258181056355877506e-04 5.795330876344167992e-02 -1.906952722161535168e-03 inf 0.000000000000000000e+00 -2.000000000000000000e+01
5.203085756159001596e-01 1.515663540230366847e-07 6.632222797735569560e-03 4.154690260678244019e-04 -4.880337955495003266e-01 5.217380263485301470e-09 1.956047276751504346e-02 5.100790760390657960e-10 inf 0.000000000000000000e+00 -9.000000000000000000e+01
2.271590470315400443e-05 1.194867327766375026e-05 1.530942425111742056e+00 4.480752479123905817e-07 -4.388261692669433167e-02 0.000000000000000000e+00 0.000000000000000000e+00 0.000000000000000000e+00 inf 0.000000000000000000e+00 -9.000000000000000000e+01
1.551039666315864096e+00 1.452604617098885389e-08 1.539199668863071135e+00 5.145866558548682782e-10 1.460266352511118804e+00 0.000000000000000000e+00 2.885999379118258518e-02 5.458294171031996057e-10 inf 0.000000000000000000e+00 -9.000000000000000000e+01
2.444710627253661017e-03 0.000000000000000000e+00 0.000000000000000000e+00 1.084398947096385894e-10 -1.006690143563677919e+00 0.000000000000000000e+00 1.486989116094897660e-12 7.825745734878917627e-09 inf 0.000000000000000000e+00 -9.000000000000000000e+01
3.234647813644819922e-04 7.513917004236880835e-07 2.260903982170380582e-05 7.349732310293554619e-04 -1.007403308664236663e+00 7.191783513266992509e-10 5.677493258798389022e-08 -2.166639837305287756e-03 inf 0.000000000000000000e+00 -9.000000000000000000e+01
4.147175575948321494e-03 0.000000000000000000e+00 0.000000000000000000e+00 1.241566076791181389e-01 -1.015325147242566173e+00 2.067929609238784131e-05 2.670746582964141358e-01 4.407296029462239882e-08 inf 0.000000000000000000e+00 -1.000000000000000000e+01
5.752075719469377027e-03 2.530566949880760856e-05 8.694998180593245226e-04 1.958763326397379261e-03 3.580580152671756689e+06 8.267265182870036389e-06 3.928992584461474952e-02 -8.491209160735591041e-07 inf 0.000000000000000000e+00 -3.000000000000000000e+01
4.080717632013112616e-04 1.106778853534540197e+00 2.072565598680666520e-12 0.000000000000000000e+00 -5.722808210661032256e-04 -1.201520127278143252e-01 0.000000000000000000e+00 0.000000000000000000e+00 inf 0.000000000000000000e+00 -9.000000000000000000e+01
2.331406105565661871e-02 3.884028366105703869e-07 8.255470800035785012e-03 1.134299575386725815e-07 -1.390244214589359852e-03 4.105639594201824800e-05 6.589088731139673694e-02 3.179885048902673095e-01 inf 0.000000000000000000e+00 -1.000000000000000000e+01
-2.866204568906169912e-04 4.850891999286530698e-01 4.049203965790997839e-01 5.291199406719144540e-05 -6.984197444350915829e-01 -2.101883350531191016e-03 1.550965980093303194e-08 4.324886858328062195e-08 inf 0.000000000000000000e+00 -9.000000000000000000e+01
1.012181171965560234e+00 0.000000000000000000e+00 3.098378931954773988e-09 4.950829543394715084e-10 1.622264440787641037e-09 0.000000000000000000e+00 9.440158701713678713e-02 9.562758165372298516e-03 inf 0.000000000000000000e+00 -1.000000000000000000e+01
2.127582480078741775e-02 2.774292996399641771e-05 4.691377496617359672e-10 2.274668528990543948e+00 -4.205972301658553181e-02 3.037666929059740168e-08 -4.013326842809381660e-10 -7.490627155243537901e-11 inf 0.000000000000000000e+00 -2.000000000000000000e+01
6.137232201564045697e-01 2.341116160387875234e-02 7.589181768136851192e-01 0.000000000000000000e+00 8.266351523975429272e-02 2.113574907485285662e-09 -8.454299629941142647e-09 -1.366540768539111550e+00 inf 0.000000000000000000e+00 -9.000000000000000000e+01
1.516713654690563728e-06 1.968748338364957329e-01 5.010047685171410171e-03 2.201681111647592329e-07 -9.260171337456021279e-01 0.000000000000000000e+00 2.698588306984722688e-08 5.871775887020892586e-03 inf 0.000000000000000000e+00 -9.000000000000000000e+01
2.378708087229343704e+01 -8.074465462948667118e+04 1.356133563747656569e-07 1.366771497634540111e+01 -2.542983507618110650e+01 -9.757959971092748930e+00 1.037123949979435357e-05 1.373342514450090768e+01 inf 0.000000000000000000e+00 -2.000000000000000000e+01
3.123179422603776234e-01 1.503917364009488798e-03 4.791241159676247821e-03 1.868329309633953561e-08 -6.927779810139286232e-01 1.451170636785430372e-09 4.477925042174270862e-05 -2.478108672720281402e-06 inf 0.000000000000000000e+00 -9.000000000000000000e+01
8.701687333738197250e-01 0.000000000000000000e+00 1.822818014849792473e-05 1.572631324637158094e-07 -1.375081455208011505e-01 2.108698825811846256e-04 0.000000000000000000e+00 1.288648428677638599e-09 inf 0.000000000000000000e+00 -9.000000000000000000e+01
3.583155440442507000e-01 2.614583735447891799e-01 1.151088685242155352e+00 1.474986509117845600e-08 -8.509994171050953848e-02 5.610454906005379956e-10 7.737839294156119120e-10 9.023446879309173470e-08 inf 0.000000000000000000e+00 -8.000000000000000000e+01
5.939225831337041628e-01 0.000000000000000000e+00 3.043278500086939974e-06 2.242400775923952594e+00 8.087067478420334234e-10 2.243442100584974817e-03 0.000000000000000000e+00 5.111464771913529730e-10 inf 0.000000000000000000e+00 -2.000000000000000000e+01
4.328870309151383600e-01 1.423562907893537366e-07 9.484474470448389649e-01 1.499778275885375937e-05 -5.213016234362674028e-01 1.320477680510368998e-02 9.581673418514192536e-09 -1.168335686886348285e-01 inf 0.000000000000000000e+00 -9.000000000000000000e+01
4.860608470242896439e-01 1.086671541226288387e-04 1.060271422801404261e-02 6.880030862242513369e-04 -5.215596729305580492e-01 4.069028669397228968e-09 6.625029718365791716e-06 6.549508546261778935e-07 inf 0.000000000000000000e+00 -9.000000000000000000e+01
4.582559571210847449e-01 5.978132695344339333e-04 6.586078393175967246e-05 6.431717180835905513e-08 -5.481778807825805622e-01 6.728565666105255080e-07 2.279796366868603994e-05 4.473341757183947155e-08 inf 0.000000000000000000e+00 -9.000000000000000000e+01
9.055329047811904175e-01 1.821253863351002688e-06 5.250385906800630290e-09 0.000000000000000000e+00 -1.010796700619081695e-01 0.000000000000000000e+00 -2.446259801696549877e-06 5.237259942033628818e-09 inf 0.000000000000000000e+00 -8.000000000000000000e+01
9.389108239377662590e-01 3.545366392473336264e-03 1.611796914426498750e+00 7.909500387303291224e-07 -2.475643774054657117e-02 1.801323422521165024e-08 8.743607047920448627e-01 7.228611792641569267e-09 inf 0.000000000000000000e+00 -9.000000000000000000e+01
1.816852296535122684e-07 6.714676656490368674e-05 1.135014877312045423e+00 2.251873268944941065e-06 -1.145747878515941842e+00 0.000000000000000000e+00 6.289538705483296965e+00 5.936756799945753101e-06 inf 0.000000000000000000e+00 -3.000000000000000000e+01
3.506773772416897361e-01 0.000000000000000000e+00 0.000000000000000000e+00 2.255903952565097015e+00 -6.401971019231878900e-04 8.237794441539047981e-10 0.000000000000000000e+00 8.798952101044432307e-10 inf 0.000000000000000000e+00 -2.000000000000000000e+01
2.459677113181482549e-06 1.219780062536593353e-09 2.201351984046710619e+00 0.000000000000000000e+00 -1.011253969384183814e-06 1.042745676653704878e+00 1.388672686580121632e-08 9.983430665684118580e-09 inf 0.000000000000000000e+00 -2.000000000000000000e+01
8.997725503163379601e-01 5.569124775010344505e-05 1.238771363287634264e+00 2.141599197334707262e-05 -1.551813413870069920e-05 0.000000000000000000e+00 0.000000000000000000e+00 0.000000000000000000e+00 inf 0.000000000000000000e+00 -9.000000000000000000e+01
2.475735052499430759e-03 7.237704449776113380e-01 2.920700029213551730e-08 1.195096818340874420e-08 -5.907531740087530459e-01 2.209471678786299663e-08 3.686858527256096853e-04 -1.256206304416377859e-02 inf 0.000000000000000000e+00 -9.000000000000000000e+01
1.339025649547980271e-02 1.213071638677257091e+00 5.679417887386046861e-08 2.711426404142209347e-08 -1.131498647034381525e-05 0.000000000000000000e+00 5.481163053534788702e-09 -5.625130582575990808e-03 inf 0.000000000000000000e+00 -9.000000000000000000e+01
8.386864892406467042e-01 1.270275894749052733e-08 6.674054456633315979e-01 1.999584410764328728e-07 -1.600606300635296160e-07 3.223824239745443770e-02 5.463653178708166209e-07 -1.500185692022002026e+00 inf 0.000000000000000000e+00 -9.000000000000000000e+01
1.062921198304723536e+00 2.236880416989535386e-05 9.631488553411761411e-02 1.169689490285633010e-05 -1.132934711250678343e-02 -3.849122528857464726e-04 1.959884439996813832e+00 8.242331550515834618e-03 inf 0.000000000000000000e+00 -1.000000000000000000e+01
1.995830668287611534e-02 5.566353423481045226e-01 3.710353924792855767e-05 2.626394142041323793e-03 -6.913996883902772117e-01 0.000000000000000000e+00 1.072174938734381421e-07 7.180428905660873562e-07 inf 0.000000000000000000e+00 -9.000000000000000000e+01
8.718454802961189340e-03 1.887975247824342064e-03 1.347799435454957839e+00 2.640095468502331837e-03 -6.581819400545348975e-01 -1.926168852780646277e-06 1.229150551968972726e-05 2.855526587196210955e-06 inf 0.000000000000000000e+00 -9.000000000000000000e+01
1.688299865172236958e+00 9.149477426547726532e-07 1.136815701271508028e-07 1.102470816036719348e-07 -3.727368516325224590e-02 7.915422768955223100e-11 1.290713890097546539e+02 1.044383449018661952e-02 inf 0.000000000000000000e+00 -3.000000000000000000e+01
1.697865679719154741e+01 7.041236929587225035e-09 1.496431032510803509e-04 5.253165105868046670e-07 1.598499494900985241e+01 0.000000000000000000e+00 2.102914094145138027e-04 9.073136729268110255e-09 inf 0.000000000000000000e+00 -2.000000000000000000e+01
1.223032711116412569e-02 5.117469806693324792e-08 2.446065422232824964e-03 0.000000000000000000e+00 -7.744729234517076875e-06 0.000000000000000000e+00 4.913354201867949982e-08 4.330166759509736617e-08 inf 0.000000000000000000e+00 -9.000000000000000000e+01
8.767044229953003878e-06 4.575946533299881553e-07 2.883550307753279113e-02 5.887248544996278449e-04 -1.117125836561057017e+00 9.902817625910513154e-07 4.074802610892313659e+00 -5.500522396951242173e-06 inf 0.000000000000000000e+00 -3.000000000000000000e+01
5.009541984732825526e+00 3.757557251908397884e+05 4.103816793893130962e+05 3.738371470502315484e-04 -1.536129085162214025e+00 3.442531038778626709e+11 3.977245046892239678e-04 1.533568360423314151e-03 inf 0.000000000000000000e+00 -2.000000000000000000e+01
2.809279227947933670e-04 6.898978240062613072e-04 1.530327148847218321e+00 9.465789915598373736e-06 9.907009195702101700e-03 2.305233380076323019e-05 3.592595738865707397e-08 -2.201557599044911152e-03 inf 0.000000000000000000e+00 -1.000000000000000000e+01
6.286752754543386557e-01 5.152395389972422265e-10 1.210648959017783577e+00 9.205602247724244125e-02 -2.802095513453623510e-01 3.549344664277729684e-06 -1.830858869295384929e-05 1.719695604185600705e-09 inf 0.000000000000000000e+00 -8.000000000000000000e+01
1.987252692960699008e-01 3.769878028013728000e-03 1.490180087254080243e+00 6.927594242506746287e-08 -1.887371193379776269e-02 3.486992191261766217e-09 5.318365562101087275e-03 2.010601614940655049e-02 inf 0.000000000000000000e+00 -9.000000000000000000e+01
1.887269491984358645e-08 3.113118220833641801e-07 7.084073462519221358e-05 1.525708389309460629e-06 -1.007730510802301804e+00 1.537423483214812474e-09 1.334246944376508755e-05 6.850729826507185428e-06 inf 0.000000000000000000e+00 -9.000000000000000000e+01
7.439346147678843491e-10 1.975511326295153469e-01 3.134966704325805134e-04 2.206526065995411010e-07 -9.233368155509956710e-01 -1.023320235258189277e-02 2.362024411874640017e-02 1.413356226565613870e-03 inf 0.000000000000000000e+00 -9.000000000000000000e+01
-6.649587334075228451e-02 5.421322930933895372e-06 6.067141728170829694e-04 9.094787649162328069e-06 -1.075582885570124603e+00 1.088505780803811330e-09 2.180379058561391972e-05 4.701187757624434397e-09 inf 0.000000000000000000e+00 -9.000000000000000000e+01
1.744896827542946258e-06 9.799916507673864885e+01 4.494645213371287890e-02 1.156988944720881207e+00 6.861581679417513311e+07 -7.411578229395919815e-01 4.886106870249089552e+05 7.774809160337297726e+03 inf 0.000000000000000000e+00 -2.000000000000000000e+01
1.009113641784397331e+00 1.266959475212345095e-09 1.578767124311928607e-04 5.992777799419895736e-10 -5.384375531989757077e-06 2.258444487064259573e-11 1.294199222892741428e-04 -4.872738037999779850e-06 inf 0.000000000000000000e+00 -8.000000000000000000e+01
6.307866024012547257e-01 3.138016088322401245e-09 3.581232166195011477e-03 6.385497854144421018e-10 -3.790596508218719851e-01 4.907711207899569445e-10 6.443157016957691899e-03 1.010825735524992108e+00 inf 0.000000000000000000e+00 -1.000000000000000000e+01
0.000000000000000000e+00 7.442593837963222248e-06 3.929610422523380220e-01 1.886213002811222506e+00 -7.042028986883473902e-05 0.000000000000000000e+00 7.516772514089101491e-04 3.090778171911637006e-09 inf 0.000000000000000000e+00 -9.000000000000000000e+01
9.782261052380932323e-05 5.083242017614804829e-07 7.221709349163102507e-07 2.249697473172294071e+00 -2.752195770088824826e-05 6.390570065248497224e-10 6.573157781398454199e-10 -7.006803607254603048e-10 inf 0.000000000000000000e+00 -2.000000000000000000e+01
3.935914219609520232e-03 4.067135196952969425e-06 8.591887164666983656e-02 2.019368007873569874e-08 -9.997832337067035224e-01 4.673789427445132315e-10 2.879472127718204935e-04 0.000000000000000000e+00 inf 0.000000000000000000e+00 -9.000000000000000000e+01
8.735806805820481857e-01 3.809045631781478750e-07 7.378215207618651038e-04 1.379572531007862164e-03 -2.195019024266548630e-02 -2.636482234189064244e-01 -8.209150068494567298e-09 4.303958871110879700e-03 inf 0.000000000000000000e+00 -9.000000000000000000e+01
5.151299367938423357e-01 2.869450028148209375e-01 3.362278108737917608e-07 1.508175100118853973e-01 -3.682297647043435984e-01 3.265145630041044267e-06 1.815396687183146539e-08 5.263922833207039693e-03 inf 0.000000000000000000e+00 -9.000000000000000000e+01
6.149820620989047797e-03 3.234834723806295949e-03 4.144682511452840004e+02 1.213063021427361035e-04 -1.146338194618781259e+01 6.193805513783781062e-07 3.680078829049297377e-05 1.636898927723502922e+10 inf 0.000000000000000000e+00 -2.000000000000000000e+01
7.597562552309258255e-01 5.987017984347971049e-04 1.423563172532892146e-08 7.986899311302651720e-07 -2.476103307064486114e-01 2.265744639957863189e-07 6.777941014591077479e-03 -3.494753401742913684e-02 inf 0.000000000000000000e+00 -8.000000000000000000e+01
5.786653174121770826e-01 4.216375669527539267e-10 1.010671656306667332e+00 2.991892666638493404e-06 -2.965061956988014336e-01 -1.060089355589800969e-01 2.646487171790797726e-04 3.238054892544034533e-03 inf 0.000000000000000000e+00 -9.000000000000000000e+01
4.714338938764515985e-03 6.874662858074838917e-06 5.494753154978912306e-03 4.419756462374690109e+00 -3.772665662567043030e-04 4.618727048503735233e+01 1.244282870239789896e-07 2.662964427572388909e-02 inf 0.000000000000000000e+00 -2.000000000000000000e+01
7.826736665104284951e-03 0.000000000000000000e+00 9.015076117194098248e-08 2.066014845761380003e-01 -1.071988835064866974e+00 2.066014845761380003e-01 3.149395349414417098e-10 3.402308314414861218e-05 inf 0.000000000000000000e+00 -9.000000000000000000e+01
9.739379850235766467e-01 5.525658927498821164e-06 9.976431781522082307e-03 1.290532183725053566e-06 -1.468173393519518408e-02 -4.991193930098809101e-02 7.325976770908753169e-03 -3.108328558795126428e-04 inf 0.000000000000000000e+00 -9.000000000000000000e+01
9.987089036648156837e-01 2.029243502264020040e-07 1.074016407028205167e-01 1.982247957971682110e-08 -3.940692552257899980e-03 1.002571611569872045e-07 1.831621213444958681e-07 -6.663245172279765628e-06 inf 0.000000000000000000e+00 -9.000000000000000000e+01
2.583656602233620064e-02 2.340961048621438383e-03 9.268294763929776914e-04 4.097159582240297165e-02 -1.423686515284058440e-03 0.000000000000000000e+00 3.401559727792784205e-02 1.455898139313089530e+02 inf 0.000000000000000000e+00 -3.000000000000000000e+01
7.803961021709634151e-06 2.769459816761679072e-01 7.883863711949304909e-01 1.117554015506992078e-08 -6.175163697545373736e-10 0.000000000000000000e+00 2.368949432677074855e-04 -1.172472039212973494e+00 inf 0.000000000000000000e+00 -9.000000000000000000e+01
5.026654324931467688e-01 2.289585399386450358e-03 1.402269619796379985e+00 2.666352617007005689e-03 -1.818677676232596734e-08 0.000000000000000000e+00 5.275646737114744723e-05 1.885012424301870890e-08 inf 0.000000000000000000e+00 -9.000000000000000000e+01
3.064293614290631851e-01 5.444911255044037300e-03 5.467180830729288614e-03 2.744725203207270398e-03 -6.983738934894928585e-01 1.739810600410288008e-07 2.644512112623637968e-04 1.731111547408236735e-05 inf 0.000000000000000000e+00 -9.000000000000000000e+01
1.524725271332780067e-02 9.453074904041951498e+00 1.320023973086939195e+00 7.873126855609265118e-03 -2.835478095148964999e-09 1.230886870388165306e+02 1.088099398178393176e-03 -5.407840147807783104e+00 inf 0.000000000000000000e+00 -2.000000000000000000e+01
1.513982661318107299e-08 3.027100900344554257e-01 5.523608098325513910e-04 8.379518063237520117e-03 -8.641378002713692719e-02 0.000000000000000000e+00 4.654151268033534638e-04 -2.161915660315280263e+00 inf 0.000000000000000000e+00 -3.000000000000000000e+01
4.733136592020516509e-01 2.866482916679091754e-05 1.557455718062306571e-03 1.075397643708545953e-06 -1.318582141672382160e-03 6.415061865940350191e-07 -1.370537144537190769e-04 -8.164624193014991080e-08 inf 0.000000000000000000e+00 -9.000000000000000000e+01
3.610392563215650163e+00 3.959568402239386359e-02 3.294544365569836847e-02 6.712347496556873979e-04 -1.267061888716603635e+00 1.124385388866636172e-06 2.081455877862596214e+08 3.118733413346852501e-01 inf 0.000000000000000000e+00 -2.000000000000000000e+01
1.007738822593019945e+00 0.000000000000000000e+00 4.783592395187800439e-10 0.000000000000000000e+00 0.000000000000000000e+00 1.448100730552364854e-07 1.664617399268393640e-08 0.000000000000000000e+00 inf 0.000000000000000000e+00 -8.000000000000000000e+01
8.820006493512939638e-01 2.897440885953582734e-01 7.550534512124802006e-03 3.433805075381960500e-04 -1.198954286097053203e-07 1.873366072026645629e-09 0.000000000000000000e+00 0.000000000000000000e+00 inf 0.000000000000000000e+00 -9.000000000000000000e+01
1.119719889327786263e-05 9.424200858778763745e+01 1.590898018756918856e-03 3.746979317151576853e-08 -2.364848406260284706e-04 8.165553435114622971e+02 1.866199815546310551e-05 2.747420682251948421e+01 inf 0.000000000000000000e+00 -2.000000000000000000e+01
5.048603052511977385e-01 2.978134847748218641e-05 2.414086006009778099e-07 1.183507345564682394e-06 -5.034500809348535499e-01 -3.645925505246313476e-09 4.131516551789436199e-03 -5.589718642049103134e-09 inf 0.000000000000000000e+00 -9.000000000000000000e+01
8.370130116702947584e-03 1.910988611119394638e-04 3.511441572931887391e-04 3.067136720846628303e-03 -8.274580686146977906e-03 1.701974231778210697e-05 6.506534023139314282e-01 -1.310072270513491147e-05 inf 0.000000000000000000e+00 -1.000000000000000000e+01
9.863680607747721263e-01 1.858861543816064794e-05 5.680114974488353136e-08 1.349173701156821303e-06 -1.049980941188284611e-02 -3.014857556277471956e-02 1.031560222921823478e-02 -1.412255067095353513e-02 inf 0.000000000000000000e+00 -9.000000000000000000e+01
5.186437776300970894e-04 5.244222745132817026e-02 3.476571075620924368e-03 2.255318914669835806e+00 -2.994986497712327344e-07 8.559814510685419087e-10 1.864986186683568217e-05 -5.816388666025198127e-03 inf 0.000000000000000000e+00 -2.000000000000000000e+01
1.007834152534319516e+00 1.127744107857006227e-04 1.192118507248420993e-07 0.000000000000000000e+00 -2.437498168507208474e-09 0.000000000000000000e+00 2.937380001860109141e-03 4.911376906693628954e-10 inf 0.000000000000000000e+00 -9.000000000000000000e+01
