4.623405624962659277e-01 4.278151308812850329e-01 6.754975750757132025e-02 2.245794889357622878e-03 -3.377487875378565874e-01 5.659159239601938411e-09 0.000000000000000000e+00 8.750447013961573744e-08 2.277306963315803659e+04 0.000000000000000000e+00 0.000000000000000000e+00
4.649303493161043299e-01 3.712326513671955763e-01 4.542082995717577835e-09 4.153266552504399947e-09 -3.747907917956351254e-01 1.080067040859343400e-04 1.634796408964497790e-09 7.510519804903275484e-07 2.284245155048419838e+04 0.000000000000000000e+00 0.000000000000000000e+00
5.973847079423298956e-01 2.954054200628993644e-06 1.669073592710299229e-09 2.309334403388173529e-01 -4.093191517382631095e-01 8.941289053689543947e-07 7.752949867373457363e-10 5.459725174376801181e-07 2.523248130852811300e+04 0.000000000000000000e+00 0.000000000000000000e+00
4.767004686317636297e-01 3.241940855664380783e-06 0.000000000000000000e+00 5.112577993070724793e-06 -5.294501106524915901e-01 9.716215522431637695e-10 1.559708924766532484e-04 -8.146889156534647958e-01 4.033103043030778645e+04 0.000000000000000000e+00 0.000000000000000000e+00
3.179443847295720937e-01 7.249131971834243959e-01 2.696168382506771710e-01 3.706039234504074961e-03 -1.844077431431518366e-01 7.534902534990183937e-08 1.922569951411631393e-03 0.000000000000000000e+00 8.250634211254579714e+04 0.000000000000000000e+00 0.000000000000000000e+00
8.836164565898810830e-01 2.517884463376308425e-03 2.291468049738684121e-01 5.981609869682634400e-09 -1.108641916150550494e-01 6.504847201199020743e-08 1.352064916744690764e-07 3.719514235412162834e-02 8.294909025350045704e+04 0.000000000000000000e+00 0.000000000000000000e+00
6.249554880085027575e-01 1.970388512266196570e-09 1.329692527677665437e+00 7.479520468186868533e-03 -7.867347455426187963e-02 4.121022441600837315e-05 1.188837761590777827e-08 3.818370766116749606e-07 1.014299374820084340e+05 0.000000000000000000e+00 0.000000000000000000e+00
4.809507971373585544e-01 1.142812233981338813e-02 1.281057883619323823e+00 1.911401981055230137e-09 -3.601590070729067672e-01 6.555737248198067995e-09 2.271772198459873215e-02 3.814785156045662266e-05 1.022221266411134566e+05 0.000000000000000000e+00 0.000000000000000000e+00
6.519255551089044864e-01 4.433610266894566708e-06 0.000000000000000000e+00 7.134545257071716796e-06 -3.553528640552635620e-01 6.643846204095104855e-10 1.202843561512251074e-03 -6.573973844016081620e-07 1.163920590502655832e+05 0.000000000000000000e+00 0.000000000000000000e+00
1.006328695706249166e+00 2.854289944306987944e-03 1.661991613140777766e-04 0.000000000000000000e+00 -1.727026067568025606e-03 3.697705525160358380e-06 3.914257697495012324e-09 -1.244740839102177030e-10 inf 0.000000000000000000e+00 -9.000000000000000000e+01
3.282917733200295118e-01 6.378102634150133524e-03 1.143075875266728883e-07 9.636726415100069524e-06 -6.777636610478028345e-01 4.645754159718592787e-07 2.151874765185860001e-09 -3.736802258904085687e-07 inf 0.000000000000000000e+00 -9.000000000000000000e+01
8.393889819291656131e-07 4.111427223399125765e-08 8.847791384754919593e-08 1.611679471572457347e-07 -5.065766542594968058e+00 6.833818394716350042e+01 2.102061348080191965e+04 2.753613839602275792e+00 inf 0.000000000000000000e+00 -3.000000000000000000e+01
1.586225022097618731e-01 3.017646085450479768e-07 1.166300616922159548e-06 1.972507799499629622e+00 -1.368427285902867885e-01 2.994131960109307008e-07 0.000000000000000000e+00 2.461145119042729227e-07 inf 0.000000000000000000e+00 -9.000000000000000000e+01
3.424520914845091861e-08 6.504648789402412389e-04 2.518173975780349169e-03 2.266995631416711898e+00 -1.078965274746441994e+00 2.147218800375365055e-01 0.000000000000000000e+00 1.736638402918053264e-07 inf 0.000000000000000000e+00 -2.000000000000000000e+01
3.296491896538710220e-01 7.026509581591344518e-07 7.243657248550117800e-08 4.546748045121248242e-05 -6.715327822227311616e-01 8.005294587883128662e-08 3.899583177385012228e-05 -8.428144230325775033e-02 inf 0.000000000000000000e+00 -9.000000000000000000e+01
3.737314375516370595e-07 1.217106908879547644e+00 4.828861723173195215e-08 4.626723325458968679e-08 -1.067146997070520594e-04 1.394209152586478817e+00 1.828409186791085797e-05 -2.298561035345275894e+00 inf 0.000000000000000000e+00 -3.000000000000000000e+01
6.323568647602378912e-01 4.023693690371993141e-03 0.000000000000000000e+00 1.514710945217256249e-04 -3.738461967764928340e-01 7.037507071648589579e-10 2.170515338940038759e-09 -1.153025158618904917e-04 inf 0.000000000000000000e+00 -9.000000000000000000e+01
6.248583579892085238e-01 0.000000000000000000e+00 8.243323722703789491e-02 1.398721401345074389e-01 -3.787602969965356281e-01 4.400576251614205495e-08 2.864958497144664691e-08 -1.081521832672110900e-09 inf 0.000000000000000000e+00 -9.000000000000000000e+01
7.294159464950767946e-01 1.553439070229066383e-05 5.409062938789944508e-04 1.423688220685029543e-04 -2.759688674573619327e-01 5.703394724550524475e-10 -4.327250351031956127e-02 -1.501738713372216816e-01 inf 0.000000000000000000e+00 -9.000000000000000000e+01
1.902094916391897095e-01 7.657151330090457286e-02 2.347136355163078301e-03 2.975071535895018604e-01 -6.984102359674863036e-01 -1.980129579628487624e-01 2.743406129411390124e-04 -5.303918516862020545e-03 inf 0.000000000000000000e+00 -9.000000000000000000e+01
6.531171336588019738e-01 6.284712040867717064e-01 -2.471306439416412996e-09 4.781567065406912981e-03 -2.021736410205607348e-02 -5.202260728145629519e-06 2.567284330419818974e-04 -9.915830171776072792e-09 inf 0.000000000000000000e+00 -9.000000000000000000e+01
4.287858314695501885e-05 5.234256347774821072e-02 6.262529906989483168e-06 4.592973285299097909e-03 -9.835317887915955293e-01 0.000000000000000000e+00 3.174956766348791119e-09 -1.819518824328025578e-06 inf 0.000000000000000000e+00 -9.000000000000000000e+01
9.867862845255334081e-01 -3.393109193236835963e-02 5.221159662845435614e-04 4.361038067152919479e-05 -3.269348371599018616e-02 8.975009103179667521e-10 8.379953705105837573e-08 1.367152071607642495e-08 inf 0.000000000000000000e+00 -9.000000000000000000e+01
1.597332579138591169e-01 6.316724290229883687e-01 4.958772967068451256e-09 1.122651774222938699e-03 -4.878217393676095859e-03 -4.489472627730434762e-01 4.102257636392991558e-10 -3.981230443459064516e-01 inf 0.000000000000000000e+00 -9.000000000000000000e+01
9.630079912616877902e-01 0.000000000000000000e+00 1.836131701400657568e-02 9.549376290001163102e-04 -4.507471324738076407e-02 -5.486101142744025261e-06 1.168006667648776369e-10 -6.494413395171842988e-11 inf 0.000000000000000000e+00 -9.000000000000000000e+01
2.384267201353155841e+01 1.708326639896166194e-04 2.244024129443853051e-03 7.381658320538989158e-05 -3.757812436915299870e-01 1.454278596275789278e+04 5.890497432126537803e-07 0.000000000000000000e+00 inf 0.000000000000000000e+00 -2.000000000000000000e+01
5.150104937295525431e-01 2.357530946637966353e-05 1.141929052277765017e-08 3.932990293911231647e-04 -4.933800529929113776e-01 3.364393121764597727e-08 3.933055371588404547e-10 1.953097740622924563e-09 inf 0.000000000000000000e+00 -9.000000000000000000e+01
1.821953019384285888e+00 5.365840865694075923e-01 3.189769381117889324e+00 -6.821342095478536739e-03 -9.298988704275880091e-01 2.106329069294118028e+01 3.896401289832167238e-03 3.615195998136908074e-09 inf 0.000000000000000000e+00 -2.000000000000000000e+01
8.653650843899530765e-01 8.155673205292202443e-06 7.671710179923214769e-05 2.720483224564653078e-09 -1.424328278040024598e-01 5.799807668026306418e-08 1.476027478853762613e-03 -4.831957469903706902e-10 inf 0.000000000000000000e+00 -9.000000000000000000e+01
5.038694841086227560e-01 4.143380104928473301e-06 1.151769920864593711e-06 -3.706724682462509898e-03 -5.038694841086227560e-01 9.465641598014619387e-09 4.729168931106840976e-10 0.000000000000000000e+00 inf 0.000000000000000000e+00 -9.000000000000000000e+01
3.367916275714323837e-01 1.061852190639786612e-09 4.076532229706226196e-01 1.853548248194549775e+00 -4.404017130340656730e-08 0.000000000000000000e+00 0.000000000000000000e+00 9.719210218682828416e-08 inf 0.000000000000000000e+00 -9.000000000000000000e+01
2.342152504568072873e-08 8.830621391932988993e-10 1.528376779373017338e-09 2.721113866652896752e-05 -1.006530336783847179e+00 1.452373658888355925e-05 0.000000000000000000e+00 -1.073260138404163330e-09 inf 0.000000000000000000e+00 -9.000000000000000000e+01
6.310848789361125366e-01 9.421173852819268030e-03 4.506872554544587303e-06 1.547136379562369102e-01 -2.530148921122253591e-02 1.317817746228025777e-01 4.636340166748120109e-08 1.315004770992457850e+02 inf 0.000000000000000000e+00 -3.000000000000000000e+01
5.373120576673247051e-01 3.618836806304183140e-01 1.350955135663676348e-04 6.249635931939790008e-03 -3.087539435849552261e-01 5.736052715963299857e-09 3.650385110582113237e-10 9.751289617137610087e-08 inf 0.000000000000000000e+00 -9.000000000000000000e+01
9.101289202217275607e-08 1.222355903447254866e+00 3.165146507332779708e-08 9.172952896722923519e-08 0.000000000000000000e+00 1.444471342379464286e-09 3.248754150922701832e-07 1.100754347606750748e-05 inf 0.000000000000000000e+00 -9.000000000000000000e+01
9.572777612650944512e-01 6.024635563956532529e-06 2.074520736645409930e-06 -2.934778573151916832e-09 -5.063422010582637606e-02 0.000000000000000000e+00 -3.341346006690219974e-08 5.657064591133705023e-02 inf 0.000000000000000000e+00 -1.000000000000000000e+01
9.687055567981996962e-01 3.847752610835164511e-01 2.281914455044097624e-08 5.343681242473851843e-04 0.000000000000000000e+00 2.851977437679330540e-01 3.003656337605393788e-09 4.764821779259756220e-06 inf 0.000000000000000000e+00 -9.000000000000000000e+01
3.252405387254624358e-01 3.275432671490557571e-05 4.156325549050518477e-06 2.255001068496539141e+00 -2.261438120825480860e-02 3.059717307671179758e-03 5.464890400107842699e-10 1.691213195414436160e-09 inf 0.000000000000000000e+00 -2.000000000000000000e+01
6.070895045886290919e-01 3.895198555453053824e-01 8.930883174439659955e-01 8.529965195009829864e-10 -1.472513838415183506e-05 8.052810053833034401e-08 4.627741527030374002e-02 8.178308392334327887e-08 inf 0.000000000000000000e+00 -9.000000000000000000e+01
4.265083494467687419e-01 4.062660539538159187e-05 1.657948608424749356e-08 3.647768778163153897e-02 -3.049973894785245598e-05 -8.920563647467886215e-01 -4.408165394806800609e-06 4.444465743285994695e-08 inf 0.000000000000000000e+00 -8.000000000000000000e+01
2.223312972069819288e-02 2.619111545119611195e-01 6.645506905527371888e-01 7.212329553351765066e-01 -7.876880243904502699e-01 0.000000000000000000e+00 8.621067001697342609e-08 1.079637190785535201e-05 inf 0.000000000000000000e+00 -9.000000000000000000e+01
6.099073707726699878e-01 5.822495620670082537e-05 2.371121483587270097e-08 3.173737367004594645e-05 -3.978081729238408526e-01 1.794362203795771723e-08 5.989703379147818130e-10 1.968671675021646933e-06 inf 0.000000000000000000e+00 -9.000000000000000000e+01
9.855616299954544912e-01 1.855349454057707986e-02 1.197318847685240883e-01 0.000000000000000000e+00 -9.307669761189501373e-03 2.362973547851817352e-06 1.479689506003054827e-05 7.073519793595012088e-04 inf 0.000000000000000000e+00 -9.000000000000000000e+01
8.622899804069308893e-02 0.000000000000000000e+00 1.776850012868449245e-07 5.497579813699322165e-03 -6.005233792119697711e-02 1.200621959108466343e-05 0.000000000000000000e+00 -2.198839450037673782e+00 inf 0.000000000000000000e+00 -3.000000000000000000e+01
9.278064221272605555e-06 2.222157290424028042e-01 1.327492396994824020e+00 2.245149891712531459e-05 -4.830146068610974980e-02 4.578720266640673460e-08 1.249351548574418203e-04 1.002891901303470820e-09 inf 0.000000000000000000e+00 -9.000000000000000000e+01
1.009138249028113110e+00 5.376904993067307499e-13 2.206051508723758885e-12 -3.239619814267738121e-17 -2.009884321932984817e-10 7.221652502638499626e-17 -2.902159416948181926e-17 7.983805460143128469e-12 inf 0.000000000000000000e+00 -8.000000000000000000e+01
1.019093255670187104e-05 1.093232965499872700e+00 2.011317691808744701e-01 1.895835336298194729e-01 -7.653713405582020582e-03 3.051589584927388181e-08 3.912000182181351325e-08 7.474817063643802744e-10 inf 0.000000000000000000e+00 -9.000000000000000000e+01
8.960543680971416736e-01 0.000000000000000000e+00 1.181207040914081380e-01 8.081822242278992232e-04 -1.061374442560478887e-01 3.475083556406209124e-08 7.998960157625450607e-10 2.180673238415977124e-08 inf 0.000000000000000000e+00 -9.000000000000000000e+01
2.515296823806557891e-02 7.143950297944111534e-05 9.663905368794260164e-06 2.116456929035637646e+00 -6.734181137840665743e-01 6.434448384792128202e-06 3.507370718302505565e-08 2.395669908132491038e-04 inf 0.000000000000000000e+00 -2.000000000000000000e+01
2.248080416833038164e-01 4.540240841839273123e-01 1.226983297877485623e-07 0.000000000000000000e+00 -5.642241046169194085e-01 1.676264120012496455e-07 3.640488345908017720e-06 -4.650440862272265385e-01 inf 0.000000000000000000e+00 -9.000000000000000000e+01
5.074328833176278142e-01 4.235265679169742983e-10 1.878561085803166183e-08 2.315491746972739295e-02 -5.004095908149617244e-01 4.367052757013622534e-06 2.443406205151180295e-04 -2.750332317938591550e-03 inf 0.000000000000000000e+00 -9.000000000000000000e+01
5.083088775283060023e-01 1.723830106400341955e-01 4.394464947437277718e-07 1.126601707157675377e-03 -4.298525073011109088e-01 3.912338397448655598e-08 1.039408778097962623e-02 6.668758632014754237e-09 inf 0.000000000000000000e+00 -9.000000000000000000e+01
0.000000000000000000e+00 9.393471990976627328e-01 8.166470026757362277e-02 2.394566358754195864e-07 -3.396601463865250858e-01 1.209353653682585092e-03 6.916950002216496196e-10 3.438798775719011049e-08 inf 0.000000000000000000e+00 -9.000000000000000000e+01
8.585471241862246972e-01 2.667177646828528537e-01 1.071149491809487964e-04 1.014178638799306031e-09 -3.629886738287346759e-02 4.278433078076458382e-03 -2.613913004473225436e-03 -1.177740666227692690e-07 inf 0.000000000000000000e+00 -9.000000000000000000e+01
1.279869056702635977e-09 -1.582057095113181822e-01 0.000000000000000000e+00 3.101458463687227773e-01 -1.073501448037195383e+00 3.834399931431494487e-03 3.416287172950932657e-05 7.151106922333378968e+00 inf 0.000000000000000000e+00 -3.000000000000000000e+01
4.207920662219765129e-01 1.099691454974300866e-09 5.539494208172657739e-06 7.774110504493161322e-01 -4.565456404761313869e-01 -2.933626605469117354e-01 -2.820947645368858879e-09 1.582462834089727001e-07 inf 0.000000000000000000e+00 -9.000000000000000000e+01
7.181214985132123862e-01 3.785917859463614805e-05 9.769340091612733785e-05 5.159358092392055117e-04 -2.895966805993336335e-01 5.060828684377623566e-06 5.467052557618941670e-10 -1.089765809818708893e-09 inf 0.000000000000000000e+00 -9.000000000000000000e+01
6.261523132293751459e-01 9.763326951313288914e-06 5.057074930821677594e-07 9.477891460014955388e-03 -3.815615658741505212e-01 5.866486831649685232e-08 2.164943574801138826e-09 3.862784172251244336e-07 inf 0.000000000000000000e+00 -9.000000000000000000e+01
5.548062320646502954e-01 1.241634343714089761e-01 3.094262802768499212e-03 1.841823096886011178e-05 -4.039240839677482042e-01 3.141651376198795390e-06 0.000000000000000000e+00 9.055630226356222888e-04 inf 0.000000000000000000e+00 -9.000000000000000000e+01
3.079537235801606569e-04 9.108559537287301902e-03 4.972329248854840925e-07 1.819199201378208564e+00 -6.369709910902981997e-01 3.855433390351780537e-02 5.908785389490254017e-03 4.600902244723515760e-05 inf 0.000000000000000000e+00 -9.000000000000000000e+01
1.009138248891497947e+00 1.428784571918429240e-16 1.676387928044583517e-10 8.882382325512278540e-15 -3.293376283835618642e-10 4.662747184480935836e-15 -5.279961978093176449e-12 -2.181078043684974348e-12 inf 0.000000000000000000e+00 -8.000000000000000000e+01
2.611247056260349269e-04 2.471475321084874444e-01 1.315870819417202631e+00 1.377288668160032894e-03 -1.456367443365393522e-03 1.812221931789516837e-04 4.619193059280725029e-10 -1.233628893203627536e-02 inf 0.000000000000000000e+00 -9.000000000000000000e+01
9.557201855786706668e-01 1.539579195065453483e-06 4.950977284373620378e-10 -4.947171206024560466e-03 -5.203691194485093180e-02 2.737692399167237294e-05 7.863316863416927359e-09 2.525580882946355194e-07 inf 0.000000000000000000e+00 -9.000000000000000000e+01
2.710942293893586208e-01 2.287806759084418684e-05 2.199185980781927973e-08 7.758401470663035039e-09 -6.772462337091558204e-01 -1.477806088006972940e-01 -4.176591347132703989e-04 4.480039345465571519e-05 inf 0.000000000000000000e+00 -9.000000000000000000e+01
1.799399630169128683e-01 2.367891271568716149e-01 2.519256930748520718e-09 1.926190259157909096e-04 -9.268885457601967748e-02 -7.474429233010226881e-01 -8.502657593106871525e-02 7.772346659759983263e-05 inf 0.000000000000000000e+00 -9.000000000000000000e+01
5.170094173985506636e-01 7.924763773248125753e-01 2.782869341927484186e-05 1.767278620289118501e-08 -8.926384708201683810e-03 5.208821196641612736e-08 3.346505854208800192e-09 -1.621591217299916121e-01 inf 0.000000000000000000e+00 -9.000000000000000000e+01
9.973987541362580034e-01 4.932114833516583888e-06 2.786699926861351469e-09 3.293948120955718697e-06 -8.694050193389691455e-03 7.102245360263881747e-04 7.169181204433034488e-06 -7.665915626951491082e-04 inf 0.000000000000000000e+00 -9.000000000000000000e+01
3.281402026205059164e-01 2.414756344340517336e-01 1.090830068319084429e-03 -1.351819119147682213e-01 -4.429522373974323357e-01 -3.277734580285710195e-06 -9.421994079758092555e-01 -1.014402339933249988e-06 inf 0.000000000000000000e+00 -9.000000000000000000e+01
6.997574710861112490e-02 1.556325307638216122e-07 1.071599840305694286e-06 8.912010182686207072e-06 -9.377255352605217142e-01 2.798494546985374485e-06 2.195623269921307698e-04 0.000000000000000000e+00 inf 0.000000000000000000e+00 -9.000000000000000000e+01
4.282222344032390882e-02 1.679230195504391411e-03 8.749493631463410859e-01 1.272666523538848147e-09 -9.110101828855612371e-01 3.764830391410922027e-05 0.000000000000000000e+00 -8.977672471826044547e-06 inf 0.000000000000000000e+00 -9.000000000000000000e+01
3.089374267965642073e-06 8.172424730191777884e-04 1.026386245684300785e-01 7.258519168966031006e-03 4.451702504186602506e-08 1.049653122457402051e-09 5.677764394929260218e-10 -2.155129914225885290e+00 inf 0.000000000000000000e+00 -3.000000000000000000e+01
4.714656959641396194e-01 3.867360382384304868e-06 0.000000000000000000e+00 -6.069727162642777591e-10 -5.407988865471013984e-01 8.678418411267971153e-09 0.000000000000000000e+00 2.163195546188405594e+00 inf 0.000000000000000000e+00 -3.000000000000000000e+01
7.524021311372629597e-03 5.226642851658669735e-08 5.752216759760677700e-01 1.738283133707198118e-05 -9.668221003376253897e-01 2.744657579537680971e-06 -3.419477389760012392e-02 -4.574429299229468285e-07 inf 0.000000000000000000e+00 -9.000000000000000000e+01
1.482248744976378951e+01 1.854546246597283543e-08 1.832536064127993636e-01 1.181400909427195861e-01 -1.659330852218622066e-08 3.602912504960766000e+03 1.332670425624995350e-05 9.441220710277524321e-10 inf 0.000000000000000000e+00 -2.000000000000000000e+01
1.064452608479260348e-01 2.630527183774127623e-09 4.963925985381031579e-06 1.699505909516943227e-08 -9.013162761235625764e-01 4.357122533123975387e-08 -1.111919420725351074e-04 1.542102006487857198e-07 inf 0.000000000000000000e+00 -9.000000000000000000e+01
9.688525243802217912e-02 1.195018098182911270e+00 5.992930853925075328e-08 3.071532461193025032e-01 -1.332804937212778516e-05 2.234833999822894798e-10 3.687476099707776700e-10 7.990783668572478682e-01 inf 0.000000000000000000e+00 -1.000000000000000000e+01
2.850119148615722908e-01 1.091660631841273072e-09 0.000000000000000000e+00 2.659442163321009134e-01 -7.466509318908794990e-01 -9.089890206663605167e-05 3.192733491754955933e-09 1.547895695360877077e+01 inf 0.000000000000000000e+00 -3.000000000000000000e+01
9.772361700570314502e-01 5.881734896685216943e-05 3.027961799962915953e-08 6.831806682411352416e-03 -3.047803779381738631e-02 2.204171276675295316e-06 1.213496141206512083e-08 4.073879902621861828e-09 inf 0.000000000000000000e+00 -9.000000000000000000e+01
5.459865825864218037e-09 0.000000000000000000e+00 5.185347432385011116e-10 1.532727696925569459e-09 -1.009150049334757382e+00 1.224376436552236839e-05 3.128006935374596370e-02 3.166387388569376436e-03 inf 0.000000000000000000e+00 -9.000000000000000000e+01
1.043555356545770862e-01 6.819148516046839026e-01 0.000000000000000000e+00 5.998288812727897056e-05 -5.239713381815401805e-01 1.530175717532626741e-07 0.000000000000000000e+00 -3.399560309947974279e-08 inf 0.000000000000000000e+00 -8.000000000000000000e+01
7.326593330311150787e-01 6.046496872442519792e-06 3.218998334969398825e-06 8.748437074860833385e-02 -8.160456578994423893e-02 -3.720312955663833132e-01 -2.230762366135593533e-01 3.863065628777973461e-10 inf 0.000000000000000000e+00 -8.000000000000000000e+01
1.119511664718586985e+00 -3.714197547156169454e-01 2.085953369918010503e-01 5.433956805858643518e-09 -2.837234237410962961e-03 9.257852335907318280e-09 -7.487858306700226970e-06 -7.683511693510944873e-01 inf 0.000000000000000000e+00 -9.000000000000000000e+01
4.738510122630887889e-01 2.398565433208006137e-01 8.944815641040708177e-06 0.000000000000000000e+00 -3.908049585674959192e-01 -8.524433158753505491e-02 -2.409137012653630961e-04 2.582070115047084709e-05 inf 0.000000000000000000e+00 -9.000000000000000000e+01
7.858718988549620121e+01 4.708675937798187938e-01 6.061417000894329683e-05 -8.981086612316490320e-08 -1.547900775006709473e-02 1.858208244274809659e+08 8.694961832061071182e+05 5.904954808358928858e-03 inf 0.000000000000000000e+00 -2.000000000000000000e+01
1.007762250691915273e+00 2.907538320908617637e-07 1.789456613300370135e-09 6.931122605150955669e-04 0.000000000000000000e+00 7.754432748856732605e-05 2.877995487808710268e-05 -9.693040936070915757e-06 inf 0.000000000000000000e+00 -8.000000000000000000e+01
4.584238254218975239e-01 9.554727165072609247e-08 0.000000000000000000e+00 2.195443260407708085e-04 -5.493266308893526295e-01 4.742873347891652026e-06 2.500896235768780649e-04 6.413319306897516549e-06 inf 0.000000000000000000e+00 -9.000000000000000000e+01
1.557605572474149132e-03 1.190229817953311731e+00 1.262130143524907325e-04 8.922966596083065777e-03 -4.571063589572377239e-02 2.049738488902853265e-04 2.094377781769771249e-06 1.510397991524477201e-05 inf 0.000000000000000000e+00 -9.000000000000000000e+01
2.777625147529106265e-03 5.578739725481291238e-04 1.539403312206913288e+00 2.072117151388949104e-10 -1.101067051081833913e-06 0.000000000000000000e+00 -1.367264801117074668e-13 2.191123879678179328e-10 inf 0.000000000000000000e+00 -9.000000000000000000e+01
6.701869825837550865e-01 1.459432970669495289e-01 1.121459019567085935e+00 8.476353088283972203e-04 -9.301484804842588897e-03 1.974924634092711876e-05 1.620258643424192903e-03 -2.102735661688285851e-01 inf 0.000000000000000000e+00 -9.000000000000000000e+01
9.759840987121682909e-01 7.368679945276870868e-02 3.484568227433288302e-03 4.362648921243392208e-01 -3.979045888895530247e-08 3.812437885594406953e-05 -3.537942357831609652e-02 -2.530533569692332827e-08 inf 0.000000000000000000e+00 -9.000000000000000000e+01
1.163767006066076426e-05 2.547325359524777241e-05 1.226207586303602826e+00 1.209010209575512099e-02 -9.104221988669822796e-01 1.404516022000145268e-07 0.000000000000000000e+00 8.650762006350737568e-06 inf 0.000000000000000000e+00 -9.000000000000000000e+01
3.397901931120310137e-01 5.892476150490845166e-01 4.113900430050342328e-06 5.284851148461900705e-08 -3.300620485239565416e-01 2.894574271659132392e-06 2.345877500383088144e-07 -1.606533591973447361e+00 inf 0.000000000000000000e+00 -8.000000000000000000e+01
4.592075796250014164e-01 1.523741084260429279e-08 0.000000000000000000e+00 5.533324660354316544e-06 -6.002837226438163531e-01 6.862478364669192152e-08 1.359633163590725946e+00 1.012300211071164786e-09 inf 0.000000000000000000e+00 -1.000000000000000000e+01
1.060613967082595366e+01 7.764790076353760639e+01 1.236730677483764396e+01 1.324397662216790650e+02 -4.871779580163891978e+02 8.741129771012498066e+06 0.000000000000000000e+00 4.488549618330948761e+03 inf 0.000000000000000000e+00 -2.000000000000000000e+01
1.261551075309287727e-05 9.421173852818614039e-03 5.535543893129772641e+02 4.394900565611497951e-06 2.983638961832061768e+09 3.442531038778626709e+11 7.983957538167940626e+00 0.000000000000000000e+00 inf 0.000000000000000000e+00 -2.000000000000000000e+01
1.087481677553744780e-01 1.132120663444597275e+00 1.290718137344698878e-08 2.200731034617332050e-09 -1.519625051603486210e-02 2.789762710892401618e-07 -9.497656572521788812e-04 4.585446014250903430e-08 inf 0.000000000000000000e+00 -8.000000000000000000e+01
-6.463511450381680392e+06 5.526151001908397831e+01 2.170883062231632188e-02 7.376416038920862416e-03 -5.252885496183207259e+06 1.229147874671994572e-01 6.566106870229009539e+06 3.499124654149281884e-06 inf 0.000000000000000000e+00 -2.000000000000000000e+01
7.291125078112876690e-01 0.000000000000000000e+00 8.198969445815647017e-01 1.223326958268830770e-09 -2.305073589870315909e-01 5.482512825934824928e-10 1.371732635573460831e-06 -2.216416913336842297e-05 inf 0.000000000000000000e+00 -8.000000000000000000e+01
7.424445618948910530e-01 1.187911299031825692e-02 6.785943295719304436e-01 1.733307158964818293e-06 -2.219909240065724154e-01 0.000000000000000000e+00 0.000000000000000000e+00 7.108161315582208752e-10 inf 0.000000000000000000e+00 -8.000000000000000000e+01
8.654075353928727399e-01 3.290143855756313407e-01 1.928275061946581219e-06 3.625024000824132444e-09 0.000000000000000000e+00 1.179618465841951280e-08 4.087754487454813707e-02 1.804594054217856791e-01 inf 0.000000000000000000e+00 -1.000000000000000000e+01
8.284871866808506402e-01 4.193682563508223105e-01 1.563923037840885517e-05 -1.609995640355403981e-09 -5.521690938936886462e-04 2.102539761159784215e-08 -4.212166048584785436e-04 2.869811285822327918e+00 inf 0.000000000000000000e+00 -3.000000000000000000e+01
7.113198029914603593e-01 8.296065524192394334e-05 3.968646646988430633e-08 6.892633749917251350e-04 -2.757053499966900523e-01 -5.514106999933800907e-02 5.315151759359504721e-10 1.821600594307964970e-05 inf 0.000000000000000000e+00 -8.000000000000000000e+01
7.060544387813349587e+00 8.044646813548396169e-01 2.174036052578341050e-07 5.339097361843785951e-04 -4.246870587249457207e-02 3.948906241679678715e+02 1.664278134468430361e-08 3.646794180187942579e-05 inf 0.000000000000000000e+00 -2.000000000000000000e+01
9.721184867676659902e-01 2.885481727418348347e-06 7.592218081268049260e-06 -1.159819826049475040e-09 -3.496247146381491200e-02 1.356066697752501261e-05 1.853568867497082339e-09 1.470169397239766835e-05 inf 0.000000000000000000e+00 -9.000000000000000000e+01
7.892850061806765405e-01 0.000000000000000000e+00 2.666243252585943635e-01 6.352781757063982182e-01 -2.021339649974903119e-01 3.748182595923980079e-05 1.052776477934050362e-08 0.000000000000000000e+00 inf 0.000000000000000000e+00 -9.000000000000000000e+01
1.966815184298891225e-05 -3.332410543960603877e-01 8.710459243619795844e-01 1.865270060249895723e+00 -1.104204681893216522e+00 0.000000000000000000e+00 -7.195992756206181997e-05 1.506293558088595042e+01 inf 0.000000000000000000e+00 -3.000000000000000000e+01
1.626401496042750484e-05 8.542702559167417720e-01 1.074426539780079842e-08 0.000000000000000000e+00 -4.682811723947277183e-01 3.755074042333997455e-05 1.061346564513191893e-06 -5.326943252921196789e-03 inf 0.000000000000000000e+00 -9.000000000000000000e+01
3.013731353072098829e-01 6.673733324527274524e-01 2.862055595696479382e-01 0.000000000000000000e+00 -4.264795177722691569e-09 -2.110271406965145979e-01 0.000000000000000000e+00 -2.962165572287391753e-07 inf 0.000000000000000000e+00 -9.000000000000000000e+01
7.310468803941685412e-01 1.873067114876070084e-05 2.351713310091534549e-03 1.426871509166738902e-04 -2.765859186518043744e-01 1.526247711290587656e-08 2.748755816990105204e-04 -3.367065561549464163e-08 inf 0.000000000000000000e+00 -8.000000000000000000e+01
6.444508930895955778e-01 1.540386875851965342e-05 1.480718250745020083e-08 9.833540238793877836e-06 -3.637391543818576101e-01 5.288795670353353181e-06 0.000000000000000000e+00 9.929060312688091786e-08 inf 0.000000000000000000e+00 -9.000000000000000000e+01
2.875676766839294629e-01 9.458816046385823450e-06 8.003285237803889338e-07 -2.192566684940023643e-09 -7.183597215217225607e-01 2.160887014207050034e-08 1.075441453829897529e-09 -1.104620097926057497e-09 inf 0.000000000000000000e+00 -9.000000000000000000e+01
4.153565112379190016e-01 2.892898384979755710e-01 5.998119587205731351e-01 -2.508892664725848563e-03 -3.994322999444525069e-01 0.000000000000000000e+00 0.000000000000000000e+00 8.601734927120242115e-10 inf 0.000000000000000000e+00 -9.000000000000000000e+01
5.461375067644694376e-09 0.000000000000000000e+00 0.000000000000000000e+00 1.655193281674439463e-09 -1.009429003335789776e+00 1.199720703127919548e-05 3.736730083342426623e-02 -7.732574844379168897e-07 inf 0.000000000000000000e+00 -9.000000000000000000e+01
7.526644880374955097e-03 5.228465342266333268e-08 5.754222513992495180e-01 1.555848285096962872e-05 -9.671592238502043637e-01 2.802814925358499403e-06 -2.864225172376150264e-02 1.874339581105047151e-03 inf 0.000000000000000000e+00 -9.000000000000000000e+01
4.014210720921678958e-06 9.020377513324447831e-04 1.473221757315409608e+00 3.452221219992643921e-05 -2.243447814959478037e-01 3.590488478157723990e-06 2.501912584741116074e-07 1.173041577336001685e-05 inf 0.000000000000000000e+00 -9.000000000000000000e+01
8.869126370288480388e-01 2.336625361010846169e-01 1.146328302108815672e-01 8.106739533748987675e-03 0.000000000000000000e+00 1.845002459432080655e-07 -6.649293019509611722e-04 -2.035125314428801513e+00 inf 0.000000000000000000e+00 -3.000000000000000000e+01
6.429769860381956414e-01 4.944678659033893142e-01 4.311827294823070700e-01 3.131295812501465499e-03 -3.238089480212041904e-02 1.192261481240278443e-05 -1.550485842316515206e-02 -2.468120320422207900e-02 inf 0.000000000000000000e+00 -9.000000000000000000e+01
1.920285682286945461e-01 7.593857016316557518e-01 5.896318428241497149e-09 9.789275959922824773e-06 -3.702368985924451850e-01 3.956169533654681098e-10 3.693870074163055727e-08 -6.026384275923295014e-09 inf 0.000000000000000000e+00 -9.000000000000000000e+01
9.789827009760563303e-01 8.632826736540683661e-05 4.444244775240621362e-08 1.002728011764628981e-02 -2.810306445389115088e-02 1.035244413476508563e-04 3.138111768776774676e-08 9.010621467968771079e-07 inf 0.000000000000000000e+00 -9.000000000000000000e+01
8.332737814367707774e-01 1.244180891732702965e-01 9.560547904893401672e-01 7.226173970281426183e-04 -3.826674782138411723e-02 1.674649830502166772e-04 1.711120426452840538e-06 1.234005095865260161e-05 inf 0.000000000000000000e+00 -9.000000000000000000e+01
5.323402574940432341e-01 1.653777638170832731e-01 8.170649273276060570e-05 9.169022878967619299e-08 -4.090408596185846624e-01 1.456382396780434669e-03 8.329841475207144334e-10 1.075085430694218514e-05 inf 0.000000000000000000e+00 -9.000000000000000000e+01
1.007730876050119351e+00 6.342162662094213254e-06 1.981925831904441695e-06 6.135088807487216616e-10 0.000000000000000000e+00 1.413261528867590910e-09 3.178560296450519689e-07 4.148488622205641769e-08 inf 0.000000000000000000e+00 -9.000000000000000000e+01
5.418320610687023873e+04 9.421173852818614039e-03 2.170883062231632188e-02 7.777723647255935756e-03 3.442531038778626709e+11 1.229147874671994572e-01 1.001908396946565063e+03 3.738371470502315484e-04 inf 0.000000000000000000e+00 -2.000000000000000000e+01
7.334552640836831117e-01 3.992296199225989911e-02 4.809542715302839722e-01 -1.808491415626855277e-09 -2.307077521246831131e-01 3.692323575800691632e-06 2.572872988572298892e-07 1.174204764478232388e-05 inf 0.000000000000000000e+00 -9.000000000000000000e+01
4.642072383187441642e-01 0.000000000000000000e+00 1.416225472836846633e+00 6.272400650445892714e-09 -6.418952067512386207e-09 0.000000000000000000e+00 0.000000000000000000e+00 -4.417645916052359948e-07 inf 0.000000000000000000e+00 -9.000000000000000000e+01
8.673932727094517761e-06 9.817001936267929496e-01 4.210058142628736455e-01 4.643672822530785866e-10 -7.093559946537473550e-03 1.058829678600405000e-09 -7.154188664029247080e-03 -9.547246772996525038e-07 inf 0.000000000000000000e+00 -9.000000000000000000e+01
4.214398959540038292e-01 3.257939621204710701e-01 6.799828108477721234e-01 -7.126177387947796798e-10 -3.474637440046308146e-01 4.175494563250662299e-09 7.895804545846158530e-07 -2.529792972721467729e-08 inf 0.000000000000000000e+00 -9.000000000000000000e+01
3.020082494845938159e-01 5.728143786596707727e-08 1.972643894380191669e-08 9.453450149817609476e-10 -7.043642879353146924e-01 0.000000000000000000e+00 0.000000000000000000e+00 2.480182738925532312e-09 inf 0.000000000000000000e+00 -9.000000000000000000e+01
6.470963575849161264e-01 1.828150690405146855e-02 3.171124126417343160e-07 -3.481678496467349639e-03 -3.532125107499755612e-01 1.331608969267365648e-06 5.941745802221292191e-09 1.845230746537581268e-09 inf 0.000000000000000000e+00 -9.000000000000000000e+01
6.897609761522113248e-01 3.888454228166857152e-01 5.992941543820928524e-06 2.211924716726071605e+00 6.260117536932037866e-10 2.882145721882469203e-01 3.035429084768208782e-09 4.815224175756616626e-06 inf 0.000000000000000000e+00 -2.000000000000000000e+01
1.590779094966260303e-05 4.025041058891375145e-02 4.848990640358550319e-01 -1.806389778986033171e-09 -9.637368897712619287e-01 5.383041541378378999e-08 1.239070489023232101e-09 2.601201281739887965e-08 inf 0.000000000000000000e+00 -9.000000000000000000e+01
3.767092698810270979e-01 8.715717527186289670e-01 1.603507890124942215e-01 6.323642434516351047e-04 -5.382588536678372532e-03 3.067228817097311665e-06 0.000000000000000000e+00 1.144849009471680468e-03 inf 0.000000000000000000e+00 -8.000000000000000000e+01
9.819854160371640495e-01 6.067109844477622596e-03 7.574037326020332509e-07 -1.078507470223030776e-09 -2.347375496503181086e-02 0.000000000000000000e+00 -1.910299069419906483e-05 4.372327581985259847e-08 inf 0.000000000000000000e+00 -9.000000000000000000e+01
9.442680017966910422e-02 1.157905539211060653e+00 4.066114673091066810e-05 7.711181129650067558e-09 -5.410383311751604314e-10 7.610728961677614348e-08 2.540848954597340438e-09 3.957200887204698398e-05 inf 0.000000000000000000e+00 -9.000000000000000000e+01
4.234948400878665864e-01 4.033955672273963289e-05 1.646234315716183377e-08 1.808691649503964597e-09 -1.162914892689793922e-02 -8.857535099320595906e-01 -4.377019351147702405e-06 4.274432960105177799e-08 inf 0.000000000000000000e+00 -9.000000000000000000e+01
1.631157055356331764e-02 8.710628981033299856e-02 7.404868985313269774e-04 4.071635002628592459e-01 -9.558330038957614239e-01 3.031615225998092142e-08 0.000000000000000000e+00 2.368001814322919444e-07 inf 0.000000000000000000e+00 -9.000000000000000000e+01
5.943366338123596826e-01 9.776347788328305921e-02 1.003633576466152696e-09 5.772178202268473659e-04 0.000000000000000000e+00 3.085978675564174933e-01 -1.570746817932664685e+00 -7.972621826337670416e-06 inf 0.000000000000000000e+00 -9.000000000000000000e+01
9.633995877515013628e-01 2.779545689285190233e-07 1.752577291023369124e-09 9.129064787342330053e-05 -4.392933431503076580e-02 -7.413075165661441577e-05 1.183317843284113268e-06 -2.239810325609035146e-01 inf 0.000000000000000000e+00 -9.000000000000000000e+01
3.037011805924421104e-01 0.000000000000000000e+00 4.006519420892601380e-02 8.667164461522770813e-02 -7.027178086323583317e-01 2.262750123384908457e-10 2.863249194590903605e-10 5.133170495289923762e-06 inf 0.000000000000000000e+00 -9.000000000000000000e+01
2.925741836127907294e-02 3.446588184977051328e-01 8.745074499195503170e-01 7.459034131666752998e-01 -2.591371340570432502e-01 2.330280969910264883e-08 3.717717994758153194e-08 -1.491379820742569644e-04 inf 0.000000000000000000e+00 -9.000000000000000000e+01
2.069758904889910101e-01 -2.846783778046740876e-02 4.380499354517211098e-04 3.658866166099445679e-05 -1.116216131817718976e-02 -1.027264954801547336e+00 0.000000000000000000e+00 -9.109708089749570803e-01 inf 0.000000000000000000e+00 -8.000000000000000000e+01
3.803058124606690793e-01 6.988645557395321006e-01 0.000000000000000000e+00 4.100648272537182314e-06 -4.448595666052844733e-01 1.824413748408187545e-05 4.757350899570664305e-10 4.050607738326476692e+01 inf 0.000000000000000000e+00 -3.000000000000000000e+01
1.075679259562616530e-05 -2.329382571425264725e-01 5.891377066421656962e-03 -8.651575814176540387e-08 -8.656042334383539094e-01 -4.932810151253501640e-01 -3.090093715440412336e-01 -5.499799823811375443e-01 inf 0.000000000000000000e+00 -9.000000000000000000e+01
1.707899787187795171e-01 5.835415273519681126e-04 2.259090591269022515e-03 2.033754836098816909e+00 -9.090962741904344557e-03 -1.773420239381700292e-01 -3.876626754806056924e-02 -1.354089345340707129e-01 inf 0.000000000000000000e+00 -2.000000000000000000e+01
2.108292259372770636e-02 5.510683431105284358e-01 0.000000000000000000e+00 -8.037968284131530478e-10 -7.009913482214810143e-01 -9.560124059017668929e-03 -4.323027953011921668e-04 4.637115224197570641e-05 inf 0.000000000000000000e+00 -9.000000000000000000e+01
6.191377074811184045e-01 8.803545720816584561e-07 2.831043380256543800e-10 -4.379790641220417919e-09 -3.922695583499504757e-01 1.611496504827442526e-06 0.000000000000000000e+00 1.569078233399801903e+00 inf 0.000000000000000000e+00 -1.000000000000000000e+01
8.792321737651471666e-03 6.604808997634819200e-06 2.162312853379522377e-04 -2.685436350638405856e-09 -9.955613536786896978e-01 0.000000000000000000e+00 0.000000000000000000e+00 3.187792804222033941e-09 inf 0.000000000000000000e+00 -9.000000000000000000e+01
6.408634625945373031e-01 4.535095834709984631e-06 8.507694662849220046e-01 2.613348974751628599e-05 -3.157877931625256429e-01 -3.843493719916712064e-05 8.182908362647333812e-10 -4.549904649844078014e-10 inf 0.000000000000000000e+00 -9.000000000000000000e+01
1.196844345641898560e-09 2.308354774192713151e-08 2.174190408491922799e-01 2.882743532687951360e-01 -9.977980981829002172e-01 3.518500103028223032e-03 2.024872608940976485e-09 1.175149281974673805e-09 inf 0.000000000000000000e+00 -9.000000000000000000e+01
7.879122528246796930e-01 1.309051250164584673e-09 5.650873409095567377e-10 2.234964395824022176e+00 -9.697998047828007605e-05 1.650542880642302414e-09 3.358001033030891117e-09 1.883732879739943957e-07 inf 0.000000000000000000e+00 -2.000000000000000000e+01
4.876298441623380664e-01 1.534152769619147119e-08 3.998385655819901919e-07 1.021132083458504329e-03 -5.730907446856344789e-01 5.154753305920334003e-06 1.403569613300255536e+00 -3.149799734360463500e-03 inf 0.000000000000000000e+00 -1.000000000000000000e+01
4.463738782241616909e-01 4.844019244711495155e-10 1.533197233900381318e-01 1.641879569468003286e+00 -6.039632647972135615e+00 2.921381180057678648e+02 2.795522547472140151e-04 1.026642884700048193e-09 inf 0.000000000000000000e+00 -3.000000000000000000e+01
0.000000000000000000e+00 7.002496995719130757e-01 6.148386202988682936e-02 5.342481228423409086e-06 -6.009063165876624701e-01 1.642156721395530419e-03 -1.052967926543243527e-03 -5.730689206959366514e-06 inf 0.000000000000000000e+00 -9.000000000000000000e+01
7.541954385690590179e-01 1.677400380060946906e-06 1.138347254827738496e-05 3.209391439249737182e-06 -2.395999949244663751e-01 4.294144972956024080e-04 2.254758474963905815e-03 -8.127342398747312128e-07 inf 0.000000000000000000e+00 -9.000000000000000000e+01
6.445366178949710201e-02 2.527485179245341981e-03 1.362632539549700539e+00 1.910226875265339860e-09 -5.484810222086845544e-01 3.977528673532999472e-06 0.000000000000000000e+00 6.943860925407433324e-10 inf 0.000000000000000000e+00 -9.000000000000000000e+01
3.694662136996648694e-01 1.006763471586457070e-01 1.367796361633853608e-08 1.693919491875626321e-02 -5.995835786337122553e-01 2.263150525934565767e-08 6.012615177530229900e-03 3.810017720428561674e-09 inf 0.000000000000000000e+00 -9.000000000000000000e+01
1.437675336686549632e-05 1.469124484676567744e-05 7.609570629727635426e-07 1.927635091429325681e-02 -1.006970808620646363e+00 2.239347814467819006e-07 -3.246703336023091759e-09 -1.639804556538689930e-09 inf 0.000000000000000000e+00 -9.000000000000000000e+01
6.408778138402605462e-01 2.140492376781382350e-05 1.030370141379983062e+00 7.516348452273031479e-03 -3.025936409173142772e-01 4.652359588984009337e-08 2.812569098269908710e-02 -2.011706184103423378e-08 inf 0.000000000000000000e+00 -9.000000000000000000e+01
3.765170883968648741e-01 5.821012585614261381e-01 4.006358997355915358e-02 -6.948495676348610817e-02 -4.105325304878572334e-02 -3.029259174280587996e-01 -4.807287983414769254e-03 -1.009311023052951728e-01 inf 0.000000000000000000e+00 -9.000000000000000000e+01
5.852657069100229981e-01 1.090153639926975428e-02 1.304315134691189473e-06 9.355347185907544102e-04 -4.173868594016216793e-01 8.262131343060743482e-10 1.229581402649423992e-04 -6.622743525560786937e-01 inf 0.000000000000000000e+00 -9.000000000000000000e+01
5.523443964550153185e-01 2.906968295939822653e-08 1.001094503521444860e-08 4.602583056190022669e-06 -4.553903268645072555e-01 5.472455376392738179e-09 1.034834015068698252e-06 -1.127325807536904106e-09 inf 0.000000000000000000e+00 -9.000000000000000000e+01
3.564145610401755482e-01 1.404718588008224989e-09 1.659684633091909673e-09 -1.842375020414513518e-06 -4.872855326721149856e-03 -5.714318245135923885e-06 -1.441154529423318564e+00 -4.287709138419231705e-04 inf 0.000000000000000000e+00 -9.000000000000000000e+01
6.204988076413183729e-01 3.948240742411100908e-03 0.000000000000000000e+00 0.000000000000000000e+00 -3.843970600796846604e-01 1.485781149972505268e-08 0.000000000000000000e+00 -6.965977180124235391e-01 inf 0.000000000000000000e+00 -9.000000000000000000e+01
3.369205246816338595e-01 2.479370001043174898e-01 3.802714725526341812e-04 2.015438804528961181e-01 -5.658439511583196468e-01 -6.888706851417348057e-05 2.425256226249448038e-09 1.225774361827758330e-07 inf 0.000000000000000000e+00 -9.000000000000000000e+01
1.024751028821129645e-01 1.064164529929634728e+00 4.716808807517300154e-10 8.239211504921238163e-06 -1.204575127628683684e-01 4.300026442349405652e-06 2.521078440045973349e-04 6.269618973635322331e-06 inf 0.000000000000000000e+00 -8.000000000000000000e+01
4.540067576961362428e-01 9.485743824256863772e-08 1.286691528472798419e-08 2.174289426266643929e-04 -5.537139987253516527e-01 1.425169540505745309e-08 -6.942364336585071943e-06 -1.500448772769746517e-02 inf 0.000000000000000000e+00 -9.000000000000000000e+01
3.880462597810812042e-01 1.139737097363144880e-01 6.808664435422652206e-01 1.057139435929409215e-08 -5.606435225671448919e-01 2.710250097483451645e-08 -6.407882617916057187e-05 9.179793728318092150e+00 inf 0.000000000000000000e+00 -3.000000000000000000e+01
9.759164496921601817e-01 1.837192111619277701e-02 1.185601309364973793e-01 1.497502945148004947e-04 -1.910679796084048532e-02 1.519032540206043209e-05 2.248506428316185916e-09 -1.102352177518649464e-09 inf 0.000000000000000000e+00 -9.000000000000000000e+01
9.768715366061825334e-01 4.781805251209462305e-05 3.400403126347127700e-08 7.937081234925232390e-04 -3.260308753423134254e-02 4.411185532487292733e-03 5.476890737534704696e-10 5.152997355597612600e-02 inf 0.000000000000000000e+00 -1.000000000000000000e+01
8.981860874697800017e-08 1.186540314777589922e+00 2.333869361141948281e-08 -3.116246021979305812e-09 -5.376510801335954853e-02 0.000000000000000000e+00 -5.103865825123553226e-08 2.467948977217653465e-09 inf 0.000000000000000000e+00 -9.000000000000000000e+01
2.833650431582475093e-01 8.026089058578350427e-04 0.000000000000000000e+00 0.000000000000000000e+00 7.398649987417891793e+01 1.812209325554692778e-05 3.362578520420874545e-04 -5.780195302670227964e-01 inf 0.000000000000000000e+00 -3.000000000000000000e+01
1.244487883789188920e-08 4.637955135351240553e-10 1.459891123071494109e-06 2.255517858892922334e+00 -5.359093996085231496e-08 0.000000000000000000e+00 0.000000000000000000e+00 -4.874003591267171369e-08 inf 0.000000000000000000e+00 -2.000000000000000000e+01
5.810449555927763576e-01 4.147526282345743720e-01 1.194079786292236188e-06 5.337536644726295854e-05 -2.323201632210174783e-01 2.037398635361127830e-06 1.651188454482232911e-07 -2.826969565089433867e-01 inf 0.000000000000000000e+00 -9.000000000000000000e+01
5.987702317021810217e-01 4.911619852851856935e-06 4.738187607382852505e-10 3.079092992859256665e-08 -4.089639817835158397e-01 0.000000000000000000e+00 0.000000000000000000e+00 -2.653385060134397651e-08 inf 0.000000000000000000e+00 -9.000000000000000000e+01
9.310193434070297425e-01 0.000000000000000000e+00 1.004001791936818044e+00 7.421526016035909223e-02 -1.442389607767776381e-02 9.052896075625198271e-08 5.202465081008561532e-02 9.358578280776179167e-08 inf 0.000000000000000000e+00 -9.000000000000000000e+01
7.187878686661227645e-01 1.785931287690036279e-08 3.351966776938884545e-05 1.250086433281913303e-04 -2.810541329166412750e-01 1.318604577692869928e-06 -7.492631619039859985e-04 5.584043918383941550e-09 inf 0.000000000000000000e+00 -9.000000000000000000e+01
3.572222727140368370e-01 -2.292004177529369524e-01 1.486705412451482911e+00 6.569168748921644326e-09 -5.678388728113302752e-01 1.126912437607752828e-09 -7.614203067242837977e-03 -1.016113483673950228e-06 inf 0.000000000000000000e+00 -9.000000000000000000e+01
6.601743393655431502e-01 1.944281993532052111e-01 1.155794837464897418e+00 1.960887361628575038e-05 -1.379117907754725092e+00 7.632163875869899528e+00 1.453926238866065515e-03 -4.169874801024180304e-06 inf 0.000000000000000000e+00 -3.000000000000000000e+01
5.825654659918583222e-01 0.000000000000000000e+00 7.170770337399784422e-02 7.368341963635226621e-10 -4.222963639940982006e-01 5.934950681320335761e-10 0.000000000000000000e+00 1.815786907051459037e-08 inf 0.000000000000000000e+00 -9.000000000000000000e+01
3.376766770464758704e-08 2.241474494187813836e-08 8.663153369744069958e-08 1.465157210940767618e-01 -1.082262793148246915e+00 2.158664957452730848e-01 0.000000000000000000e+00 3.216661449451343489e-09 inf 0.000000000000000000e+00 -9.000000000000000000e+01
9.589345987712981356e-02 9.982969796815610586e-01 1.218017230909447286e-08 3.308114991394434656e-01 -1.813182014270620646e-01 5.311353826588737436e-08 6.808915995739697558e-08 1.301007134449896349e-09 inf 0.000000000000000000e+00 -9.000000000000000000e+01
3.830754871435894660e-01 3.058740496835293254e-01 3.742411436015188412e-09 3.422049367562526284e-09 -4.915483929419017795e-01 2.780975744764344987e-06 7.645003906256708095e-10 3.727849523812794773e-09 inf 0.000000000000000000e+00 -9.000000000000000000e+01
6.474271199863475268e-02 2.101758458740327750e-09 5.609283230867629337e-08 7.508004931482301048e-05 -9.410815636944408480e-01 0.000000000000000000e+00 2.039739356679138013e-07 4.692503082176438155e-06 inf 0.000000000000000000e+00 -9.000000000000000000e+01
9.774066268541288238e-01 4.894864918139667448e-05 9.037455064314266294e-08 2.991986181212871829e-03 -2.946708680720079923e-02 3.740460740668251723e-06 2.036340288210447623e-05 1.119700350024448827e-03 inf 0.000000000000000000e+00 -9.000000000000000000e+01
1.949160413468269626e+00 0.000000000000000000e+00 1.833548953335410771e-06 3.446945455912846840e-09 0.000000000000000000e+00 6.294953864508419095e+00 3.667097906670821542e-06 -2.005094491481220764e-01 inf 0.000000000000000000e+00 -3.000000000000000000e+01
2.792340922943794992e-04 2.119881038327541243e-07 1.527601741077854625e+00 1.598902062726720872e-03 -1.690705051974188003e-03 2.103818503587790692e-04 0.000000000000000000e+00 -2.891794161295217682e-03 inf 0.000000000000000000e+00 -9.000000000000000000e+01
1.739310226496019141e+01 8.176101161231287051e+00 5.171540189969624392e-06 1.589680859761986587e-01 -2.232778453728661760e-08 5.312216067827841471e+03 1.102317093752595671e-09 1.072734342811036603e-05 inf 0.000000000000000000e+00 -2.000000000000000000e+01
9.873579629192791307e-01 1.690850511499265504e-02 4.152535072778722079e-07 2.305080693460841739e-06 -2.400514047347497570e-02 8.497160203345847248e-06 1.988697068868176994e-05 5.260643226433919573e+00 inf 0.000000000000000000e+00 -3.000000000000000000e+01
6.459522684467728926e-01 3.007019180700494787e-01 3.188669526567463556e-05 2.230585566491844092e-03 -2.323605730541291325e-01 8.769257596356713216e-10 4.271334063495020659e-04 -5.543242429069093757e-02 inf 0.000000000000000000e+00 -8.000000000000000000e+01
1.216917547560855406e-01 5.353660720848511557e-07 5.263932788645147909e+00 2.300091272660841877e-06 -7.362656920920954695e-01 1.237365125699833391e-03 2.981679389313039137e+05 3.905877266221455102e+01 inf 0.000000000000000000e+00 -2.000000000000000000e+01
4.739026717557253505e+03 9.217557251908400531e+02 2.626442748091604095e+06 4.198949584979139139e-08 -1.547900775006709820e-02 1.858208244274809957e+08 8.694961832061072346e+05 1.718360959118559739e-01 inf 0.000000000000000000e+00 -2.000000000000000000e+01
8.394249304856673533e-01 3.704129058333580082e-01 3.009006311613507268e-06 8.161075713055099268e-02 -1.259553777142432499e-03 4.109904894056139392e-09 -3.171655301430453687e-06 0.000000000000000000e+00 inf 0.000000000000000000e+00 -9.000000000000000000e+01
1.604895998928385642e-05 4.814687996785156588e-05 2.332114498442810402e-08 8.093811501795634142e-04 -1.007609686899683110e+00 3.078140372944677032e-08 3.091671652335641930e-04 3.570893597615657792e-06 inf 0.000000000000000000e+00 -9.000000000000000000e+01
9.781001983652557463e-01 4.414359087492594411e-04 2.409782437698662642e-08 8.743475378812917698e-02 -3.087006975667234976e-02 4.170808241286106353e-03 7.439840357352798469e-10 2.177514250932526169e-09 inf 0.000000000000000000e+00 -9.000000000000000000e+01
1.810213821079895301e-05 1.205565080842899244e-05 4.264266578523258496e-06 3.872364617258538437e-06 -4.600182545321588886e-06 3.057581777791031422e-03 0.000000000000000000e+00 7.333418795170676668e-04 inf 0.000000000000000000e+00 -9.000000000000000000e+01
6.674993436253430223e-01 6.290878392895958157e-06 1.895098311471661513e-04 2.154703261360276658e-09 -3.405454796097621140e-01 5.693367364220887167e-09 0.000000000000000000e+00 8.803341157641150594e-08 inf 0.000000000000000000e+00 -9.000000000000000000e+01
8.585660989491070705e-01 6.482174047065758504e-02 2.884245488657156530e-03 3.812033479334035468e-01 -9.725944089657853554e-05 1.270677826444678526e+00 1.666406368809912470e-05 -2.094901281435821438e+00 inf 0.000000000000000000e+00 -3.000000000000000000e+01
1.607499137097531447e-05 7.095338041982350852e-01 2.648774697545783403e-04 1.225346207908136267e-02 -6.053640213104055645e-01 -3.889413140715226309e-08 0.000000000000000000e+00 1.911904290857605254e-07 inf 0.000000000000000000e+00 -9.000000000000000000e+01
9.672620846527446928e-03 1.191374884643984444e+00 -4.684784927350718205e-09 9.064279912783582832e-03 -3.832547882586347099e-02 1.638718390272535371e-03 5.348341925574543268e-10 -1.879715562181588559e-08 inf 0.000000000000000000e+00 -9.000000000000000000e+01
5.565079603181958268e-01 2.933895490198253832e-05 7.570746091426409734e-05 4.457299899304350567e-04 -4.518783982965186574e-01 9.329232347381198913e-04 2.556746464250055567e-06 -1.038316720210146925e-06 inf 0.000000000000000000e+00 -9.000000000000000000e+01
