5.023101089281264420e-01 3.303128731861998957e-01 3.053928191440457451e-05 0.000000000000000000e+00 -3.596305838240282937e-01 3.686186762324614798e-05 1.114206613595854374e-04 0.000000000000000000e+00 2.503081412716560226e+04 0.000000000000000000e+00 0.000000000000000000e+00
6.235449495133776887e-01 5.071904715359222376e-06 2.964106696182143823e-04 1.801281296242651894e-07 -3.464138608407653641e-01 3.700099221626827230e-06 7.295582542642181855e-08 -9.514540855611842174e-06 9.077145874628308229e+04 0.000000000000000000e+00 0.000000000000000000e+00
4.888953536882842954e-01 1.041347103356045634e-01 1.087303266602744234e+00 2.255469583003116084e-08 -3.676493059735898017e-01 2.035074653414366977e-05 0.000000000000000000e+00 0.000000000000000000e+00 9.533975687645027938e+04 0.000000000000000000e+00 0.000000000000000000e+00
3.639129766568313107e-01 1.395681373736216598e-06 1.154347614126507882e+00 2.180752146462838435e-08 -5.615216360242505367e-01 2.136437396962524105e-07 4.167638925637986085e-05 1.630036427935773965e-05 1.002680108662369603e+05 0.000000000000000000e+00 0.000000000000000000e+00
5.562555534700880377e-01 0.000000000000000000e+00 1.361140483112412536e+00 2.758530500454385606e-05 -7.822343720673113898e-02 2.150706349262518010e-09 -6.172935385632191815e-04 -1.086342185174936031e-08 1.038853400332071178e+05 0.000000000000000000e+00 0.000000000000000000e+00
2.136158953751277900e-01 -3.821599935405683643e-05 1.345022005117714858e+00 2.007428740998355918e-06 -4.709360866725155192e-01 7.602285751132546027e-09 2.727381150481834128e-05 -2.418909102633082563e-09 1.077400842679811467e+05 0.000000000000000000e+00 0.000000000000000000e+00
6.942022623327096520e-01 6.257597857646959860e-02 7.506260686227385131e-08 5.266504392026369135e-06 -2.894139009161719178e-01 0.000000000000000000e+00 -5.299326799002170669e-05 -8.796399241672717467e-10 1.166086990919619129e+05 0.000000000000000000e+00 0.000000000000000000e+00
7.233396155459463905e-01 1.804148903850610614e-04 3.934381016989776242e-02 -3.588982556126431951e-08 -2.824934444497007036e-01 2.571389476056922142e-05 5.607785243947549923e-10 2.345073829287157203e-09 1.183463493567722762e+05 0.000000000000000000e+00 0.000000000000000000e+00
3.680700551323740077e-01 1.411624627672296866e-06 1.068590482642376216e+00 2.995361776793408447e-04 -5.679360528117813889e-01 2.160842511610668107e-07 -7.092243690859231179e-04 7.174374578287437431e-05 inf 0.000000000000000000e+00 -9.000000000000000000e+01
2.681231988537436939e-01 3.244953908388947816e-02 1.117969521722323556e+00 2.117675091482175306e-08 -5.646693516495804310e-01 -7.579454384558126367e-02 2.005861846651916488e-07 -1.091026207131616719e-07 inf 0.000000000000000000e+00 -9.000000000000000000e+01
5.066554360063474372e-02 5.541086985586942681e-01 2.804719679431153523e-01 7.373867540048921754e-01 -2.343378212559711349e-01 -6.488771314338304119e-02 -3.004921207037405395e-01 -6.954337577427466277e-01 inf 0.000000000000000000e+00 -9.000000000000000000e+01
1.729260349379792457e-08 4.959756109071502731e-05 -3.308869006892804505e-13 1.642358339187669362e-13 -1.009119109627139022e+00 -1.228289273335211759e-07 -5.698249206194281630e-08 9.560395890392627775e-08 inf 0.000000000000000000e+00 -9.000000000000000000e+01
7.739005504902657172e-06 5.970240872559736256e-09 1.425392934444577042e+00 3.214096733274511674e-08 -4.345940097744377950e-01 1.137857672181973208e-08 5.162502401566360425e-10 -9.206251901742937853e-07 inf 0.000000000000000000e+00 -9.000000000000000000e+01
4.747367687967596339e-01 8.324004430259926424e-02 1.250211762170652108e+00 1.556948598307343463e-05 -4.193262055474136419e-09 1.098058485122021136e-05 -8.136043039899218399e-02 -1.450036420709758629e-08 inf 0.000000000000000000e+00 -9.000000000000000000e+01
1.809640767368937003e-02 6.818812074914432086e-01 9.251654574004505305e-01 5.568125438058267873e-01 -6.360512519628097605e-02 1.755167080193784914e-09 2.569904048334584745e-01 -8.833277232684357207e-09 inf 0.000000000000000000e+00 -9.000000000000000000e+01
9.989180916725364234e-01 0.000000000000000000e+00 1.648704906392275186e-09 2.559996909815686207e-05 -2.111261819302017328e-06 1.170975598004099484e-09 -1.836813672428746769e-01 4.770109184507497667e-09 inf 0.000000000000000000e+00 -9.000000000000000000e+01
5.763979663425936595e-01 2.857394536964413811e-02 6.111207353993763913e-01 1.100910711631067742e-03 -3.854227365302885233e-01 -6.887756313143550871e-07 1.048351832687695399e-04 -1.296311059960863175e-05 inf 0.000000000000000000e+00 -9.000000000000000000e+01
9.081013311125446519e-01 1.354957531897678924e-01 3.590987190455223796e-05 2.182235231122214093e-08 -4.196771116497235304e-02 1.286851727557833271e-06 1.953529355371414534e-09 -1.152677613784030629e-06 inf 0.000000000000000000e+00 -9.000000000000000000e+01
4.007633587786260421e+01 -6.286388135138359923e-01 1.537963634228888821e-01 1.720402954956730221e-07 4.101562500000000711e+01 4.622203703145035653e-04 -1.383555754450441558e-02 7.464799262185134777e-08 inf 0.000000000000000000e+00 -2.000000000000000000e+01
8.065401279278588964e-01 2.789806207466651311e-01 6.495523749540214013e-10 4.889963520166684237e-09 -4.584360786383188247e-05 -1.470907439513667314e-01 -2.011879476538450465e-02 -6.385359666748012152e-06 inf 0.000000000000000000e+00 -9.000000000000000000e+01
9.687606486802595729e-01 -4.969539838465549669e-02 6.001018053184219159e-02 -8.669387644964027251e-03 1.366012624869866465e-01 -1.972384803589237456e-01 -9.386271244111940026e-01 -2.076110769016674684e-01 inf 0.000000000000000000e+00 -9.000000000000000000e+01
6.268157540050944398e-04 0.000000000000000000e+00 1.452558488512983192e+00 5.558961805849916663e-08 -4.301395524102099577e-01 3.400246461809681292e-02 -1.328221274144406755e-04 -1.453636564173397771e-08 inf 0.000000000000000000e+00 -9.000000000000000000e+01
2.242161974645564826e-01 1.345532902807437867e-09 1.165575252189289701e+00 -6.090388930504622665e-07 -5.566145291143465013e-01 4.433004401875495723e-06 -1.313017031844970761e-01 -1.638040055591663389e-08 inf 0.000000000000000000e+00 -9.000000000000000000e+01
1.007373469390605569e+00 1.862746799908664239e-03 1.246293355761453874e-09 1.075536177193357165e-05 -2.897840230322846096e-09 6.093947050482446677e-06 -1.176012403049026309e-07 -1.393421922587926621e-04 inf 0.000000000000000000e+00 -9.000000000000000000e+01
1.683108265187108557e-02 7.196738789075911580e-01 0.000000000000000000e+00 2.739803022409698018e-08 -5.815429247301664439e-01 0.000000000000000000e+00 4.383684835855516828e-07 -4.756602469461280775e-09 inf 0.000000000000000000e+00 -9.000000000000000000e+01
4.350184594158269524e-01 1.058369088510660285e-04 1.811581235996034212e-05 1.903773665308809539e-05 -4.999691321758288898e-01 2.005185337552862330e-05 1.037164829768721944e-07 1.236706123773292747e-02 inf 0.000000000000000000e+00 -9.000000000000000000e+01
5.164725836951977733e-01 3.638784112397984161e-01 7.522530474298063210e-05 2.136318414375590446e+00 -1.925767801420304182e-02 4.336798521055645135e-04 -1.557044402934075261e-04 -6.617429383935005394e-09 inf 0.000000000000000000e+00 -2.000000000000000000e+01
7.683482490220508998e-01 9.411189186047352139e-09 6.999612320933866760e-01 1.497733812273278539e-04 -1.996297479461742186e-01 4.174012263712415324e-05 5.904999702487269956e-05 -4.619035630064106865e-06 inf 0.000000000000000000e+00 -9.000000000000000000e+01
4.009384122892344360e-01 9.123918997607579628e-01 5.134291172937465490e-10 -1.824783799521515759e-01 -1.550102435332977729e-02 5.193173952822902676e-08 -3.325592174249021506e-05 6.893593742685268654e-10 inf 0.000000000000000000e+00 -1.000000000000000000e+01
6.718518350533696504e-01 6.340248405842816102e-05 1.085299118163135734e+00 -1.391003197276992190e-09 -2.616346088428987970e-01 5.031192142944921367e-05 6.184910410037837581e-10 6.329305205602923859e-10 inf 0.000000000000000000e+00 -9.000000000000000000e+01
5.280804387856118387e-01 5.978341194296025963e-04 1.095277947110898653e+00 1.084887475514422460e-02 -3.021700508798285727e-06 -2.669739996082815536e-01 -5.072994955926595634e-03 8.132477912568225472e-07 inf 0.000000000000000000e+00 -9.000000000000000000e+01
9.573307713691229237e-01 1.606171630577982179e-05 4.188322124739912722e-01 4.155081472956262401e-02 -3.500291793611557024e-09 -6.565028727270895426e-02 -3.282349097028195808e-08 0.000000000000000000e+00 inf 0.000000000000000000e+00 -9.000000000000000000e+01
7.392381257054443378e-01 1.635399878621217082e-05 1.669864762920388879e+00 3.380313141971533512e-05 -2.792591310592033448e-06 1.198693867680978470e-09 7.289210887568853010e-04 1.425844410745776170e+00 inf 0.000000000000000000e+00 -1.000000000000000000e+01
1.009138249227946593e+00 5.851473301240548264e-14 3.294333394005505509e-14 -3.293190744101011309e-10 -2.241068199782206771e-12 1.814187096349185781e-14 4.323711341513010082e-19 1.384993714273273182e-18 inf 0.000000000000000000e+00 -9.000000000000000000e+01
4.493395924093203653e-01 5.208254366562576898e-01 1.761615447513812938e-01 0.000000000000000000e+00 -2.633305078892283491e-01 -1.080493946844652241e-02 1.025785392574037058e-03 -8.747864659029483731e-08 inf 0.000000000000000000e+00 -9.000000000000000000e+01
9.711476484092332884e-01 3.605455093485350812e-05 1.053829018081869767e-01 7.566771348533626670e-10 -3.166266324168882929e-02 -8.318107233023317716e-08 1.487687781292499238e-05 -2.917034865279410157e-07 inf 0.000000000000000000e+00 -9.000000000000000000e+01
3.012176856905194877e-01 2.670073668170809822e-01 3.028864817331262671e-01 2.574900143865893349e-04 -5.640530624010835492e-01 -8.377592438013043401e-06 8.759549540050111610e-06 7.683902638636345695e-09 inf 0.000000000000000000e+00 -9.000000000000000000e+01
1.007738688791876225e+00 0.000000000000000000e+00 1.073125147692467495e-09 4.782922420977692008e-06 -3.224468240388485033e-08 0.000000000000000000e+00 7.100814536595581322e-08 -2.074089722741728243e-05 inf 0.000000000000000000e+00 -8.000000000000000000e+01
7.615096581003226728e-01 -3.538466048571681764e-05 1.132697782902992500e+00 1.328612619439075875e-08 -2.071191469581907807e-01 7.103277903762432455e-02 -1.282995018771639851e-09 -3.058203948744914790e-06 inf 0.000000000000000000e+00 -9.000000000000000000e+01
2.818698492646872422e-04 5.092124212467774580e-01 1.081620656108906786e+00 9.086593824980048885e-07 -4.094530441950193869e-04 2.392629962600461083e-02 -1.837198006996782450e-03 -4.190959600909165534e-06 inf 0.000000000000000000e+00 -9.000000000000000000e+01
9.953922282686669121e-01 5.823417234074682193e-05 1.452491363808112350e-09 1.738717603146769822e-09 9.654795535900981934e-10 -1.592340649942295896e-05 -2.591689442266344456e-01 0.000000000000000000e+00 inf 0.000000000000000000e+00 -9.000000000000000000e+01
5.728522753996880684e-02 -8.269998876272392607e+00 8.828202874310261180e-04 2.437891875216937343e-01 -2.046573608551214285e+00 -8.556432613481366043e-08 4.291487508345266378e-05 -3.121226963844864489e-06 inf 0.000000000000000000e+00 -2.000000000000000000e+01
9.105103243565982885e-01 2.053789953356160086e-05 0.000000000000000000e+00 1.403342594010891474e-02 -2.159499730367138879e-05 -2.301017939270751100e-01 -5.876255490073154300e-03 2.153128828627637909e-07 inf 0.000000000000000000e+00 -9.000000000000000000e+01
1.424475410166442855e-05 1.029442875740699481e+00 3.340947306339010363e-07 0.000000000000000000e+00 -2.671462976019115532e-01 9.075618031884601829e-08 0.000000000000000000e+00 1.311181833912376878e-07 inf 0.000000000000000000e+00 -9.000000000000000000e+01
0.000000000000000000e+00 1.051808131560114795e-01 -1.402565798871503778e-07 0.000000000000000000e+00 0.000000000000000000e+00 0.000000000000000000e+00 3.547272609390376237e-04 2.175289159996137016e-07 inf 0.000000000000000000e+00 -9.000000000000000000e+01
2.466866593226927917e-01 6.885298757984492646e-01 0.000000000000000000e+00 1.097874078915182438e-08 -2.675179772210535267e-01 -1.222469445088010948e-01 0.000000000000000000e+00 0.000000000000000000e+00 inf 0.000000000000000000e+00 -9.000000000000000000e+01
4.540789341266227575e-01 1.582619876256459462e-05 1.414268331966058103e-09 -3.752895050838036748e-09 -5.533311601652287637e-01 2.218696764321256712e-05 1.012876720804134056e-03 5.985220555215834612e-10 inf 0.000000000000000000e+00 -9.000000000000000000e+01
6.450008542474371387e-01 1.513101319039364678e-01 1.229567392581600515e-04 1.686908089348161091e-09 -3.026202638078729357e-01 3.778674120139881175e-08 1.346052724510383687e-03 -1.044862641722303035e-05 inf 0.000000000000000000e+00 -9.000000000000000000e+01
1.409495211960853792e-03 1.631125132717666751e-05 5.113380937241895108e-10 2.387514287335742669e+00 0.000000000000000000e+00 1.104025429631772767e-09 1.616979406274860753e-01 -8.875589699551992468e-08 inf 0.000000000000000000e+00 -2.000000000000000000e+01
9.646808698196389642e-01 5.379395568979274123e-02 4.698371590759162822e-10 4.841833318721275059e-10 -2.250440651899606945e-02 0.000000000000000000e+00 -1.044401379564174270e-07 2.048633475298957196e-08 inf 0.000000000000000000e+00 -9.000000000000000000e+01
1.951394906089927873e-03 5.408522466989822651e-05 7.869400189470191354e-05 7.605734719204438421e-08 -1.005760184325480200e+00 1.646219025890027123e-05 3.807599816760835233e-03 -2.961166050676927898e-05 inf 0.000000000000000000e+00 -9.000000000000000000e+01
2.638519481478310107e-03 2.456221771848899615e-01 2.698485833330090079e-04 0.000000000000000000e+00 -9.017842790930959973e-01 3.063989448341844616e-08 0.000000000000000000e+00 4.351843820100589205e-04 inf 0.000000000000000000e+00 -9.000000000000000000e+01
3.755765651819991113e-01 -2.270009471952953169e-06 1.740737924349168389e-09 2.247606249816430868e+00 0.000000000000000000e+00 4.669829296009772725e-10 8.383405472812479079e-04 7.369971838371844130e-09 inf 0.000000000000000000e+00 -2.000000000000000000e+01
4.672512861700776139e-05 3.144621283672333956e+00 -3.423514231361529902e-05 3.917160722399388724e-07 -1.481034181355041168e+00 5.229257864983207327e+00 0.000000000000000000e+00 2.539266093289254150e-09 inf 0.000000000000000000e+00 -2.000000000000000000e+01
9.326594402052463817e-01 1.062193303057143738e-03 1.087685942330515187e+00 8.592919729563527370e-10 -2.205748934374681225e-08 8.709354956251380095e-10 0.000000000000000000e+00 -1.747459882131293099e-08 inf 0.000000000000000000e+00 -9.000000000000000000e+01
6.316063569218098975e-06 5.447251222809894600e-01 1.274102828386043162e+00 -1.673852232490565522e-09 -8.424774136972930372e-02 2.723625611404947300e-01 0.000000000000000000e+00 -9.949561105785017260e-07 inf 0.000000000000000000e+00 -9.000000000000000000e+01
1.050290520937881888e+00 1.812904568440581787e+00 -8.476143036158121049e+02 3.869365546258866101e-07 -1.460093799133282966e+00 5.178176521833278478e+00 1.184693613884935191e-03 0.000000000000000000e+00 inf 0.000000000000000000e+00 -2.000000000000000000e+01
1.006726320642019390e+00 1.331323462763087120e-05 -1.835397481734171574e-09 1.136380467997430976e-01 1.370308896331761535e-06 2.085420668100436703e-09 1.856172135583150361e-06 0.000000000000000000e+00 inf 0.000000000000000000e+00 -9.000000000000000000e+01
1.326395728627473292e-02 5.560347947752365319e-05 0.000000000000000000e+00 4.011538301214797458e-02 -9.938262630106337037e-01 -4.271358196227953701e-05 -3.920955178284140502e-02 2.274687796807785882e-06 inf 0.000000000000000000e+00 -9.000000000000000000e+01
-5.257250968760064325e+01 4.483715242433260033e-05 8.276323549153403016e-04 2.757833819500192352e+00 -2.422656283503002717e-01 -2.040461428294096063e-05 1.174966589109319171e-02 1.324974953437724650e-08 inf 0.000000000000000000e+00 -2.000000000000000000e+01
2.266997068249881897e-01 -2.288339090858929059e-02 5.074658709262287737e-02 -8.226141107390561637e-09 -7.872835006892895393e-01 -5.897945294316036335e-07 8.551229158026270990e-10 3.093707501006264464e-07 inf 0.000000000000000000e+00 -9.000000000000000000e+01
2.520903025206488457e-01 4.099768609424729809e-09 -8.024075200727873159e-05 1.147127374459727482e-07 -7.725347980471497511e-01 3.002824018416719667e-05 -1.014375461251602883e-02 1.171000114934627057e+01 inf 0.000000000000000000e+00 -3.000000000000000000e+01
7.687431571072912695e-03 7.590486411293583847e-05 5.451500657233878475e-07 7.233772043383457310e-09 -9.403552658823735033e-01 -1.292715765743170098e-01 -1.300897511095975012e-01 6.136514486241022962e-10 inf 0.000000000000000000e+00 -9.000000000000000000e+01
6.540040006509187723e-03 9.717422176727655487e-05 3.945091351308927846e-07 -1.352336278817481248e-08 -3.160734101089748727e+00 9.186560238863579819e-08 3.797387314481529302e+03 -4.763208167708027455e-05 inf 0.000000000000000000e+00 -3.000000000000000000e+01
4.373753894517854945e+01 4.259884346025690762e-05 5.464011654502286090e-03 3.885196278640860257e+00 1.488937496006078163e+03 -2.046741306879531003e-06 -1.983311273976846367e+00 -1.954353678443996580e-08 inf 0.000000000000000000e+00 -2.000000000000000000e+01
9.384213300671961910e-01 3.932443853257156646e-03 5.014896871040842643e-10 -7.813063965752037961e-10 -1.619465734141755281e-05 -1.668087811242105478e-01 0.000000000000000000e+00 -3.929585972549847682e-05 inf 0.000000000000000000e+00 -9.000000000000000000e+01
3.837970265381234203e-01 1.566518475665809873e-01 7.186403507116903011e-01 9.545971961088528523e-03 -5.003068381657680419e-01 -7.439863213363393207e-06 2.808623060466502015e-06 9.430549504890846856e-08 inf 0.000000000000000000e+00 -9.000000000000000000e+01
6.695971242070705154e-01 1.389865974869365060e-09 7.854511720904053251e-03 1.570902344180810650e-02 -3.377440039988742759e-01 0.000000000000000000e+00 2.061425805657191761e-04 -1.908017373608284471e-04 inf 0.000000000000000000e+00 -9.000000000000000000e+01
6.821052707347964317e-01 1.585174220721709964e-02 2.473756267633505896e-07 2.236536718690994796e+00 7.993421141423396551e-04 0.000000000000000000e+00 0.000000000000000000e+00 5.726287656559041770e-10 inf 0.000000000000000000e+00 -2.000000000000000000e+01
3.616858003875275673e-01 2.003407870071075847e-01 2.455072754215525741e-09 0.000000000000000000e+00 -5.634889289056359551e-01 -3.384804448119630188e-09 -1.538505131365409560e-03 -2.298296747330946187e-06 inf 0.000000000000000000e+00 -9.000000000000000000e+01
4.758892508426659784e-01 5.970335419140821998e-01 5.549792536907880436e-01 6.440546751958837746e-01 -3.761969289801692651e-01 -6.524048725148612338e-01 -6.085888295695660588e-01 -4.394348687389532659e-01 inf 0.000000000000000000e+00 -9.000000000000000000e+01
3.073521951701442198e-02 6.411551846235828299e-05 3.598640619578443003e-05 1.738445464684346602e-11 -9.783776683950140551e-01 -1.246885022946014099e-08 1.787534368895405711e-05 -4.577937612416348952e-13 inf 0.000000000000000000e+00 -9.000000000000000000e+01
1.007328340888506757e+00 1.037703666716556755e-04 7.550944290083157156e-10 4.301750080411010643e-09 -1.034704523171133198e-05 -9.518766135377555474e-10 -9.466046815243156237e-07 -1.757310671146625658e-09 inf 0.000000000000000000e+00 -8.000000000000000000e+01
9.500802417498279695e-01 -5.466183561424034542e-04 9.427152786354882075e-01 0.000000000000000000e+00 0.000000000000000000e+00 0.000000000000000000e+00 1.032820999237488678e-02 4.664226358524553029e-10 inf 0.000000000000000000e+00 -9.000000000000000000e+01
9.210675368513648875e-01 2.077779740774045036e-01 3.079429992645356330e-05 7.615024555456346631e-05 -7.581604384993528411e-04 -7.422560180916011987e-07 0.000000000000000000e+00 -5.027945288379288358e-06 inf 0.000000000000000000e+00 -9.000000000000000000e+01
4.623274307055628696e-01 1.208074199108763930e-06 0.000000000000000000e+00 8.884612044950158957e-10 -5.454095271325667404e-01 -1.165195022288545518e-09 4.770017122493733061e-10 -5.947155393760735611e-07 inf 0.000000000000000000e+00 -9.000000000000000000e+01
7.277129415835965620e-01 9.521650531391062655e-03 -1.367690055660029244e-05 3.641037496052444992e-08 -2.810273554896003390e-01 -1.333430802125744017e-09 9.022457202560851819e-02 1.308304998581556523e-07 inf 0.000000000000000000e+00 -1.000000000000000000e+01
1.829598352502826209e-08 8.479438329608855783e-04 2.603892461904575110e-07 1.826929767060501695e-05 -1.003965498225688480e+00 0.000000000000000000e+00 1.378736798710814969e-04 4.415295913664279443e-07 inf 0.000000000000000000e+00 -9.000000000000000000e+01
3.874774524969177847e-01 3.874774524969177847e-01 1.026666600477766700e+00 -2.308118516736804829e-04 -1.279263800549879974e-05 4.339819276097111037e-06 2.709740816294781314e-04 0.000000000000000000e+00 inf 0.000000000000000000e+00 -9.000000000000000000e+01
4.760614267823932710e-01 3.526380939128839070e-02 9.403682504343570114e-01 9.482046525213100319e-01 -2.958241787824748004e-01 9.108176272844255578e-08 1.266240852034037152e-09 6.239976533078396329e-10 inf 0.000000000000000000e+00 -9.000000000000000000e+01
3.106534353087841722e-04 -3.782092551285322866e-03 1.936431386258085308e+00 7.646853792216226110e-04 3.894025957065438970e+00 -4.943587640805733457e-02 -7.506317019818739555e-02 -1.599485755471748215e-06 inf 0.000000000000000000e+00 -3.000000000000000000e+01
6.171202113037441706e-01 4.326673068181232651e-01 7.583063851075528827e-01 -1.327623535085592867e-09 -5.259345089560349060e-04 -2.727659814551317514e-06 8.061364037909625615e-06 -1.699358124909558870e-07 inf 0.000000000000000000e+00 -9.000000000000000000e+01
1.274014743879200218e+00 1.055429254626614343e-05 2.819372756706920759e-03 0.000000000000000000e+00 -6.100097419056792203e-02 1.243941434474326257e+00 0.000000000000000000e+00 0.000000000000000000e+00 inf 0.000000000000000000e+00 -1.000000000000000000e+01
1.007701318594294460e+00 1.865947137003475370e-06 6.662665272199022777e-04 4.594941567033809186e-05 0.000000000000000000e+00 0.000000000000000000e+00 7.559084132321663450e-10 -3.692630857296457016e-07 inf 0.000000000000000000e+00 -8.000000000000000000e+01
1.000928999906556927e+00 7.612618231062690444e-05 5.243556224251522802e-10 5.516658110931289679e-10 -6.781196227394275904e-03 -1.051041714283305168e-07 3.054592895222646871e-05 5.079695092243662262e-10 inf 0.000000000000000000e+00 -9.000000000000000000e+01
6.738881183671425745e-01 -4.406367621796023642e-04 3.493143163382670470e-05 1.458959386536738981e-09 -3.340141108428445471e-01 0.000000000000000000e+00 4.820751090177504089e-10 -2.035121003623916065e-07 inf 0.000000000000000000e+00 -9.000000000000000000e+01
6.794997805852943940e-02 3.114978690084761298e-05 3.438243510442875427e-09 -2.822576475881402691e-05 -9.366342299290820739e-01 -7.516049731294173995e-03 -6.843882682154044106e-03 1.118157582315638531e-09 inf 0.000000000000000000e+00 -8.000000000000000000e+01
5.032201501009890832e-01 1.371332820678643799e-09 2.606660796972536109e-02 6.752326099845413888e-06 -5.032201501009890832e-01 -3.362683140068376137e-09 -1.525906188368606137e-03 -9.172407578108593659e-06 inf 0.000000000000000000e+00 -9.000000000000000000e+01
5.808635909181247836e-01 8.036862419756216850e-06 1.359410361962231528e+00 2.085997598504046521e-02 -8.859142944965207455e-05 0.000000000000000000e+00 -1.019727020769726697e-02 -1.762583098163116429e-07 inf 0.000000000000000000e+00 -9.000000000000000000e+01
2.804040612523958087e-01 8.706333905869282423e-06 4.386809181265704516e-01 1.102198019513445960e-02 -3.644275778646119401e-01 -5.314975934540184799e-01 -1.209822618371753479e-03 5.004552186133089958e-10 inf 0.000000000000000000e+00 -8.000000000000000000e+01
1.001290988287689920e+00 2.091455243547963444e-02 1.550160751479922154e-10 6.627645510570163974e-12 -5.968159367368757250e-08 5.365285660659281703e-17 -1.145924968048963329e-11 -5.029627213860050704e-14 inf 0.000000000000000000e+00 -9.000000000000000000e+01
3.475369751797651219e+01 2.167213964029222506e+00 1.215866503785969881e-03 6.027480915838463989e+04 5.463000915856451416e+10 7.643954444233995189e-04 -1.531041269035181642e+02 -5.135781892219716364e-04 inf 0.000000000000000000e+00 -2.000000000000000000e+01
8.280724581185546773e-01 3.306912738590331857e-01 3.190409037772786172e-01 9.678768990996093613e-02 -2.204354690761665603e-05 3.552205793842343427e-09 -6.289808003382494967e-09 -6.965528353639722419e-08 inf 0.000000000000000000e+00 -9.000000000000000000e+01
5.767399683544568306e-02 2.032641965013826609e-05 1.059226712308574347e+00 2.311448122198795849e-02 -8.527672683840217260e-01 -3.960879549204732175e-02 -2.826194154266124803e-03 0.000000000000000000e+00 inf 0.000000000000000000e+00 -9.000000000000000000e+01
6.340438736583384749e-01 5.262564151364209630e-01 1.910057169395744658e-01 1.826046356136014737e+00 -4.650182561072907944e-10 4.566478093974849829e-05 4.298835434236288178e-09 4.192545547126050391e-10 inf 0.000000000000000000e+00 -9.000000000000000000e+01
1.059138817226716687e-04 -6.008575982343873721e-05 7.459004215369943137e-10 1.179233047382295874e-07 -1.039268907460019431e+00 8.789688294171608962e-02 0.000000000000000000e+00 0.000000000000000000e+00 inf 0.000000000000000000e+00 -9.000000000000000000e+01
4.834822157749711913e-01 2.364197627453082373e-01 2.222485633285917856e-05 5.909306268377756237e-04 -4.241872270478521112e-01 4.286419071895547119e-08 1.164044249851296699e-03 2.835873108693847799e-04 inf 0.000000000000000000e+00 -9.000000000000000000e+01
4.947436960974256337e-01 3.213496935952573838e-03 1.926974561244288158e-03 -1.022476297803091676e-02 -5.134404055429678815e-01 -2.841918796477944111e-06 4.233726033101153224e-02 -3.235968942497696732e-01 inf 0.000000000000000000e+00 -9.000000000000000000e+01
1.750416221574550568e-01 1.579236330393279647e-06 1.082501144591724650e-05 1.801813262864815861e-06 -9.854195025160432664e-01 1.788619750220026700e-02 6.001427045398458837e+00 0.000000000000000000e+00 inf 0.000000000000000000e+00 -3.000000000000000000e+01
2.158793697140747384e-02 3.461206423514917585e-02 1.962539724673406909e-03 2.422901992741438164e-07 -7.828786543737430257e-05 1.234137344617361988e-07 -1.495812095605622005e+00 2.295858442560239323e-07 inf 0.000000000000000000e+00 -9.000000000000000000e+01
9.905033625098056405e-01 0.000000000000000000e+00 0.000000000000000000e+00 -5.330272531053744906e-10 -8.882493067254154922e-04 -3.601173460486769423e-02 -5.468002511909676733e-02 -2.912877282424737427e-07 inf 0.000000000000000000e+00 -9.000000000000000000e+01
2.453801199294173749e-04 2.981215730926697373e-03 1.526382454234469055e+00 5.213054830035755141e-04 -3.442802877235184361e-08 0.000000000000000000e+00 1.160858443082188398e-07 0.000000000000000000e+00 inf 0.000000000000000000e+00 -9.000000000000000000e+01
3.851712715919355379e-01 4.953679771188833391e-05 8.821551712121173542e-10 2.263863800377090563e+00 -7.979660884823303096e-10 7.246525836710521196e-02 4.740211397177145806e-10 6.822976096014053144e-09 inf 0.000000000000000000e+00 -2.000000000000000000e+01
6.277031018785638183e-01 -1.271098781304091929e-01 5.759175959735823858e-01 1.530026310828999474e-02 -4.009453563249326669e-01 -6.058078185092035663e-06 6.129913104282850195e-06 0.000000000000000000e+00 inf 0.000000000000000000e+00 -9.000000000000000000e+01
3.039556071914026051e-05 -2.254534537776697448e-06 1.728871099505375965e-09 2.255536999927107544e+00 8.061328477107393723e-04 1.847979129325161772e-09 0.000000000000000000e+00 0.000000000000000000e+00 inf 0.000000000000000000e+00 -2.000000000000000000e+01
5.280148595429308658e-09 6.309013262735811874e-05 2.520468721796089616e-07 2.255277235563568183e+00 0.000000000000000000e+00 0.000000000000000000e+00 0.000000000000000000e+00 1.848781310692444413e-09 inf 0.000000000000000000e+00 -2.000000000000000000e+01
5.260444542843746296e-01 1.186671406957851560e-01 1.758738643124573269e-05 2.512951214734274012e-03 -4.355782105539408033e-01 4.239207727492611995e-07 2.746032015688917021e-10 -1.492882801722021374e-05 inf 0.000000000000000000e+00 -9.000000000000000000e+01
1.290165214689658647e-02 1.201026527129282373e+00 1.319487151387150909e-03 5.097360777991172469e-09 -3.325945391115548658e-03 -1.508435289787983511e-07 1.467772374114468918e-02 -2.609848718331480304e-06 inf 0.000000000000000000e+00 -9.000000000000000000e+01
5.625371257370791467e-01 9.051833632798791029e-04 8.193470098654079162e-05 2.326858111003372809e+00 -2.064234244537103621e-02 3.771555729373598509e-01 0.000000000000000000e+00 -2.152767208770253973e-08 inf 0.000000000000000000e+00 -2.000000000000000000e+01
4.994860021255362326e-01 2.490734487810984943e-01 1.108778578444890028e+00 -1.456657545622653730e-09 -6.645306395570974023e-02 2.778903512788948653e-05 3.931331146033777369e-05 -3.075183666726005541e-06 inf 0.000000000000000000e+00 -9.000000000000000000e+01
9.111258592611022333e-01 1.826713524112238464e-05 1.322633083281266519e-04 -1.610097672290929038e+00 -3.599041855709135540e-02 -1.619568835069110924e-01 0.000000000000000000e+00 5.560574136083845115e-09 inf 0.000000000000000000e+00 -1.000000000000000000e+01
1.007617351075307921e+00 2.222894546858765951e-04 5.200864113133913209e-10 -1.620559107715639410e-09 -1.679520324293289779e-05 7.780130914005681101e-05 1.854221118595568769e-09 -1.359762153636750569e-08 inf 0.000000000000000000e+00 -9.000000000000000000e+01
9.816107483619450624e-01 6.121249458394449616e-02 3.440935850845144341e-05 2.507915974488922339e-02 -3.886233431542751598e-05 2.451034268754583717e-08 -1.050146633945774587e-02 3.847860249872787033e-07 inf 0.000000000000000000e+00 -9.000000000000000000e+01
6.036968066845698200e-01 1.050556631784518340e-05 3.029240488934474311e-10 4.047732904816820791e-05 -4.024645377897132503e-01 -5.497501056679455524e-03 -6.998561091152746252e-05 -1.535883862529640960e-07 inf 0.000000000000000000e+00 -9.000000000000000000e+01
6.122659464071639190e-01 -4.003437319408256019e-04 3.173720602236523554e-05 -2.684152366472635610e-09 -3.957545102863697650e-01 1.386471798929266209e-05 0.000000000000000000e+00 1.008209940608563929e-09 inf 0.000000000000000000e+00 -9.000000000000000000e+01
6.354722451783041404e-01 1.388065905032908356e-05 1.272839104845937988e-09 1.625504716698156545e-09 -3.721429928955137245e-01 5.938564613373564596e-10 8.883621792210613481e-04 5.249447900558884432e-10 inf 0.000000000000000000e+00 -9.000000000000000000e+01
5.210216850741395181e-05 1.499245264012696588e-01 -9.969537012047965198e-10 0.000000000000000000e+00 -9.474058020145378345e-01 1.475433261508575760e-05 1.177365935951287812e-06 1.220883765482651847e-04 inf 0.000000000000000000e+00 -9.000000000000000000e+01
7.551437277334130949e-01 1.303452222547596850e+00 -5.042096621351781494e+00 7.268502288906883435e-02 8.764752325467979232e-07 1.192127273567499842e-09 4.706722009969244511e-10 1.090360311189786279e-09 inf 0.000000000000000000e+00 -2.000000000000000000e+01
1.917308749721740924e+00 2.496495767866850277e-02 4.018749284858832115e-03 0.000000000000000000e+00 -9.255301383311249908e-02 -3.513196478958698166e-09 2.474575317222165727e-01 5.452614089094840892e+04 inf 0.000000000000000000e+00 -3.000000000000000000e+01
2.387049831154382795e-01 6.443600122347252768e-01 4.173260051991594111e-01 3.364079073108997564e-01 -3.917803278625730523e-01 -1.742841275824287273e-01 -6.091953203071448497e-01 9.053222927723147961e-03 inf 0.000000000000000000e+00 -9.000000000000000000e+01
3.525829440442698193e-01 5.310156080342849361e-01 8.116949150394172070e-08 2.180260188457554135e-09 -3.911243994661130485e-01 4.883782822144921528e-08 3.479436947805294132e-03 -1.350442525315055572e-05 inf 0.000000000000000000e+00 -9.000000000000000000e+01
5.813220926239733855e-01 4.424507038304686390e-01 3.532339104485949306e-04 8.408277897641114583e-07 -2.301066616636561202e-01 -4.142539843343333207e-07 9.840087505353716738e-04 1.924822040021600733e+00 inf 0.000000000000000000e+00 -1.000000000000000000e+01
3.309336647568517642e-01 4.001779370021713023e-02 1.242200277855429080e+00 1.850073561749270349e-04 -4.328516412218242349e-01 -1.776070619279299448e-02 1.686142992986676891e-03 -1.049151066124997258e-07 inf 0.000000000000000000e+00 -9.000000000000000000e+01
1.443511999766425302e-01 5.710069627884918342e-01 1.951340321013893542e-01 1.521360681886792720e-03 -5.326199400800217809e-01 -9.518266586496552857e-07 3.202042502944481441e-05 -2.455224663080905889e-05 inf 0.000000000000000000e+00 -9.000000000000000000e+01
5.155318897324238092e-01 4.728518431019538734e-10 1.261490911996764330e+00 2.544658740832530605e-05 -3.124435695348022901e-01 -1.421862337922049496e-02 -1.975656360095551581e-03 6.779967965708014947e-09 inf 0.000000000000000000e+00 -9.000000000000000000e+01
9.656629896885110531e-01 7.599220389502199524e-02 3.185590591082645582e-05 1.227039842006785294e-09 -1.218685263429010457e-02 -3.154271582462451252e-06 -2.090320118193556345e-04 -1.407444033554105245e-01 inf 0.000000000000000000e+00 -9.000000000000000000e+01
4.672090494642847092e-01 7.123023213144012988e-01 1.093369696440229478e-07 4.985217989614741433e-07 -1.364288720259437815e-01 -3.168261249810101411e-07 8.208919246078580758e-04 4.936141896768259178e-09 inf 0.000000000000000000e+00 -9.000000000000000000e+01
1.430169214383360532e-01 2.182265036595703937e-06 5.500118640841580560e-04 -2.389005934799507503e-05 -8.589870823231329222e-01 2.975648012724525919e-09 -1.244202938828867788e-01 1.297197792651316330e-06 inf 0.000000000000000000e+00 -9.000000000000000000e+01
1.251926344491094689e-01 8.615407101874200668e-01 9.880795019961974290e-01 1.309471613751602788e-06 -7.161557153432929201e-01 1.299883200429261670e-02 4.361549845323813734e+00 6.198326112886722900e-09 inf 0.000000000000000000e+00 -3.000000000000000000e+01
6.344100790847327920e-01 3.858974352292166010e-02 3.141218383846071990e-03 0.000000000000000000e+00 -3.585796099174576312e-01 -5.325800050942847488e-06 5.568617682444800625e-06 2.023480262516279335e-09 inf 0.000000000000000000e+00 -9.000000000000000000e+01
2.450334193381328721e-04 4.312415849155120662e-01 1.142624762077929734e+00 -8.220198050059912553e-03 -1.423751873352063191e-05 4.762668796201346551e-06 -1.550980764162247566e-03 -3.525721246657887276e-06 inf 0.000000000000000000e+00 -9.000000000000000000e+01
2.893556495448966759e-01 2.978039896775944162e-01 1.194032072087943597e+00 8.224818438335021308e-09 -2.371970496240813190e-04 1.403656511630505498e-02 4.812693760488606464e-05 0.000000000000000000e+00 inf 0.000000000000000000e+00 -9.000000000000000000e+01
1.098981348428269683e-05 1.029456921418831827e+00 3.350325272467296443e-07 1.146763146186020494e-05 -2.671499425354953439e-01 9.075741859260294176e-08 0.000000000000000000e+00 2.503766202506144492e-04 inf 0.000000000000000000e+00 -9.000000000000000000e+01
2.834564617666340824e-02 2.140229442912765386e-06 3.654050268387648439e-07 4.879252391222345860e-10 -9.793909472074736611e-01 0.000000000000000000e+00 2.097350281600053516e-09 1.309678731399144386e-07 inf 0.000000000000000000e+00 -9.000000000000000000e+01
1.936117774970335326e+00 1.065862775086761971e+01 -1.160392953559950645e-04 7.677330194432370609e-09 -7.843647235905917836e-02 1.776437958477936618e+01 7.718897379271230479e-03 -4.089618989770269813e-08 inf 0.000000000000000000e+00 -2.000000000000000000e+01
6.234915074297084706e-03 8.590327435698206227e-01 0.000000000000000000e+00 1.843284295112701745e-07 -4.586126421316300550e-01 2.873937879476793152e-07 5.813943296412823184e-07 4.779573413066649657e-09 inf 0.000000000000000000e+00 -9.000000000000000000e+01
4.412926446457018370e-01 7.737597276027577409e-02 1.194085979629546213e+00 1.870780591403467066e-05 -2.186132042885973273e-06 1.212501099025525652e-09 -1.552511453448114087e-01 4.850004396102102606e-09 inf 0.000000000000000000e+00 -9.000000000000000000e+01
9.935831802579013772e-01 1.537019792523088913e-05 4.927880479166753273e-10 4.927880479166753273e-10 -2.290434599460398901e-02 1.040330323379648063e-09 1.866642956993394553e-01 -5.212602462407499836e-09 inf 0.000000000000000000e+00 -1.000000000000000000e+01
8.036904370738227055e-01 7.274256052021070660e-05 1.293745581631031705e+00 5.526449283970829179e-08 -2.015459834006275025e-09 -7.594486331038136786e-10 -8.019777565576273041e-07 -9.201012285680820100e-09 inf 0.000000000000000000e+00 -9.000000000000000000e+01
1.004556850853681738e+00 7.535496492051607436e-10 1.071193178011059223e-04 8.760105680421733102e-07 -1.556689417933666356e-05 9.930604907507871172e-06 -6.742648123434245855e-02 -1.456134587836059319e-09 inf 0.000000000000000000e+00 -9.000000000000000000e+01
5.124695857837905377e-01 1.091560217719473730e-01 1.139732358783150046e+00 4.337470601874485422e-08 -2.921076638967605721e-01 1.135415403073217440e-05 -3.779463195155454997e-03 1.099640434278038533e-09 inf 0.000000000000000000e+00 -9.000000000000000000e+01
6.695044944314377799e-01 1.361026923037803567e-09 -1.331902287798019305e-05 2.279552481935237533e-08 -3.383517337449201690e-01 1.872901773769586046e-05 0.000000000000000000e+00 -4.609389209795517374e-10 inf 0.000000000000000000e+00 -9.000000000000000000e+01
4.056362306213874280e-01 8.269408134985366532e-01 2.350252838364262076e-01 6.336978023441417474e-01 -2.749836012904420863e-09 -5.157499284188241800e-02 3.838563539221144165e-06 1.782710301100003170e+00 inf 0.000000000000000000e+00 -1.000000000000000000e+01
5.300704509723808827e-02 3.539290278231735452e-03 -4.719575127417167384e-09 -3.456981201993788045e-03 -6.426692672658927963e-01 -5.873575680339921945e-01 -7.928101253540688976e-08 7.319756850422467392e-09 inf 0.000000000000000000e+00 -9.000000000000000000e+01
5.515877527135020220e-01 5.446317541690274232e-03 9.554943055596972515e-06 0.000000000000000000e+00 0.000000000000000000e+00 1.001908396946565105e+01 0.000000000000000000e+00 4.067732410448540338e-08 inf 0.000000000000000000e+00 -3.000000000000000000e+01
5.173958760492308739e-01 9.810944667072408068e-07 1.012473650054102828e-09 -1.554391546470023847e-05 -4.882042799297217628e-01 -3.554907482412182768e-09 -6.001892822847353093e-02 0.000000000000000000e+00 inf 0.000000000000000000e+00 -9.000000000000000000e+01
7.685752418189990109e+00 9.165617790636510165e+00 1.527602965106084909e+01 1.540332989815302334e+01 -4.805584327729558680e+00 6.354828334841313335e+03 1.019595307291200551e-07 -3.092376607829904443e-03 inf 0.000000000000000000e+00 -2.000000000000000000e+01
3.946746421984441699e-01 1.355374982817183875e-02 0.000000000000000000e+00 1.688447667159119481e-02 -6.078411601772830686e-01 0.000000000000000000e+00 1.787998475659834281e-04 6.722392306761104764e-10 inf 0.000000000000000000e+00 -9.000000000000000000e+01
2.849050424155897820e-01 5.933691272383006420e-06 1.079640160732761256e+00 3.036097457211088730e-04 -5.958014220340052125e-01 -7.997334523946379725e-02 2.791428027881979613e-06 -2.711107737120689776e-09 inf 0.000000000000000000e+00 -9.000000000000000000e+01
4.112375926010650162e-01 3.298568512081142406e-02 9.669380397458297027e-01 1.465696045057952868e-02 -5.162139335694867492e-01 0.000000000000000000e+00 -7.268287369229888863e-03 6.983311816321419228e-05 inf 0.000000000000000000e+00 -9.000000000000000000e+01
7.590419541742857695e+08 1.436973857924847808e-05 1.164938657301261005e-01 6.027480915838463989e+04 5.463000915856451416e+10 7.643954444233995189e-04 -1.502862595371957468e+02 -4.025019762041963508e-04 inf 0.000000000000000000e+00 -2.000000000000000000e+01
4.263738960094558756e-07 1.227590514743827299e+00 0.000000000000000000e+00 8.211047359119282415e-16 -5.040606651976194623e-07 -1.076858670048430490e-15 4.458867930669282207e-16 -5.927030119946561899e-12 inf 0.000000000000000000e+00 -9.000000000000000000e+01
6.401996541166046217e-01 7.293941371771210788e-04 1.351532603135054078e+00 1.053750210579546285e-06 -2.566726391041572186e-01 8.802745244103313271e-02 -9.384256167178362808e-08 2.566537530059624441e-07 inf 0.000000000000000000e+00 -9.000000000000000000e+01
7.728226466563872243e-01 -3.543627122279178169e-05 8.543767952985185099e-01 1.077073019641243065e-02 -2.881419211050585628e-06 -2.650509830869267613e-01 -9.173135092455129232e-05 -1.182196673736949906e-05 inf 0.000000000000000000e+00 -9.000000000000000000e+01
8.245518942954235819e-02 3.592690396572916778e-01 1.189710590340539609e+00 2.232464169938632016e-09 1.239648408860272403e-09 -2.044520306747533260e-05 1.509799611136639859e-05 -1.117745991875711765e-06 inf 0.000000000000000000e+00 -9.000000000000000000e+01
5.149321973422227305e-02 -4.201315187399151796e+01 2.854966819941759035e-03 6.812989002133742640e-06 -3.412505503935039819e+00 1.079032114172606027e+00 -1.053742298996685573e-03 -1.137399112614403649e-07 inf 0.000000000000000000e+00 -2.000000000000000000e+01
1.783244470895612498e-06 7.467327421448118896e-01 7.204250845624743382e-01 2.185559245301888220e-01 -8.003757001837969896e-04 3.940121116645544015e-05 0.000000000000000000e+00 -6.291533522856814776e-07 inf 0.000000000000000000e+00 -9.000000000000000000e+01
4.968142391646703793e-01 5.848180949826025983e-09 1.403638742621373448e+00 -9.941907614704245164e-10 -1.162965487821573767e-02 7.320546506605755222e-09 -1.296232106996733378e-08 -2.316154864646392242e-07 inf 0.000000000000000000e+00 -9.000000000000000000e+01
1.898226738636107566e-02 -3.065755318466684143e-02 6.798669825407983869e-02 -1.529089168972207786e-09 -9.962910547887586787e-01 1.083144278206938457e-08 3.893623426040001997e-05 -1.829922345530373140e-01 inf 0.000000000000000000e+00 -9.000000000000000000e+01
2.345018100941535788e-01 -4.195250080686076504e-05 1.476529142471747935e+00 2.248522568173983391e-06 -6.478135452227502345e-05 -3.159883874875730602e-06 -2.089258444740530460e-04 -1.274598548819554582e-07 inf 0.000000000000000000e+00 -9.000000000000000000e+01
9.923190150671561405e-01 2.072142225196334686e-04 3.166975580001562401e-02 1.124733457814215152e-09 -1.520808064979916815e-02 3.981792398730394494e-10 1.812698700039300003e-11 0.000000000000000000e+00 inf 0.000000000000000000e+00 -9.000000000000000000e+01
7.620308146582028819e-01 8.586585201226745213e-05 4.797038932418675253e-03 3.915666032243688921e+00 1.500614527326922598e+03 -2.062792929200956497e-06 -1.998865444603439956e+00 -5.903277325843388012e-05 inf 0.000000000000000000e+00 -2.000000000000000000e+01
3.768753085543412040e-01 9.392439330377722051e-01 2.399103817558505627e-05 6.668857170764806720e-09 0.000000000000000000e+00 0.000000000000000000e+00 0.000000000000000000e+00 0.000000000000000000e+00 inf 0.000000000000000000e+00 -9.000000000000000000e+01
1.247541677653722183e-08 1.037192634116543166e+00 0.000000000000000000e+00 6.490247189413088982e-09 -1.758312676300512467e-01 -8.430351275325427690e-06 1.222287797539274376e-08 4.422055423560270955e-06 inf 0.000000000000000000e+00 -9.000000000000000000e+01
2.082758264678538293e-03 1.231771462025128545e-04 7.247112189769756961e-07 8.791578722015770618e-08 -1.006575657785575562e+00 1.770938788176318827e-08 2.719021449507320540e-04 0.000000000000000000e+00 inf 0.000000000000000000e+00 -9.000000000000000000e+01
7.489569649752185476e-02 2.646093877834695999e-06 6.501362543187661847e-04 7.120209556625142668e-09 -9.255926936324565535e-01 7.216212382107729092e-09 -1.508651664215314991e-01 1.761331838187181424e-06 inf 0.000000000000000000e+00 -9.000000000000000000e+01
1.447763537413840618e-01 2.864984800085315463e-05 3.162305869945701816e-09 -2.596049445288035149e-05 -8.614642663617758656e-01 -3.456423041574192140e-03 -6.421078577233356802e-03 -1.873800223954266920e-07 inf 0.000000000000000000e+00 -9.000000000000000000e+01
6.903020638863727187e-01 9.704173809573434054e-06 1.208028611801152286e+00 2.586635337768670995e-02 -2.556674310690269514e-01 -1.175970312827262672e-02 3.004092315061066554e-01 7.695678036800540331e-08 inf 0.000000000000000000e+00 -9.000000000000000000e+01
2.719346826615696641e-02 1.018188615956338076e-04 2.494775315280451304e-09 -3.499258502103550652e-07 -9.804686438452170361e-01 -2.049838860248637401e-06 -1.582314978410211959e-07 -1.874837691881141701e-04 inf 0.000000000000000000e+00 -9.000000000000000000e+01
3.286251780893009733e-01 4.861319202504452673e-03 2.183795735500046879e-05 2.265374748367074698e-01 -6.203043302395681025e-01 7.950937683386931563e-08 -8.789265118128050114e-01 0.000000000000000000e+00 inf 0.000000000000000000e+00 -9.000000000000000000e+01
5.193127597850202282e-01 1.143904712722971241e-05 5.476322166297021882e-10 1.300807739733878324e-02 -4.799096515523046391e-01 -2.229054039446888569e-02 -1.590490045851799096e-03 0.000000000000000000e+00 inf 0.000000000000000000e+00 -9.000000000000000000e+01
6.091930212267839678e-02 1.109043705310299055e+00 6.701123233494623577e-01 -2.218087410620598054e-01 -1.884202773986687687e-02 6.312481384884997957e-08 -4.109108826446437830e-05 3.373992117563726634e+00 inf 0.000000000000000000e+00 -3.000000000000000000e+01
7.237814748022860512e-01 1.805250986296875711e-04 2.604146184677143955e-02 -3.591174922103883300e-08 -2.826660084025143793e-01 8.511550951739723629e-08 1.522285057889230564e-05 -2.984872662527903161e-07 inf 0.000000000000000000e+00 -9.000000000000000000e+01
2.407710496414389389e+00 3.184024704324041777e-05 -1.471637292317602400e-06 -5.077235634695038019e-08 -1.962648859198396156e+00 2.299728328696410529e+01 1.416539260494097834e+04 -1.941587092426968195e-04 inf 0.000000000000000000e+00 -2.000000000000000000e+01
4.082284430628099758e-01 2.275371649858285161e-01 1.332877020382672029e-01 6.142911386457890386e-08 -4.941125690623629496e-01 6.426495832454371011e-05 6.049836971511559466e-09 5.900253090347812162e-10 inf 0.000000000000000000e+00 -9.000000000000000000e+01
1.245587732629826528e-04 6.668660949396800763e-01 1.687251565510033968e-01 9.937079175407888304e-08 -6.146416417215123662e-01 3.984409577802102586e-05 5.712049570737094684e-02 -1.462875737042351060e-09 inf 0.000000000000000000e+00 -9.000000000000000000e+01
1.240788635652652697e-02 -1.023752999713409880e-04 6.033700502613899952e-09 4.402956901167432990e-01 -9.959069181212050204e-01 -1.212207531398935012e-07 -5.764234266574832620e-08 -6.795235517506916611e-09 inf 0.000000000000000000e+00 -9.000000000000000000e+01
4.422202634017021600e-02 4.447663422601178529e-01 -1.008705556704962564e-01 7.527933800342420101e-01 -2.227727674410207581e-01 3.116203433352022351e-03 -7.659705136473113907e-01 -3.243720270830384167e-01 inf 0.000000000000000000e+00 -9.000000000000000000e+01
9.945411939605734997e-01 3.692305304265266629e-05 1.079214238525130209e-01 6.363332562930297470e-10 -8.106342778037400887e-03 -2.575054346502151951e-05 5.615777734620435107e-10 2.355709361405714836e-09 inf 0.000000000000000000e+00 -9.000000000000000000e+01
6.178498079062502146e-01 4.331788321113931306e-01 7.569230118999079604e-01 0.000000000000000000e+00 0.000000000000000000e+00 3.333599387103825317e-10 8.070894666960321925e-06 -1.701367208215638843e-07 inf 0.000000000000000000e+00 -9.000000000000000000e+01
5.053604879509309145e-01 1.569106071888693880e-05 7.941379096371772306e-01 7.304806734498950316e-08 -1.259449436982577632e-07 -4.789479188942620813e-01 -2.180412601813549577e-03 0.000000000000000000e+00 inf 0.000000000000000000e+00 -9.000000000000000000e+01
3.379873428014188441e-01 0.000000000000000000e+00 7.592367032449408581e-01 7.122254157415076371e-03 -2.631926489873261388e-01 -4.388896184185438476e-01 -7.805814153947173047e-03 1.104013375864801031e-09 inf 0.000000000000000000e+00 -9.000000000000000000e+01
2.881749066178551089e-01 4.502732915903986076e-03 2.700065367403963780e-03 -2.292300393551120197e-01 -7.194296619760438549e-01 -3.982079822781675279e-06 2.726829863757239056e-02 0.000000000000000000e+00 inf 0.000000000000000000e+00 -1.000000000000000000e+01
8.077886450381680561e+01 -5.289616475578483995e-02 3.746979317151522590e-08 -1.819544820157626652e-07 2.310651240458015820e+02 -3.057581777791031205e-04 8.781374865815841924e-01 0.000000000000000000e+00 inf 0.000000000000000000e+00 -2.000000000000000000e+01
4.795487456695742279e-01 9.806675405042827778e-05 1.810177814718071055e-03 1.404403843729367339e-09 -5.298776239279652245e-01 -4.462848736337457207e-05 5.590778693325976906e-02 -4.273206644580364588e-01 inf 0.000000000000000000e+00 -8.000000000000000000e+01
-5.309480283292771288e-03 8.694425721140864388e-08 0.000000000000000000e+00 6.292867256494100051e-05 -1.014447432858591513e+00 1.307819420743369913e-13 8.674665662683725512e-08 5.216201954780473097e-13 inf 0.000000000000000000e+00 -9.000000000000000000e+01
6.612636124820592265e-01 5.417610608128307220e-02 0.000000000000000000e+00 2.226189522373618779e+00 0.000000000000000000e+00 0.000000000000000000e+00 -1.088807874687430722e-07 2.063186896302615521e-08 inf 0.000000000000000000e+00 -2.000000000000000000e+01
3.879851593564415807e-02 8.583308415172087637e-07 8.814420125185178090e-02 1.770307360629243022e-06 -9.643126290800878575e-01 -4.144511777611665246e-05 -3.804514669417533718e-02 1.412567327754034839e-04 inf 0.000000000000000000e+00 -9.000000000000000000e+01
3.842569700657103189e-03 4.083673936529801138e-09 1.218804512677631319e-01 0.000000000000000000e+00 -9.952368210030362317e-01 -1.001574765485730046e-08 -4.372190744442686072e-03 -6.800735643689544720e-06 inf 0.000000000000000000e+00 -9.000000000000000000e+01
7.865852007109378485e-01 5.044490933274212163e-02 7.953356278955221879e-07 2.010933831894928103e-07 -6.497651069110084042e-05 3.012634954149705049e-07 -1.241477846905215010e+00 1.905491608499688355e-07 inf 0.000000000000000000e+00 -9.000000000000000000e+01
7.907034359653750677e-01 0.000000000000000000e+00 4.392038359106452576e-08 2.989534893245182103e-04 -2.145975278544159925e-01 2.122665720528483907e-08 -5.826438256262369414e-02 -1.314493985723384176e-04 inf 0.000000000000000000e+00 -8.000000000000000000e+01
9.210905588546873801e-01 2.081825318341626319e-01 5.758250065230547346e-07 1.940696252583244130e-05 -5.226792950008325997e-09 1.409558330823619535e-05 1.025014475469651154e-03 1.835362409926587825e-08 inf 0.000000000000000000e+00 -9.000000000000000000e+01
9.121144277480291995e-01 7.586076094598709977e-06 -1.809906343829455888e-05 5.191627494611875667e-08 -3.493828870236549422e-01 8.905838296681400923e-01 0.000000000000000000e+00 4.855088700543174385e-04 inf 0.000000000000000000e+00 -1.000000000000000000e+01
1.724009718517697902e-03 4.778297446002488313e-05 6.952422783933620424e-05 0.000000000000000000e+00 -1.005995985815666405e+00 1.448421413319504255e-05 0.000000000000000000e+00 0.000000000000000000e+00 inf 0.000000000000000000e+00 -9.000000000000000000e+01
8.843845270660283253e-01 9.175174962480848285e-09 6.824075729910816790e-01 1.527197937602111505e-04 -5.026827067342373853e-05 -1.612874220647025070e-01 -1.109157423773220186e-02 9.569649045262668433e-10 inf 0.000000000000000000e+00 -9.000000000000000000e+01
7.419424144691636469e-01 1.281890035470282796e-01 4.623293917878217604e-05 5.108244294029856455e-09 -2.151050324671724689e-01 4.305590643521458000e-04 -1.545839812541845084e-04 -1.659643970520385708e-06 inf 0.000000000000000000e+00 -8.000000000000000000e+01
4.981061193989302360e-01 1.357396498481918857e-09 3.900539164553879640e-02 6.683704835418714561e-06 -5.077968999319832921e-01 -2.794215132513311687e-09 -3.406915031151486715e-04 -6.920296157026457052e-06 inf 0.000000000000000000e+00 -9.000000000000000000e+01
5.063276372659988311e-01 -1.885130973707637228e-02 1.943075573309306333e-03 2.173570872305858105e-09 -5.083054795990691321e-01 6.956369900096221759e-06 -1.541326349404400142e-03 -2.308730140379006248e-06 inf 0.000000000000000000e+00 -9.000000000000000000e+01
6.759497364951735365e-01 4.447699009652257285e-01 5.980521832187780662e-01 3.427833440428582361e-05 -4.358179643991883477e-03 4.376267492376373796e-10 0.000000000000000000e+00 -5.619595510210448479e-07 inf 0.000000000000000000e+00 -8.000000000000000000e+01
6.115163555582062409e-04 5.866735036136541334e-03 4.693388028909233067e-02 4.446804247981378893e-08 -1.380987863504249841e-06 -8.416561168113739349e-06 3.955746425017146913e-03 -2.948595708563128128e-05 inf 0.000000000000000000e+00 -9.000000000000000000e+01
