4.223117103999904920e-01 9.201434180716299271e-09 7.995729012208647085e-08 5.626624119702381061e-08 -5.855582539159531752e-01 1.212976416782644466e-09 0.000000000000000000e+00 1.660052104792504720e-03 1.574687237709498550e+04 0.000000000000000000e+00 0.000000000000000000e+00
2.922872716108980695e-01 4.178270505650870659e-01 2.696076225068606046e-08 0.000000000000000000e+00 -5.117423050499002590e-01 2.763192529400292969e-09 -8.097794902006848206e-02 5.176523472390729377e-10 2.145334321438705229e+04 0.000000000000000000e+00 0.000000000000000000e+00
1.118645140048076941e-01 8.217208127513651872e-02 2.858759802345085532e-01 5.866737026438481736e-04 -8.534848105551994246e-01 1.770136171770231650e-06 8.182682042944265655e-02 6.107891738530095817e-08 3.135663701172565561e+04 0.000000000000000000e+00 0.000000000000000000e+00
6.396869735234762544e-01 7.246961869541826211e-08 -1.092862506350288548e-04 1.543852476661597569e-09 -3.689391009825015444e-01 1.445949636678179150e-08 1.927932848904238946e-06 4.228111660822354576e-09 1.238313841839113011e+05 0.000000000000000000e+00 0.000000000000000000e+00
6.398446143300222655e-01 1.151712219013163511e-08 6.382242127360099673e-04 1.931377655378024072e-07 -3.678617354557926489e-01 4.795787994513547355e-07 7.493418741427417742e-09 1.436123906839543276e-05 1.239759428933037270e+05 0.000000000000000000e+00 0.000000000000000000e+00
1.672898008251959334e+00 1.444433593870567393e+03 2.404616884434373223e-04 1.866843522030472911e-09 -2.534094024334328843e+00 1.766356636153277225e-08 7.395500000617305050e+05 -9.893367206686647951e-06 inf 0.000000000000000000e+00 -2.000000000000000000e+01
2.970152935608723066e-01 4.245857966968535346e-01 3.213608094265175963e-02 0.000000000000000000e+00 -4.985961649284151309e-01 -3.376038332931277912e-05 -8.301820910185037095e-02 1.712304873553599089e-09 inf 0.000000000000000000e+00 -9.000000000000000000e+01
8.155954435009588009e-08 4.025085741877211522e-06 1.375798997558959069e+00 0.000000000000000000e+00 -8.871544987618059323e-07 3.550040286828805519e-05 -1.009827164923258033e-05 9.131113237756783459e-06 inf 0.000000000000000000e+00 -9.000000000000000000e+01
1.190152149133449216e-01 2.007485552755215383e-02 9.100601172490310198e-01 6.557188673062050790e-03 -8.221131311283262910e-01 1.341964509898447773e-06 1.492132116294395495e-09 -7.238585739533746877e-07 inf 0.000000000000000000e+00 -9.000000000000000000e+01
2.322760180542979003e-01 -4.875836243966801681e-02 1.646513545701352166e-01 2.266563318074191729e-07 -7.860142045550503331e-01 -3.014856345888706528e-05 0.000000000000000000e+00 2.145056830919699011e-07 inf 0.000000000000000000e+00 -9.000000000000000000e+01
3.393224499920339254e-01 2.382726036450077226e-07 1.028723969428298801e+00 -1.825875034854469161e-03 -8.781312970975402310e-01 7.881668434973467807e-01 0.000000000000000000e+00 1.165045785838102785e-04 inf 0.000000000000000000e+00 -9.000000000000000000e+01
9.246199575296387696e-01 2.812151039394715285e-04 2.008305675588142551e-08 0.000000000000000000e+00 -8.301010741592890207e-02 2.877014642237897365e-06 2.860667968134272768e-08 5.290776216574866684e-10 inf 0.000000000000000000e+00 -9.000000000000000000e+01
6.396005916569845740e-01 2.815518227650881824e-08 4.269123071821723800e-04 2.024423891024400846e-01 -3.677214410749636286e-01 3.954549825338215814e-06 1.562962370163338970e-09 7.531365528208984526e-08 inf 0.000000000000000000e+00 -9.000000000000000000e+01
1.423191471657705431e-01 3.229549877992485274e-01 7.680444360268145858e-03 6.138996603560307073e-07 -7.225433625339119370e-01 5.366401792908158788e-07 8.352376331374567019e-09 1.729202912354890686e-08 inf 0.000000000000000000e+00 -9.000000000000000000e+01
5.376392633059462300e-06 8.237703430874129262e-01 6.597970994396814559e-01 4.334111530069792154e-09 -5.947690199275974463e-03 3.157327529663728378e-05 4.816972277715151606e-08 2.158329365981064387e-08 inf 0.000000000000000000e+00 -9.000000000000000000e+01
3.002443942479560146e-01 2.366003559850397564e-01 3.975854608802764840e-04 1.976374274648798125e-09 -6.082621061463445722e-01 1.375892406387591702e-05 9.185267926780612321e-04 0.000000000000000000e+00 inf 0.000000000000000000e+00 -9.000000000000000000e+01
1.909482543767243579e-01 1.883658421922187756e-06 1.109202598672436979e+00 0.000000000000000000e+00 -7.613605556677034425e-01 1.341654733180407989e-02 1.340894588855659764e-01 8.778033828267928337e-06 inf 0.000000000000000000e+00 -9.000000000000000000e+01
6.383961702354756795e-01 8.150122749544081646e-09 1.724318168142049620e-03 0.000000000000000000e+00 -3.323880886349996899e-01 -9.452835854037690277e-02 0.000000000000000000e+00 6.499133253655730792e-09 inf 0.000000000000000000e+00 -9.000000000000000000e+01
9.954440868607239423e-01 3.369993002393075615e-02 3.548476897743381369e-09 5.306731216445057306e-09 -2.496627358992714951e-05 1.067739895357017525e-08 9.782287664049321298e-09 4.944424265924711956e-08 inf 0.000000000000000000e+00 -9.000000000000000000e+01
2.870918349032955380e-06 -1.895702820375050638e-03 -2.663083322062871261e+01 6.961020756417186206e+00 0.000000000000000000e+00 2.197830457372324311e-02 1.261827189812143001e-02 -2.206598082916559012e+00 inf 0.000000000000000000e+00 -2.000000000000000000e+01
7.187230090912088976e-01 9.771158733868398616e-02 3.778181377095780613e-01 5.844565160639056959e-05 -2.279937037902626529e-01 3.732039794185846573e-04 1.527199123430876170e-08 8.137512278450537042e-09 inf 0.000000000000000000e+00 -9.000000000000000000e+01
4.464819538739071142e-02 1.064817339050223799e+00 2.412687388480886930e-01 1.226772349677126986e-03 -1.932298078675989596e-03 1.435567160801090636e-05 9.178766795841054115e-09 6.407060411101304097e-09 inf 0.000000000000000000e+00 -9.000000000000000000e+01
3.365872290746637630e-01 3.573190511553495791e-02 1.112201278681497651e+00 5.727892693204185791e-09 -5.951252456102750221e-01 1.122457623566542860e-05 1.917083782990476326e-01 -7.327050551712968227e-09 inf 0.000000000000000000e+00 -9.000000000000000000e+01
4.025743645717747565e-01 6.290224446433980571e-03 6.968419204008893253e-01 1.693830803967442953e-09 -5.558387165661052842e-01 1.406918856197955691e-04 -9.349125471654159969e-02 4.978720655257113036e-09 inf 0.000000000000000000e+00 -9.000000000000000000e+01
5.703674181270800281e-01 2.270602733475748784e-09 2.052204337770964671e+00 4.007926292850771161e-08 -2.471592145217346825e+00 2.836179945824068582e+01 1.499847677158292754e-08 -5.294771069010578007e-02 inf 0.000000000000000000e+00 -2.000000000000000000e+01
6.069833942734277343e-01 1.904889481826729014e-07 4.227552075131221776e-01 5.862621026592943001e-07 -3.800918379475777265e-01 9.771972077335284741e-04 -2.598417205792771192e-07 2.447213713473924950e-10 inf 0.000000000000000000e+00 -9.000000000000000000e+01
2.457553782487795768e-01 4.149414502148237455e-02 5.023226427181407218e-06 7.367806867862700966e-08 -3.466251230523831328e-01 5.616039730511072107e-09 -1.335148622127698026e+00 4.799595998399061632e-10 inf 0.000000000000000000e+00 -9.000000000000000000e+01
5.358296302613382075e-09 1.611868969505496768e-08 9.155071881411061194e-03 2.289321145094763597e-07 -1.007241620772235002e+00 2.284941066373281385e-09 2.233840147955987756e-09 -3.208868003919328193e-02 inf 0.000000000000000000e+00 -9.000000000000000000e+01
2.918292521155686492e-01 4.195045499161299540e-01 9.175534873662143015e-08 1.335154474729421638e-09 -6.110174966169719113e-01 -1.686558978863092663e-05 1.163669142810830115e+00 5.148736156595249874e-07 inf 0.000000000000000000e+00 -1.000000000000000000e+01
6.355671535045677167e-01 2.785510364124957339e-01 1.624227170067228609e+00 3.317908196704738490e-03 -4.080184195337965392e+00 1.129897161785898163e+02 4.649056030264893113e-01 2.544224494081108643e-07 inf 0.000000000000000000e+00 -3.000000000000000000e+01
2.446451687439334108e-05 3.867350827504099087e-01 3.859522182104293542e-01 0.000000000000000000e+00 -7.797330818206645864e-01 1.524254078697553939e-05 -5.629347449735284000e-07 5.010333055875756253e-02 inf 0.000000000000000000e+00 -9.000000000000000000e+01
2.869295242177127836e-01 1.986212194161391170e-08 7.761908179814910365e-10 1.074231867868881765e-02 -7.211822760288721934e-01 2.540260858848516383e-09 1.014013593861341844e-08 1.040147964837149545e-09 inf 0.000000000000000000e+00 -9.000000000000000000e+01
3.947277875384281876e-01 1.006408937210260396e-01 1.268418076581301346e-01 -1.204613609431238365e-05 -5.661356357250905136e-01 7.114095261653467137e-06 6.202998798177200001e-10 4.063329095088311446e-08 inf 0.000000000000000000e+00 -9.000000000000000000e+01
3.158986462187374222e-01 1.848447186852674173e-01 1.134496686110636032e+00 8.343357371851533675e-10 -3.462170921406595991e-01 3.483078448685618127e-09 0.000000000000000000e+00 1.355340149488545999e-09 inf 0.000000000000000000e+00 -9.000000000000000000e+01
6.330754475443155505e-01 3.083642144728767076e-01 1.061070116306669808e+00 1.899112781357615027e-07 -3.247112330714388428e-01 3.455165294696088685e-01 5.405952084485437283e-05 5.181459946748836034e-06 inf 0.000000000000000000e+00 -9.000000000000000000e+01
-1.587687328226757844e+00 2.006103122308177777e+00 1.043912478544852538e-03 -1.070500061778568643e-04 0.000000000000000000e+00 1.249336542687458883e-02 2.382920346617620245e-08 8.417943704753858523e-07 inf 0.000000000000000000e+00 -2.000000000000000000e+01
5.402993977559529017e-04 -2.510960310701870410e-02 4.236004553961203326e-06 7.728381491576316424e-03 -1.016602909247667164e+00 2.971449057163586245e-08 2.668477780746906940e-08 5.267039113089964784e-08 inf 0.000000000000000000e+00 -9.000000000000000000e+01
2.812139281285619357e-08 2.473045563375918971e-08 8.415868371670532921e-01 7.805001955335347246e-09 -9.573295490385128614e-01 1.543461060830360677e-08 -8.141990953616643203e-06 -1.026729006283275164e-05 inf 0.000000000000000000e+00 -9.000000000000000000e+01
1.413604665012655782e-03 1.199382975206166435e+00 -5.364124844914095564e-04 2.397473511861464290e-01 -1.684966274814192488e-04 1.987511790538598190e-08 4.092502475672985508e-09 1.005311196377081602e-08 inf 0.000000000000000000e+00 -9.000000000000000000e+01
7.287129597671160308e-01 5.025058028742636315e-06 3.036418042899805925e-06 2.586033852557713359e-07 -2.886824417538959575e-01 1.868038593153007268e-04 7.900229443629069870e-02 3.026961525186481872e+00 inf 0.000000000000000000e+00 -3.000000000000000000e+01
6.112947264370923728e-01 3.461676052879453323e-03 1.149786384838555664e+00 1.133481470407885150e-08 -5.083662509384443418e-01 4.569020131891203818e-01 0.000000000000000000e+00 1.718089644375298333e-02 inf 0.000000000000000000e+00 -9.000000000000000000e+01
2.495606831139489112e-01 6.796072174085215911e-02 3.648339510284872134e+00 7.968737071559330896e-09 -4.486150375024557935e-01 7.275988195471772724e-06 -1.271942469739992601e-02 1.887154118023575577e+01 inf 0.000000000000000000e+00 -2.000000000000000000e+01
3.615433963803343365e-01 4.078315576197170597e-03 1.014535040863183024e+00 4.300785529227360641e-05 -5.884303237006461851e-01 -5.133921993004388708e-05 5.596316248713408248e-08 1.940528841796488324e+00 inf 0.000000000000000000e+00 -1.000000000000000000e+01
8.630398332815053530e-01 1.379518498643447430e-03 1.665922078633154486e-09 1.285406792635077011e-07 -1.441882530179754707e-01 9.361747207879903411e-05 0.000000000000000000e+00 3.565524734955371339e-02 inf 0.000000000000000000e+00 -1.000000000000000000e+01
4.200274453162099253e-08 1.036975488436528140e-08 1.812088479793125134e-08 2.277498993539581296e+00 -7.625435914967601016e-08 -2.838548552331287213e-12 4.994630757902743202e-16 0.000000000000000000e+00 inf 0.000000000000000000e+00 -2.000000000000000000e+01
3.419330951816200170e-01 5.304443055745142925e-06 4.130508936850725910e-08 1.494592049518354792e-09 -6.679093125880977144e-01 -8.369715477302786767e-07 4.986524304731958235e-02 -1.131134437476391241e-08 inf 0.000000000000000000e+00 -9.000000000000000000e+01
4.833642270546791297e-01 2.040831456684265386e-03 2.802940488246068451e-01 1.649349334920305610e-01 -5.091055172528573536e-01 1.971860218659115908e-08 1.596808995513577831e-08 1.062645132245690667e-08 inf 0.000000000000000000e+00 -9.000000000000000000e+01
8.357685494966099471e-01 6.614423681787500939e-03 3.546124257733989538e+00 2.113216302618190975e-02 -6.280990968232875259e-09 -5.227405386464780385e-09 -1.283213208563705698e-08 2.535225031705117971e+01 inf 0.000000000000000000e+00 -2.000000000000000000e+01
6.688442797522021754e-01 2.293040695934084883e-01 4.219758393302597652e-08 5.719113153906318136e-10 -2.429938647930149631e-01 9.361860385693780916e-10 5.230985024846797479e-09 1.659927058580911325e-07 inf 0.000000000000000000e+00 -9.000000000000000000e+01
1.983798519185812625e-01 2.053516678007039353e-01 1.196617125949780869e+00 1.133325297527312855e-07 -2.997880829312745687e-01 -3.094733612447915627e-07 -5.515516447966256131e-08 4.183859223371663351e-09 inf 0.000000000000000000e+00 -9.000000000000000000e+01
9.417455653853182840e-01 1.021182609402626488e-03 3.357437280567966975e-01 5.923022500913166094e-08 -8.549511341384374852e-02 9.225156614563687074e-02 -4.857374101167282692e-07 3.128793266695762725e-08 inf 0.000000000000000000e+00 -9.000000000000000000e+01
5.324381539714340583e+00 3.793504673156949253e-02 1.003083485566465129e+03 5.399553624655934959e-06 -1.416041877724337863e-05 5.576111876455529187e-07 -4.851731362869650421e-04 7.564597164629267156e+07 inf 0.000000000000000000e+00 -2.000000000000000000e+01
1.141570720263015842e-01 1.153974104346356500e+00 4.528235608044680675e-06 4.260554497700708057e-08 -3.036245062067754498e-03 2.707478333757364964e-07 1.940797575816363690e-07 9.670045739048886702e-02 inf 0.000000000000000000e+00 -1.000000000000000000e+01
3.985031865783981336e-07 4.659916294666752496e-08 2.830670459600721944e+00 5.779959490841855541e+01 -1.396464093403022844e+01 4.067509170464207388e-03 1.180597827592260780e-04 3.589397605160858154e+10 inf 0.000000000000000000e+00 -2.000000000000000000e+01
3.623422055546413056e-01 2.025485119951187310e-02 8.736429794488253381e-03 1.817150324692653781e-07 -6.512788780874372296e-01 7.626073493792120831e-05 3.154876100087825042e-01 -1.832044999485216432e-07 inf 0.000000000000000000e+00 -1.000000000000000000e+01
1.039984907962813315e-01 4.279916477496856653e-04 1.453751922736883362e+00 1.025389222824692702e-09 -3.242436886496480319e-01 4.347119358900800754e-10 2.650068609155777077e-02 1.340638336638109443e-08 inf 0.000000000000000000e+00 -9.000000000000000000e+01
5.162085126686127845e-01 7.324215022680318210e-01 3.817862163116208977e-08 8.860017678117784410e-10 -6.841114124044116174e-02 2.577459688179719139e-09 5.517374645009711365e-09 7.732379064539157003e-08 inf 0.000000000000000000e+00 -9.000000000000000000e+01
1.269296636244658660e-01 5.198899921056889806e-01 1.121501822435349155e-01 -6.561111679218431178e-03 -3.286261154112883331e-01 9.878027573192694849e-10 -6.729010934612095207e-01 6.239026989179805738e-08 inf 0.000000000000000000e+00 -9.000000000000000000e+01
9.152096122836619330e-01 1.261169872348720869e-02 1.722909661678580315e-04 1.114675440294980020e-06 -9.427761668705192388e-02 1.879048349768201840e-04 7.939167721014898926e-02 1.468746028387756253e+00 inf 0.000000000000000000e+00 -1.000000000000000000e+01
1.004735670643632561e+00 4.160730439893405193e-03 1.556392636564603847e-04 2.921205371531130843e-02 -4.983561459723070877e-04 3.292832623070009478e-09 -5.009274929092748044e-06 5.164298646253684144e-09 inf 0.000000000000000000e+00 -9.000000000000000000e+01
6.144139060751172260e-08 3.039646215603987456e-02 1.143197620529945890e+00 0.000000000000000000e+00 -1.516190064516411418e-01 2.038422075606356722e-08 2.737791408243288985e-05 -2.142927875480276473e-04 inf 0.000000000000000000e+00 -9.000000000000000000e+01
1.177764874443797328e-04 0.000000000000000000e+00 3.866957281729374030e-01 8.468602428145691401e-10 -9.877970086001768291e-01 0.000000000000000000e+00 0.000000000000000000e+00 -6.262717983153525119e-05 inf 0.000000000000000000e+00 -9.000000000000000000e+01
4.135232128946724761e-01 1.380243702613866974e-01 2.769611576897018792e-09 1.270088149168751246e-09 -5.388999316978444476e-01 4.484030641817802614e-05 7.030552464430893539e-09 3.398264240150093410e-06 inf 0.000000000000000000e+00 -9.000000000000000000e+01
4.698053458151206785e-01 1.297683305388207947e-02 5.936127604870275989e-08 1.029907651587033820e-07 -5.331498868239009647e-01 -1.417622784620327858e-04 1.510251546115406026e-07 1.093359192239799076e-08 inf 0.000000000000000000e+00 -9.000000000000000000e+01
4.164181774808765368e+01 6.927257275762701560e+00 3.523385251751049016e-05 1.580437968790608877e-07 -1.283695133587664472e+01 2.668465832060815811e+09 2.137918508689619444e-04 -1.797173187022730474e+02 inf 0.000000000000000000e+00 -2.000000000000000000e+01
2.021097001310211694e-01 7.181403022371140579e-05 1.601695651742552684e+00 6.786860215194500124e-08 -7.723816709232452782e-01 8.713338765861687900e-10 9.830312175386757279e-01 5.411389878248413905e-07 inf 0.000000000000000000e+00 -9.000000000000000000e+01
4.122994129546861952e-01 4.688505442369068378e-07 6.709606194816611246e-06 0.000000000000000000e+00 -5.954347816542736593e-01 1.797883063059851993e-08 1.634439148236229055e-08 -8.159120227995254551e-06 inf 0.000000000000000000e+00 -9.000000000000000000e+01
1.004556195103336380e+00 8.190379803339604275e-03 8.263726488145630572e-03 8.188678647319933864e-08 -2.121781767955905509e-09 5.560933534697620691e-09 3.520758757816942158e-09 2.378037046445384512e-05 inf 0.000000000000000000e+00 -9.000000000000000000e+01
2.237697118904557938e-03 4.516329584421158172e-01 1.096354643767898154e-06 1.915532467786439807e-09 -8.113752283700348400e-01 3.360364274122885214e-02 2.687572169631924898e-09 1.748014419272796663e-09 inf 0.000000000000000000e+00 -9.000000000000000000e+01
1.820811534759967515e-02 -2.116384920417286979e-07 2.330820396935338001e-08 1.839162969456790162e-09 -4.614351916277608656e-01 2.403658534339567148e-09 -1.411678848962895527e+00 7.109002210652781036e-09 inf 0.000000000000000000e+00 -9.000000000000000000e+01
4.799923886945994372e-06 7.153722824114382428e-01 6.982229468741776857e-02 3.551345554983407144e-08 -5.820974462361565571e-01 9.163114045033256732e-10 7.410805383034864940e-10 3.049017071877201386e-08 inf 0.000000000000000000e+00 -9.000000000000000000e+01
4.217872793233276921e-03 1.812619412658806051e-01 3.367963811907975114e+00 7.899738131082109077e-08 -1.504669017819998178e+00 4.168385116056351849e-04 6.261917902140012870e+01 3.624585730731791628e-08 inf 0.000000000000000000e+00 -2.000000000000000000e+01
2.003247037252904317e+00 1.893708147224889176e-08 8.777232683454920803e+00 5.228187413295138074e-08 -8.597751012487174771e-01 3.533771558557242017e-07 -3.931320858894931830e-06 8.377943168097143061e+05 inf 0.000000000000000000e+00 -2.000000000000000000e+01
3.323998385501895914e-02 1.555296051300382842e+00 4.124446526128270978e-04 4.428693078864042383e-09 -4.608905324435401407e-02 1.347546413799092020e-10 4.745028298782902554e-09 8.563066765205554987e+00 inf 0.000000000000000000e+00 -3.000000000000000000e+01
4.903703367787148534e-03 5.462308682077353650e-01 -3.243235227542202909e-09 3.002608097756813615e-09 -7.175423487253284049e-01 3.923268420413955332e-10 -6.283761273083844634e-02 5.323090592817654118e-08 inf 0.000000000000000000e+00 -9.000000000000000000e+01
7.087466836577590787e-03 6.040128619836367639e-03 7.968664527659066811e-08 0.000000000000000000e+00 -9.953443304745079878e-01 -4.820625216781519208e-03 9.807587110965004264e-06 2.150882664402481393e-08 inf 0.000000000000000000e+00 -9.000000000000000000e+01
2.178600632605457582e-02 9.544345628557243666e-02 1.750601627680358348e-07 1.125305200707132774e-01 -9.471115355192354368e-01 4.728603133278893565e-10 -2.190805678166272627e-02 1.862342157106764137e-06 inf 0.000000000000000000e+00 -9.000000000000000000e+01
5.590169095102663910e-01 7.656956964770902374e-01 3.669893432981769106e-07 2.293683395613605691e-08 -5.291310544356706279e-08 3.813715711887820901e-03 2.216578089854154838e-05 1.214302974148379376e-08 inf 0.000000000000000000e+00 -9.000000000000000000e+01
3.716635543836484951e-02 5.076020355651615912e-01 0.000000000000000000e+00 5.628918886907285277e-09 -7.215621959051280454e-01 4.643858081698510486e-07 -5.875184088209478842e-08 3.875378725849254153e-10 inf 0.000000000000000000e+00 -9.000000000000000000e+01
4.678082129352389290e-02 1.121993720581559431e-03 6.949743410272479771e-02 1.342540928204436361e-09 -9.579480113439295952e-01 3.910433878702486259e-03 2.699703389334985821e-04 7.538865314229311579e-05 inf 0.000000000000000000e+00 -9.000000000000000000e+01
5.238254995990927545e-06 6.267299395284698560e-08 2.237053041942980238e-07 1.934958472099375371e+01 -1.578706881485020030e+00 4.086975177783116748e-04 1.136280910193259741e-05 7.491244149715966159e+03 inf 0.000000000000000000e+00 -2.000000000000000000e+01
8.847929921729308367e-01 1.001979524835333035e-01 9.818705931950392207e-01 -9.026590442328995015e-08 2.454000950152399650e-09 1.534189730857382236e-07 7.909012578040643705e-07 0.000000000000000000e+00 inf 0.000000000000000000e+00 -9.000000000000000000e+01
4.043559692415709117e-01 2.383325886321536503e-03 1.453379106526642817e+00 1.888322028151276334e-06 -4.115509153134849774e-01 1.510938675101955175e-01 -1.350369822457017504e-06 7.960569051498470820e-10 inf 0.000000000000000000e+00 -9.000000000000000000e+01
3.049347396413800912e-02 9.152028264269393976e-01 1.540219390816068845e+00 3.261616109864279623e-07 -5.564560739076687135e-01 5.899391041428007076e-01 5.628337939524558076e-01 3.962977616006423913e-08 inf 0.000000000000000000e+00 -9.000000000000000000e+01
1.624671885652833048e-01 1.955623566063595040e-02 2.479052559895069958e-06 3.105988884359274169e-08 -8.376086166032382652e-01 1.042353371266644449e-09 3.084469330887962995e-09 -1.492022374010921561e-06 inf 0.000000000000000000e+00 -9.000000000000000000e+01
3.328581492951639825e-02 3.652443476049637150e-01 1.922930524644359332e-02 0.000000000000000000e+00 -1.007570614082658578e+00 0.000000000000000000e+00 8.895135033819507868e-06 1.561446574509811285e+02 inf 0.000000000000000000e+00 -3.000000000000000000e+01
1.042831809804762905e-07 9.163689970485883052e-08 1.204928341148505137e-03 1.276301617970008370e-06 8.584879404409546039e-09 2.116593699795257712e-03 -1.397053846380522879e+00 6.303684820461627118e-07 inf 0.000000000000000000e+00 -9.000000000000000000e+01
2.008429901222762437e-01 4.649798098781571937e-02 9.419819114185632447e-01 4.920658782945980735e-05 -7.354813722787580943e-01 6.474551030192080333e-08 1.244660783856359892e-01 3.767337228668080091e-10 inf 0.000000000000000000e+00 -9.000000000000000000e+01
1.199658630695059347e-02 3.323908815061710708e-04 6.896429662397503852e-07 -1.028777023415821182e-02 -9.954376730976678411e-01 -7.599508959576724931e-09 2.469424683801189496e-09 2.383950994409013749e-07 inf 0.000000000000000000e+00 -9.000000000000000000e+01
3.238173795966289847e-01 2.641410649277638467e-01 2.623067519768765982e-02 0.000000000000000000e+00 -5.693707399554019943e-01 4.599590478451607741e-07 0.000000000000000000e+00 4.792454899185364036e-10 inf 0.000000000000000000e+00 -9.000000000000000000e+01
3.849404963054709472e-01 2.936862917369620874e-06 1.559689910919459540e-05 2.218301165150171617e+00 -5.151569495048499009e-02 0.000000000000000000e+00 1.265173996889455357e-07 5.257731282155359444e-07 inf 0.000000000000000000e+00 -2.000000000000000000e+01
1.872388038652763164e-07 0.000000000000000000e+00 1.352752338525738951e+00 1.046968809047723032e-06 -6.599293323203073713e-01 0.000000000000000000e+00 0.000000000000000000e+00 1.191074066472831092e-07 inf 0.000000000000000000e+00 -9.000000000000000000e+01
4.216050091380696974e-01 3.897650475104550653e-03 9.379978494996514802e-10 4.869561300918748627e-07 -5.843913876663799911e-01 -3.699079593725434445e-06 7.934257679295134974e-06 0.000000000000000000e+00 inf 0.000000000000000000e+00 -9.000000000000000000e+01
3.221893509115406072e-09 7.117163105304573634e-01 5.683454516943673958e-04 1.621632099942814376e-02 -6.036075038676030902e-01 7.066686429993124625e-08 -9.967733043825787433e-10 1.322436930461448810e-05 inf 0.000000000000000000e+00 -9.000000000000000000e+01
6.403432670352465772e-01 1.698275687016995884e-08 1.563338054285269964e-04 7.866926550168076299e-08 -3.681484226380011271e-01 4.799525515473461216e-07 1.627783916584247051e-02 0.000000000000000000e+00 inf 0.000000000000000000e+00 -9.000000000000000000e+01
4.037690839694610986e+03 1.031965648854950132e+03 8.323251177336328649e-06 2.168192390267151026e+01 2.653053435114473905e+04 6.001832061068634503e+05 0.000000000000000000e+00 1.901191062087754606e-07 inf 0.000000000000000000e+00 -2.000000000000000000e+01
4.622023896626659481e-03 2.620360004386767822e-03 8.588957792156627982e-03 8.040667476692921623e-10 -1.003112629827467739e+00 1.862658221219511331e-09 9.255444577488255134e-11 0.000000000000000000e+00 inf 0.000000000000000000e+00 -9.000000000000000000e+01
1.492959852437026892e-05 1.513861290371145340e-04 7.882828020867502748e-04 0.000000000000000000e+00 -3.851085400763359701e+01 6.828751145038169861e+09 5.048679031488550351e+00 0.000000000000000000e+00 inf 0.000000000000000000e+00 -3.000000000000000000e+01
4.125662931698761415e-01 5.860627144697909685e-01 3.043404828143690343e-05 2.143151088311802410e-07 -2.916652436813528260e-01 -8.338095419571753967e-08 1.898260248718423119e-09 -2.757841736214196662e-02 inf 0.000000000000000000e+00 -9.000000000000000000e+01
4.850419651190398824e-04 2.490035958042310001e-09 5.491870076076085548e-07 5.864532688381248175e-07 -1.005705894185704219e+00 1.582130539494575401e-09 5.852764395361084866e-06 -5.711544879119128547e-06 inf 0.000000000000000000e+00 -9.000000000000000000e+01
3.905896873150860871e-01 9.667338270828503000e-02 1.111013371804913004e-02 2.675278346062772176e-07 -5.785792375689804423e-01 0.000000000000000000e+00 2.706919550459564857e-09 -3.932682948964239672e-02 inf 0.000000000000000000e+00 -9.000000000000000000e+01
2.249367642009779324e-04 8.164263811171097451e-01 1.650020606696962489e-01 4.932774754486042232e-03 -4.616242622204218549e-01 -2.584677104172727763e-05 4.172739973583358686e-02 -9.465370254538798374e-09 inf 0.000000000000000000e+00 -9.000000000000000000e+01
4.510431642626893667e-01 3.569637298513352996e-03 1.412811993916102793e+00 1.140449432415829162e-02 -3.790623412095389503e-09 8.957534709197721117e-08 4.105536741715621627e-08 8.339371506609856740e-09 inf 0.000000000000000000e+00 -9.000000000000000000e+01
8.771476623488883036e-09 7.707771435938924887e-09 1.013490447643907160e-04 1.081379058358480209e-07 -1.021340976825656721e+00 -2.480887791270363119e-08 3.085987252559242444e-01 1.224079200442105217e-08 inf 0.000000000000000000e+00 -1.000000000000000000e+01
4.380577204400968871e-01 1.122454632798502577e-01 1.409213115630236768e-01 1.343513632128777209e-05 -5.167114757310867779e-01 -1.070977057869403607e-06 5.843883204266717617e-09 1.854415528217449804e-07 inf 0.000000000000000000e+00 -9.000000000000000000e+01
2.828440899993623914e-01 2.909253497136298772e-01 6.500924481255185849e-01 1.468590673867199958e-07 -5.207922926972387012e-01 3.197824080304854110e-09 0.000000000000000000e+00 1.244341587733687990e-09 inf 0.000000000000000000e+00 -9.000000000000000000e+01
1.678467663001128041e-01 1.350233417817349427e-08 7.669037763406743279e-03 1.917722825305800573e-07 -8.404649813756259746e-01 2.032679741638743817e-03 1.871247399692522205e-09 -2.708529725136294558e-02 inf 0.000000000000000000e+00 -9.000000000000000000e+01
6.611424013816626837e-09 9.844880020573939796e-10 8.897948190227670251e-01 1.665500803480581976e-08 -9.528320541578949587e-01 2.827016005907929480e-09 6.503040013590124907e-09 -2.295707000714393778e-02 inf 0.000000000000000000e+00 -9.000000000000000000e+01
1.860703943842537678e-01 6.855906477625483123e-10 1.488602898180560721e-09 1.868329779677957783e-02 -3.187361071835801730e-04 2.113588847798353317e-09 -1.480428930182915215e+00 5.321850055836355615e-10 inf 0.000000000000000000e+00 -9.000000000000000000e+01
2.463179068578228159e-01 2.941109335615794962e-02 1.238942307628153605e+00 9.361221702211108348e-07 -5.900600604579188113e-01 0.000000000000000000e+00 -5.346765204446420145e-08 2.217592781516301968e-07 inf 0.000000000000000000e+00 -9.000000000000000000e+01
8.810169276725430265e-01 1.356436183335928830e-03 1.806966772801076677e-04 -1.895377345464936358e-05 -1.269934310158620516e-01 2.162546829432709580e-03 4.124730738511485253e-09 1.461840055283210237e-07 inf 0.000000000000000000e+00 -9.000000000000000000e+01
8.499839811667341261e-01 3.403826011537264828e-01 1.655677053835274924e-09 8.243641121691813430e-04 5.053981378775073002e-10 6.594912897353450744e-03 -1.060048672164462386e-01 7.046590524528686885e-10 inf 0.000000000000000000e+00 -9.000000000000000000e+01
5.789670788319700723e-01 4.078010977539749528e-04 4.003274521377666977e-03 3.679919934997294774e-10 -4.292342136168054156e-01 1.991030364830115271e-10 5.689543579498975466e-09 2.974924747450444565e-08 inf 0.000000000000000000e+00 -9.000000000000000000e+01
3.141260439442292769e-09 3.170021347655835407e-03 -4.453245989186917342e+01 1.164031838859222745e+01 0.000000000000000000e+00 2.476579177856121430e-02 0.000000000000000000e+00 -1.597393569717198234e-03 inf 0.000000000000000000e+00 -2.000000000000000000e+01
6.116815815457586625e-02 5.274054525327874776e-01 7.911506566867886189e-04 1.456201998257959621e-07 -6.814585915887563239e-01 8.884128511627196528e-07 0.000000000000000000e+00 4.402094319659633642e-09 inf 0.000000000000000000e+00 -9.000000000000000000e+01
4.073108242238092092e-01 6.078684682387529768e-10 1.331233771832403961e-02 0.000000000000000000e+00 -6.975353564689087404e-01 0.000000000000000000e+00 6.158050959339862699e-06 1.080980506710674689e+02 inf 0.000000000000000000e+00 -3.000000000000000000e+01
5.503594516780855317e-01 1.103196748263306256e-09 1.038757905485128363e+00 1.116774554395777635e-09 -3.890786189843419285e-01 -1.794442858467428419e-07 2.593035103954869937e-06 -9.093002455691607616e-06 inf 0.000000000000000000e+00 -9.000000000000000000e+01
3.836469134999394015e-01 4.061002371946612760e-02 2.960831740825383986e-07 1.670755053751466523e-06 -6.031905229594423101e-01 1.526774035954757945e-04 -1.014557589168914864e-01 7.517736841939451216e-10 inf 0.000000000000000000e+00 -9.000000000000000000e+01
2.585589768740357207e-06 2.872656985692821352e-01 4.225756131736317856e-07 2.084340782669198121e-09 -7.397561126555369793e-01 1.518407288013727768e-05 2.361320296070876831e-08 -2.155431516062325858e+00 inf 0.000000000000000000e+00 -3.000000000000000000e+01
7.001814245538205972e-01 3.386752690839022199e-04 5.555430082140642156e-01 3.318641912875695113e-09 -2.818805500257752228e-01 1.304622079200927487e-02 4.388934544555900497e-06 0.000000000000000000e+00 inf 0.000000000000000000e+00 -9.000000000000000000e+01
1.054395612102204893e+00 1.034813309252886893e-02 9.215642787626389776e+00 2.018480623154962762e-08 -6.547759228179172997e-01 6.941750471135513800e-01 5.140647646192244569e-01 1.220331215364228228e+04 inf 0.000000000000000000e+00 -2.000000000000000000e+01
5.676991706858415254e-01 1.930701748354055535e-03 1.177363783147227894e+00 1.903238199014998008e-06 -3.520434282281810212e-01 5.709714597044994448e-06 -1.325991389435615501e-02 6.448754941080589431e-10 inf 0.000000000000000000e+00 -9.000000000000000000e+01
3.366857814580871688e-02 7.457217469397632303e-01 4.076855917213165957e-06 0.000000000000000000e+00 -5.397811482209332601e-01 1.025416092767611805e-05 1.566679703226725235e-08 0.000000000000000000e+00 inf 0.000000000000000000e+00 -9.000000000000000000e+01
2.514032525853479736e-08 2.595597951831963845e-01 -2.346369031098098710e-04 5.916600455854758401e-08 -8.979365887418685466e-01 2.200791390482523008e-04 4.549301269236733272e-07 -6.061274926365412330e-06 inf 0.000000000000000000e+00 -9.000000000000000000e+01
3.033044112678445380e-06 9.514599649750151572e-03 1.184782856515017726e-08 5.994197779342595386e-03 -9.708153791196497684e-01 4.719241426276075263e-02 -7.585582532189377725e-01 6.416493588347196877e-09 inf 0.000000000000000000e+00 -9.000000000000000000e+01
4.816170763269301824e-01 3.536197452310343436e-01 -7.891784598983912595e-05 2.710318221651878401e-07 -3.688058692593609300e-01 -1.701707433060053592e-07 0.000000000000000000e+00 1.609639371332184511e-06 inf 0.000000000000000000e+00 -9.000000000000000000e+01
3.516186535720162709e-01 3.527947665331129567e-07 1.446764251676525337e+00 2.305391543681728232e-07 -4.514270734661562923e-01 2.728919914395985123e-09 1.520018137837362004e-01 -8.863531881958160341e-08 inf 0.000000000000000000e+00 -9.000000000000000000e+01
7.050640927847398043e-01 2.987904221614297653e-03 4.071680093018885116e-01 7.517994817817384252e-07 -3.089533616907300662e-01 6.566421061612105037e-10 -2.466648206908163526e-09 1.465284490982898369e+01 inf 0.000000000000000000e+00 -3.000000000000000000e+01
4.231342929953509358e-01 5.556985176995905551e-01 2.403563468122325575e-01 5.379366600793874141e-08 -2.530771562535484853e-01 4.070440602974592812e-09 -1.502227167576453484e-02 1.277000973482225223e-06 inf 0.000000000000000000e+00 -9.000000000000000000e+01
1.007431415801083086e+00 4.503400227433868898e-03 -6.613692491461248047e-07 4.334349511204043520e-02 -9.535726706039076302e-08 6.956021274374776103e-03 -5.588654729357535950e-06 5.761608708194342233e-09 inf 0.000000000000000000e+00 -9.000000000000000000e+01
2.406240699828307295e-01 4.439998319187836717e-01 8.671406113313157027e-01 -6.355242835532889790e-10 -2.629730548109574517e-01 5.410825998020582484e-06 4.703989784379147577e-10 5.346174584441292280e-08 inf 0.000000000000000000e+00 -9.000000000000000000e+01
1.976245258378453995e-01 2.565058057963815474e-01 1.746134509115209454e-01 8.874844950422438924e-10 -6.852562753795153616e-02 1.537970289703888432e-09 -1.050387890754575615e+00 5.615356441358197599e-08 inf 0.000000000000000000e+00 -9.000000000000000000e+01
3.639588351083674067e-01 2.197991009089651504e-01 2.780859070204518536e-05 1.241151852470125846e-08 -5.535021893335073662e-01 2.259447994541171137e-03 1.590303780773209157e-04 4.674209700808967171e-10 inf 0.000000000000000000e+00 -9.000000000000000000e+01
3.555677776390698819e-01 3.567570998424893944e-07 1.451901758692868860e+00 1.760605118343968406e-08 -4.398299332774953108e-01 0.000000000000000000e+00 1.537089872085562747e-01 -8.963080602478384132e-08 inf 0.000000000000000000e+00 -9.000000000000000000e+01
5.177086323966835213e-01 5.885914047797897487e-03 1.290986328164228004e-06 5.535199937534497003e-08 -4.884993904910340246e-01 9.245344798051111320e-09 8.404858907319193012e-09 -6.213592120768117206e-09 inf 0.000000000000000000e+00 -9.000000000000000000e+01
3.439598201217095030e-01 9.366762958671553951e-02 1.355365481670069761e+00 5.916176835518677589e-07 -8.291888520791211858e-01 7.452462769303705992e-01 0.000000000000000000e+00 1.094668442595772724e-04 inf 0.000000000000000000e+00 -9.000000000000000000e+01
1.636546489628212887e-05 2.965391474050144582e-08 1.158843773411701209e-09 1.607088652814905178e-02 -1.007588942734298110e+00 1.030083354143734454e-09 -8.502370434396574274e-06 2.668852326645130157e-09 inf 0.000000000000000000e+00 -9.000000000000000000e+01
2.615982505740756647e-08 2.289664521656670635e-08 7.682839249474128218e-01 7.233381980530574972e-09 -9.635484854447362579e-01 5.384246737387420188e-08 -3.280583466658678692e-07 9.078889611908262658e-02 inf 0.000000000000000000e+00 -9.000000000000000000e+01
6.028163643162010032e-01 7.695891037063595747e-09 1.644433845064533157e-03 2.090510851482741507e-07 -4.093505063469519145e-01 5.459504694701465496e-10 9.154339416785282901e-02 2.559292072724325909e-05 inf 0.000000000000000000e+00 -1.000000000000000000e+01
6.566103435941459399e-01 2.782568049709970102e-03 3.755520415390871114e-01 0.000000000000000000e+00 -3.791864161346266693e-01 6.284439404787144079e-02 -2.297134038221876542e-09 1.364586514805250772e+01 inf 0.000000000000000000e+00 -3.000000000000000000e+01
9.359583738132602661e-04 8.043893681229391524e-01 3.708317217675305718e-06 3.158271926145122071e-07 -2.903977990179535380e-05 1.892310860141860977e-08 1.139195049269853960e-02 -1.992147286159789754e+00 inf 0.000000000000000000e+00 -9.000000000000000000e+01
1.746490711474236956e+00 7.651292640744276063e+00 1.410847060552990518e-05 8.192617190248185755e-06 -2.122802290183897760e-07 0.000000000000000000e+00 7.571541984732826240e+06 6.521248635444934190e-04 inf 0.000000000000000000e+00 -2.000000000000000000e+01
4.263903080740914509e-01 2.003923118886069554e-01 7.748502726359468573e-01 4.053073669274776143e-03 -4.208238549660746064e-01 0.000000000000000000e+00 4.545474504222332071e-09 6.370300035114508996e-08 inf 0.000000000000000000e+00 -9.000000000000000000e+01
4.045824158916189184e-01 6.114711512907422541e-01 2.164868526529039450e-08 -5.782827499871329158e-03 -2.812154292276972667e-01 8.161097621696645888e-06 5.218063906243518394e-09 3.642368459719217131e-09 inf 0.000000000000000000e+00 -9.000000000000000000e+01
3.926564135471711549e-03 7.915444592445646244e-01 4.414761022997722142e-08 5.836823467905642653e-10 -5.270180332759439867e-01 -2.219994114421711827e-06 6.892848858763916447e-06 0.000000000000000000e+00 inf 0.000000000000000000e+00 -9.000000000000000000e+01
3.393872077848409081e-09 8.085440939553283357e-01 7.406418753221267917e-10 1.518392664704842042e-02 -4.849366572901089301e-01 -3.475325007716771153e-05 -8.493508968192710340e-02 7.195008805038627830e-08 inf 0.000000000000000000e+00 -9.000000000000000000e+01
7.709585735826710381e-06 -1.199504344239568782e-01 1.263033321212952002e-08 1.888860642534685035e-08 -1.048691331197246335e+00 3.914265427903202612e-08 8.059897320052622651e-09 4.096324285014979555e-08 inf 0.000000000000000000e+00 -9.000000000000000000e+01
5.849230037531723929e-07 7.059553484849215110e-09 2.979811527599243788e-09 6.706775797957600049e-07 -1.274987773313593253e+00 2.969412185355272985e-07 1.279919045411755599e-06 8.438218027811529964e+02 inf 0.000000000000000000e+00 -3.000000000000000000e+01
3.513530932269243179e-01 4.437662766017143150e-03 4.260385000879860526e-04 4.060080188400014833e-01 -6.539071457278869959e-01 7.655565452023222050e-08 -1.076200310504784282e-09 1.541584228560907059e-08 inf 0.000000000000000000e+00 -9.000000000000000000e+01
4.421759514039236727e+00 3.484460976273637822e+00 5.855320958429536052e-03 2.910646100194495382e-08 -7.441148696765058190e+00 1.648500634360259028e+03 1.352732861040522802e-02 -1.159993757147110376e-07 inf 0.000000000000000000e+00 -2.000000000000000000e+01
1.171143562154997486e+00 7.942325589701317587e-06 -4.655846035342151240e-04 2.080911214365440687e-01 -1.462483401689828797e-04 5.216300348678867271e-01 8.161424226658595127e-05 7.805388941603019125e-06 inf 0.000000000000000000e+00 -1.000000000000000000e+01
8.077801581662725772e-01 4.153569898457489806e-01 -7.838708529129776456e-04 1.032021968635143061e+00 1.613774920208718450e-09 -1.998802630583222037e-07 0.000000000000000000e+00 2.405853622221750496e-06 inf 0.000000000000000000e+00 -9.000000000000000000e+01
2.355905219625617775e-01 3.675566414077561794e-01 1.264749117904279130e+00 2.263659279542455371e-07 -3.870415717956371959e-01 2.361233130278554020e-04 9.986026823789037610e-02 1.849297029540710513e+00 inf 0.000000000000000000e+00 -1.000000000000000000e+01
1.234320910367573854e+00 6.688741146484823187e-03 1.663912991917072759e+00 7.053608430756412096e-05 -2.087454480768691223e-01 1.912968150330796610e-04 1.027833771047517894e-07 3.258994441303059375e+03 inf 0.000000000000000000e+00 -3.000000000000000000e+01
2.141631982895156328e-01 2.366222602824236479e-02 1.292767346518875293e-07 1.852615927426272837e-09 -7.860671697517802592e-01 7.950595676200343683e-05 4.772550673492951395e-02 2.414376886065207221e-08 inf 0.000000000000000000e+00 -9.000000000000000000e+01
6.714844982339623902e-01 9.383959683697953164e-03 1.036170044688614400e+00 7.538927159644447483e-08 -2.633840057728042416e-01 1.165928725760664262e-04 1.242111568637071446e-07 9.423658949555559353e-09 inf 0.000000000000000000e+00 -9.000000000000000000e+01
2.843859182172163158e-01 4.411707817395577435e-06 5.763554609202250489e-01 1.257178521222484664e-09 -6.920057343285597184e-01 -6.961096351218431521e-07 4.520192435856124150e-09 4.890989471609947208e-10 inf 0.000000000000000000e+00 -9.000000000000000000e+01
8.920144474083413488e-01 2.065139081587973602e-01 2.493663665165176359e-07 2.162433241028281490e-04 2.065182230206708200e-09 5.091686780293541801e-04 -3.360758657489173462e-01 1.437788059194336052e-07 inf 0.000000000000000000e+00 -9.000000000000000000e+01
4.468805192234308332e-02 -5.058432079824749136e-07 2.620579791133879077e-06 4.395835972452331225e-09 -1.116909219287842925e+00 4.906923348335711643e-01 -5.148458800540573599e-05 1.699142934302366472e-08 inf 0.000000000000000000e+00 -1.000000000000000000e+01
1.515439272726104222e-02 4.670400765341121141e-01 7.859942751427739793e-01 1.334660446417328201e-07 -4.556488551552313471e-01 2.000535734546321963e-09 -7.180537762044493511e-02 2.022359760741372907e-08 inf 0.000000000000000000e+00 -9.000000000000000000e+01
4.837438616298724847e-01 -1.308017941643931439e-02 2.051237077737689121e-06 0.000000000000000000e+00 -5.295722274684919739e-01 1.547897297653618531e-08 1.408283031590742924e-08 -7.039472698599796698e-06 inf 0.000000000000000000e+00 -9.000000000000000000e+01
6.209798082362162110e-03 3.260143993240135173e-03 4.031046069464809256e-01 8.977593799072154657e-02 -9.623412799637819370e-01 3.335340766893738948e-05 3.336694395451731946e-07 1.996602123039068690e-08 inf 0.000000000000000000e+00 -9.000000000000000000e+01
2.809376812657128353e-01 4.400820865883065501e-03 4.932493640543049729e-01 1.107824320846012432e-09 -6.991273594856670659e-01 4.499471087743804633e-07 -5.573208506409939331e-08 3.499225030177485090e-05 inf 0.000000000000000000e+00 -9.000000000000000000e+01
1.877209292961568622e-07 1.903490223063030761e-06 9.611311579963232698e-06 6.499837176879432038e-08 -1.007819065127152580e+00 2.470107076050550438e-04 5.106009276855466524e-07 -3.401503238846362579e-06 inf 0.000000000000000000e+00 -9.000000000000000000e+01
5.937939646474577060e-01 8.873603718489652195e-03 5.435498599465189429e-01 6.443318875931699525e-09 -4.643773313268579339e-01 1.401369219952496123e-04 2.393446442117444839e+00 -9.147697784421342779e-08 inf 0.000000000000000000e+00 -3.000000000000000000e+01
1.974231961803557273e-03 5.748333518413776752e-03 1.514770250989286859e+00 -2.688555207242451523e-03 -1.293026316909106077e+00 1.160555914731335792e+00 7.724202324514369066e-10 1.708469966945386123e-04 inf 0.000000000000000000e+00 -9.000000000000000000e+01
2.235199443046141654e-03 4.511288541432649790e-01 2.328084424167819839e-08 1.913394386112926990e-09 -8.104695864478569378e-01 3.149113754571492702e-02 -5.233533785529258589e-07 1.756976213864151420e-09 inf 0.000000000000000000e+00 -9.000000000000000000e+01
2.244105278194406045e-06 8.952599445372139142e-01 1.261252483338800440e-02 7.942546414964983255e-05 -6.472328244274810459e+03 6.828751145038169861e+09 1.972140246675214981e-02 0.000000000000000000e+00 inf 0.000000000000000000e+00 -3.000000000000000000e+01
1.194822808418513263e-04 0.000000000000000000e+00 1.518691858177263487e+00 4.648321572009463757e-10 -5.219289474234521664e-02 1.363141100874295903e-06 0.000000000000000000e+00 2.125277735398443583e-07 inf 0.000000000000000000e+00 -9.000000000000000000e+01
2.624820881624125857e-01 4.427408715992501437e-02 1.416770789117600460e+00 7.785127979606884884e-06 -1.031085511983372699e-02 1.386229549087010298e-09 1.861835875288217062e-06 -1.457298749901619498e-05 inf 0.000000000000000000e+00 -8.000000000000000000e+01
3.128752315574206411e-01 2.620330064293397987e-01 2.112537993837869664e-05 1.277443966965872857e-07 -6.550825160733494412e-01 -1.808189299810379950e-05 1.247589985835214854e+00 1.193524290303881177e-07 inf 0.000000000000000000e+00 -1.000000000000000000e+01
2.056263172316565365e-06 6.729231461323750274e-01 3.070648439315119826e-02 6.817894731374951293e-09 -6.170402551040810035e-01 1.597401161595728581e-04 5.311643097387931825e-06 1.027021292868694990e-08 inf 0.000000000000000000e+00 -9.000000000000000000e+01
5.224178285506911878e-01 8.567848785911241771e-02 9.541781811852710485e-05 4.901977089688337086e-10 -1.539757810465194998e+00 7.745924495503481388e+00 2.034679963829007843e+00 6.012311482421324939e-07 inf 0.000000000000000000e+00 -3.000000000000000000e+01
3.293242771410036074e+00 2.924632730942831131e+03 1.639821179392371775e+01 6.670473023966633994e-07 -2.889380242152214078e-07 3.550173976088908594e-05 1.808099473388330080e+06 5.521669336505713978e-06 inf 0.000000000000000000e+00 -2.000000000000000000e+01
2.312691156077373855e-01 5.910848364167978208e-02 1.838531885181982506e-10 4.626392916019341804e-12 -1.869556862756406763e-03 0.000000000000000000e+00 9.056366577381155195e-04 -2.258747491394675677e+00 inf 0.000000000000000000e+00 -3.000000000000000000e+01
1.256410705981979570e+00 3.942980254911961658e-07 8.750719933037428566e-01 1.167581531794318777e-06 -8.871142684409503154e-01 8.831001767285478365e+00 2.758949700512958457e-09 5.009475065972038334e-10 inf 0.000000000000000000e+00 -3.000000000000000000e+01
9.138500417461697722e+00 3.760825586682912253e-02 1.221075858778607994e+02 2.817867366412172458e+01 2.653053435114464810e+04 6.001832061068614712e+05 1.301306804627843539e+00 0.000000000000000000e+00 inf 0.000000000000000000e+00 -2.000000000000000000e+01
2.725358485993135682e-01 1.017759627767255592e+00 1.436022642896282557e-02 1.562338907119876250e-08 -7.248658448032548399e-03 6.463768666778802645e-07 1.281248643495798152e-07 8.252940879660434945e-09 inf 0.000000000000000000e+00 -9.000000000000000000e+01
4.224428554855116369e-01 4.421075545338301279e-07 2.690439207293415791e-02 0.000000000000000000e+00 -5.839946363243889715e-01 6.833169386565217977e-09 2.220406244868566698e-09 1.224886731175979623e-07 inf 0.000000000000000000e+00 -9.000000000000000000e+01
3.580885048371434731e+00 2.627714195652029391e-02 1.657438222389064109e+01 7.959795907522789093e+01 -1.015436688716756919e+01 3.721562675271741227e+00 -1.120119377008276526e-04 3.405523638415795898e+10 inf 0.000000000000000000e+00 -2.000000000000000000e+01
3.158253535078839325e-01 2.585760447149140218e-01 2.677597880004529626e-02 0.000000000000000000e+00 -5.801263291020949397e-01 6.781995369555214854e-09 4.293841932087368610e-09 2.900203021128235664e-05 inf 0.000000000000000000e+00 -9.000000000000000000e+01
5.121582165327875913e-01 2.162403712555223834e-03 1.160121699801525174e-03 1.747601014993535873e-01 -5.172090865183180952e-01 -3.502068056373651704e-05 -1.787515910809460155e-09 1.412627317553156381e+01 inf 0.000000000000000000e+00 -3.000000000000000000e+01
3.840869568294721925e-01 1.293660230073756350e-03 -1.562238666352626751e-09 1.205405834524045488e-07 -6.231614911825110736e-01 -4.606706018762437434e-07 0.000000000000000000e+00 2.125812615148995066e-07 inf 0.000000000000000000e+00 -9.000000000000000000e+01
1.068347083050561613e-02 2.917674250809646364e-04 6.053576186362227031e-07 -9.030440959882970672e-03 -1.001123868311907250e+00 -5.452702698234420341e-05 5.943808408291615404e-08 2.139387992556952778e+00 inf 0.000000000000000000e+00 -3.000000000000000000e+01
5.285890988368315413e-09 2.615405557942238837e-07 3.434026223989365967e+00 3.648301231187543382e-08 -1.534183012106360211e+00 4.250147744941265809e-04 6.384745053491339917e+01 3.695681766657511486e-08 inf 0.000000000000000000e+00 -2.000000000000000000e+01
4.876070519458104313e-06 1.725249882000786106e-01 8.398643884674011906e-02 6.867962908641786048e-10 -9.322722317513483237e-01 2.116350051848135369e-09 -4.949003198167947283e-07 -3.639687966091234590e-06 inf 0.000000000000000000e+00 -9.000000000000000000e+01
3.946523634574993222e-01 8.269903637438313915e-01 1.873813608989187696e-01 1.127072878791997301e-04 -2.747911018769060021e-02 7.483150542183601012e-04 6.691920343194273794e-09 3.106798114017056055e-06 inf 0.000000000000000000e+00 -9.000000000000000000e+01
1.123609872437930368e-01 1.709248957466185104e-01 2.871693931745167012e-09 1.594348235179507652e-07 -8.253425244816797735e-01 -5.320122502073534269e-05 3.831631196561749402e-08 2.041642470201864200e-08 inf 0.000000000000000000e+00 -9.000000000000000000e+01
4.277694495276198384e-08 1.354028297899925740e-08 2.980587132192447800e-06 1.471535530759075327e-09 -1.007064353878322382e+00 1.253230809162948758e-09 3.708485147114446180e-09 -1.793871885115825049e-06 inf 0.000000000000000000e+00 -9.000000000000000000e+01
1.109436700067407411e-01 3.028462343427247294e-01 1.182261052713829628e-04 4.895585628497669273e-06 -7.766056900471851598e-01 2.262035079186212677e-04 1.979359332491664823e-08 2.524718112045289509e+00 inf 0.000000000000000000e+00 -3.000000000000000000e+01
7.064587820508698718e-06 5.407273704778549524e-05 2.877769395424516555e-04 2.434418775986105553e-06 -9.484932410077903109e-01 2.312101165918176133e-08 3.028106688267030953e-08 1.245849608887006930e-06 inf 0.000000000000000000e+00 -9.000000000000000000e+01
3.784822379121189490e-03 6.880424184923812359e-01 6.691919412734118056e-02 1.266752069114740253e+00 -5.598591734033896428e-01 7.865031989382828815e-10 0.000000000000000000e+00 1.094363022522696505e-07 inf 0.000000000000000000e+00 -9.000000000000000000e+01
5.266612655990435266e-02 1.069152812013780762e+00 2.289302148731102438e-01 2.147672432454741413e-11 -9.456309573797854265e-03 0.000000000000000000e+00 -3.311526602121634096e-09 2.511997062910760113e-10 inf 0.000000000000000000e+00 -9.000000000000000000e+01
1.638686828661557904e+00 5.618012592414258766e-01 2.713148508902320806e-07 8.967669808371882334e-08 -1.423070140679773887e+00 5.848976996033635060e-07 -6.506986908087418951e-06 1.386688303198747337e+06 inf 0.000000000000000000e+00 -3.000000000000000000e+01
1.038335431246104612e-01 1.116966275592849294e-04 1.532977343084756638e+00 8.251948604950146771e-09 -8.962381266303469526e-09 7.450150204696815761e-11 -5.176321667952833957e-07 3.816398439348264726e-02 inf 0.000000000000000000e+00 -9.000000000000000000e+01
3.935661534056281052e+00 1.403561221783926616e+00 -1.268791486647473854e-03 3.199382615772866592e-07 -4.433546426918822392e-01 9.242729223899116137e-03 4.646925666717054426e-01 1.913262795201293752e+07 inf 0.000000000000000000e+00 -2.000000000000000000e+01
1.277461639824084005e-01 4.785567835340991394e-01 3.500736224517922435e-03 5.510384810642545812e-07 -6.485574479106888113e-01 4.528261803575642691e-06 0.000000000000000000e+00 1.698566746477825512e-09 inf 0.000000000000000000e+00 -9.000000000000000000e+01
1.121471619549843229e-01 1.106304672963418987e-06 1.282906387714342955e+00 0.000000000000000000e+00 -5.400207289042556758e-01 -7.018126536354910017e-02 1.141579204273078409e-09 5.500868370800251569e-08 inf 0.000000000000000000e+00 -9.000000000000000000e+01
3.724198624075558683e-01 2.111356700263309072e-01 6.920558073085291140e-01 0.000000000000000000e+00 -4.809201372821981790e-01 1.528803943895334089e-07 1.525745170760634987e-09 -7.159277005558637839e-07 inf 0.000000000000000000e+00 -9.000000000000000000e+01
6.943281672930072801e-11 -1.457503220372452086e-11 6.972578220073238063e-11 2.009560030601464944e-12 -1.009138249162234935e+00 -8.904834275693421360e-15 2.235149165585698196e-18 1.467908021344123086e-19 inf 0.000000000000000000e+00 -9.000000000000000000e+01
