3.330890100175640245e-01 1.868828892610065462e-01 3.488112843783667740e-09 1.947496227925273396e-02 -5.986392345937786574e-01 1.306612761974701796e-09 8.234233598440133074e-08 1.561073453037608556e-09 1.196292781802399259e+04 0.000000000000000000e+00 0.000000000000000000e+00
7.103150838276989232e-01 1.542396567268230848e-09 6.096554596489073274e-01 3.260258432097251164e-07 -2.639941086953212501e-01 1.449003747598778368e-08 0.000000000000000000e+00 1.747577761996573524e-09 2.227419979514193619e+04 0.000000000000000000e+00 0.000000000000000000e+00
4.970254304889315522e-01 3.647154200578502370e-01 3.129419377152531934e-01 1.014931385610416349e-07 -3.094903722257467127e-01 1.278045489685419552e-04 4.018579675457459057e-08 -2.543731858151902867e-03 2.358960759688260441e+04 0.000000000000000000e+00 0.000000000000000000e+00
3.641561665201782927e-01 5.546749556267616121e-01 4.260546760611357842e-01 2.612599428676776105e-03 -2.628676963622479379e-01 4.462064629252594592e-10 1.285496263358840418e-05 0.000000000000000000e+00 6.524012933830359543e+04 0.000000000000000000e+00 0.000000000000000000e+00
3.360412350234816270e-02 7.196241816686059778e-01 8.089315621744737851e-08 3.427107557186042097e-01 -7.907657357499130457e-01 3.235572603890214949e-01 1.304728326087860984e-09 2.396524989358183216e-05 9.613509016458463157e+04 0.000000000000000000e+00 0.000000000000000000e+00
3.084689891346789614e-01 8.294181278847863048e-01 2.534850907692829947e-01 8.132137202301234020e-08 -7.665128204328502948e-02 2.514119094849151092e-05 2.034422985206848973e-09 -3.219437573947102804e-05 1.056292515132285916e+05 0.000000000000000000e+00 0.000000000000000000e+00
3.517700764319737217e-01 4.561121329027631455e-02 1.246364839572494443e+00 4.612369883286368804e-04 -4.313078326415342167e-01 5.803838556504316414e-09 -4.035823647875572974e-04 -9.583479646383900180e-03 1.124483673702324159e+05 0.000000000000000000e+00 0.000000000000000000e+00
1.247785509303883378e-01 7.458028331471486250e-02 1.280486095064950591e+00 2.850264358200209596e-05 -5.117354824363512522e-01 3.697640248475947584e-05 1.154076393692138921e-09 8.314088073845918607e-04 1.165072728432721633e+05 0.000000000000000000e+00 0.000000000000000000e+00
3.201555546708492045e-02 2.531023264064530612e-02 1.976464733968003484e+00 2.109708677030234763e-06 -3.692649612870266274e-02 -3.022117330226305014e-03 5.394479434453954836e-01 2.738009895052900047e-08 inf 0.000000000000000000e+00 -9.000000000000000000e+01
7.125826109061656225e-04 3.049039194551638743e-01 6.150198717215271671e-01 3.022979030495641872e+00 -1.758192401644591785e+00 1.114680083888507944e+01 5.902565921115175702e-08 0.000000000000000000e+00 inf 0.000000000000000000e+00 -2.000000000000000000e+01
1.582159497140830373e-01 2.844004494860510879e-01 1.203605997824926249e-01 2.073308396253259911e+00 7.590482986283002553e-01 6.870310741168355822e-09 -4.777417960116579613e-04 -1.137480466694423646e-02 inf 0.000000000000000000e+00 -2.000000000000000000e+01
1.646015932081017858e-03 5.488254520393211905e-02 1.493001677136050587e+00 5.924122608701845420e-03 -2.486289799506992328e-03 2.590658014278280132e-09 1.049766804236285621e-02 6.549827465477572616e-10 inf 0.000000000000000000e+00 -9.000000000000000000e+01
6.103976381823309483e-01 7.925517057902586567e-06 4.871807236424193777e-01 6.930951442870023071e-03 -3.649116315220456430e-01 2.704510382897415603e-06 -1.061561109882314669e-01 -2.570505147514881591e-09 inf 0.000000000000000000e+00 -9.000000000000000000e+01
1.253862472997702322e-03 2.451997724973284734e-02 1.543567622671228437e-09 2.215452062093508978e+00 -5.727447092344014612e-01 2.419217006724978802e-02 -1.680011810225679652e-03 2.688543099741278810e-08 inf 0.000000000000000000e+00 -2.000000000000000000e+01
-2.341644777853486153e-02 8.821434295405725656e-01 2.695988908258828420e-01 8.649089234915999938e-08 -3.280780619976736423e-01 2.673939194287473426e-05 2.163749270688514488e-09 -2.191420212078494002e-03 inf 0.000000000000000000e+00 -9.000000000000000000e+01
4.902594371073840444e-10 6.653535359077493716e-01 -4.837362528051730914e-06 5.225545940796623032e-08 -5.616366611927178232e-01 -9.368764862230441470e-02 2.799399611141047826e-07 0.000000000000000000e+00 inf 0.000000000000000000e+00 -9.000000000000000000e+01
1.121392112339213848e-01 4.025871479888140092e-01 3.870877505429652921e-01 3.813127931474906696e-01 -5.082771137792672922e-03 2.162659393364619806e-02 -4.374932779526716775e-01 -5.256303760252228896e-01 inf 0.000000000000000000e+00 -9.000000000000000000e+01
1.499030948925078558e-07 8.315111735415646743e-01 2.297596663733270927e-01 1.230353128033054502e-08 -1.867253161637197900e-01 1.308353655737001450e-02 -3.012404514672510913e-01 8.342464076650566926e-03 inf 0.000000000000000000e+00 -9.000000000000000000e+01
9.848475659035902792e-08 7.545702321444780480e-01 3.049597084457426055e-01 6.054456803372689766e-01 -3.153984270722472449e-01 -5.443046140963132135e-02 0.000000000000000000e+00 6.555280504096550653e-09 inf 0.000000000000000000e+00 -9.000000000000000000e+01
4.052124063230772878e-03 1.605953098252829242e-06 6.990619368865256427e-06 2.113209569824073597e+00 -2.675906649288947170e-01 6.271614223569055204e-07 -1.413621636063955578e-01 6.170750134983935633e-09 inf 0.000000000000000000e+00 -2.000000000000000000e+01
6.280931833845902410e-07 9.994192029074655537e-01 3.153642696993956371e-06 1.289573165041890901e+00 -1.634994548535254610e-01 8.857438426636109366e-10 6.369634897605144381e-10 3.802050082988013258e-08 inf 0.000000000000000000e+00 -9.000000000000000000e+01
1.009117843911092383e+00 1.468616367707401933e-09 0.000000000000000000e+00 0.000000000000000000e+00 -1.000864560763870407e-06 5.087635796385090760e-03 -1.010488258463522976e-07 1.383759413240715156e-05 inf 0.000000000000000000e+00 -9.000000000000000000e+01
3.531132747198840191e-07 1.688616749568452786e-08 3.857500683844072188e-10 2.266423035898227134e+00 -1.691496375498855982e-03 -3.628137153243922788e-03 7.233264658910941129e-07 1.303868629413615411e-08 inf 0.000000000000000000e+00 -2.000000000000000000e+01
4.455064469213491785e-06 3.214587318275445860e-01 1.250444975182375407e+00 5.529680019969230621e-04 -2.348471484717970532e-07 4.572066162344350755e-05 1.003432489416048998e-09 0.000000000000000000e+00 inf 0.000000000000000000e+00 -9.000000000000000000e+01
0.000000000000000000e+00 0.000000000000000000e+00 2.252609891270140407e-08 4.572798079278384993e-06 -9.920537211263610322e-01 -1.010858688707475580e-06 6.071487597564050031e-09 -8.082580540426825833e-02 inf 0.000000000000000000e+00 -9.000000000000000000e+01
1.019468711781264988e-10 1.227591139726672775e+00 4.854026253073333816e-10 4.993383430723410418e-17 -2.459975660724033173e-17 3.203475767136894054e-18 -3.695959075944163062e-12 0.000000000000000000e+00 inf 0.000000000000000000e+00 -9.000000000000000000e+01
-4.274178966613208751e-03 1.974394929093585549e-02 1.182293052861556988e-03 5.512040116107869918e-08 -1.005948701303547521e+00 0.000000000000000000e+00 9.974520471481428834e-05 3.402804613811896170e-12 inf 0.000000000000000000e+00 -9.000000000000000000e+01
2.603721982649974441e-04 8.453602099235992284e+01 -1.215114503816700599e+05 1.455898139312865283e+02 -4.500378179185827825e-03 2.396900388092073441e-07 -5.690839694656051506e+03 2.220777780499906833e-06 inf 0.000000000000000000e+00 -2.000000000000000000e+01
1.526873320722968108e+00 1.356845391940395551e-01 6.679343653215322555e-07 2.229505291321148164e+00 1.972774378987197652e+00 -3.518789916857872614e-05 3.618872686709909227e-07 9.496856178958681934e-09 inf 0.000000000000000000e+00 -2.000000000000000000e+01
1.442706420858491656e+00 4.290397745761257049e-03 8.885480284961245075e-09 0.000000000000000000e+00 -2.792298466878283605e-02 1.636656854919913120e-08 0.000000000000000000e+00 3.726735428288773164e+03 inf 0.000000000000000000e+00 -3.000000000000000000e+01
2.544044085112025797e-04 2.230930966944391582e-04 1.367624360282672289e-09 2.152652687402483028e-05 -2.528388429203643883e-04 -1.218385765413897204e+00 -5.401201288391685538e-04 7.201601717855580175e-05 inf 0.000000000000000000e+00 -9.000000000000000000e+01
1.944606233563824513e-03 0.000000000000000000e+00 1.506798329134566640e-09 4.962292574313356368e-10 -4.555167256537574956e-08 -1.221212714678081790e+00 0.000000000000000000e+00 0.000000000000000000e+00 inf 0.000000000000000000e+00 -9.000000000000000000e+01
9.808216001018039698e-01 2.486822491584119354e-05 7.234392702790164902e-05 3.342289428689056174e-04 -8.319551608208690857e-06 -3.226539145444413731e-04 -4.726315565445248779e-01 -3.392872302466965473e-01 inf 0.000000000000000000e+00 -9.000000000000000000e+01
3.126214312045733079e-01 3.539836513331783840e-01 1.648364827657017834e-09 5.160098590926316267e-10 -5.367469495758520059e-01 -3.240817120359909353e-05 0.000000000000000000e+00 3.004324068494877581e-08 inf 0.000000000000000000e+00 -9.000000000000000000e+01
4.278041741606997822e-02 2.731667020328871764e-01 -5.086552382681347462e-01 7.426091128837764014e-07 -1.523929720168203756e-03 -1.149184056828008282e+00 1.962404468627063211e-04 5.653411310986168462e-05 inf 0.000000000000000000e+00 -1.000000000000000000e+01
2.486458610257709090e+00 6.933846723873233309e+00 -1.678681154362504458e+03 1.133417252940816855e+00 -3.083102051177814373e-04 -5.722469597124971019e-07 -9.510508091285402310e-02 1.986968610112836975e-08 inf 0.000000000000000000e+00 -2.000000000000000000e+01
5.498130988514177142e-01 7.500645150465027333e-01 4.633009738724007398e-02 0.000000000000000000e+00 -3.447996732388645762e-04 -7.273386141954158238e-03 7.145843566151331463e-09 0.000000000000000000e+00 inf 0.000000000000000000e+00 -9.000000000000000000e+01
4.127394283913636830e-01 7.683978720051983791e-01 1.180039589150840354e-02 1.533648467047031368e-07 -6.176468229063130126e-07 -1.330974885437575805e-01 0.000000000000000000e+00 -2.864340281805092224e-03 inf 0.000000000000000000e+00 -9.000000000000000000e+01
2.714808000291559824e-08 2.549267922728706837e-01 1.285228600884297108e-09 1.508316854281151545e-02 -9.007413326974764711e-01 1.350979224675239116e-03 1.490991800533260999e-09 2.123222973362354251e-07 inf 0.000000000000000000e+00 -9.000000000000000000e+01
3.453291657666709824e+01 2.438128029659159424e+01 1.137766054357530128e-07 7.998751876662055227e-02 2.540512053680433553e+02 1.906482173992544906e-04 0.000000000000000000e+00 1.386005920762809316e-05 inf 0.000000000000000000e+00 -2.000000000000000000e+01
1.014596433398755847e-02 2.222345984599627677e-01 3.975983683689977236e-04 2.338784711991976311e-08 -5.017640543353847349e-01 -8.550823417307161500e-02 -7.517779776028428174e-01 -9.896384462670216875e-01 inf 0.000000000000000000e+00 -9.000000000000000000e+01
2.497294857875895173e-05 1.097870386771748921e-09 5.131150413956644396e-01 -4.554134428744047169e-02 -9.804503021463624179e-01 0.000000000000000000e+00 0.000000000000000000e+00 0.000000000000000000e+00 inf 0.000000000000000000e+00 -9.000000000000000000e+01
8.633719975444496819e-02 3.746543119425609775e-02 1.465626610465699864e+00 2.588361171500128469e-02 -1.081768398774798709e-06 0.000000000000000000e+00 2.960052375205639438e-09 0.000000000000000000e+00 inf 0.000000000000000000e+00 -9.000000000000000000e+01
9.313135833394267094e-01 1.752314341817894083e-01 1.677877590528972437e-02 8.699223303168678151e-06 -1.027819191641504828e-06 -9.518141968091625021e-03 7.150046550549598840e-06 8.262586345849959032e-08 inf 0.000000000000000000e+00 -9.000000000000000000e+01
1.464923966797997960e-09 4.666027444194564278e-01 2.383234513148981756e-09 7.543265202168795465e-10 -7.747366322436257668e-01 -4.680853330662294648e-05 -2.897925849774925927e-02 -5.830088798196981781e-01 inf 0.000000000000000000e+00 -9.000000000000000000e+01
4.244773733580708974e-01 2.381572359739407008e-01 4.445133082678914579e-09 2.451259025296463612e-02 -4.831608811955921956e-01 1.665103130151036205e-09 1.049342891648792989e-07 6.194037902093570140e-10 inf 0.000000000000000000e+00 -9.000000000000000000e+01
4.945717191543086977e-01 8.013095798144722615e-01 6.994377816498447019e-06 2.406486683330593497e-04 -2.751809108099430995e-02 5.151723483886722413e-10 0.000000000000000000e+00 -2.877686873073646541e-04 inf 0.000000000000000000e+00 -9.000000000000000000e+01
6.187003808851976316e-01 1.031167301475329340e-01 1.813588104787750288e-01 2.040625817656441132e+00 9.073593853442453450e-03 -1.218999174235843542e-03 4.106117010135456170e-07 2.800164769802626435e-04 inf 0.000000000000000000e+00 -2.000000000000000000e+01
1.809467612462350376e-07 5.908934569182286989e-01 8.809191444881849797e-01 8.499327871108868377e-06 -1.673746374527551595e-01 8.569638612621691142e-05 0.000000000000000000e+00 -5.526920594024429742e-03 inf 0.000000000000000000e+00 -9.000000000000000000e+01
1.326545586368264829e+01 9.990034662773352281e+00 5.336295335979506747e-07 2.285971046467946355e+00 1.834235872509205763e+02 -3.347924013950256961e-02 1.002182294805907307e-05 7.874289459189272397e-07 inf 0.000000000000000000e+00 -2.000000000000000000e+01
1.015150357625412003e-02 9.337164382268270391e-01 5.036920900130459344e-02 -6.739065941374298692e-05 -3.496998827579561042e-01 2.301275563719776424e-09 1.656521634229321952e-09 5.671189435189886302e-08 inf 0.000000000000000000e+00 -9.000000000000000000e+01
1.537884421305285142e-03 8.057647953881212979e-04 5.794142009847376884e-05 7.981831461844137780e-09 2.759215911811641497e+00 -2.484181528319162613e+00 1.914774406244890322e-03 3.824404480798794757e-06 inf 0.000000000000000000e+00 -3.000000000000000000e+01
3.950453800435611007e-01 5.964628836714048754e-01 1.005218355359523549e-05 2.102808127157490005e-04 -3.026826573854890512e-01 -2.611676041377299106e-09 1.060641205222589284e-02 6.674283216853097762e-10 inf 0.000000000000000000e+00 -9.000000000000000000e+01
1.861897169829219215e-09 6.844859778249968389e-04 1.156008187036595768e-07 5.909976384536991034e+00 5.970254957688171999e+03 -7.506944396800693253e-01 1.197993597320394134e-09 5.044183567664816841e-09 inf 0.000000000000000000e+00 -2.000000000000000000e+01
5.494445960947941814e-07 9.413450471018405263e-01 2.773257192706666818e-01 2.587722380518545084e-02 -2.099472874760328900e-01 2.611898967134946014e-09 -4.882495057582160220e-04 -1.388459531999926841e-03 inf 0.000000000000000000e+00 -9.000000000000000000e+01
3.390606130444424604e-01 5.049054781205284392e-01 7.860046729119223539e-10 2.085959858512548060e+00 -1.902609146567319776e-01 1.367222521349534997e-06 1.252115740953140894e-07 1.287812023041717301e-08 inf 0.000000000000000000e+00 -2.000000000000000000e+01
1.288827393662472960e-02 1.421014818653495819e-02 1.036254992340339930e-02 2.218860348063598012e-02 -9.910280090755543281e-01 1.481207306819050861e-03 0.000000000000000000e+00 6.005085878163610169e-02 inf 0.000000000000000000e+00 -1.000000000000000000e+01
-1.766355027009288315e+05 7.555463739681981679e+02 1.390473533831937348e-03 5.983502384558161274e-02 -1.933014273533693927e+00 -9.912643542764583060e+01 6.448462442466502687e-01 -9.756538920043880125e+00 inf 0.000000000000000000e+00 -2.000000000000000000e+01
1.379060208568034683e-03 1.067919776802247256e+00 0.000000000000000000e+00 1.253240885820161385e-09 -1.224880513227852297e-01 -6.943434446241716906e-02 1.604446780051453105e-04 -8.953386049394269179e-08 inf 0.000000000000000000e+00 -9.000000000000000000e+01
1.229756703574507171e-01 5.914661500157950558e-01 9.377598518383591874e-08 2.058302202054966834e+00 -2.198282524225371737e-01 0.000000000000000000e+00 4.902527420912474628e-10 4.512528610349998873e-08 inf 0.000000000000000000e+00 -2.000000000000000000e+01
1.640410002917853591e-02 1.658014402949166965e-01 1.694759524498901754e-06 1.016574081808215180e+00 -2.016504003586824800e-01 -8.245260814666127702e-01 1.454716923440215886e-09 0.000000000000000000e+00 inf 0.000000000000000000e+00 -9.000000000000000000e+01
6.022235732123063531e-05 6.184001879006535418e-01 6.925834038860964504e-09 2.987499598118839736e-08 -1.975581810470837876e-02 -5.908282050006243846e-01 5.803614150530272151e-07 0.000000000000000000e+00 inf 0.000000000000000000e+00 -9.000000000000000000e+01
1.697895786691970077e-03 3.626039274948138907e-02 4.073993032769657494e-09 2.268765276695985822e+00 -1.601976921360272352e-08 2.342200740195708478e-07 2.762029174759090052e-11 1.270533420389181334e-09 inf 0.000000000000000000e+00 -2.000000000000000000e+01
8.116831414042931963e-05 2.789987544573390710e-01 7.213138529872669125e-01 1.240426518075138373e+00 -2.255624729797193941e-03 -3.548241999196124347e-02 0.000000000000000000e+00 1.092224279247684669e-08 inf 0.000000000000000000e+00 -9.000000000000000000e+01
0.000000000000000000e+00 7.486738351577916006e+00 7.831011941579232305e-01 4.660421390576447807e-09 -2.618418853531136126e+00 3.503347447548603721e-01 2.115216936968085975e+03 3.755006592915763264e+01 inf 0.000000000000000000e+00 -2.000000000000000000e+01
2.552326655092306015e-05 1.196568941212713263e-05 1.483326372913227388e-09 5.450623576113964620e-04 -1.008484222531341290e+00 9.042461207802906169e-09 7.859945650427189968e-07 3.963137152852528599e-07 inf 0.000000000000000000e+00 -9.000000000000000000e+01
1.266165325027542861e-08 6.235911342904901788e-01 1.013998048393034868e+00 1.410945143897636080e-08 2.102191075936779840e-01 -1.285232037464631037e-04 9.114547687958142886e-10 1.214501146812215285e-02 inf 0.000000000000000000e+00 -1.000000000000000000e+01
1.080229287458972787e-01 8.216004783456071214e-01 6.459421336495358251e-06 8.735767281189954492e-02 -3.920136428691692876e-01 1.059114277592546781e-09 1.280417838891091713e-05 0.000000000000000000e+00 inf 0.000000000000000000e+00 -9.000000000000000000e+01
3.012838898030142931e-01 7.605796826729716020e-02 1.315979730020211180e+00 2.929270481769881651e-05 -2.381970479068841184e-01 3.109201101043215592e-05 -1.186066093842779385e-09 8.176047339780307928e-04 inf 0.000000000000000000e+00 -9.000000000000000000e+01
3.373151139699253065e-01 6.457381410901782415e-01 6.811260098685282058e-06 3.013679503615302515e-08 -3.221467683738473142e-01 2.327731606540989537e-05 1.639992722790242644e-05 1.931983824639095475e-09 inf 0.000000000000000000e+00 -9.000000000000000000e+01
2.678009891191095448e-01 1.932136576209422503e-03 1.150227199167322967e+00 2.526640138120013826e-03 -2.706348847038900671e-05 -3.292635112120199103e-01 0.000000000000000000e+00 0.000000000000000000e+00 inf 0.000000000000000000e+00 -8.000000000000000000e+01
6.265130505431910620e-05 1.166453388647686537e-02 1.014200525287356935e+00 1.031390364699007023e+00 -1.196669903238477750e-03 8.544384374406301007e-09 5.890421743145312906e-05 -1.509446918390834811e-09 inf 0.000000000000000000e+00 -9.000000000000000000e+01
4.143058274588148578e-04 7.795947575770730831e-01 3.169564544694665753e-01 8.016961951291220242e-04 -4.134214623514781417e-01 4.018966665023317560e-09 1.694126459161288872e-09 1.760131386141598857e-09 inf 0.000000000000000000e+00 -9.000000000000000000e+01
2.180093486021947605e-07 7.567840445108034931e-08 1.529819992588341782e+00 5.550762176625015587e-10 0.000000000000000000e+00 -7.058689100177218850e-08 -3.297912120574602597e-08 4.719051883059053134e-10 inf 0.000000000000000000e+00 -9.000000000000000000e+01
5.934557874541126656e-08 9.123596156107791622e-01 3.000069101402269411e-06 1.293962257384289716e+00 -3.021828026226784369e-01 3.225616938132154512e-09 -1.452801935685954157e-03 0.000000000000000000e+00 inf 0.000000000000000000e+00 -9.000000000000000000e+01
9.661578927440473471e-04 1.174718907586916848e-02 3.655828512402360952e-01 3.691973709558881572e-02 -9.831493626573580835e-01 1.354207886020543602e-09 4.943628220273859596e-10 0.000000000000000000e+00 inf 0.000000000000000000e+00 -9.000000000000000000e+01
4.991983404398303570e-01 6.046627785609212102e-01 -3.178008354047693515e-09 1.765064554665479735e-02 -1.880782479826121345e-01 2.942276965148551631e-09 0.000000000000000000e+00 -1.262643689727505070e-01 inf 0.000000000000000000e+00 -9.000000000000000000e+01
-2.729924301579446100e-01 9.735285604574320795e-01 2.014944127356257664e-01 3.540152824774836173e-07 -1.630949783865138472e-06 -3.011583158091610812e-01 4.993351122060618813e-04 6.198711171784732367e-09 inf 0.000000000000000000e+00 -1.000000000000000000e+01
8.979315705995329626e-07 1.021925670938961694e+00 3.215047054639429969e-01 2.066815963696776448e-01 -3.902191598125424356e-03 1.235203428824723360e-06 2.506611568079870251e-09 -3.966667465048473852e-05 inf 0.000000000000000000e+00 -9.000000000000000000e+01
2.618867744315870813e-02 9.989409123918457922e-01 4.609207229995932603e-03 7.312817340237493855e-08 -2.773904714779370506e-01 2.194324731077165391e-05 2.499944550848402195e-06 1.102916713609589250e-07 inf 0.000000000000000000e+00 -9.000000000000000000e+01
1.047774294026601188e-01 6.948659926181165458e-01 5.276203095810912957e-01 3.235407558751975284e-03 -3.255317759113525722e-01 5.525760080425146948e-10 1.418771906867086518e-05 3.225452458571199665e-01 inf 0.000000000000000000e+00 -1.000000000000000000e+01
4.570155928782970167e-01 -5.309876680076367449e-03 -1.141389844013362575e-05 6.294034857849143067e-04 -5.527154392502481306e-01 1.815289233853150734e-09 1.561588193898177406e-05 0.000000000000000000e+00 inf 0.000000000000000000e+00 -9.000000000000000000e+01
-2.403584942854426320e-03 1.751634457624714758e-01 2.297814446832196577e-09 1.149790823466479317e+00 -9.342050440665145006e-01 4.363616561168714980e-08 2.693797033543569932e-09 3.840696457928455564e-07 inf 0.000000000000000000e+00 -9.000000000000000000e+01
2.680453727979764667e-01 3.745084645290037706e-01 -9.511953425104248915e-05 3.769162670295092799e-10 -5.602525820171789794e-01 1.382551369927943263e-05 -9.777993176714916412e-02 6.840748965789302171e-09 inf 0.000000000000000000e+00 -9.000000000000000000e+01
2.806000161928220993e-02 5.493852948617359289e-01 1.022517614645650971e-06 2.079393804207860796e+00 -1.610681014001560940e-02 -1.954219890734343855e-04 0.000000000000000000e+00 -3.503460835304485757e-08 inf 0.000000000000000000e+00 -2.000000000000000000e+01
-3.117002637464808337e-02 4.147521876789908579e-01 9.635142846693938168e-01 4.518309591958591757e-10 -4.647938626750244828e-01 5.102846147561626677e-10 0.000000000000000000e+00 5.540774615705305133e-08 inf 0.000000000000000000e+00 -9.000000000000000000e+01
6.539074702079646917e-01 8.413758234416474080e-01 5.404084814530298579e-10 1.422097057349539222e-04 5.715858938445507994e-10 6.589458347632563323e-06 8.034357995729258795e-01 0.000000000000000000e+00 inf 0.000000000000000000e+00 -1.000000000000000000e+01
2.100658226825087907e-09 1.480012299428185241e+00 -1.163328444965385788e+00 7.775719640827664751e-03 -2.270106201633843024e-01 -4.285583545843732470e-09 1.134596205606100403e-09 3.927448404021117096e-10 inf 0.000000000000000000e+00 -1.000000000000000000e+01
2.515611457321378712e-09 1.772312010109953873e+00 -1.369513825994055356e+00 7.061365494235449035e-10 -6.201166897004873300e-03 1.218085547755615090e-09 7.039298727065963907e-10 7.833702345167451290e-10 inf 0.000000000000000000e+00 -1.000000000000000000e+01
9.328209656017624196e-01 -1.083301374748668437e-02 -2.324657475236844092e-05 2.229033267035612212e-04 -9.273899502274644233e-07 -2.142967083139183937e-01 3.572168697172455450e-05 2.802064522155101045e+00 inf 0.000000000000000000e+00 -3.000000000000000000e+01
2.597354668670017186e-01 2.328408611821952982e-04 7.527850315813993193e-07 2.264568601746671295e+00 -7.009996139846944138e-05 1.876994584781067205e-02 5.234813166473721705e-10 2.570160977041249567e-10 inf 0.000000000000000000e+00 -2.000000000000000000e+01
2.307617077169098595e-09 1.444046706520494550e-01 1.406202723866853965e+00 1.385888036632344127e-04 -2.246986470059907440e-02 -8.777290898671513437e-05 1.365464423460920236e-03 -5.926494893493576825e-07 inf 0.000000000000000000e+00 -9.000000000000000000e+01
4.197398005981828883e-01 9.001412973201124990e-01 0.000000000000000000e+00 8.765931281928744952e-10 0.000000000000000000e+00 0.000000000000000000e+00 5.350704043173223640e-04 0.000000000000000000e+00 inf 0.000000000000000000e+00 -9.000000000000000000e+01
2.798489123142912649e-01 2.040157280333207424e-01 6.982523910051687821e+00 1.966378930723076124e+01 -4.665453195505387285e+00 -3.718272261518555388e-01 6.235024287214375365e-05 3.690402985853429139e+07 inf 0.000000000000000000e+00 -2.000000000000000000e+01
1.729947097025670186e-09 7.698161377900071267e-01 3.188417585622790873e-01 1.087700413593841064e+00 -2.613927930555621226e-01 0.000000000000000000e+00 5.493027895710375508e-10 1.398225282544459164e-09 inf 0.000000000000000000e+00 -9.000000000000000000e+01
1.123743136263102738e+00 8.984536986063851283e-06 3.831640773468407813e-06 3.525226956518857403e-03 -3.241480010658330914e-04 4.766899235131725363e-10 3.940797847717182556e+00 1.204269280454330644e-08 inf 0.000000000000000000e+00 -3.000000000000000000e+01
8.096220545395854673e-01 8.365098718490181495e-01 1.335532332928614220e-09 4.843530594087773708e-08 -3.032348285452690639e-01 -1.467626694806536403e-01 1.673019743698036166e+01 0.000000000000000000e+00 inf 0.000000000000000000e+00 -3.000000000000000000e+01
5.736552096713610150e-07 4.234191981862613779e-02 7.299708219658061469e-10 3.447725755095553340e-07 -9.174715540968677585e-01 3.358997518751182637e-08 -1.002535141893928339e+00 0.000000000000000000e+00 inf 0.000000000000000000e+00 -9.000000000000000000e+01
7.748136377510432722e-03 2.049640343064093040e-01 4.810043063158476184e-01 4.183993643855633826e-02 -8.496089809152772565e-01 -4.695219983936710484e-10 -2.107493094682837687e-01 3.581495330750265080e-06 inf 0.000000000000000000e+00 -9.000000000000000000e+01
-1.262574291866021107e-07 3.395686188863010518e-05 1.396024444672949449e-01 2.019341632146849363e+00 -1.792680836701794900e-01 -2.637507437906089214e-01 6.740279877199148066e-07 0.000000000000000000e+00 inf 0.000000000000000000e+00 -2.000000000000000000e+01
9.101996176547222372e-03 9.716207216247051415e-01 4.817522427651276193e-06 1.836518801057222872e+00 -9.944621560600566591e-07 1.123636216928241416e-04 1.643222973857571059e-02 7.182815679431645861e-08 inf 0.000000000000000000e+00 -9.000000000000000000e+01
7.420403783744028425e-01 2.899775918545591594e-02 -6.463206852084920610e-09 -3.881520086408237944e-04 -2.742980217412507304e-01 1.959229951677310576e-09 4.231594825760341960e-01 3.233855414492664182e-08 inf 0.000000000000000000e+00 -1.000000000000000000e+01
3.922060226235032619e-06 1.168346086302450397e-02 1.015846176090341002e+00 1.087176779254069636e+00 -4.518813887451654315e-05 0.000000000000000000e+00 3.512724746317235497e-02 -1.511896160401045468e-09 inf 0.000000000000000000e+00 -9.000000000000000000e+01
0.000000000000000000e+00 3.195877797718330027e-02 1.528602250988557884e-07 5.805680774685852974e+00 5.687238593461367600e+03 -5.506743282222354097e+00 9.276496251790585955e-04 3.319786483742021142e-07 inf 0.000000000000000000e+00 -2.000000000000000000e+01
9.677678054998025553e-03 7.671113614236966249e-01 2.436288860817851509e-01 2.015893911076405338e-05 -3.185199084615175646e-03 -3.203400222241548079e-01 3.459534066750476813e-05 7.435344592842610171e-10 inf 0.000000000000000000e+00 -9.000000000000000000e+01
1.269047555056871774e-06 1.226078594540110478e+00 0.000000000000000000e+00 0.000000000000000000e+00 -4.928533743695713072e-07 3.955724987717399929e-03 -7.856721301944076579e-08 2.761575182702374890e-06 inf 0.000000000000000000e+00 -9.000000000000000000e+01
3.315330123796206155e-04 6.707094371483967102e-04 3.463383021774148474e-01 1.702340807312717086e+00 -9.900970672416491425e-01 0.000000000000000000e+00 8.805211072307156384e-02 -4.127442690143979555e-03 inf 0.000000000000000000e+00 -9.000000000000000000e+01
6.112301968735902591e-01 5.819380149147919123e-01 1.000816216925607023e-02 1.373480745608883536e-07 -5.493922982435534145e-07 -1.183892354168096100e-01 4.746801835327312672e-10 2.677123487203756048e-09 inf 0.000000000000000000e+00 -9.000000000000000000e+01
2.397089993623303661e-01 1.119210701649030026e+00 8.799232323748243503e-06 1.143096295891539854e-01 1.015137755306665945e-01 -6.789466834418762136e-05 1.744226525713409159e-05 0.000000000000000000e+00 inf 0.000000000000000000e+00 -9.000000000000000000e+01
7.907335202556729488e-09 2.271104419832196131e-01 7.791635163424303734e+00 2.194236270237875885e+01 -5.206070131615342156e+00 -4.149133074693435175e-01 6.957517812596285647e-05 5.993865018739419430e+07 inf 0.000000000000000000e+00 -2.000000000000000000e+01
5.525237776560942837e-01 4.986329320937085696e-01 2.036597053079980679e-01 3.588315806907256267e-01 -1.885238208008734040e-01 7.514962859781415538e-02 -2.177849684176272338e-01 6.457543636125065434e-02 inf 0.000000000000000000e+00 -9.000000000000000000e+01
8.121344476457193067e-07 7.266856026236226285e+00 5.659674728482168776e-05 1.252144896881849823e+00 3.991926243745767351e+03 -1.792491153138269340e+02 -3.359028501710755732e-01 7.584734159938688689e-05 inf 0.000000000000000000e+00 -2.000000000000000000e+01
9.313968846286118167e-03 6.214052497445853029e-02 4.929715738954514353e-06 1.879288736984997543e+00 -3.970677729879736834e-07 -8.577383218442422574e-01 0.000000000000000000e+00 -4.043755558263534256e-04 inf 0.000000000000000000e+00 -9.000000000000000000e+01
3.307785581588031931e-01 1.077788458544027085e-05 4.440066030670089536e-02 3.307785581588032486e-02 -6.574859956018057616e-01 -4.834455850013277822e-02 -2.143152842637979021e-05 2.857537123517305305e-06 inf 0.000000000000000000e+00 -9.000000000000000000e+01
8.730477507877133087e-04 9.254382909800380475e-01 3.043075092889866126e-06 1.312511206740266223e+00 -2.790068732890985115e-01 1.288247614754792438e-09 1.891381725299081573e-08 1.990928131893770304e-08 inf 0.000000000000000000e+00 -9.000000000000000000e+01
-9.899441900216098267e-01 1.631316482148286728e-01 2.139979927729254993e-09 2.208551545062295673e+00 -8.700354571457529218e-01 4.063884212270313833e-08 2.508762876439879099e-09 3.576882954930762796e-07 inf 0.000000000000000000e+00 -2.000000000000000000e+01
5.945625867616727289e-01 5.096250743671479899e-01 1.358755371498379548e-05 8.591514733628216179e-06 -1.613127755557303145e-01 8.191114675686970912e-10 0.000000000000000000e+00 -4.575451934054851062e-04 inf 0.000000000000000000e+00 -9.000000000000000000e+01
4.212120588115339515e-01 3.199450481564961590e-01 3.329703339472709495e-02 1.121275306383316961e+00 -4.373560750029167887e-01 4.414906919863291383e-10 0.000000000000000000e+00 4.793796145307905473e-08 inf 0.000000000000000000e+00 -9.000000000000000000e+01
-7.457027840622829425e-08 1.646740461162460038e-05 6.770030591621145621e-02 6.257906506277111092e-02 -1.155152083234545213e+00 4.776493908184365478e-01 -1.026746336958040962e-01 4.273496386299425575e-09 inf 0.000000000000000000e+00 -9.000000000000000000e+01
1.346051522983370499e-07 9.416093966645768809e-01 2.774035981874894419e-01 2.588449067594531666e-02 -2.100062451067261637e-01 2.612632443506866551e-09 -3.052416353295438439e-05 0.000000000000000000e+00 inf 0.000000000000000000e+00 -9.000000000000000000e+01
2.403837169877287398e-03 1.118900551837595499e-06 3.191936309309952868e-01 1.552833880204842032e+00 -9.853785363275170406e-01 0.000000000000000000e+00 3.491993552303606351e-07 4.153826885253294988e-06 inf 0.000000000000000000e+00 -9.000000000000000000e+01
7.734321871745155619e-01 1.960997350161381575e-05 4.849011629489961860e-05 1.606449029252203769e-03 -2.336653133457751164e-01 -9.469834476415690859e-04 3.736591314489323543e-05 0.000000000000000000e+00 inf 0.000000000000000000e+00 -9.000000000000000000e+01
2.538314865573091078e-05 6.085106267315572286e-10 2.273269825791459919e-01 4.391388261754145443e-08 -9.965549598778766782e-01 0.000000000000000000e+00 6.702571281401392906e-04 1.016953071143065374e-08 inf 0.000000000000000000e+00 -9.000000000000000000e+01
4.675331713992379351e-07 3.450897285021697902e-02 0.000000000000000000e+00 6.006502549226320308e-08 -4.630082814701758087e-01 -4.592943112979551712e-01 -8.170734378885455840e-01 1.159978133585230540e-07 inf 0.000000000000000000e+00 -9.000000000000000000e+01
5.016575347947305197e-01 6.029311216312254196e-01 3.208499582960355734e-04 1.773759769447330603e-02 -1.890047754332259411e-01 2.816390625137477235e-09 0.000000000000000000e+00 0.000000000000000000e+00 inf 0.000000000000000000e+00 -8.000000000000000000e+01
7.042179689848797580e-05 6.684660522864473986e-01 7.203561111397331906e-01 4.554688070302206210e-03 -2.525824923593767979e-01 2.058626602455799242e-05 3.536354159469969564e-09 0.000000000000000000e+00 inf 0.000000000000000000e+00 -9.000000000000000000e+01
1.209268168257579545e-02 4.487259437324883637e-01 5.126573281889988502e-03 6.766322824259212278e-04 -7.835816479801732681e-01 5.967555079696725831e-09 1.543155100936554410e-05 4.520962209775061747e-08 inf 0.000000000000000000e+00 -9.000000000000000000e+01
-1.030845072465029705e-03 1.375781692866789570e-04 6.918556351736449451e-05 5.154225362325148526e-05 -1.010113985100009826e+00 0.000000000000000000e+00 0.000000000000000000e+00 1.787168672570078887e-13 inf 0.000000000000000000e+00 -9.000000000000000000e+01
3.647344005243626126e-04 6.863167440845991951e-01 2.790328176707587704e-01 3.057083577480881735e-05 -5.424675275214130288e-01 1.375210353766160110e-09 4.471047746399370257e-10 5.957610625734368302e-03 inf 0.000000000000000000e+00 -9.000000000000000000e+01
2.004500423255493324e-01 4.101963184980806365e-01 6.670047785209582969e-01 9.662096363708292747e-09 -4.880522769665548988e-01 4.744470257448157918e-09 1.999950053778329346e-09 2.099514666845215697e-09 inf 0.000000000000000000e+00 -9.000000000000000000e+01
0.000000000000000000e+00 0.000000000000000000e+00 1.844561675717878657e+00 2.210050741380483132e-06 2.055234963553676852e+00 1.385286593191121770e-03 3.761551009319307033e-07 9.871280931355377685e-09 inf 0.000000000000000000e+00 -3.000000000000000000e+01
-2.314927800850945933e-02 4.970833636695653254e-04 1.529206107509490264e+00 2.950771456676781496e-04 -2.443534900898220591e-02 -9.545058206633674183e-05 1.484904345940573928e-03 -6.444897334811518315e-07 inf 0.000000000000000000e+00 -9.000000000000000000e+01
7.979298276449514615e-01 4.084265323320996344e-01 3.922128847932690248e-06 0.000000000000000000e+00 -1.238141484657818980e-03 -2.542809974461431033e-02 3.583473023567719777e-09 0.000000000000000000e+00 inf 0.000000000000000000e+00 -9.000000000000000000e+01
5.838568496700547616e-05 6.093179773101344843e-01 8.805058192470953393e-03 1.294959709606924525e+00 -1.001749284199855705e-01 -4.185085898434952600e-01 5.174772220690299461e-09 0.000000000000000000e+00 inf 0.000000000000000000e+00 -9.000000000000000000e+01
2.075626204579671219e-09 1.462331251580688551e+00 -1.129983239857804911e+00 5.880940912975735189e-10 -1.006787952705592170e-06 -2.331323552820817047e-01 5.079822026997617155e-10 0.000000000000000000e+00 inf 0.000000000000000000e+00 -1.000000000000000000e+01
4.700759752594722563e-01 2.928793673979915302e-01 6.812429172705632974e-01 1.167845001035251462e+00 -2.130318674500477141e-03 -3.351127558002096885e-02 0.000000000000000000e+00 1.031548266024451200e-08 inf 0.000000000000000000e+00 -9.000000000000000000e+01
1.386585811253333248e-03 2.561016416413260371e-03 1.524607926760386478e+00 6.364656182802185501e-03 -9.130250833662658565e-04 -5.660530575525102094e-07 -3.030788658477231236e-05 3.029123796543253198e-08 inf 0.000000000000000000e+00 -9.000000000000000000e+01
2.528105565288144341e+00 7.841562525314805576e+00 -1.898438739160377281e+03 1.281793874330304783e+00 -3.670794727559111600e-04 7.699568500541511362e-09 1.641164678158341840e-06 0.000000000000000000e+00 inf 0.000000000000000000e+00 -2.000000000000000000e+01
-1.738080496507164036e-02 3.295915608191362978e+00 -2.883389712569755245e-04 1.647330860665718310e-08 5.346707542177099981e+00 -1.122957357825616308e-02 3.859188023727688233e-06 7.892999939931742549e-06 inf 0.000000000000000000e+00 -2.000000000000000000e+01
2.976411589526287704e-01 3.635422428083203150e-01 9.237299872700976703e-09 0.000000000000000000e+00 -5.373472991310231928e-01 1.326027346212027994e-05 -9.378231164079178783e-02 6.561072806778263734e-09 inf 0.000000000000000000e+00 -9.000000000000000000e+01
7.256852094362380434e-01 2.692160630183409174e-05 3.315475935457693920e-09 2.190747802071661976e+00 -2.777555249055142506e-01 1.504716001476953439e-09 1.260609531503694648e-09 9.028587479273629385e-07 inf 0.000000000000000000e+00 -2.000000000000000000e+01
5.753503809513968372e-05 1.584262429682083198e-09 5.427551670617386799e-06 1.883593119161186279e-09 -1.058281069940571806e+00 1.415940875985302050e-01 2.541828606074258452e-05 7.966576789258475985e-08 inf 0.000000000000000000e+00 -9.000000000000000000e+01
-3.423819529426951336e-01 9.420032567735526774e-01 1.032704329066934764e-04 6.354559229136496311e-03 -2.045506433376690886e-06 -3.921994328682195663e-01 4.335930517065178467e-10 -7.499795159697131286e-01 inf 0.000000000000000000e+00 -1.000000000000000000e+01
1.007908458287348541e+00 2.980060684860472023e-04 3.755506325335543790e-07 1.076284157718902373e-01 -5.041555919059773382e-08 -6.773647361311596500e-09 0.000000000000000000e+00 0.000000000000000000e+00 inf 0.000000000000000000e+00 -9.000000000000000000e+01
1.259561890288859316e-07 1.792301738819440660e+00 -1.408796126582966490e+00 9.447005275914422892e-03 1.024122948990652591e-09 -5.189861492393911486e-09 1.374001251848669049e-09 4.737935351202307067e-10 inf 0.000000000000000000e+00 -1.000000000000000000e+01
1.641120384092606705e-08 7.270719244273964321e+00 5.662683534136203698e-05 1.252810564226025880e+00 3.994048438187830925e+03 -1.793444080254244568e+02 -3.305589586969174265e-01 1.601056356377795840e-06 inf 0.000000000000000000e+00 -2.000000000000000000e+01
3.603731142095058276e-06 2.600300962625176626e-01 1.304126476668284296e+00 9.815738534374471389e-04 -1.831441647339975929e-07 -6.436142482032882091e-03 1.283146694533846350e-06 2.313000838255456106e-08 inf 0.000000000000000000e+00 -9.000000000000000000e+01
1.058440285978051099e-07 5.871159130826365535e-01 3.265188499073610751e-01 8.363826691633349242e-01 -4.346717812646888612e-01 1.335817455752709437e-02 -2.127007650027446517e-01 2.373892466548489354e-03 inf 0.000000000000000000e+00 -9.000000000000000000e+01
4.873063286699320928e-02 1.043554723177136934e+00 1.033525081706157830e-07 4.138830418731752867e-08 -2.003783784047354355e-01 2.670042279732228396e-05 2.252280562495213092e-05 2.653285929151248906e-09 inf 0.000000000000000000e+00 -8.000000000000000000e+01
2.480033601053068248e-01 8.677690956326588045e-01 1.090095493368941388e-05 3.727330343657057621e-01 -1.887931645420046212e-01 4.295213221154796300e-07 0.000000000000000000e+00 3.566508081565775292e-05 inf 0.000000000000000000e+00 -9.000000000000000000e+01
3.273858054746691369e-10 3.435125393375378922e-01 5.446334806906287881e-08 1.190843469703464663e+00 -7.113572168781513716e-02 -7.190862490132460261e-01 1.480167745924562779e-09 -5.241585378075224237e-08 inf 0.000000000000000000e+00 -8.000000000000000000e+01
7.603736910161514873e-01 0.000000000000000000e+00 8.194343981507137554e-09 3.771421526303531565e-07 -3.212992158674897025e-07 -4.820226076977388585e-01 2.121578378951315417e-04 0.000000000000000000e+00 inf 0.000000000000000000e+00 -9.000000000000000000e+01
3.874399254977659024e-01 8.128110325127956282e-01 2.889994782267717999e-01 8.091374127373404123e-10 0.000000000000000000e+00 0.000000000000000000e+00 4.938955926727056720e-04 8.040908176475024679e-10 inf 0.000000000000000000e+00 -8.000000000000000000e+01
0.000000000000000000e+00 3.101928833277372899e+00 4.693546962208580603e-10 1.224662453117665627e-03 -2.265892598615713460e+00 2.031687305191683154e-08 8.521006318435697722e+02 8.000944899939621990e+00 inf 0.000000000000000000e+00 -2.000000000000000000e+01
-2.055910064393572166e-05 9.496978103908372787e-05 2.460322887817812295e-11 2.277475094115190668e+00 -6.247313808576596247e-05 6.134570353432433001e-07 1.710890905982722994e-14 8.400041993272574827e-15 inf 0.000000000000000000e+00 -2.000000000000000000e+01
1.813712945733958809e-07 1.134974355915977284e+01 -1.215114503816736833e+05 8.923246660304924660e+01 -1.081619553893526341e-02 2.396900388092144910e-07 -3.556774809160138489e+02 2.220777780499972902e-06 inf 0.000000000000000000e+00 -2.000000000000000000e+01
6.958042443578690284e-01 6.219135281428740392e-01 5.122975742656180004e-09 -2.635804357170094228e-04 -2.956911473534085816e-02 2.485025546810833353e-10 2.873527852805358718e-01 2.195997960135604306e-08 inf 0.000000000000000000e+00 -1.000000000000000000e+01
1.502099355257137114e+00 5.869965657636724149e-02 -1.280983690171691876e-08 0.000000000000000000e+00 -4.789662531719868221e-02 1.762662733105490340e-04 0.000000000000000000e+00 6.290437225020128608e+03 inf 0.000000000000000000e+00 -3.000000000000000000e+01
6.118192155153187985e-04 6.326450617532519693e-01 5.507492608790446331e-01 -1.445972734185223957e-02 -2.958485806580741229e-01 -4.785785863586493327e-02 -1.146541212238903207e-01 -2.776279255581226669e-09 inf 0.000000000000000000e+00 -9.000000000000000000e+01
9.031004238566252285e-03 2.389001654575392541e-01 5.606447431301928574e-01 9.440409764047921204e-01 -8.380771933389481732e-02 -1.469043356140110335e-01 -2.461249688483922449e-01 6.369762628656664129e-10 inf 0.000000000000000000e+00 -9.000000000000000000e+01
6.131786890349307483e-03 2.875053874576616320e-01 5.393349239169272780e-01 1.690750061677198754e-05 -2.864560977224147043e-01 1.291937986522795172e-02 -4.543424553619251349e-01 -5.980951490907560064e-01 inf 0.000000000000000000e+00 -9.000000000000000000e+01
2.100037547372954685e-02 8.982504741282024696e-01 2.739999114178378603e-01 2.924716948848358971e-07 -5.119168834306890396e-03 -2.919628260998559204e-03 -2.672965496706125044e-01 0.000000000000000000e+00 inf 0.000000000000000000e+00 -9.000000000000000000e+01
8.638925928597672614e-08 1.503186115116068693e-02 3.075924192782490116e-09 9.618142162446777655e-10 -9.999146693307519040e-01 -6.041348395725670129e-05 -3.732320380314438357e-02 0.000000000000000000e+00 inf 0.000000000000000000e+00 -9.000000000000000000e+01
7.746897498523022327e-03 1.097846045504976997e+00 1.475599523528194762e-02 2.662996015117288871e-04 -2.925260774181870658e-05 1.763449337884205895e-09 4.010637895636896924e-08 -1.081319330841461035e+00 inf 0.000000000000000000e+00 -9.000000000000000000e+01
3.438546643228384813e-09 1.530132742817389202e+00 6.337490091519782931e-01 1.663353255251738938e+00 -5.195599984939642813e-01 0.000000000000000000e+00 3.897651563793548490e+00 3.431456856335130522e-09 inf 0.000000000000000000e+00 -3.000000000000000000e+01
1.554400763294285523e-04 1.116643246177979831e+00 8.356130154991534157e-10 1.410917615913274528e-05 -1.523140568251542537e-01 0.000000000000000000e+00 0.000000000000000000e+00 1.226052284749849565e-08 inf 0.000000000000000000e+00 -9.000000000000000000e+01
4.938547207811180839e-01 -5.735221630692883751e-03 -1.476575171254382215e-06 8.461313990217033190e-03 -5.167360205856487143e-01 4.901270340235932835e-10 8.452915514319941506e-10 1.475702318936399494e-04 inf 0.000000000000000000e+00 -9.000000000000000000e+01
1.195683200398207164e-09 3.672719700497482087e-01 2.826397334730670896e-01 2.854341941147499687e-02 -8.048046648046656149e-01 2.659056669542281646e-09 -1.203863624653556423e-03 -4.662757184979412495e-01 inf 0.000000000000000000e+00 -9.000000000000000000e+01
3.869354744619671882e-01 9.798258155472735649e-08 4.834666853029310190e-10 2.249513068921747294e+00 -2.313201206022630074e-01 1.691488776313188071e-06 -4.811345852624179342e-04 7.574311403079253148e-09 inf 0.000000000000000000e+00 -2.000000000000000000e+01
1.011152040272885300e+00 1.817592317791137502e+00 7.118386295786109930e-01 2.898144747331218504e-02 4.019794614090979934e+00 1.636146686635689524e-08 6.629869589212553094e-02 4.229023215456654873e-09 inf 0.000000000000000000e+00 -3.000000000000000000e+01
6.754783283785936732e-01 -1.473479350569732809e-09 8.107500536239854173e-10 2.049683787020837534e-07 -5.454397197067788472e-01 5.288377943140685483e-09 1.011411400780781911e+01 0.000000000000000000e+00 inf 0.000000000000000000e+00 -3.000000000000000000e+01
4.859506536553964140e-01 5.020892362491180538e-01 7.648715157397626078e-10 2.029875055121434624e+00 -2.492514422808121966e-01 5.472338390340729725e-08 0.000000000000000000e+00 1.646644791527087338e-09 inf 0.000000000000000000e+00 -2.000000000000000000e+01
9.351273276791057798e-01 1.759490097677143539e-01 1.586726794214415523e-02 1.807275692251940694e-02 -7.590641666262743436e-07 0.000000000000000000e+00 0.000000000000000000e+00 2.991385878330145389e-08 inf 0.000000000000000000e+00 -9.000000000000000000e+01
1.368189539819409783e-03 1.059501723644309390e+00 4.915617243152305634e-10 1.246976433005547923e-09 -2.153932075540628821e-01 -9.459836818252761667e-03 7.505974037920282190e-06 0.000000000000000000e+00 inf 0.000000000000000000e+00 -9.000000000000000000e+01
4.022231926429409854e-01 4.710863073366740594e-01 3.435330380744184842e-01 4.914322275870952050e-01 -3.130141576987867658e-01 1.836558052806515782e-09 0.000000000000000000e+00 4.664274419826071531e-10 inf 0.000000000000000000e+00 -9.000000000000000000e+01
7.184876715810849229e-08 6.746766525813202575e-01 3.805176320558646186e+00 5.534456915706143171e-04 -1.156086555725283245e-02 9.153113253353245549e-01 8.922115563514368029e-05 6.998645809443562626e+00 inf 0.000000000000000000e+00 -2.000000000000000000e+01
4.766289189226102230e-01 7.223277700855332828e-01 7.619349619396656448e-02 -1.019418421166179124e-04 -2.201891343755157104e-01 8.424919623209518871e-02 1.313246933299093248e-02 3.265243748788135392e+00 inf 0.000000000000000000e+00 -3.000000000000000000e+01
2.208112734205524858e-03 7.144763285696984489e-01 -6.669485489003675735e-06 0.000000000000000000e+00 -5.988992754187177914e-01 -1.390331205784612462e-04 3.006078195163916439e-07 -2.492539836823414140e-08 inf 0.000000000000000000e+00 -9.000000000000000000e+01
5.999712830545599757e-02 2.597436652248399924e-02 8.395130458983181949e-10 2.247697294565375703e+00 -4.207115704345999914e-03 0.000000000000000000e+00 0.000000000000000000e+00 2.977182195670572707e-08 inf 0.000000000000000000e+00 -2.000000000000000000e+01
-3.346097209447006920e-02 4.482853521697496291e-01 1.041415460255287639e+00 0.000000000000000000e+00 -1.005548048386900074e-02 -8.777775556289064973e-02 0.000000000000000000e+00 0.000000000000000000e+00 inf 0.000000000000000000e+00 -1.000000000000000000e+01
4.565683938024341360e-01 -2.652340428740102007e-03 -1.140272970778846865e-05 6.287876016409725110e-04 -5.521745959234566348e-01 1.813512936325334855e-09 1.390358948704233708e-05 3.978510643110153011e-03 inf 0.000000000000000000e+00 -9.000000000000000000e+01
1.261603920192876337e-07 8.787753291176814141e-01 5.026972850436629559e-01 2.639131217738332645e-04 -3.011931571572698182e-02 5.974956166033462874e-05 0.000000000000000000e+00 -3.061539856280954819e-01 inf 0.000000000000000000e+00 -9.000000000000000000e+01
2.100252627757271731e-07 7.290685873424924643e-08 1.473793890046478650e+00 1.078553300082356894e-08 -2.487494763657127628e-01 2.424654705611499955e-09 1.745333344125519464e-09 3.009916186276344635e-08 inf 0.000000000000000000e+00 -9.000000000000000000e+01
1.150298486864563602e-06 5.518229726635391362e-08 1.524512231420879660e+00 1.301257755600784781e-05 -1.395398406583889618e-06 6.791495957313685179e-05 2.384850071132645707e-08 1.931162808512977087e-09 inf 0.000000000000000000e+00 -9.000000000000000000e+01
1.323487496069247413e-02 1.212690619349133359e+00 1.045274875225455852e-05 2.457808490394990477e-04 0.000000000000000000e+00 -8.414506887240393843e-08 -3.931367971907396700e-08 1.103541886851199106e-09 inf 0.000000000000000000e+00 -9.000000000000000000e+01
2.930582061067987070e+02 2.553692300810445293e+00 1.216762279735879700e-05 4.621302480914902731e+02 4.527022900762253557e+05 -4.395873091601980605e+02 3.442531038777785645e+11 2.209580581606259949e-04 inf 0.000000000000000000e+00 -2.000000000000000000e+01
2.166301132013875613e-13 3.626100865101881260e-02 -4.074062231649815143e-09 2.268803812848410040e+00 -1.602004131767384747e-08 2.333401880201873799e-07 4.330935307950447277e-07 6.642792994656139132e-09 inf 0.000000000000000000e+00 -2.000000000000000000e+01
4.527430330796243518e-03 1.198250607180829874e+00 6.111197698054011536e-09 2.051236792564216070e-08 -1.133947165928659261e-02 -1.201510357019003073e-04 0.000000000000000000e+00 9.947967035440964497e-08 inf 0.000000000000000000e+00 -9.000000000000000000e+01
4.703491089966685301e+00 4.229430996353860696e-03 1.864587858607616227e-03 1.950086033587672629e+00 1.635510961184455425e+02 -1.303938123951160222e+01 8.754467384926002682e-03 6.717295007964985710e-07 inf 0.000000000000000000e+00 -2.000000000000000000e+01
5.449258824539439557e-03 2.735006029073631773e+00 -5.092769847240555592e+00 7.435168290524763530e-06 -1.516582455956328596e-02 1.726877796508977380e-05 0.000000000000000000e+00 5.660321666334981825e-04 inf 0.000000000000000000e+00 -2.000000000000000000e+01
3.314397031135329907e-01 1.471755955751550005e+01 6.868031319039168588e-08 4.828380860172456351e-02 1.345006866323836334e+02 -4.792372596130491935e+00 1.309391419707784700e-02 8.366510879556806040e-06 inf 0.000000000000000000e+00 -2.000000000000000000e+01
-1.133679389312972082e+06 4.829198473282421219e+03 -2.122802290183887966e-07 4.150428389774915528e-05 -3.176049618320596892e+03 -6.362118320610659339e+02 1.773374143511442566e+10 -8.434033575858741472e+00 inf 0.000000000000000000e+00 -2.000000000000000000e+01
1.278702656061071405e-02 7.470002493082351924e-02 8.366103139877675308e-10 1.407348706157388658e-09 -2.743263256317065787e-03 -1.141911209133607885e+00 7.010510834500885378e-08 0.000000000000000000e+00 inf 0.000000000000000000e+00 -9.000000000000000000e+01
7.842058054624844177e-01 3.703194081350620892e-01 4.370313603358637056e-01 3.020758039704665460e-03 -2.293489268701825610e-04 3.945911022794464748e-09 9.251081883775196943e-08 9.535106327575312929e-09 inf 0.000000000000000000e+00 -9.000000000000000000e+01
6.345930229478640161e-01 1.057655038246440027e-01 1.266402743163500544e-01 2.093043654635060147e+00 3.635417387064693610e-05 -1.250311774242810533e-03 4.167351998898633929e-07 2.023952802012871527e-08 inf 0.000000000000000000e+00 -2.000000000000000000e+01
7.869061888013870742e-01 1.975383912553885189e-05 8.424431391773922379e-06 7.262440854977518890e-07 -4.368175483534581516e-01 2.683068426977805846e-07 1.042439166240117032e+01 3.089059044217868333e-09 inf 0.000000000000000000e+00 -3.000000000000000000e+01
1.375562860024941112e-07 1.053928366737671318e+00 1.718677648327642612e-09 8.783490284004025077e-09 -1.338239082270659963e-01 -7.602447704728261535e-02 0.000000000000000000e+00 2.602147792971368783e-07 inf 0.000000000000000000e+00 -9.000000000000000000e+01
3.681569613653109391e-02 1.404297913431842071e+00 5.964142774118037435e-03 1.495637655546575809e-04 -1.619890630007368160e-01 8.107362772253674227e-06 8.482336389856764969e-01 1.443730759748610179e-07 inf 0.000000000000000000e+00 -1.000000000000000000e+01
4.586861879770959405e+01 5.901866650763316358e+01 4.315587073450748990e-08 1.408933683206096710e+01 -2.660096146678177509e-01 3.449770992366387509e+05 2.334989209211492682e-04 4.023993352271644293e-08 inf 0.000000000000000000e+00 -2.000000000000000000e+01
8.075853482301812101e-07 9.583462949880392490e-01 0.000000000000000000e+00 3.998532333920165346e-07 -3.469874516336003967e-01 -8.592905077205282059e-08 -1.303784695498275310e-02 -7.067545750349561728e-03 inf 0.000000000000000000e+00 -9.000000000000000000e+01
