4.690943997825715583e-01 9.963286775042966281e-02 4.149298981127619301e-02 5.826410844757046181e-02 -4.979158777353143162e-01 -5.879343967622142967e-09 1.077386079709095520e-09 2.208003176942677234e-05 1.582148943975829752e+04 0.000000000000000000e+00 0.000000000000000000e+00
2.716950587782467896e-01 4.014491633662749526e-01 9.776393066368328095e-08 7.563031349419554653e-09 -5.505588526166056429e-01 3.990409164320185705e-04 2.301485987316247373e-05 0.000000000000000000e+00 2.239972469426476891e+04 0.000000000000000000e+00 0.000000000000000000e+00
3.151030446787151940e-01 6.996964946477934877e-01 1.079352419187094462e-04 5.331591440381302505e-01 -2.791597315974929105e-01 6.755664780703437463e-08 1.923686258247345202e-09 -2.000844428188039426e-01 2.897224956212039251e+04 0.000000000000000000e+00 0.000000000000000000e+00
2.615799145631076406e-01 5.803298723090799527e-01 8.980222179649212063e-05 3.391100438794926453e-02 -4.508882651025937771e-01 1.652518890829877201e-05 2.143876619357428306e-02 1.989106199617519128e-09 3.729268468491605017e+04 0.000000000000000000e+00 0.000000000000000000e+00
5.897054267262998861e-01 4.417995784742409645e-05 2.051626101961892785e-08 9.392102927004843213e-05 -4.176025554070363910e-01 9.758423784607348222e-10 2.587462566238998976e-06 0.000000000000000000e+00 4.507683229381985439e+04 0.000000000000000000e+00 0.000000000000000000e+00
6.391080810982617821e-01 7.267449751619030340e-02 3.091943343458665661e-05 3.232946396859936317e-02 -3.409288927597751151e-01 0.000000000000000000e+00 3.196312739018451708e-06 -4.355126137918757800e-02 5.944383919700232946e+04 0.000000000000000000e+00 0.000000000000000000e+00
1.118207341111650543e-01 4.498462141919258593e-07 4.160317269114088279e-01 4.883001489570526488e-01 -8.730806663352100871e-01 3.499871069913243066e-09 4.904185241416893481e-09 2.062959346656554350e-07 6.194346668947413127e+04 0.000000000000000000e+00 0.000000000000000000e+00
7.061630480905040086e-01 2.027498947598786044e-02 1.163092079207888929e+00 7.993676525627560606e-08 -2.403328020812219579e-01 5.649798896662470982e-02 0.000000000000000000e+00 0.000000000000000000e+00 9.947556023293174803e+04 0.000000000000000000e+00 0.000000000000000000e+00
3.267820811012655535e-01 7.249845758040448507e-01 1.105416189292296561e-04 2.383913494160633008e-07 -2.877029868664750523e-01 2.434021171089323365e-02 2.683348450570027755e-06 -2.105554646271041037e-05 1.004547160388554912e+05 0.000000000000000000e+00 0.000000000000000000e+00
7.658606701752177504e-01 4.924971072658553273e-01 1.980018215658021011e-03 3.069460552657630580e-03 -4.029207373347763223e-03 -5.849377751797707360e-11 6.844029651442604109e-10 0.000000000000000000e+00 1.132837199596767750e+05 0.000000000000000000e+00 0.000000000000000000e+00
6.371525647450724250e-01 7.791642905123125467e-08 1.829634708080710948e-06 6.941183680654312962e-10 -3.703008448241656980e-01 1.435007614180949753e-07 2.487439956221861147e-08 0.000000000000000000e+00 1.233616295039083052e+05 0.000000000000000000e+00 0.000000000000000000e+00
6.757537902070296365e-01 2.140397491132130386e-05 3.339380357601274712e-09 9.544609598798475028e-07 -3.319665120987885798e-01 3.539772536247308507e-06 5.472180207972550874e-08 2.674294393414527213e-04 1.263347686462794663e+05 0.000000000000000000e+00 0.000000000000000000e+00
7.096154872505854305e-01 1.455647945260232247e-05 2.060928937611292714e-09 0.000000000000000000e+00 -2.981166991892955642e-01 -8.505883389151907850e-09 4.951589321991772947e-06 -1.631265307508584884e-07 1.273327227248252311e+05 0.000000000000000000e+00 0.000000000000000000e+00
7.075158997162702690e-01 -1.376440023084380404e-01 -3.906129706463562223e-06 3.097668815584325850e-07 -3.498987722233191655e-01 5.201630011119818328e-07 2.384898288117199672e-06 3.857709462477385961e-10 1.320284584974932077e+05 0.000000000000000000e+00 0.000000000000000000e+00
4.570793358943671669e-01 1.771583842869268455e-01 8.441240754324810867e-05 2.676108523971704733e-01 -4.784882040861407893e-01 1.918089687869533886e-09 2.687718190486623222e-09 2.465363344341913904e-07 inf 0.000000000000000000e+00 -9.000000000000000000e+01
8.085373747002149316e-10 2.555153891250455667e-01 2.047275435459104361e-04 4.904146694545303912e-08 -8.997298644094268161e-01 2.716854930821023008e-04 2.652002589016705116e-08 0.000000000000000000e+00 inf 0.000000000000000000e+00 -9.000000000000000000e+01
5.042190113742029967e-01 0.000000000000000000e+00 0.000000000000000000e+00 0.000000000000000000e+00 -5.042190113742029967e-01 -2.748378787763844664e-10 -2.620970499589361645e-10 0.000000000000000000e+00 inf 0.000000000000000000e+00 -9.000000000000000000e+01
8.864449123844847382e-08 0.000000000000000000e+00 0.000000000000000000e+00 0.000000000000000000e+00 0.000000000000000000e+00 0.000000000000000000e+00 3.921935549858986997e-08 0.000000000000000000e+00 inf 0.000000000000000000e+00 -9.000000000000000000e+01
2.783749787179817248e-01 5.607100995319096765e-07 0.000000000000000000e+00 1.098141295356452041e+01 1.019124269673236995e+05 1.785117867897508307e-07 2.351191903330552378e-09 1.221569888678171944e-04 inf 0.000000000000000000e+00 -2.000000000000000000e+01
-1.071588641221383929e+09 2.189228552898398183e-01 1.255019375954887062e-06 5.549510926690771895e-02 6.449785305343570485e+01 1.128677648442402579e-04 -9.515194492485775646e-01 1.733771171278641887e+01 inf 0.000000000000000000e+00 -2.000000000000000000e+01
1.564799365955954036e+00 8.711353586929208610e-07 1.369193475975597407e-06 1.083623560924498186e+00 5.515917764994738848e-01 2.023236680200862433e-02 4.532888483134470381e-07 2.658175345047992197e-07 inf 0.000000000000000000e+00 -9.000000000000000000e+01
5.592690591817409684e-01 7.567731674941740039e-01 3.831244365928785761e-05 6.868645350964563967e-02 -2.719348025960169682e-03 2.597130137152971392e-04 6.653952442384105950e-06 5.667538493394884218e-09 inf 0.000000000000000000e+00 -9.000000000000000000e+01
1.968980061265055703e-01 4.714459301620556042e-01 9.811987040470494859e-07 6.170395262415139248e-01 -2.461225076581319837e-01 -3.771567441296445056e-01 0.000000000000000000e+00 1.380223918260253247e-08 inf 0.000000000000000000e+00 -9.000000000000000000e+01
6.754930333796060893e-01 9.452963732425972987e-02 1.524144237863684866e-04 1.455554742143577356e-07 -3.594095585766125533e-01 5.282255112617820515e-08 1.516412932076666609e+00 2.461709305319264088e-03 inf 0.000000000000000000e+00 -1.000000000000000000e+01
8.688175269726772232e-01 3.358094059845051927e-03 3.035178931251241498e-06 0.000000000000000000e+00 -1.303226290459015835e-01 5.323918982618617123e-08 5.614644933887892933e-08 2.837485284388134132e-06 inf 0.000000000000000000e+00 -9.000000000000000000e+01
1.244388807608288183e-01 5.006080478141844704e-07 4.629778445774068163e-01 1.847564168501388604e+00 -1.867941714477506718e-02 1.121477332787664255e-09 4.714005635808690003e-02 5.445440478698224752e-10 inf 0.000000000000000000e+00 -9.000000000000000000e+01
6.184031084442640491e-01 7.188251448703836775e-05 1.260439456701684779e+00 3.458330759325247250e+00 1.038146339841701422e-09 2.369626178599167332e+01 2.242102625128084483e-08 1.555385328950110957e-09 inf 0.000000000000000000e+00 -2.000000000000000000e+01
5.302878807388176075e-01 3.737453329192405027e-01 1.566954214014322120e-04 2.776184246487813784e-02 -3.081931410197925603e-01 1.940777894644263612e-06 2.311018600699476703e-05 4.720003330762322190e-10 inf 0.000000000000000000e+00 -9.000000000000000000e+01
1.279424563660071851e-06 3.189266375254731084e-02 6.321750559852108708e-02 5.091469762276099043e-02 -7.374113826701740315e-01 -4.921123190304036443e-01 9.476550450360294288e-09 1.791519299425255779e-08 inf 0.000000000000000000e+00 -9.000000000000000000e+01
1.009138249206876115e+00 2.312030107124585428e-13 2.887655542280209508e-10 7.012877745537651958e-10 -7.370471735439587595e-12 1.188787970859661227e-16 2.961279387842861193e-17 0.000000000000000000e+00 inf 0.000000000000000000e+00 -8.000000000000000000e+01
9.366425721391904435e-01 1.629183719227954852e-01 0.000000000000000000e+00 1.846776392236705533e+00 -3.969409485407093883e-04 8.612297244578060454e-06 1.340404628635712221e-07 5.842873810973450052e-10 inf 0.000000000000000000e+00 -9.000000000000000000e+01
1.731461739522137577e+01 1.490980942366285156e+01 4.899796242050493689e-01 7.695385508987278023e-01 -1.617233360873107539e+00 6.421530075420253905e-06 1.683365580090967040e+00 1.057645730918805542e+11 inf 0.000000000000000000e+00 -2.000000000000000000e+01
3.401905241808260705e-01 1.762009132671364491e-05 2.992592340204239143e+00 2.726945556381761282e+00 -1.290284378566320500e+00 6.187712822714461821e-05 4.334707913238473729e-05 9.859420746578975013e+03 inf 0.000000000000000000e+00 -2.000000000000000000e+01
5.333840843201400617e-01 5.396548901332631066e-07 4.627041002438904092e-07 8.838098027066750159e-09 -4.757492618493980308e-01 1.364752239515254540e-08 5.576433864710385258e-07 3.814377341700019297e-01 inf 0.000000000000000000e+00 -1.000000000000000000e+01
2.572028335130986942e-01 5.711272044549415838e-01 8.714709540633263913e-05 3.337280111648096431e-02 -4.557282145137033780e-01 5.514310804686876243e-08 1.555636042284154577e-09 -8.581577429952247371e-02 inf 0.000000000000000000e+00 -9.000000000000000000e+01
-5.883231755727818298e+10 1.662045801527459873e+06 1.215388756672477512e-02 1.745512285306122990e+01 1.633110687023630135e+03 1.776952671756519005e+07 6.718319335969621204e-05 8.616412213744306428e+02 inf 0.000000000000000000e+00 -2.000000000000000000e+01
1.711842272942081314e-02 1.365141214793154998e-07 1.405629107739079717e-02 3.527201205747778172e-09 -7.586561196901393089e-10 -1.208914818960476811e+00 -3.712373463680968661e-04 2.028580493954068240e-10 inf 0.000000000000000000e+00 -9.000000000000000000e+01
1.849497085072002696e-08 9.156718665073168562e-02 1.133181961043108060e-02 -2.057279016417660477e-05 -1.335603243426486486e+01 1.013745673640205066e-12 5.226286671782330610e+06 -1.444997131531480100e-02 inf 0.000000000000000000e+00 -3.000000000000000000e+01
8.176552028364560964e-01 5.334102881905947571e-08 1.197295035363061664e-06 2.102941280060762220e-07 -1.903301727075018268e-01 -2.885788033951994802e-07 5.661056526178168247e-06 2.216285210075132008e-04 inf 0.000000000000000000e+00 -9.000000000000000000e+01
2.229551003085438604e-02 1.061690953850208743e-02 7.591090320028992880e-03 2.636390976600838432e+00 -1.206788717543070578e-02 6.631396087341693261e-11 2.569292108317505416e-02 3.476683976874817006e-01 inf 0.000000000000000000e+00 -2.000000000000000000e+01
1.614711291501786938e+00 7.241548730971754388e-02 1.076204969414691215e-09 2.792618526571554252e-02 -1.405093208067821009e-08 1.146115244227869599e-06 8.697254101401991022e+01 -6.779322216228876596e-02 inf 0.000000000000000000e+00 -3.000000000000000000e+01
6.402224318200890885e-01 1.219652229164680080e+00 9.202010101271681413e-04 1.194480278952169267e-01 -1.686995606695071537e+00 1.294883114328109031e+01 1.270356342237431716e-09 0.000000000000000000e+00 inf 0.000000000000000000e+00 -3.000000000000000000e+01
0.000000000000000000e+00 -1.277743043931305056e-01 6.871855734998291885e-09 1.343412488568219835e-04 -1.053526065341060747e+00 1.251086261732703869e-09 7.610106053874966167e-08 1.203668998168490739e-09 inf 0.000000000000000000e+00 -9.000000000000000000e+01
1.702595762216923330e-07 1.222543113039450846e+00 0.000000000000000000e+00 3.932626081207567689e-09 -1.121955087873923777e-08 9.160705459754098844e-07 5.390011040713901373e-08 2.634137721857695842e-04 inf 0.000000000000000000e+00 -9.000000000000000000e+01
1.008183912854666131e+00 -1.761452956516777358e-05 2.682985653662282866e-03 3.431260397238527382e-08 -4.303708278982944360e-05 3.367718538030406921e-08 7.614682121258807557e-02 0.000000000000000000e+00 inf 0.000000000000000000e+00 -1.000000000000000000e+01
3.809671550190189548e-01 2.399574249755007452e-02 1.800247153306404260e-09 -4.157563492577450587e-03 -2.238367331045597874e-01 -6.151804254198166566e-01 -2.445898076970355328e-01 5.120954336696633400e-05 inf 0.000000000000000000e+00 -9.000000000000000000e+01
1.182474843804345088e+00 -5.873477020212372057e-01 1.794133295081428159e-01 1.341953358922694184e+00 -1.523220383061595290e-03 -2.005462465887709740e-08 5.332443550915297824e-09 4.178410028348516158e-04 inf 0.000000000000000000e+00 -9.000000000000000000e+01
9.737085311857636150e-01 1.292563789637439786e-01 1.920961198912996914e-09 8.097668883715692201e-10 -2.708555421256173337e-02 1.069707963837881193e-01 4.225689312276245668e-02 1.024342341441638167e-09 inf 0.000000000000000000e+00 -9.000000000000000000e+01
1.067595648494094274e+00 1.708153037590550838e+01 5.020303439747838326e+01 7.535011970316548569e-01 -7.369013866434845461e+00 1.932575964309050107e-03 3.776151719735446315e-03 1.527264503728718042e+09 inf 0.000000000000000000e+00 -2.000000000000000000e+01
3.836906820763158455e-05 2.063867700008945733e-02 2.216112280961211634e-06 1.039577804448950371e-01 -1.724667221535253290e-03 0.000000000000000000e+00 0.000000000000000000e+00 0.000000000000000000e+00 inf 0.000000000000000000e+00 -9.000000000000000000e+01
1.230309607525170427e-08 1.219839217112223873e+00 4.778043250127443279e-09 2.371773397419768212e-02 -1.413411472299571031e-03 2.834483711386673798e-04 1.355970683828216508e-07 7.900165749641911055e-05 inf 0.000000000000000000e+00 -9.000000000000000000e+01
1.006837914165619186e+00 2.379670714566418151e-03 4.973588310187047684e-05 7.823836995640395028e-04 -7.326394100816867772e-09 1.195574113025732698e-07 4.408679541782389124e-07 9.060210075273130120e-07 inf 0.000000000000000000e+00 -9.000000000000000000e+01
4.075790335064830922e-05 9.704262702535312122e-07 3.604107181590638340e-07 8.967102016963378901e+02 3.442539432648344116e+11 3.442539432648344116e+11 7.374063781547539111e+04 4.612044711098093033e+09 inf 0.000000000000000000e+00 -2.000000000000000000e+01
1.935556724517943639e-02 4.700316736203597281e-04 4.476770795811444120e-06 2.261208150982407848e-04 -9.894709794192038110e-01 3.303330168391691371e-03 1.165825728075896851e-08 1.689447210109985421e-09 inf 0.000000000000000000e+00 -9.000000000000000000e+01
3.633814987231596128e+00 1.194256352849927321e-04 1.428080779077559836e-08 9.503823812759559786e+00 -2.027874706290135080e-06 4.999490509905448477e+01 -8.510514496194878653e-01 3.609855767535563587e+01 inf 0.000000000000000000e+00 -2.000000000000000000e+01
-5.883231755721849060e+10 3.982585877860333312e+02 1.217162154102362059e+01 1.074546755724580407e+03 -8.856870229002603082e+03 2.702902291565735804e-01 1.702461533873078858e+00 9.914186520083998406e-08 inf 0.000000000000000000e+00 -2.000000000000000000e+01
1.162213740485257767e+04 6.181374045946418773e+05 3.976323950474885294e+01 7.088501908563101779e+02 -4.120348282539329716e+02 8.247030229200944901e+08 4.600182545429417027e-06 4.504580152777343756e+04 inf 0.000000000000000000e+00 -2.000000000000000000e+01
8.535074726554907620e-01 5.723617347632247481e-06 8.704421447319885541e-01 5.717157282905800010e-07 -1.104987352991483457e-01 2.545492896498580127e-02 1.623091262519866984e-07 -8.467336038248916008e-01 inf 0.000000000000000000e+00 -9.000000000000000000e+01
5.255053323012528477e-01 7.931418770048648259e-01 5.484824546810023328e-05 1.196550245481477065e-01 -4.665081747694394631e-06 -6.840893387506132287e-09 1.758720914466257635e-05 5.516379986946434735e-09 inf 0.000000000000000000e+00 -9.000000000000000000e+01
1.306923478732689020e-02 1.211246816516031721e+00 1.004177274895952550e-04 3.197955446191426410e-04 -2.242421770702903924e-03 -8.996657791393953760e-04 -1.091169850568893302e-06 1.660271367460427958e-07 inf 0.000000000000000000e+00 -9.000000000000000000e+01
3.002335810632596469e-01 2.708947946401398243e-01 3.315296725064398190e-09 9.363855224867603387e-07 -9.388411655398347655e-01 1.405816849441158959e-03 1.900284364608340778e-08 8.872674908461798395e+02 inf 0.000000000000000000e+00 -3.000000000000000000e+01
-1.484924568115559423e-02 2.655394521806647146e-01 1.248241968065890340e-04 2.166242899368580499e+00 -5.124445568398793283e-01 8.281331963535091704e-06 0.000000000000000000e+00 5.174943922277723042e-05 inf 0.000000000000000000e+00 -2.000000000000000000e+01
8.061030921769670732e-01 4.312088397273995399e-01 2.411911034360272692e-04 1.323463754030776114e-08 -1.588396262763386159e-09 0.000000000000000000e+00 0.000000000000000000e+00 5.469477697251282452e-10 inf 0.000000000000000000e+00 -9.000000000000000000e+01
9.751531349002139359e-01 2.874920478307493452e-06 0.000000000000000000e+00 1.120280363854031791e-01 -3.158745060014563760e-02 2.179257710541364219e-07 1.351989630339199559e-05 -1.807725132582642114e-01 inf 0.000000000000000000e+00 -9.000000000000000000e+01
9.587226732066544965e-01 2.810847681237248746e-06 2.140005966979139433e-05 4.627762903592389063e-04 -4.844973509240771414e-02 1.044924788564032926e-08 0.000000000000000000e+00 0.000000000000000000e+00 inf 0.000000000000000000e+00 -9.000000000000000000e+01
1.170376720273073081e-04 5.125807514017998782e-09 9.026612351695917358e-01 1.156382231001044536e+00 -1.335694665555003935e-01 -2.310019883922181591e-02 3.566224230348613203e-05 9.771752196936440822e-08 inf 0.000000000000000000e+00 -9.000000000000000000e+01
1.147862549394551568e+00 1.471618653069937943e-02 0.000000000000000000e+00 5.346114638105634032e-02 -8.076657060793995813e-03 5.555360415339015701e-01 -7.781183628107296579e-01 -3.430710984969292943e-01 inf 0.000000000000000000e+00 -9.000000000000000000e+01
6.791840551472724252e-01 5.181763116052798654e-06 7.329472871391102574e-03 5.731441321403295958e-02 -3.290210695168693245e-01 0.000000000000000000e+00 3.248840718281522893e-10 2.411499806699946014e-01 inf 0.000000000000000000e+00 -1.000000000000000000e+01
9.173290632132539146e-01 1.600906180982445137e-01 1.071829860793641228e-04 2.074302978058235603e+00 -2.179147600647116795e-02 2.027852041927287131e-07 1.639141373382333760e-09 7.739350126467281488e-01 inf 0.000000000000000000e+00 -2.000000000000000000e+01
4.103905928367790334e-01 9.049638713836666293e-01 8.974477436632417774e-07 1.827403166363404663e-02 -5.593192532008814475e-04 2.193442568378210776e-07 5.447765856102745182e-08 5.913693199058901586e-09 inf 0.000000000000000000e+00 -9.000000000000000000e+01
4.098320250474092874e-01 3.289808092217298974e-01 5.645645243000025904e-01 7.793527926353961222e-05 -3.833462819321005188e-01 5.866017667685052892e-08 7.088450882073386576e-10 7.997997427583369845e-02 inf 0.000000000000000000e+00 -9.000000000000000000e+01
9.696291990245122783e-01 1.156267948223248937e-01 6.197829333897921814e-07 1.212618782719158650e-07 -1.833775662829137143e-09 2.030904716131671020e-02 8.448664307596477455e-10 2.432107299039248080e-09 inf 0.000000000000000000e+00 -9.000000000000000000e+01
1.008888836634241670e+00 1.587422156868938009e-06 1.946965619022789995e-04 1.572109402944157222e-05 -1.221232002464610843e-09 2.681725785003920984e-09 3.808249999522296947e-09 2.923715149371471656e-05 inf 0.000000000000000000e+00 -8.000000000000000000e+01
1.007778953959923784e+00 3.702540434043826638e-04 8.866987155593990602e-03 3.884028366105702811e-07 -3.702540434043826638e-04 -7.078301815586236778e-02 6.935450381679390557e+06 0.000000000000000000e+00 inf 0.000000000000000000e+00 -3.000000000000000000e+01
3.352023621992052506e-08 1.164637326825021191e+00 1.440839843546366239e-01 6.238092187310032451e-07 -2.548890553678476514e-02 6.029466040791995468e-03 0.000000000000000000e+00 3.031247836941836082e-01 inf 0.000000000000000000e+00 -1.000000000000000000e+01
1.163483427928839464e-01 5.290213711363942473e-01 9.889609137395135585e-01 6.961991101915755473e-09 -8.131033477652106420e-04 -1.053779976126548326e-08 3.001512117090528517e-08 2.316811940684715995e-04 inf 0.000000000000000000e+00 -9.000000000000000000e+01
4.935391870246442991e+00 -8.830094080952102242e-01 0.000000000000000000e+00 2.575182252889100863e-07 -2.451927909978664388e+00 3.781862280764921452e-02 2.893445228446385008e+05 2.412024720370288078e-05 inf 0.000000000000000000e+00 -2.000000000000000000e+01
2.536827447140446125e-08 5.738243022025694140e-01 9.735976312252125897e-01 1.510749636252329423e-07 -5.456090077222298246e-02 1.268413723570223063e-08 2.463883526935129446e-06 3.751327508798917650e-05 inf 0.000000000000000000e+00 -9.000000000000000000e+01
3.952735158818272865e+00 1.556053024887421934e-02 1.572387075703687257e-04 1.103535983055295988e+00 -6.275159318279592391e+00 5.683768580552040975e-08 1.116822833136545960e+06 -2.346846381647294243e-06 inf 0.000000000000000000e+00 -2.000000000000000000e+01
2.033002682568817268e-08 1.196674898770432538e+00 2.627397534675801991e-08 1.777464582671692703e-05 -1.052894156762745545e-03 -1.853822785122074022e-07 1.253397840312554794e-08 2.591216978460594316e-06 inf 0.000000000000000000e+00 -9.000000000000000000e+01
1.213251369978686256e+01 7.420401927353513827e+01 1.843809856197821875e-05 5.876679795259148628e+07 3.442539325694780273e+11 3.442539325694780273e+11 2.675390495794733974e-03 4.612044567810084343e+09 inf 0.000000000000000000e+00 -2.000000000000000000e+01
1.884553474419910469e-07 1.214210506119096644e+00 5.411463056585233118e-05 4.151307578160896850e-02 -3.064172166006770819e-03 4.310557792607328226e-09 7.893359074774457875e-10 1.146496410293481587e-08 inf 0.000000000000000000e+00 -9.000000000000000000e+01
3.514365233372644345e-08 3.537639175315509539e-08 1.003634936932289515e-02 7.150517605377770813e-02 -1.011322353470494484e+00 1.159213604967386166e-02 5.838966554626019955e-06 -7.955866004618271370e-02 inf 0.000000000000000000e+00 -9.000000000000000000e+01
3.840882289656306625e-01 8.301057376874064392e-09 2.397974503210845750e-05 5.912808613847495010e-02 -6.235325447330085646e-01 0.000000000000000000e+00 0.000000000000000000e+00 0.000000000000000000e+00 inf 0.000000000000000000e+00 -9.000000000000000000e+01
2.314419231171569195e-08 1.229275987649708135e+00 0.000000000000000000e+00 0.000000000000000000e+00 -4.058956340094862855e-08 6.783579048910219275e-03 3.361141496525545523e-08 0.000000000000000000e+00 inf 0.000000000000000000e+00 -9.000000000000000000e+01
9.673198455627254675e-08 1.127773378972528828e+00 8.202497541763461566e-05 1.542338157654068176e-01 -1.498131013007932555e-01 3.213176545112261724e-09 4.359315652605049579e-02 5.096581074926128036e-07 inf 0.000000000000000000e+00 -9.000000000000000000e+01
9.254612690214037984e-01 4.128472495797169190e-06 2.077365665729741695e-04 2.233344550035123000e+00 -2.264655352266994187e-02 4.080148944057493921e-08 6.163532259626516566e-07 3.746784819438271703e-09 inf 0.000000000000000000e+00 -2.000000000000000000e+01
8.656344233405606214e-01 3.377076970038811465e-01 1.472288718104253045e-06 2.534439864736606968e-06 -3.370615725835931272e-03 -6.260513410688844432e-08 1.643740525212768477e-01 3.877903320006738216e-08 inf 0.000000000000000000e+00 -1.000000000000000000e+01
4.379553755766762323e-10 1.884855272867618734e-15 1.360259189929638229e-14 2.446357612896713705e-13 -1.009138248790746095e+00 1.134603789429682640e-13 1.030739037330404172e-14 4.091322214672090227e-14 inf 0.000000000000000000e+00 -9.000000000000000000e+01
5.868568942696814617e-01 2.516227812796080765e-01 7.074425766775814355e-03 1.427702928263606952e-01 -3.139368869883511493e-01 2.195352072660177486e-04 4.946011471265305362e-08 0.000000000000000000e+00 inf 0.000000000000000000e+00 -9.000000000000000000e+01
0.000000000000000000e+00 5.845688933726160830e-01 6.663432640025944084e-03 1.431762857746327127e-07 -1.000294562952248256e+01 2.112353476361965993e-02 2.712685694228248834e-04 4.896807849938754082e+09 inf 0.000000000000000000e+00 -3.000000000000000000e+01
2.849862734542576992e-01 5.276907049357458523e-02 6.883503575735344435e-07 9.029042109546765375e-10 -7.084705489610518825e-01 1.161086014803415500e-02 -3.027725558035620277e-06 0.000000000000000000e+00 inf 0.000000000000000000e+00 -9.000000000000000000e+01
3.232949304132577972e-01 1.567638559858848257e-01 9.985407037043856132e-07 1.817046008890129793e-04 -6.211950928786463821e-01 3.696090962965486799e-06 0.000000000000000000e+00 0.000000000000000000e+00 inf 0.000000000000000000e+00 -9.000000000000000000e+01
3.509696919317426000e-01 2.431541202946919424e-03 8.712304103348523309e-06 2.892125692039406427e-05 -6.563206817675354410e-01 5.220646144403431768e-06 1.181999195876974780e-04 5.720732399935636592e-02 inf 0.000000000000000000e+00 -1.000000000000000000e+01
3.774202507193024714e-04 4.849133601013822631e-04 1.969082665018578593e-01 4.688827036848533606e-07 -3.000849303583061508e-05 8.441078244794176726e+02 3.554438816900772763e-02 1.163816793964737735e+05 inf 0.000000000000000000e+00 -3.000000000000000000e+01
4.291175281228027494e+00 8.311581515158119604e-01 4.434941006598143117e-04 7.783537199264319588e-08 -2.316960455359541982e+00 9.238065794876132095e-03 1.810125355749642173e-02 2.355330031217633188e+08 inf 0.000000000000000000e+00 -2.000000000000000000e+01
9.510396677689472167e-01 1.017835095940010370e-01 5.422175627925302064e-08 4.182753489199369705e-09 -1.694735193923552555e-02 3.145013533445008649e-05 6.969505299424433081e-05 -4.472908136455124029e-02 inf 0.000000000000000000e+00 -9.000000000000000000e+01
6.230093487291388232e-01 4.444397901762009440e+00 3.510901510411066009e-09 4.166623032901883850e-01 -1.299589565024159010e-01 3.036966763363576425e-07 1.422927729625800294e-05 2.088613048233758036e+03 inf 0.000000000000000000e+00 -2.000000000000000000e+01
3.637855828069584163e+01 9.642056624660678253e-07 2.598807497218290075e-01 8.657944977034084388e+00 -2.762567969645743915e+00 1.629643373182086600e-06 4.293977524525433779e+08 6.241884673684111595e-01 inf 0.000000000000000000e+00 -2.000000000000000000e+01
-5.883231755725189209e+10 5.476030534351143287e+05 5.309312977099234704e+05 9.613037109374996669e-01 -2.693129770992365593e+04 -8.441078244274806366e+02 4.723963846687141005e-02 6.516471163917131847e-03 inf 0.000000000000000000e+00 -2.000000000000000000e+01
2.772972906773819024e-01 9.834048246703027685e-01 7.146837388592316986e-02 7.220440729656205211e-09 -2.170851856784915962e-02 5.103288572791701318e-03 0.000000000000000000e+00 0.000000000000000000e+00 inf 0.000000000000000000e+00 -8.000000000000000000e+01
5.619955266853911350e-08 -2.844087941069791062e-05 1.924203247630030611e-04 2.257068190032986088e+00 -1.752167520457348693e-08 -2.725352824389387355e-07 4.806255179954213671e-08 3.723977647838257925e-04 inf 0.000000000000000000e+00 -2.000000000000000000e+01
6.950804505153447277e-01 5.977150955793431031e-01 2.203754829229772591e-05 8.302125300308204914e-09 -1.109305801679705793e-03 -9.692529780214190645e-09 3.177698911061656852e-06 6.280598091262284190e-07 inf 0.000000000000000000e+00 -9.000000000000000000e+01
8.036432000857964830e-01 4.315752522454881918e-02 0.000000000000000000e+00 9.692031262031783334e-02 4.787097507842445754e-02 -3.770759883100511245e-01 -3.758976258465822062e-01 0.000000000000000000e+00 inf 0.000000000000000000e+00 -9.000000000000000000e+01
4.302185083563736523e-02 5.752149244400465156e-01 9.759570755902211570e-01 2.963825487352222053e-07 -3.098851136923384646e-03 1.069517104018574937e-10 1.121469966863381234e-04 3.546191197147746442e-06 inf 0.000000000000000000e+00 -9.000000000000000000e+01
1.252324943586533223e-07 8.068681118458734813e-01 3.571649785875995013e-05 6.894929727426996074e-07 -5.452351349849590134e-01 3.002038689649328199e-02 2.354180426270653905e-06 4.647411197492229299e-07 inf 0.000000000000000000e+00 -9.000000000000000000e+01
0.000000000000000000e+00 1.218812969946162728e+00 7.640594459384109105e-05 1.149646362633554776e-08 -1.342692474780977268e-03 -4.670158764939421459e-08 5.189065294377134881e-08 2.526537998503625734e-07 inf 0.000000000000000000e+00 -9.000000000000000000e+01
1.349976942158071236e-01 4.196770423691407181e-01 9.814569207549205254e-01 2.617060563306436438e-02 -2.463115824288410749e-01 2.717454824169776859e-09 4.976118574129072429e-10 9.091121593586163154e-09 inf 0.000000000000000000e+00 -9.000000000000000000e+01
4.534539375505375891e-01 4.365969138497741153e-01 9.170220893215332847e-01 2.732681576490954517e-04 -1.955678140283887995e-03 -5.902946844219293370e-09 8.906165247176139436e-07 2.148282805614876948e-04 inf 0.000000000000000000e+00 -9.000000000000000000e+01
-3.273387086504739862e+00 2.052755369904066818e-01 3.013692866889359991e-04 2.335181444286840990e-01 -4.893548371744460113e+00 3.284408591846506908e+00 9.212457616101674786e-10 0.000000000000000000e+00 inf 0.000000000000000000e+00 -2.000000000000000000e+01
4.839641852360960783e+00 2.676092048121466213e-08 7.212826421405776900e-03 1.443882695499676960e-01 -2.622175289345398674e+00 4.044452440861321524e-02 3.094348960354418959e+05 2.573068786175005857e-05 inf 0.000000000000000000e+00 -2.000000000000000000e+01
5.457359884936540118e-01 6.608521735665341401e-01 2.737806977722001747e-07 2.437336511110980708e-01 -9.664074796241789445e-02 2.888589663995057515e-08 1.457001238144134542e-07 3.046826775207455337e-06 inf 0.000000000000000000e+00 -8.000000000000000000e+01
2.546724206239009969e-01 1.231312190970686515e+03 1.190468726994862614e+00 -2.161282491201610683e-03 -4.410327095980967727e+01 -2.109286871990897794e+01 5.490495838232147694e+08 -1.518047369993449136e+00 inf 0.000000000000000000e+00 -2.000000000000000000e+01
9.833160998005697762e-01 1.724515031991899868e-08 0.000000000000000000e+00 8.601572244776356513e-02 -2.425301265039924228e-02 0.000000000000000000e+00 0.000000000000000000e+00 6.645354589073515927e-10 inf 0.000000000000000000e+00 -8.000000000000000000e+01
0.000000000000000000e+00 1.097389272151159556e+00 5.628238178610410865e-05 1.853698094849931810e-01 -1.209577503297851485e-05 -1.000996971218963139e-01 9.931958134540712600e-08 5.283383878204302896e-09 inf 0.000000000000000000e+00 -9.000000000000000000e+01
3.254143974998794375e-01 6.199289115576338549e-01 4.743237723202179431e-04 1.023558639020392347e+00 -4.123203196808561399e-01 1.006660265262980247e-01 1.208665878110800022e-08 2.284954064809464847e-08 inf 0.000000000000000000e+00 -9.000000000000000000e+01
4.553746029452213073e-01 8.573719630543727988e-01 1.850480586602032754e-02 1.567858771658852529e-04 -1.217930064987123457e-08 2.674474999849275316e-08 3.797953345510866511e-08 2.972823125483019138e-04 inf 0.000000000000000000e+00 -9.000000000000000000e+01
4.186609854373043449e-01 3.187225566554962031e-01 5.469603196842202086e-01 7.550510778819831891e-05 -3.821969641250229643e-01 5.699203431406549270e-08 6.225957138387716370e-10 -1.259359254581568777e-01 inf 0.000000000000000000e+00 -9.000000000000000000e+01
6.741501914455132471e-01 1.593360207468648209e-03 4.771114769148484668e-05 5.688961975476485716e-02 -3.337961551028854612e-01 9.568746849828520223e-08 2.376551505186168342e-08 2.347721483827760192e-01 inf 0.000000000000000000e+00 -1.000000000000000000e+01
-1.305912220345493632e-02 2.335278323441353499e-01 1.080258270506382576e-04 3.623913288102827860e-07 -4.332555836910931824e-01 -6.657591711565261638e-01 4.079100240193372184e-06 -3.200765245944837414e-05 inf 0.000000000000000000e+00 -9.000000000000000000e+01
0.000000000000000000e+00 1.222486002128801097e+00 6.852997699040303713e-09 1.296816470908397677e-04 -1.152351205443719893e-08 9.088442638489459014e-07 5.689006582430486233e-09 9.249352770449601000e-05 inf 0.000000000000000000e+00 -9.000000000000000000e+01
1.098322736065402871e+00 6.125929817453393961e-02 6.430053992787959638e-01 8.237420520490521536e-01 -9.514742056895697520e-02 -5.248314340059362371e-01 -7.316358732334408144e-01 1.000113219513934496e+03 inf 0.000000000000000000e+00 -3.000000000000000000e+01
2.731478645043389220e-01 2.746305042699157095e+00 1.779167718692145073e+00 2.868337700327400208e-01 -1.085748505253155249e+00 4.197680286460960455e-09 3.884244427921459194e-05 8.333877064590536975e+03 inf 0.000000000000000000e+00 -2.000000000000000000e+01
5.755105780165336027e-01 8.053792345420879295e-02 5.808525525307216844e-07 2.862871497786327948e-02 -2.978225294400428935e-01 -2.281907831202582282e-01 0.000000000000000000e+00 4.275386814856809283e-09 inf 0.000000000000000000e+00 -9.000000000000000000e+01
-2.334078133384833276e+00 1.463710613949243122e-01 2.163293987557376801e-04 1.665093617881857058e-01 -3.284998854393469170e+00 3.009904605747791445e-05 3.904865564059222666e-02 3.557093983425250810e-09 inf 0.000000000000000000e+00 -2.000000000000000000e+01
6.705213063492106995e-01 5.309560015271222770e-06 1.450434582823388866e-06 8.482618704172775275e-08 -3.372155257878683421e-01 3.460162706581246666e-06 5.694889961077532817e-09 9.258918138989818232e-05 inf 0.000000000000000000e+00 -9.000000000000000000e+01
6.136229726638688931e-01 1.756431303055716944e-02 1.175680989641698204e+00 5.908484505692014610e-02 -2.526682828615930410e-01 -3.190581633073687889e-02 3.165716192520891201e-08 2.356358331002605482e-09 inf 0.000000000000000000e+00 -9.000000000000000000e+01
1.218070750811965641e-01 1.224682408332030681e+00 1.210630649425955004e-05 9.052884912088930702e-02 -3.427890129633673899e-01 1.871906114835054151e-09 1.120415384685078561e-07 1.712114144272818805e+01 inf 0.000000000000000000e+00 -3.000000000000000000e+01
3.303433508471291802e-01 9.536608952057393784e-01 6.703092597081876901e-03 1.349026579816896276e-01 -1.592860331432000009e-02 2.928588746275155951e-05 6.550550529051594832e-05 -4.204030200260410605e-02 inf 0.000000000000000000e+00 -9.000000000000000000e+01
1.198801818613306585e-06 -1.486054650549402338e-05 1.530128641541135925e+00 3.839612853545813931e-07 -2.627405902775489637e-06 1.170704900989557212e-09 5.821657393904875236e-05 1.447202747520605608e-03 inf 0.000000000000000000e+00 -9.000000000000000000e+01
8.228559782224834191e-06 5.218336968872007153e-01 0.000000000000000000e+00 1.291254330050098778e-07 -7.461408316293605125e-01 7.149004659934021945e-08 -2.338953930925371030e-02 7.845201334665969590e-09 inf 0.000000000000000000e+00 -9.000000000000000000e+01
7.533701834811017406e-01 4.810501101075258467e-06 8.170144229500356792e-01 5.269150988590810547e-01 -2.493966128026830209e-01 1.689321513429245628e-05 8.151597376381930041e-08 1.742964102293409567e+01 inf 0.000000000000000000e+00 -3.000000000000000000e+01
9.143680510501185354e-01 1.605528483642606474e-01 4.941668214539319094e-10 2.067607413081210321e+00 -2.172113611635385910e-02 1.960620540322020846e-07 4.959436338185987897e-06 -1.493806125959634893e-07 inf 0.000000000000000000e+00 -2.000000000000000000e+01
1.007738767474946506e+00 0.000000000000000000e+00 2.211729290645249799e-09 0.000000000000000000e+00 0.000000000000000000e+00 0.000000000000000000e+00 0.000000000000000000e+00 5.201929088195242166e-10 inf 0.000000000000000000e+00 -8.000000000000000000e+01
5.823606756829536124e+01 5.855216197926726107e-07 3.081476648929596892e-04 2.216752193958655692e-02 -2.191679962247674851e+01 3.442539432649976196e+11 7.374063781551034481e+04 4.612044711100279808e+09 inf 0.000000000000000000e+00 -2.000000000000000000e+01
3.110964104460816060e-01 2.716127137599905143e-08 3.412458562537825616e-04 3.238459279446040755e-07 -7.996492240339421187e-01 1.175247319153805177e-07 3.373862479485673749e+00 5.477049479684534608e-03 inf 0.000000000000000000e+00 -3.000000000000000000e+01
5.369585951021364875e-08 5.207506323427127512e-04 6.504017594738560337e-01 1.579547130150793066e+00 -1.660089894619799430e-02 2.781281786375851836e-04 6.669844432434610962e-08 0.000000000000000000e+00 inf 0.000000000000000000e+00 -9.000000000000000000e+01
1.175680607336953599e-02 1.202345528328101043e+00 4.290675541233546103e-07 3.738592053792362695e-10 -2.605890005953041474e-02 -3.484324448139655401e-06 -6.889123444437482514e-08 0.000000000000000000e+00 inf 0.000000000000000000e+00 -9.000000000000000000e+01
5.322638358776632117e+01 6.181374045799211599e+05 3.976323950380189842e+01 7.088501908394291604e+02 -4.120348282441204901e+02 7.564155114500982761e+08 -2.496943583014331836e+01 4.825876085512408900e-08 inf 0.000000000000000000e+00 -2.000000000000000000e+01
1.047062273625517292e+00 3.317328137935050325e+00 2.446407181368031036e-01 3.884571034410259139e-07 -3.715003092800086442e-04 1.140025746517502547e+00 1.464021797599931139e-02 2.642780712200554810e+11 inf 0.000000000000000000e+00 -2.000000000000000000e+01
1.007180090883712742e+00 3.929227259357267630e-04 2.604507631331144251e-09 2.318666580575557724e-03 -9.227346596168034846e-04 -2.332186502328184672e-03 4.399941728672044204e-10 6.489562441261035675e-04 inf 0.000000000000000000e+00 -9.000000000000000000e+01
1.096151221094825405e-07 2.440932768828709007e-08 5.054781577965224046e-05 2.259784705443276744e-04 -1.004771641662357995e+00 0.000000000000000000e+00 0.000000000000000000e+00 0.000000000000000000e+00 inf 0.000000000000000000e+00 -9.000000000000000000e+01
8.828442783642762985e-12 1.227591139357674166e+00 2.290092885161239250e-13 3.801912016380963327e-17 -1.006442477335275061e-09 2.925762049976215413e-16 2.966543805169229485e-17 0.000000000000000000e+00 inf 0.000000000000000000e+00 -9.000000000000000000e+01
4.458484745554837919e-07 2.911209586426134477e-01 3.904236298476936132e-09 2.019350629371298835e-04 -8.836377332916972582e-01 2.950007875951115178e-03 1.041129679593849525e-08 1.508744909460449791e-09 inf 0.000000000000000000e+00 -9.000000000000000000e+01
7.514747788177351673e-01 5.733909119624905903e-01 0.000000000000000000e+00 8.048020905958166993e-02 3.962855278921650209e-02 3.954239655584286387e-08 -2.144014402990078341e-05 5.526020757619633916e-09 inf 0.000000000000000000e+00 -9.000000000000000000e+01
1.297885308632911947e-02 1.202870308680162870e+00 1.100064935825360255e-04 1.199931700434201526e-01 -4.588586077423717002e-06 -8.972703563514676820e-04 2.008440567276260639e-07 4.199976181615844955e-06 inf 0.000000000000000000e+00 -9.000000000000000000e+01
2.081184968945026022e-03 7.209341162353902766e-01 3.649805370582131332e-05 6.543361972291494855e-02 -5.923954753562121756e-01 3.775231898601552106e-09 4.317088712283187102e-07 3.455447549543538704e-07 inf 0.000000000000000000e+00 -9.000000000000000000e+01
1.095838043416570429e+00 5.313655769436844700e-01 3.384645993738559406e-06 6.159045366516494599e-04 -9.414771709866683394e-03 8.260168937535780076e-01 0.000000000000000000e+00 1.006449441687726321e+00 inf 0.000000000000000000e+00 -1.000000000000000000e+01
-5.849613288549797058e+10 1.662045801526768366e+06 1.374493082061110556e+02 1.074546755725223647e+03 -6.291984732824619641e+03 2.660096146678277984e-01 -2.669146588740539627e+01 1.132156488549652977e+03 inf 0.000000000000000000e+00 -2.000000000000000000e+01
-5.883231755709509277e+10 3.982585877851980172e+02 1.215388756668695121e-02 5.811068702274586940e+03 1.633110687018547878e+03 4.213729887507032534e-03 5.419444264331961145e-05 7.689646946544389721e+02 inf 0.000000000000000000e+00 -2.000000000000000000e+01
-5.513856875074328613e+10 1.643257401905753795e+03 4.839593445856579820e+03 6.008614879226324007e-02 -2.693338961172357449e+04 -1.442860157770905789e+04 3.900570436111555696e+08 1.469241130736269226e+11 inf 0.000000000000000000e+00 -2.000000000000000000e+01
7.401563325434887419e-11 7.756631270971866554e-01 7.484150078783159410e-01 2.432273825537014031e-06 -1.004064809757866487e-03 2.633230922233804266e-07 2.676540641349491994e-07 1.822472980388132887e-06 inf 0.000000000000000000e+00 -9.000000000000000000e+01
3.906515819524929020e-08 -3.415294708290023486e-10 2.119191819810856725e-05 1.612503373856499334e+00 -1.066739253118273879e-03 -9.320605700354616887e-09 4.868611605434714243e-10 -6.502029733292336022e-01 inf 0.000000000000000000e+00 -9.000000000000000000e+01
1.277761842651156332e+00 -1.090290993150214494e+00 6.139892241797425603e-07 0.000000000000000000e+00 -2.636308821106994951e-02 1.076980619520261971e-08 5.796434668118335661e-06 1.145642728641895202e-06 inf 0.000000000000000000e+00 -1.000000000000000000e+01
3.541004182145888191e+00 3.803937296486964634e-06 0.000000000000000000e+00 3.027151563759775121e-01 -6.459172864729938167e-08 1.587346702341260185e+00 1.391154211286661476e-03 3.627655403566822875e+06 inf 0.000000000000000000e+00 -2.000000000000000000e+01
1.133408838832356906e+02 2.229246113946514470e+03 4.833425124164229203e+00 5.876665466275095940e+07 3.442530931823952637e+11 3.442530931823952637e+11 2.128076851226153587e-01 1.280096396205454760e-07 inf 0.000000000000000000e+00 -2.000000000000000000e+01
1.187713471075282134e+00 -5.899497833301565741e-01 8.942303941691164362e-05 3.430792407197309768e-02 -1.529968589063747039e-03 -2.014347111865327361e-08 2.014999154861075865e-05 1.280798741648474112e-09 inf 0.000000000000000000e+00 -1.000000000000000000e+01
2.962485304725369639e-01 8.695175037550160142e-07 7.433414622006602992e-07 9.750356472016271371e-10 -7.650690204436392250e-01 1.217890651669561834e-02 1.268403902314454434e+00 -5.752398649952174259e-03 inf 0.000000000000000000e+00 -1.000000000000000000e+01
4.075855123732331498e-01 5.064255677419235564e-06 1.396668407877725828e-05 4.265091254477047095e-02 -6.032265583123850305e-01 6.914397084903062089e-03 0.000000000000000000e+00 2.798147025712211278e-10 inf 0.000000000000000000e+00 -9.000000000000000000e+01
-1.126359748505675468e-01 7.386372760741975740e-02 7.054503192461615280e-01 2.213947392157914473e-01 -2.288711081520660162e-01 -6.666798629499181006e-01 7.690365670637143436e-02 -1.257277869660385072e-01 inf 0.000000000000000000e+00 -9.000000000000000000e+01
2.311352963866225574e-02 1.084331870686322828e-04 0.000000000000000000e+00 2.276909272639983772e+00 -4.002277233161411542e-07 2.802620565203134796e-09 7.081350992237210725e-04 2.200099351825502949e-11 inf 0.000000000000000000e+00 -2.000000000000000000e+01
5.959396500942184538e+00 2.790438605819284235e-05 1.291058071625440438e-08 2.293920058704944920e-01 -1.304417259862881595e+00 1.181484877354646625e-08 2.581350703828542319e+05 0.000000000000000000e+00 inf 0.000000000000000000e+00 -2.000000000000000000e+01
2.162931749743781218e+00 9.700171015072300840e-02 2.905146095244776389e-06 1.461217250781104093e+00 -1.882144954998521377e-08 2.653209306497261647e-06 4.913652585677475599e+02 1.534327646108321460e+03 inf 0.000000000000000000e+00 -2.000000000000000000e+01
4.055355719498654476e-01 1.700463950321837403e-05 4.201918641721915043e-05 3.634659625089456370e-04 -6.088412035109386222e-01 1.327205137384699037e-08 1.446804626717689835e-01 -6.565497877690492255e-07 inf 0.000000000000000000e+00 -1.000000000000000000e+01
1.007352908352245890e+00 9.001296979674878432e-06 5.850095420760458785e-07 1.191209512855738277e-02 -3.550278994774091145e-04 0.000000000000000000e+00 3.234315434550822406e-09 4.009614282507666344e-04 inf 0.000000000000000000e+00 -9.000000000000000000e+01
1.007712011546598729e+00 3.063326883349339264e-05 2.072532094516037280e-04 1.203623462619712570e-08 -1.887234846728966754e-08 -2.935438969029823499e-07 7.478825398802097813e-09 3.856269346257331736e-09 inf 0.000000000000000000e+00 -8.000000000000000000e+01
2.202210824966510938e-01 1.987011070083790076e-01 9.361189337398360955e-02 6.122709294002381001e-08 -7.015512009176702035e-01 4.303995097654418969e-03 0.000000000000000000e+00 0.000000000000000000e+00 inf 0.000000000000000000e+00 -9.000000000000000000e+01
3.509155458850968801e-01 2.333459637535202549e-03 1.850674884941712426e-03 4.231473707042131431e-09 -6.562194275251707065e-01 1.094482732930275641e-06 2.643821264202446245e-04 3.161090641981185740e-04 inf 0.000000000000000000e+00 -9.000000000000000000e+01
4.489128186214210725e-01 9.170894984306173777e-06 6.204506730123189541e-05 1.043018293691585990e-08 -5.602135174531783779e-01 -5.620504939504129068e-09 1.045782476448719001e-09 4.501494930528850413e-01 inf 0.000000000000000000e+00 -1.000000000000000000e+01
2.939977059198047860e-01 2.412815188171486522e-06 2.068765615043330278e-06 0.000000000000000000e+00 -7.168390279797630660e-01 3.852497329190668948e-03 2.287706252488520692e-06 1.845977627608017313e+00 inf 0.000000000000000000e+00 -1.000000000000000000e+01
8.488175420854363606e-01 1.890171967286581083e-06 2.970848445371200199e-06 2.351224591576658973e+00 1.196832734340465443e+00 5.053116930227363746e-02 1.265268648671103724e-01 9.011961500881216220e-09 inf 0.000000000000000000e+00 -2.000000000000000000e+01
-1.203410345966984041e+00 4.218028773377858196e-06 2.122428612469989210e-04 2.281791045599736112e+00 -2.313781052767283769e-02 1.927130526706149333e-08 6.647494109281005727e-06 1.318716206341216993e-08 inf 0.000000000000000000e+00 -2.000000000000000000e+01
1.107134790078739162e+00 -3.019458518396561653e-01 -6.112388561614133222e-06 4.847293064722262652e-07 -2.020835518822698684e-03 8.139612908682136795e-07 3.731935729829734539e-06 9.598600128162897086e-10 inf 0.000000000000000000e+00 -1.000000000000000000e+01
6.350647168612735260e-01 2.157203958862103643e-01 2.162244155027669423e-01 2.252967686007851245e-01 -3.437413784915782089e-01 1.888885104119426212e-09 9.072353098018193229e-01 1.109649587810936389e+01 inf 0.000000000000000000e+00 -3.000000000000000000e+01
4.902374240616403922e-01 5.335815865548951820e-01 4.834911713998737417e-05 8.485505246874626402e-09 -2.510972172023036020e-01 2.330792345144674181e-05 3.627609172207189371e-07 3.162576758677682404e-09 inf 0.000000000000000000e+00 -9.000000000000000000e+01
3.937008723785845769e-07 1.367886337576533862e+01 1.862959021638238411e-05 1.172279250066843618e-04 -2.927838907484019426e-01 1.683507371803311115e-02 1.828894123460800629e-07 1.062529135423832486e+04 inf 0.000000000000000000e+00 -2.000000000000000000e+01
9.540434333107845610e-01 1.429038145504468449e-01 2.753347727153999600e-02 3.530366104142244887e-02 -2.000611174446637053e-03 1.845418645347082429e-02 7.677033057077254802e-10 0.000000000000000000e+00 inf 0.000000000000000000e+00 -9.000000000000000000e+01
2.868269179197812865e-02 3.506413972997326264e-03 1.879508587263581297e-08 3.677299409863529020e-09 -3.648294080509217885e+00 3.889751834997033642e-03 1.190884166874091820e-04 5.302452414014704525e+06 inf 0.000000000000000000e+00 -3.000000000000000000e+01
9.344004437537520857e-01 1.246963972474197380e-01 1.794386090599909636e-09 3.438945845328963227e-07 -2.648564638104825356e-02 1.603944423697021638e-03 4.055100517346828942e-02 3.637149614633470424e-04 inf 0.000000000000000000e+00 -8.000000000000000000e+01
1.631848425113287094e-05 4.224682441972746338e-01 1.097175176485681233e-08 1.945768027560019098e+00 -1.772857810470706034e-03 6.866287730047780256e-05 0.000000000000000000e+00 4.328266138844497260e-06 inf 0.000000000000000000e+00 -9.000000000000000000e+01
1.232948381838457827e-08 1.222455534478818384e+00 1.874315829873189935e-09 4.114708970268487434e-09 -7.350832395283916880e-09 1.255645175090828375e-09 7.637837006733249151e-08 1.208055124722954424e-09 inf 0.000000000000000000e+00 -9.000000000000000000e+01
1.718688640983079392e-07 -1.287967931215123762e-01 7.589318047819304380e-10 7.824068498499666888e-04 -1.053880984020892031e+00 1.105938777676068478e-06 1.354401374687752649e-07 5.798706023490737257e-05 inf 0.000000000000000000e+00 -9.000000000000000000e+01
1.894892290616094499e+01 1.391318175027707760e+01 7.782158781292018886e-03 4.270225944666356995e-07 -5.202403890920516100e-08 6.931381243516405569e-06 1.817020004700364622e+00 1.141619784611230316e+11 inf 0.000000000000000000e+00 -2.000000000000000000e+01
9.270760020594620565e-01 1.694537503764347031e-01 0.000000000000000000e+00 2.238976004973795231e+00 -1.810695316522386786e-02 -4.678687463663474777e-08 1.902255004225782975e-01 -3.881037508621568849e-02 inf 0.000000000000000000e+00 -2.000000000000000000e+01
1.482924190359925036e-09 0.000000000000000000e+00 0.000000000000000000e+00 -8.585350575767987267e-10 -7.909011068310168868e-01 -2.429009193992610061e-01 -8.642296862723032325e-01 1.809429755674877313e-04 inf 0.000000000000000000e+00 -8.000000000000000000e+01
3.107194225345469851e-01 -9.725236306519355889e-01 4.783949936031173306e-09 -7.715182036120266616e-03 -9.687687131590709821e-01 -5.280529534654291919e-10 -5.263044337519675103e-10 0.000000000000000000e+00 inf 0.000000000000000000e+00 -1.000000000000000000e+01
6.361099172834906446e-01 6.599643359337351772e-06 1.296529767711573466e+00 3.557353550158629307e+00 1.067871705926882760e-09 2.443958612136315622e+01 1.627190756138258544e-04 7.875405424966783197e-02 inf 0.000000000000000000e+00 -2.000000000000000000e+01
3.774202506960804330e-04 5.637416402802213587e-03 9.292182121568055711e-04 3.229570752791776581e-03 -3.000849303398424249e-05 2.344465648854962183e+03 1.977873212508573456e-03 1.245105189434786275e-07 inf 0.000000000000000000e+00 -3.000000000000000000e+01
8.578100069126090230e-04 0.000000000000000000e+00 0.000000000000000000e+00 1.899841806658358445e+00 -3.129151210966708008e-01 1.693094315933772465e-01 1.893511910933049001e-04 8.959234567093471144e-09 inf 0.000000000000000000e+00 -9.000000000000000000e+01
8.605407287609699862e-01 3.304396533873330544e-01 1.574478498573637214e-04 4.642128061181566845e-01 -4.289600862986998886e-03 1.030158510249223385e-09 5.977363820714974574e-02 3.998651372635252988e-08 inf 0.000000000000000000e+00 -9.000000000000000000e+01
-1.349991572519084215e+09 4.526654272589065759e-04 6.894846908918775275e-02 8.164624193014991345e-07 5.318546564885497093e+07 1.128677648442392414e-04 -9.564115800930345079e-01 3.913704675572519942e-02 inf 0.000000000000000000e+00 -2.000000000000000000e+01
1.814021689343130683e+00 2.669547199318494370e-06 1.567100638566417306e-08 9.372944267193784483e-04 8.053630775963037669e-01 1.163266377356662333e-06 1.520495415114627772e-08 4.720756874745323795e-01 inf 0.000000000000000000e+00 -1.000000000000000000e+01
8.533819919745253870e-08 1.133158998268358530e+00 1.145793974777354263e-09 1.411952085143906854e-01 -1.371482120920037018e-01 2.995145653365364677e-09 3.248838794638448518e-02 4.556373700869010717e-10 inf 0.000000000000000000e+00 -9.000000000000000000e+01
2.154804041500586870e-08 1.228979768282502327e+00 2.735442860315398793e-05 0.000000000000000000e+00 -3.641775353431984415e-08 5.976942649789145946e-03 3.704384671829096163e-08 4.274129469242810614e-07 inf 0.000000000000000000e+00 -9.000000000000000000e+01
7.411603862847454538e-01 1.768637230160278193e-03 3.149086927332427252e-07 1.279727320676481706e-01 -2.660390880730263419e-01 2.253041057529016916e-05 3.245347226421191450e-07 9.020965171747040156e-07 inf 0.000000000000000000e+00 -8.000000000000000000e+01
8.517783089836475918e-01 3.202552303462139482e-01 3.437294357119050764e-02 2.378859204469586930e-02 -1.239207493077218621e-02 -3.006220278569577337e-07 5.897308716683298215e-06 6.261917863335275158e-10 inf 0.000000000000000000e+00 -9.000000000000000000e+01
1.798066051420910971e-01 1.092760142218385910e+00 9.261082390603546052e-05 2.805853072176986082e-02 -1.055820035234557091e-03 -3.923917909519776394e-09 7.173682521809282065e-10 5.574729188634924257e-10 inf 0.000000000000000000e+00 -9.000000000000000000e+01
1.250840974156327556e+00 2.731820406781977644e-08 5.144928432772724100e-07 3.341941534005455350e-01 -1.042367478463606389e-01 2.458638366103779747e-07 1.141293858833359570e-05 1.675222989754567152e+03 inf 0.000000000000000000e+00 -3.000000000000000000e+01
1.006440889937829430e+00 2.590982577413969423e-04 5.228574158757433453e-07 9.000616944718153824e-07 -1.197014829122616201e-03 -4.178190957221342247e-08 6.311635948785758811e-07 0.000000000000000000e+00 inf 0.000000000000000000e+00 -9.000000000000000000e+01
9.578466225917630084e-01 1.197308278239703760e-01 2.761393780054460083e-08 8.835646396152589954e-01 -2.153560907827113886e-05 0.000000000000000000e+00 0.000000000000000000e+00 4.078007692063548771e-09 inf 0.000000000000000000e+00 -9.000000000000000000e+01
