4.331040276112714804e-01 4.654821798132575883e-10 5.204764236369726627e-01 5.739685289994819403e-03 -5.467820912576139003e-01 2.004723252609277759e-08 2.700799004543198660e-05 1.233995638593835030e-04 4.520307047177362136e+01 1.000000000000000000e+00 0.000000000000000000e+00
3.074881135974067425e-01 3.431964106603313525e-01 2.941894633655963343e-07 2.331758929891301902e-07 -5.475272216315113516e-01 -9.885144347815053065e-08 -3.574316844677516425e-04 4.956761376320658502e-07 2.630867007838962763e+03 1.000000000000000000e+00 0.000000000000000000e+00
5.449437939235510786e-01 3.570593162900192664e-07 -4.116481896544810920e-02 5.645649922491404717e-07 -4.655545002044726433e-01 2.220572451633175386e-03 0.000000000000000000e+00 2.263751391727462023e-09 3.088056082923086797e+04 0.000000000000000000e+00 0.000000000000000000e+00
3.317116642979645591e-01 5.851432898235481295e-01 4.988059111228380438e-04 5.394893576536509155e-10 -4.178197069475836911e-01 6.458103198721433513e-02 -9.764699050357281485e-06 5.972292997160416907e-08 4.539515042074103985e+04 1.000000000000000000e+00 0.000000000000000000e+00
2.987629814589968236e-01 4.795936085384605628e-04 1.265349097943986534e+00 1.196028275448598327e-01 -4.344755776119397783e-01 -2.093049482035047246e-02 3.478662636485168431e-06 1.536347256477657405e-07 1.055185232716580067e+05 0.000000000000000000e+00 0.000000000000000000e+00
-1.406000779054461525e-01 4.454657585751046831e-06 6.483836057922593571e-03 1.662116176957696116e-07 -1.148233969561143653e+00 -4.266936229294647812e-05 4.622593707177755085e-03 4.553942256545507884e-09 inf 0.000000000000000000e+00 -9.000000000000000000e+01
2.175076488646759676e-01 2.680255544074394147e-01 -2.964418762752438902e-02 4.028185094296084349e-07 -6.819917248273066335e-01 3.036775137878792823e-03 2.245240246345042365e-02 1.620558268313675877e-09 inf 0.000000000000000000e+00 -9.000000000000000000e+01
-5.100355909693001308e+02 1.523518820347558944e-04 3.144975207724970634e+00 2.471324571604270048e-01 -3.298627904605723709e-04 3.448810402999120948e-07 -5.984613016641691985e+00 0.000000000000000000e+00 inf 0.000000000000000000e+00 -2.000000000000000000e+01
-1.571761832061069086e+07 9.704239040840675475e-06 3.264029699427481290e+01 0.000000000000000000e+00 -1.921628995706107190e+01 -4.165357988299305306e-05 -8.689026341183496362e-05 3.191201684584145058e-06 inf 0.000000000000000000e+00 -2.000000000000000000e+01
-3.808750188352056476e+00 2.332004232089806894e+00 9.813142901468565688e-09 -3.072235907507388209e-07 -1.476745956262249360e+00 3.382613297950789067e-04 3.865783567245192268e-09 3.020130786516062732e-02 inf 0.000000000000000000e+00 -2.000000000000000000e+01
2.763933595709575641e-01 5.513350022919026577e-10 1.168995259710204010e-03 1.212385913454905941e-04 -3.920473185403653416e-01 -6.298893584548537206e-01 -1.609027536509416087e-02 2.017423619865469831e-08 inf 0.000000000000000000e+00 -9.000000000000000000e+01
8.565589887844065053e-01 3.168048475132199775e-03 4.472539023716046690e-03 -3.334724738724275427e-08 -1.496267600661368435e-01 -1.080554217664144977e-07 5.594226941779458688e-10 1.159236918621447417e-09 inf 0.000000000000000000e+00 -9.000000000000000000e+01
2.700352099140133633e-01 0.000000000000000000e+00 0.000000000000000000e+00 1.056228366874829952e-06 -7.377048850549495773e-01 9.196278077666363715e-06 1.274938551676473251e-05 0.000000000000000000e+00 inf 0.000000000000000000e+00 -9.000000000000000000e+01
2.271206894821073130e-01 4.021314372215666344e-01 7.454386960408401613e-08 8.641462921650796422e-06 -3.854169276060002702e-01 -2.339458549209932130e-07 -8.239270034026230372e-01 3.410733656413278065e-08 inf 0.000000000000000000e+00 -9.000000000000000000e+01
1.936353736734588082e-03 0.000000000000000000e+00 7.401086840695957626e-09 2.254978845728248249e+00 -4.775627322522498489e-06 -2.111005250243982220e-03 8.210519520957935047e-05 1.005551343065296279e-05 inf 0.000000000000000000e+00 -2.000000000000000000e+01
9.698467644222182882e-01 2.382223147633352144e-07 0.000000000000000000e+00 8.461320964685977377e-08 -8.646252341591727231e-03 -7.528044441583750523e-02 -3.647458690231575087e-06 8.764343478572802324e-08 inf 0.000000000000000000e+00 -9.000000000000000000e+01
-3.737118320610687988e+03 4.357054033352219385e-02 1.026409898550455999e-07 3.265849677205996538e-06 -2.995706106870229632e+03 -1.829771595146820282e-03 -5.931708648914600646e-02 2.780488429178718836e-03 inf 0.000000000000000000e+00 -2.000000000000000000e+01
8.182448001054276610e-01 6.257166118453270399e-03 3.718200635773193097e-02 2.202522473695551319e+00 -4.626951545862708784e-06 5.414855294815329803e-03 -3.172766774305857645e-05 0.000000000000000000e+00 inf 0.000000000000000000e+00 -2.000000000000000000e+01
9.468474995139974926e-01 9.782695628454358339e-10 0.000000000000000000e+00 8.600923951025797674e-05 -5.964029660024691010e-02 1.525962733593408790e-09 0.000000000000000000e+00 5.124435004941879228e-05 inf 0.000000000000000000e+00 -9.000000000000000000e+01
4.410970599770767226e-08 1.099079053099028443e-09 1.368555651654060606e-03 6.613629220737209380e-01 -9.711462982123411081e-01 0.000000000000000000e+00 -6.134202567189344091e-01 -2.289569595468968558e-02 inf 0.000000000000000000e+00 -9.000000000000000000e+01
1.003757511150476400e+00 2.162417991487772844e-09 1.040149968561854721e-04 3.605742114072247886e-09 -4.879616163195031088e-03 -5.827701077905213637e-06 -9.125506651773958364e-07 4.930929386765467609e-10 inf 0.000000000000000000e+00 -9.000000000000000000e+01
9.342801073242309462e-01 2.450365262003128858e-04 7.248724970619033203e-02 3.129131565289489049e-06 -3.865986650996817708e+00 1.189534354152866911e+02 8.107381360701710021e-05 1.952162139674560637e-06 inf 0.000000000000000000e+00 -3.000000000000000000e+01
3.523451421176741231e-10 4.046920163119023806e-01 5.523321004387201638e-01 2.935088167978730078e-03 -4.903759937069305797e-01 -2.148690510059937664e-01 3.498897752736485097e-10 5.993758995661828230e-03 inf 0.000000000000000000e+00 -9.000000000000000000e+01
5.001164924802762313e-01 1.098925573235053293e-09 2.358947908866927956e-01 7.738008474349977045e-03 -4.629984715540057527e-01 -1.556043678967381690e-05 -5.079308126752805075e-01 0.000000000000000000e+00 inf 0.000000000000000000e+00 -9.000000000000000000e+01
3.095801550013418946e-03 1.283012373188070038e-06 5.420480975667939738e+00 3.359159667983310676e-06 -2.339050060010139029e-02 1.254890267175572717e+03 3.163208687350951070e-06 1.096907462782532525e-02 inf 0.000000000000000000e+00 -2.000000000000000000e+01
1.009139931170509596e+00 -4.599259478104491596e-06 1.154947971622221662e-08 4.820509340246594835e-09 -1.901880135605823621e-08 -9.338740714384908898e-14 4.589037103735379771e-13 4.113062577002213813e-11 inf 0.000000000000000000e+00 -9.000000000000000000e+01
2.918892101750537038e-01 9.041734921864035131e-10 1.065831864599805535e-02 6.717219425733658364e-03 -7.059277093907548872e-01 -2.577825905078599475e-02 0.000000000000000000e+00 4.089819945557393523e-04 inf 0.000000000000000000e+00 -9.000000000000000000e+01
1.975585466531064149e+00 0.000000000000000000e+00 7.592325379925858597e-03 3.829070350267616375e-06 9.904552473713690297e-01 -5.141980366897732496e-02 0.000000000000000000e+00 1.225943652843888401e-08 inf 0.000000000000000000e+00 -9.000000000000000000e+01
4.255865713063725483e-06 0.000000000000000000e+00 4.749049234701268052e-01 1.730010792641176298e+00 -9.347335001634242690e-01 8.741778221428193343e-06 -3.423096314075039885e-03 9.323185551739052865e-08 inf 0.000000000000000000e+00 -9.000000000000000000e+01
4.339359654198243210e-01 9.765915883589540890e-08 4.370305350280925077e-07 6.207424796812733847e-01 -5.643113451647939760e-01 -4.028623557884439439e-03 -1.177270220085173541e-01 -4.533949773220585788e-01 inf 0.000000000000000000e+00 -9.000000000000000000e+01
0.000000000000000000e+00 2.494116388647717355e-11 1.271520365827439745e-07 2.013598552302744521e-11 -1.008972991764877092e+00 -2.840807682779559877e-04 4.873640714228024135e-07 8.220363544431082036e-09 inf 0.000000000000000000e+00 -9.000000000000000000e+01
-3.063044100780894235e+07 3.815328775372468560e-07 1.100734678790359578e+00 1.406111191283685002e+02 -9.053432217520708036e+00 -5.914307660104451726e-04 -2.617007750377079667e+00 8.482930330003829889e-04 inf 0.000000000000000000e+00 -2.000000000000000000e+01
6.558284494893380128e-05 8.021602739415625739e-10 -7.930902209748398768e+00 5.920673502334302107e-05 -1.338872738634944826e+00 -3.311673420536439226e-05 -1.769695816082340759e-03 9.234640198808974674e+02 inf 0.000000000000000000e+00 -2.000000000000000000e+01
1.559366706673425140e-01 1.466833055019378154e-05 0.000000000000000000e+00 8.243240472924615592e-01 -1.863901851741411653e+00 1.000305343511450046e+05 1.737805268236698459e-04 4.066583764462069345e-02 inf 0.000000000000000000e+00 -3.000000000000000000e+01
2.418706608091400201e-01 3.932025240117188573e-07 8.164410491447764845e-03 0.000000000000000000e+00 -7.654134835732279152e-01 -5.022091643317993557e-07 -1.709224120218862011e-04 2.433183935716081985e-07 inf 0.000000000000000000e+00 -9.000000000000000000e+01
4.981513635771471771e-01 1.611666176279005491e-01 4.424710324215326189e-08 1.836208208651210887e-05 -4.444291577011803551e-01 -4.650137671259559400e-06 6.557886459468609584e-06 1.711664256999086898e-08 inf 0.000000000000000000e+00 -9.000000000000000000e+01
1.717500315404620883e-03 2.586494013755467956e-04 2.384824307237405332e-05 2.237735599808294840e+00 -1.504520032753799254e-05 2.961023468717583557e-06 2.080719194233977818e-05 2.134070968445105400e-07 inf 0.000000000000000000e+00 -2.000000000000000000e+01
3.551607657867616372e-08 1.190197467583103346e-09 7.790507475548267332e-04 3.457396591574707438e-05 -1.007475317604465070e+00 -5.914660466693892919e-04 4.456332977029683093e-06 0.000000000000000000e+00 inf 0.000000000000000000e+00 -9.000000000000000000e+01
8.142763119359660521e-04 3.346249876664958434e-04 8.828671165649251140e-01 8.310940449145128028e-02 -6.771372792172342114e-01 3.565552089011847725e-10 -4.400711090285043259e-01 1.372095501117589822e-05 inf 0.000000000000000000e+00 -9.000000000000000000e+01
2.602364156851029453e-02 5.663175885375297709e-03 1.061318769441148090e-04 1.820306534584916966e-02 -9.600431500921933203e-01 -4.624926973056493057e-02 7.686660442447520433e-06 1.915904230194628223e-05 inf 0.000000000000000000e+00 -9.000000000000000000e+01
5.751416538573385084e-01 9.234912335771527841e-07 5.410292981119734640e-03 5.146178219594379957e-05 -4.323343724573871505e-01 -1.617882015672943328e-05 9.841244963877738581e-08 2.813383394412821135e-06 inf 0.000000000000000000e+00 -9.000000000000000000e+01
5.108604617595547716e-03 1.513366154069780860e-09 5.078014170783598687e-03 4.795365042413883413e-10 -1.002387761133957556e+00 -4.390585179518110908e-09 -1.418990452702730356e-05 6.044712619243539600e-08 inf 0.000000000000000000e+00 -9.000000000000000000e+01
1.005448451945718524e+00 0.000000000000000000e+00 0.000000000000000000e+00 6.801969266253658775e-02 -1.580724139445052441e-03 5.268518489511293739e-06 2.958799983709542718e-05 8.116811297903336922e-08 inf 0.000000000000000000e+00 -9.000000000000000000e+01
1.121503881296285195e-05 2.966172612879656676e-07 1.204664542952039064e+00 1.162000258107574374e-09 -9.178396517729822124e-01 -7.248744598622330293e-06 -1.032176780994866019e-07 2.810598141541299966e-06 inf 0.000000000000000000e+00 -9.000000000000000000e+01
-1.013129770992366684e+05 3.057581777791031075e-02 1.769157425137876945e-05 0.000000000000000000e+00 -1.769575453896559195e-02 -1.949208383341782466e-02 -2.250189089593086951e-03 1.899522679452678164e-02 inf 0.000000000000000000e+00 -2.000000000000000000e+01
4.847659575604722493e-01 1.914502503577807086e-05 2.556902795760138125e-01 2.015105549074904356e+00 -8.441215583956694971e-06 1.014133369260261323e-08 1.559449312005195629e-04 3.121219233105637360e-05 inf 0.000000000000000000e+00 -2.000000000000000000e+01
9.641555664292554839e-01 0.000000000000000000e+00 1.233730278023660674e-05 2.167235648223655650e-02 -1.788134595428435270e-04 -2.044172343503638536e-04 -6.901324054440987066e-01 5.104079115859360321e-09 inf 0.000000000000000000e+00 -9.000000000000000000e+01
5.867289473805178401e-01 3.113277701846709066e-10 1.801108016271235900e-05 2.216207129396247497e-06 -5.002757625994984636e-01 2.201674439089958690e-01 -2.156826849484805124e-03 2.208590693872440447e+00 inf 0.000000000000000000e+00 -3.000000000000000000e+01
3.348014118551944640e-01 1.578528571424001729e-09 -3.057024610201238349e-02 9.329298737186396328e-07 -6.748340957706263632e-01 -2.806273015864892081e-07 3.239881172830127147e-10 3.178981150784448329e-10 inf 0.000000000000000000e+00 -9.000000000000000000e+01
7.889721873185013643e-10 3.562137700998732016e-06 0.000000000000000000e+00 2.533891766689819808e-06 -1.295597711483967296e-01 -1.129536580662183098e+00 -1.203341527694087127e-03 8.005629059976532123e-06 inf 0.000000000000000000e+00 -9.000000000000000000e+01
4.095739185726422482e-01 1.167056249342891240e-06 8.921083732472936401e-01 2.444176340087225984e-05 -5.438876327604318384e-01 -6.088301571775245731e-07 2.014041787483883763e-05 0.000000000000000000e+00 inf 0.000000000000000000e+00 -9.000000000000000000e+01
3.155740607253287311e-01 1.001917645268629170e-01 4.715237421127623819e-03 3.593864674678721061e-09 -6.911431900296172159e-01 1.073911727563380963e-01 -6.779442749422461001e-02 0.000000000000000000e+00 inf 0.000000000000000000e+00 -9.000000000000000000e+01
3.810588488682802727e-03 0.000000000000000000e+00 0.000000000000000000e+00 2.256778376581098478e+00 0.000000000000000000e+00 2.061108867729905897e-07 1.121937492295251394e-05 1.464472090229143603e-08 inf 0.000000000000000000e+00 -2.000000000000000000e+01
1.011019900038429009e+00 5.573579610627376603e-09 6.244839062370510362e-08 4.373817242127205588e-09 0.000000000000000000e+00 6.959042595715623017e-03 5.194150964872841793e-06 3.503408171756149190e-04 inf 0.000000000000000000e+00 -9.000000000000000000e+01
9.952552482890101304e-01 7.429655958312613960e-10 2.129923683108776444e-01 2.269094832857361226e-05 -1.807712216843031109e-03 -1.259377177741471752e-06 -5.400445702200520198e-03 1.349355060605844127e-02 inf 0.000000000000000000e+00 -9.000000000000000000e+01
2.927620206413386938e+01 1.681767122250337199e-01 9.823048873144014578e-03 3.539355352735936572e-02 3.444259066368690583e+02 -6.237827144346704822e-01 -1.568703447500649020e+02 1.092663299074234314e+11 inf 0.000000000000000000e+00 -2.000000000000000000e+01
3.595716170682252688e-01 6.587685348878381050e-06 2.898587525345897586e-01 4.223284830573862184e-03 -1.901815865786021520e-01 1.839326538202417218e-04 -3.769723627403493224e-05 1.877397014439561549e-05 inf 0.000000000000000000e+00 -9.000000000000000000e+01
-3.665053683584901592e+03 1.170154793930208974e-03 2.240861627191855732e+01 9.673952436427504737e-10 4.467863758642615611e-03 -1.159334661290230883e+00 -8.607476302364550080e-02 3.858566436965481614e-07 inf 0.000000000000000000e+00 -2.000000000000000000e+01
2.404752297850955983e-02 6.477540871667893108e-02 5.070830278936582225e+00 5.755593920976367038e-04 9.963736688436793543e+01 5.865927570480366365e-02 -3.561952464302354984e-04 0.000000000000000000e+00 inf 0.000000000000000000e+00 -2.000000000000000000e+01
7.026585227797462752e-01 7.235554305204079384e-01 1.022907715332678491e-03 7.006234290672630593e-10 -2.161523894424684233e-01 5.106681829124178895e-01 9.438954530489516468e-09 3.340074288687595590e-05 inf 0.000000000000000000e+00 -9.000000000000000000e+01
8.665932098031962916e-10 1.705328833488902740e-01 7.925406437688809966e-03 2.271722103906490887e-04 -1.273530827573443255e-02 -1.035440686590185067e+00 -6.138346850311241905e-06 2.588781062957349895e-06 inf 0.000000000000000000e+00 -9.000000000000000000e+01
4.863154551717057128e-01 0.000000000000000000e+00 0.000000000000000000e+00 1.242384014383966839e+00 3.431278480093333944e-02 -4.036798211874510420e-03 -8.491523768037205766e-01 0.000000000000000000e+00 inf 0.000000000000000000e+00 -9.000000000000000000e+01
5.416139288087293835e-01 0.000000000000000000e+00 6.145773739578107363e-09 2.748853848319674824e-06 -4.669085593178701199e-01 1.331418938679864101e-03 -9.024315009602388510e-07 1.721744311042560949e-06 inf 0.000000000000000000e+00 -9.000000000000000000e+01
4.484250715613651850e-01 6.666155054222943624e-04 2.674666520217451604e-03 4.767262328440686475e-07 -1.354726796988667548e-01 -7.330227165101472764e-01 4.126285880919249616e-07 1.866523415182424171e-03 inf 0.000000000000000000e+00 -9.000000000000000000e+01
5.085449946457782922e-01 1.614677946348380393e-09 2.644433972158046764e-01 2.292119867694313007e-04 -4.850736872005885214e-01 -8.300727059928136565e-08 6.028752777008479539e-06 7.550863626649234630e-07 inf 0.000000000000000000e+00 -9.000000000000000000e+01
6.408894654101939814e-01 6.622524475905338104e-01 7.739908582916080193e-03 5.036286540012358811e-05 -7.480831164687652779e-08 9.152080680202979605e-10 -6.780243367783628239e-03 4.281582092129742108e-08 inf 0.000000000000000000e+00 -9.000000000000000000e+01
3.991438652057421876e-03 5.232159173993224414e-10 1.491605212134378133e+00 1.105498718853481311e-08 -3.963911488939784733e-01 6.435239022167675571e-02 5.630284556938637441e-06 1.586784440781777884e-07 inf 0.000000000000000000e+00 -9.000000000000000000e+01
7.090377439661819103e-01 0.000000000000000000e+00 0.000000000000000000e+00 1.737175993862861153e-07 -2.986968396542616921e-01 -4.511053790514849259e-07 1.320685714420270008e-09 3.060418439080550156e-05 inf 0.000000000000000000e+00 -9.000000000000000000e+01
1.342439025380971589e-03 2.040470103787546574e-07 1.623918175864078528e-03 1.084205722279300232e+00 -1.124115135369335938e+00 3.669448814667161662e-01 -6.208130925116647769e-02 1.443130410191710487e-07 inf 0.000000000000000000e+00 -9.000000000000000000e+01
7.976500863759965476e-01 2.448668463691018871e-01 0.000000000000000000e+00 3.092910203951043917e-04 1.275348158172405662e-03 -2.018563024958864027e-01 0.000000000000000000e+00 0.000000000000000000e+00 inf 0.000000000000000000e+00 -9.000000000000000000e+01
2.429894466970422117e-03 7.537414051797369150e-10 5.946846984953927382e-05 4.335443285805121454e-04 -1.005761455499201595e+00 -1.286884898625782747e-05 -3.256455585485270801e-10 0.000000000000000000e+00 inf 0.000000000000000000e+00 -9.000000000000000000e+01
6.872796603191549947e-01 1.093122035700015979e-09 3.748100826111462960e-03 0.000000000000000000e+00 -3.213255554738906339e-01 3.312275148656641625e-03 -1.947595996126232556e-05 0.000000000000000000e+00 inf 0.000000000000000000e+00 -9.000000000000000000e+01
6.013013053485707360e-01 9.485434837289154227e-10 2.564254512173401017e-05 7.834544695095384606e-03 -4.064170060580730715e-01 -7.733110198425029337e-07 8.188878045868436985e-06 1.619843759438208936e-05 inf 0.000000000000000000e+00 -9.000000000000000000e+01
9.724297758836889516e-01 6.137253647584446086e-09 3.278832163717481166e-03 1.465068863615764528e-09 -4.451263058622519780e-02 2.494663911975258247e-02 9.105876765860210053e-07 1.191880898400247821e-07 inf 0.000000000000000000e+00 -9.000000000000000000e+01
7.505671077973348482e-03 2.298618214189888806e-11 1.538340241551739984e+00 2.538772355970922148e-11 -3.000197662442091351e-07 0.000000000000000000e+00 2.350079816000110467e-11 0.000000000000000000e+00 inf 0.000000000000000000e+00 -9.000000000000000000e+01
9.524295317651326798e+01 4.200242330350658904e+01 2.675086402651999113e-03 4.038351588618883589e-03 6.990102286229056290e+02 4.635718959918786908e+00 -7.009240814641055483e-04 3.362299628045320583e-08 inf 0.000000000000000000e+00 -2.000000000000000000e+01
4.406749349077915823e-01 7.505078667615525893e-04 2.453183608805074769e-03 4.174180266571134813e-06 -5.662779356786113993e-01 -3.451413644538389861e-07 -5.604900855371594201e-03 5.908325287640395663e-10 inf 0.000000000000000000e+00 -9.000000000000000000e+01
4.327692400303179143e-01 9.639558994576120729e-10 2.907668331453698574e-02 3.521885091392561152e-05 -5.427647552046903634e-01 -3.042908718963172748e-02 -3.056432757714120374e-01 -9.520923280666994115e-01 inf 0.000000000000000000e+00 -9.000000000000000000e+01
5.651743173232307571e-01 5.045577233798503048e-10 1.783587589185738065e-01 4.080065540911135143e-10 -4.581590619720864455e-01 9.391703399306151889e-02 -2.530464892157265888e-01 3.469961816729455669e-06 inf 0.000000000000000000e+00 -9.000000000000000000e+01
5.594457897172844252e-01 3.801009842355847993e-03 1.367813526320012407e+00 8.004710649922522217e-04 -4.149681287843270494e-04 4.364147989017862843e-07 2.148503625362640143e-05 7.769142573855975320e-07 inf 0.000000000000000000e+00 -9.000000000000000000e+01
2.845630175607197776e-01 7.653259394915098173e-09 8.288393640841957861e-04 6.530387360139909797e-09 -7.218183860076794467e-01 1.034224242556094343e-08 -2.763830701918140731e-02 5.023374892415315547e-10 inf 0.000000000000000000e+00 -9.000000000000000000e+01
2.817624931869029403e-01 5.913251542632395243e-10 4.655112916540396442e-10 1.169507334734679382e+00 -7.237050338704699159e-01 2.926358550654213349e-07 -1.334345880015285945e-08 0.000000000000000000e+00 inf 0.000000000000000000e+00 -9.000000000000000000e+01
4.771001604373575899e-01 0.000000000000000000e+00 2.296105751591492709e-03 1.842415585180022482e-06 4.790595040120489978e-01 -1.222630390607438056e+00 0.000000000000000000e+00 4.689686919522393457e-10 inf 0.000000000000000000e+00 -1.000000000000000000e+01
7.077193721122002623e-01 2.629177071982575935e-09 0.000000000000000000e+00 2.316006395818446326e-09 -3.040065258658760650e-01 1.063045327585659949e-02 4.008584654900857934e-07 1.992639465081531235e-08 inf 0.000000000000000000e+00 -9.000000000000000000e+01
4.174258205889201746e-07 3.642988979685121370e-06 5.534054439625835046e-10 2.249526589502246932e+00 -5.729926218543458516e-01 -1.034077601004370358e-07 4.857318639580162109e-07 2.490324497831625771e-09 inf 0.000000000000000000e+00 -2.000000000000000000e+01
1.939886192968166010e-06 1.100272974802985138e+00 2.103463040064530720e-01 4.276567289043457328e-07 -5.854929236958465438e-06 -5.725603490760587761e-06 1.722200100291340807e-09 0.000000000000000000e+00 inf 0.000000000000000000e+00 -9.000000000000000000e+01
4.816105606774231940e-01 1.958633783488581473e-09 6.161329134465967985e-03 2.387084923626708864e-09 -5.257667528077626384e-01 5.839176967025333322e-08 -2.616734734740745003e-06 1.772563574057166127e-07 inf 0.000000000000000000e+00 -9.000000000000000000e+01
1.007733506201238916e+00 5.769920009199071318e-09 3.014965797211869176e-08 4.075462487510230646e-09 5.130846590458668370e-10 0.000000000000000000e+00 3.829240280737927599e-06 6.497368152131004471e-08 inf 0.000000000000000000e+00 -9.000000000000000000e+01
7.778543728597508977e-01 3.152520999276377483e-04 1.298141072587133849e+00 2.218908927245829429e-07 -1.399140802537886872e-05 1.778299935926950558e-09 1.417522538854000844e-08 0.000000000000000000e+00 inf 0.000000000000000000e+00 -9.000000000000000000e+01
2.788762926418029142e-01 0.000000000000000000e+00 5.839649475313464053e-10 2.259430855034224805e+00 -7.615809584087451789e-02 0.000000000000000000e+00 0.000000000000000000e+00 1.572027021587840210e-05 inf 0.000000000000000000e+00 -2.000000000000000000e+01
0.000000000000000000e+00 1.708359106274159600e-01 1.067493582082664094e+00 1.175679081517814036e-07 -7.756873779839427163e-01 -3.940946733926754493e-08 -7.705761770247845127e-08 0.000000000000000000e+00 inf 0.000000000000000000e+00 -9.000000000000000000e+01
1.366652677212026053e-05 2.064643775343845560e-08 1.445988347036725630e+00 2.469854235925348304e-06 4.164663067087663529e-09 1.716548693968116862e-06 0.000000000000000000e+00 0.000000000000000000e+00 inf 0.000000000000000000e+00 -9.000000000000000000e+01
9.254860206865018757e-01 0.000000000000000000e+00 -5.226782522710355996e-10 1.048319405583108654e+00 1.522180955076483325e-03 -1.805438976282020269e-01 -9.027194881410101346e-02 1.163351613084948166e-06 inf 0.000000000000000000e+00 -9.000000000000000000e+01
2.510325178361231258e-01 3.103674765973885585e-01 -3.423170697765314657e-02 3.021518669227518106e-01 -4.235603210034949995e-01 -3.039775579615599521e-01 -5.134756046647972333e-02 2.717141741351218869e-03 inf 0.000000000000000000e+00 -9.000000000000000000e+01
6.855869276817446734e-01 1.002949316405702171e-04 2.017262762586489596e-07 1.602134734272871221e-07 -3.230692367547904342e-01 1.413427910802208046e-03 1.264843211268056192e-08 1.699430365908875371e-07 inf 0.000000000000000000e+00 -9.000000000000000000e+01
9.674133725786904225e-01 5.757936304161113232e-07 6.890210351459737925e-01 1.191411604146305137e-06 2.002884453784428837e-09 1.734018281800681051e-07 -6.269944611369168133e-04 1.168180737213090404e-06 inf 0.000000000000000000e+00 -9.000000000000000000e+01
4.704556564750779213e-01 5.683542125640113774e-10 8.833799948725365447e-03 6.202794548834236928e-03 -5.367888835268784797e-01 -1.077566132057682975e-05 -1.046422602229426122e-05 3.189097454413489263e-05 inf 0.000000000000000000e+00 -9.000000000000000000e+01
4.727415277357915890e-01 2.902560213628451889e-05 8.383189293925867244e-03 8.386187747400991149e-08 -5.346481563678595617e-01 5.520906933705652396e-10 4.290932730753507513e-09 8.403658971874743517e-10 inf 0.000000000000000000e+00 -9.000000000000000000e+01
3.783527462807699249e-01 4.282131857131194486e-01 1.893866624962301611e-09 4.916769122498282711e-10 -4.291908413882635775e-01 -2.558409855456765694e-06 9.099883450895784566e-06 2.118333524634756500e-06 inf 0.000000000000000000e+00 -9.000000000000000000e+01
6.259753056235015656e-01 2.049106274492819291e-03 5.518723099422148115e-01 2.475686019368648124e-05 -3.510141900692532180e-01 -6.769453959211147214e-06 -5.980924157368969301e-06 4.685673295513382314e-10 inf 0.000000000000000000e+00 -9.000000000000000000e+01
2.777612281357482171e-01 5.993483408174593291e-10 4.718274172392765349e-10 1.185375382044108639e+00 -7.276561751161855218e-01 1.158618677081775651e-09 -4.447230271054817190e-06 0.000000000000000000e+00 inf 0.000000000000000000e+00 -9.000000000000000000e+01
9.566014764108449761e-04 1.435853110716079272e-04 8.705035399494696069e-01 1.277517499344188012e+00 -8.379771879593013657e-06 1.434701634970213402e-07 1.346483735085313463e-08 0.000000000000000000e+00 inf 0.000000000000000000e+00 -9.000000000000000000e+01
5.661848194598328998e-01 2.380714741082789351e-06 0.000000000000000000e+00 8.467490573954251048e-07 1.352965914162568371e-03 -7.549130926131105701e-01 -8.209947962101034032e-04 1.395908772155501382e-07 inf 0.000000000000000000e+00 -9.000000000000000000e+01
7.929343606849348358e-01 1.666059576890157540e-07 1.325941715079420775e-03 8.906933914543103681e-01 -7.558221360410052880e-02 -2.996133257839194708e-01 -5.091616185904975639e-02 4.516488966989276752e-06 inf 0.000000000000000000e+00 -9.000000000000000000e+01
6.174656233849328268e-01 1.594609917573196418e-09 4.809967718397122061e-02 5.971677460461543077e-05 -5.831619776413254908e-01 -2.576196221510086367e-05 -1.374942322603828508e-03 4.031961032932106264e+02 inf 0.000000000000000000e+00 -3.000000000000000000e+01
1.883741240762178415e-01 8.297999389686557814e-01 1.007443891420278965e-02 8.848665836254300288e-06 -2.870917030224889865e-01 -1.549913679108121459e-02 -2.511158220478062336e-03 3.081296825689909329e-08 inf 0.000000000000000000e+00 -9.000000000000000000e+01
3.507605645178590761e-08 9.249707577609656350e-10 0.000000000000000000e+00 4.546416268546698289e-05 -4.826599612340599921e-02 0.000000000000000000e+00 -4.877920418345234044e-01 -1.775211118179347736e+00 inf 0.000000000000000000e+00 -9.000000000000000000e+01
3.783526723999249830e-01 4.282131020960391332e-01 2.061400577718180543e-09 2.565868275281609314e-05 -4.291907575802766384e-01 -2.558409355876720698e-06 9.099881673963847064e-06 2.133250949798082300e-06 inf 0.000000000000000000e+00 -9.000000000000000000e+01
8.892828881701364541e-01 6.281677222000579105e-09 1.015467462771873922e-03 1.223431420856303306e-08 -1.279724246520230202e-01 2.559448493040460473e-02 9.380637984854197954e-07 1.660181481727665524e-05 inf 0.000000000000000000e+00 -9.000000000000000000e+01
9.481486889113917016e-01 1.391815222038281770e-07 2.497626061194971409e-05 2.396603200090413957e-02 -4.352040636980104849e-02 -4.256653444936705361e-02 8.812555531696636108e-09 1.561016288246857131e-06 inf 0.000000000000000000e+00 -9.000000000000000000e+01
1.224418366200607285e-03 9.618085289457853695e-04 1.526419679043652358e-04 1.112809185367307852e-03 -1.005060369141654419e+00 -3.928889362054562408e-05 -1.273657710685886313e-03 0.000000000000000000e+00 inf 0.000000000000000000e+00 -9.000000000000000000e+01
-1.903625954198473846e+04 8.864449123844847382e-08 3.023336861879771575e+00 3.265849677205996538e-06 -5.129770992366413338e+03 -1.547900775006709473e-03 -1.366356856950366998e-03 0.000000000000000000e+00 inf 0.000000000000000000e+00 -2.000000000000000000e+01
6.053234742703831976e-05 1.521090806157000203e-09 5.103933802102024291e-03 4.819841952039651590e-10 -1.007504233899271906e+00 -3.973162491263104057e-09 1.621882578680010865e-03 1.929168314576990090e-06 inf 0.000000000000000000e+00 -9.000000000000000000e+01
5.075043122755008851e-03 7.118621797771219252e-10 0.000000000000000000e+00 1.042359156350280286e-02 -1.221413971196223303e+00 -3.021141641890787974e-05 -9.853766559764741026e-08 5.297669158125988815e+02 inf 0.000000000000000000e+00 -3.000000000000000000e+01
-1.036911392137415261e-01 4.018031644532483737e-01 4.781763689869807619e-03 1.225793914639477030e-07 -9.130580869654462139e-01 -2.340251405865693968e-02 0.000000000000000000e+00 1.863481437963969076e-05 inf 0.000000000000000000e+00 -9.000000000000000000e+01
7.554044824432566418e-01 6.363174021147184690e-06 1.099693589755699466e-03 0.000000000000000000e+00 -2.513334616307489888e-01 -6.153210703277682667e-05 -6.625585318827355817e-03 0.000000000000000000e+00 inf 0.000000000000000000e+00 -9.000000000000000000e+01
4.181530911682644347e-01 8.583932275015580034e-04 2.766565368989568844e-03 1.800162397630198957e-04 -5.821156721599969330e-01 -1.873684819764990031e-02 0.000000000000000000e+00 1.705417008281241015e-03 inf 0.000000000000000000e+00 -9.000000000000000000e+01
4.170617306116128908e-01 5.968613547811262339e-10 2.041248496824715764e-03 3.482820069390637818e-06 -5.915769228533516166e-01 2.688285756195569164e-03 3.873979126859996863e-07 2.975215969428477185e-04 inf 0.000000000000000000e+00 -9.000000000000000000e+01
3.100883183239514507e-01 6.698772033479090116e-01 1.304639875875161503e-01 1.095573361604483376e+00 -2.560659632152491039e-01 -8.572883501136845672e-06 -5.203492990473686457e-07 9.825315835395238492e-03 inf 0.000000000000000000e+00 -9.000000000000000000e+01
-3.646965099870368704e+03 5.821897935660369852e-04 2.229802031170741827e+01 9.590154195052669267e-10 -2.351441893493993757e-03 2.281562578783297409e-06 -2.525947613435605699e-01 2.321249953737861410e-07 inf 0.000000000000000000e+00 -2.000000000000000000e+01
5.516825502421909277e-01 4.088148080355719117e-10 7.925694791053086372e-03 3.421366081353305557e-07 -4.563032488250734486e-01 -9.162232309702629413e-06 -8.864542451264637170e-06 1.984599056253277026e-07 inf 0.000000000000000000e+00 -9.000000000000000000e+01
9.333569607479080821e-01 1.547342441558203032e-04 0.000000000000000000e+00 1.911511902901491164e-05 -2.617184676541804396e-04 -2.991931674106681799e-04 -1.010105145849194974e+00 7.470532522571948446e-09 inf 0.000000000000000000e+00 -9.000000000000000000e+01
4.350161859143400478e-01 9.909394190856180007e-10 1.425086136637705669e+00 5.122697458689212565e-05 -5.380407531786171041e-08 1.116148370955641860e-09 6.447330897663768727e-06 1.814456582527889619e-08 inf 0.000000000000000000e+00 -9.000000000000000000e+01
1.005991844305540006e+00 0.000000000000000000e+00 6.885824449939635948e-06 5.294996524658828032e-11 -4.055070183578680931e-03 2.473453462492150503e-03 -1.933474185469216395e-04 0.000000000000000000e+00 inf 0.000000000000000000e+00 -8.000000000000000000e+01
1.022987159283353931e+00 1.684720956125896083e-07 1.456796929883797135e-03 1.407375145129680431e-08 -1.475018167025377580e-01 -5.152460720431113750e-02 1.011658417281481703e-08 3.204097388823564643e+02 inf 0.000000000000000000e+00 -3.000000000000000000e+01
2.060257044909868662e-01 9.075562678843471787e-01 8.932127061792784206e-03 9.932508993211638904e-06 -2.039393682429768706e-01 -9.009295016278506127e-06 -4.808353071585531901e-04 8.535749916041251654e-07 inf 0.000000000000000000e+00 -9.000000000000000000e+01
6.360125287800187932e-01 1.289813490480046153e-09 3.655582366169671509e-03 3.750843118446264279e-01 -3.725753866817861359e-01 3.341966720814632408e-03 3.575026522526214881e-10 8.224897620452468567e-10 inf 0.000000000000000000e+00 -9.000000000000000000e+01
9.740347962616406896e-01 2.241319703765409931e-06 1.556836006066125710e-02 1.265365587890068561e-04 1.075124416745216853e-02 -1.061161761982292034e-01 0.000000000000000000e+00 9.289119684807211777e-07 inf 0.000000000000000000e+00 -9.000000000000000000e+01
1.822594902687436208e-02 1.137864505333974658e-04 5.009118441160834330e-03 6.282923178888962790e-01 -9.887879101202301513e-01 -2.691426747768551863e-06 -1.190922938621371066e-02 3.850508339873256760e-06 inf 0.000000000000000000e+00 -9.000000000000000000e+01
-2.724934351145038605e+08 9.943112617230599195e-05 3.075927268457777641e-01 6.001698606796848499e-05 -4.508587786259543151e+01 7.005531369274811127e+00 -4.422486283396947826e+00 0.000000000000000000e+00 inf 0.000000000000000000e+00 -2.000000000000000000e+01
5.003375907138272183e-01 5.454808319812402134e-02 1.047023418067439832e-03 5.059804958722537993e-01 -4.852898436246895764e-01 7.760422258274610538e-10 0.000000000000000000e+00 0.000000000000000000e+00 inf 0.000000000000000000e+00 -9.000000000000000000e+01
6.370164647632227783e+00 5.199154076807731509e-10 4.950725785931568090e+00 8.304346189148830056e-04 9.693728811614259655e+01 5.706966459962636157e-02 -3.465426908448875662e-04 2.015018963351736594e-02 inf 0.000000000000000000e+00 -2.000000000000000000e+01
4.254549985797799194e-01 1.837698292294860924e-01 0.000000000000000000e+00 0.000000000000000000e+00 -5.067592260570676910e-01 -3.127002006597848725e-06 -5.655794933672630975e-03 6.638506297974373523e-08 inf 0.000000000000000000e+00 -9.000000000000000000e+01
3.133553130685777233e-01 4.602916179107933211e-04 1.504554318932787042e-03 2.560053363120539328e-06 -6.946042773020140171e-01 -2.764259954342216713e-07 7.769811763556499931e-06 7.969037706211795392e-08 inf 0.000000000000000000e+00 -9.000000000000000000e+01
1.559366706673425973e-01 1.507889450961397188e-05 -5.823592557251910193e+02 4.290169431963040785e-03 -1.863901851741412541e+00 1.000305343511450628e+05 1.737805268236699272e-04 0.000000000000000000e+00 inf 0.000000000000000000e+00 -2.000000000000000000e+01
6.812237377379918927e-08 2.289886536187534206e-09 2.280082740619758926e-08 6.631533817474682296e-05 -9.662048396828663011e-01 -1.004505274718933173e-02 -6.372440479620460341e-01 -1.750541355942936139e-02 inf 0.000000000000000000e+00 -9.000000000000000000e+01
3.711591144344741650e-03 4.865322343357407808e-10 1.387025876838347660e+00 5.577320735068247773e-10 -7.371987928077832208e-01 5.984051929273054987e-02 5.235534383298789173e-06 2.213297857661125992e-08 inf 0.000000000000000000e+00 -9.000000000000000000e+01
3.349039198161422037e-01 2.293057035257996430e-03 8.188212691235118301e-01 1.219578046477425967e-09 -6.186315103120649805e-01 2.536238673663818721e-01 -6.833545150405778701e-01 1.837385444918266255e-07 inf 0.000000000000000000e+00 -9.000000000000000000e+01
1.007144425956985279e+00 0.000000000000000000e+00 0.000000000000000000e+00 3.948082333306565489e-06 -6.736846639389248589e-10 7.910094392587499210e-08 -3.841951087787572016e-06 2.401219429867232510e-07 inf 0.000000000000000000e+00 -9.000000000000000000e+01
1.432048796353996067e+00 8.199396917325809417e-09 4.284444363888726821e-08 3.238242833171712151e-09 4.248782907470513570e-01 -6.416702721731023880e-07 4.437223000120418281e-07 1.480108799733580519e-02 inf 0.000000000000000000e+00 -9.000000000000000000e+01
4.611249216114715388e+00 3.435648393716451070e-08 2.701903837567216221e-02 1.872159964544706830e-08 -2.530783261187958821e+00 2.910571271043965917e-09 2.266521214704705053e+05 2.984719542041166689e-07 inf 0.000000000000000000e+00 -2.000000000000000000e+01
1.006064467586401001e+00 1.466388878109553895e-09 2.628791745737977508e-07 1.981822570960050965e-08 0.000000000000000000e+00 3.927844476122113652e-07 9.034042295080861189e-06 3.452207059091701659e-08 inf 0.000000000000000000e+00 -9.000000000000000000e+01
8.490043350338108392e-06 1.910720839357346258e-12 7.479496302282438164e-12 2.290486078767363765e+00 -8.423417449606756364e-07 8.783688084699841944e-10 1.532136827606845816e-02 8.878497961978167899e-14 inf 0.000000000000000000e+00 -2.000000000000000000e+01
0.000000000000000000e+00 0.000000000000000000e+00 0.000000000000000000e+00 1.274634826124094511e+00 2.200218993393201344e-03 -4.141588693446026162e-03 -8.711953628095875368e-01 8.050974344336713894e-04 inf 0.000000000000000000e+00 -1.000000000000000000e+01
3.272578076342407827e-01 0.000000000000000000e+00 6.625708347150828240e-10 3.924722258222235194e-01 -5.881154803861717850e-01 -2.021646963827465615e-01 -1.010823481913732808e-01 3.529359847957589703e-03 inf 0.000000000000000000e+00 -9.000000000000000000e+01
-1.323894849679550134e+03 3.625877525487102406e-04 9.621061246691948315e-03 4.336829202495559699e+00 -1.779227091535509945e-05 6.020376757440090542e-10 4.679128264643310804e-09 0.000000000000000000e+00 inf 0.000000000000000000e+00 -2.000000000000000000e+01
5.998605546703943414e-01 1.019664038416510574e-04 2.042794356850301165e-03 3.199087599281262047e-05 2.717563533547459349e-03 -7.051615198886687086e-01 -5.235469338099595082e-02 2.346960428366614452e-07 inf 0.000000000000000000e+00 -9.000000000000000000e+01
9.911707139114327159e-02 1.435242888684381631e-06 1.611495242345798717e-01 1.222106747594878728e-03 1.038369319335786661e-01 -1.024884003500256879e+00 0.000000000000000000e+00 8.971554114213481940e-06 inf 0.000000000000000000e+00 -1.000000000000000000e+01
6.213006172471376987e-01 5.963091598112735098e-08 5.388651967389895516e-07 -1.687044633253840910e-05 0.000000000000000000e+00 1.631058638787452088e-05 7.978377451423473727e-04 1.045692968004532791e-01 inf 0.000000000000000000e+00 -1.000000000000000000e+01
-2.308299519698460145e+00 8.846177800042002159e-01 0.000000000000000000e+00 1.990390005009450514e+00 -1.696669257742430936e+00 -8.007963021882647753e-07 2.342864695831150088e-09 9.502730058638868965e-03 inf 0.000000000000000000e+00 -2.000000000000000000e+01
1.009483865235411670e+00 2.296393551618304989e-06 1.338550136672528312e-02 0.000000000000000000e+00 -3.357680663781595484e-04 1.233636747581978894e-02 1.319667267869593946e-09 3.036097243726124404e-09 inf 0.000000000000000000e+00 -9.000000000000000000e+01
5.282009475239425322e-01 2.528535479491912424e-05 1.177843187224260030e-07 3.096707515875663508e-01 -4.795236053011478483e-01 -1.289553094540875323e-04 -1.699175842218565268e-04 6.283410666537403140e-05 inf 0.000000000000000000e+00 -9.000000000000000000e+01
8.294473109530898780e-01 0.000000000000000000e+00 1.272868362232699481e-03 5.916974586708486927e-07 3.061055552326879536e-01 -7.932412775384709569e-01 -2.026303574624984186e-02 2.540610772475958591e-08 inf 0.000000000000000000e+00 -9.000000000000000000e+01
9.741540560921155834e-01 1.942389912951107548e-04 6.012972475609015266e-01 1.797952709234342950e-06 1.511270965228423187e-09 1.233275361139155969e-07 2.441509598194267841e-08 4.407237838791704394e-07 inf 0.000000000000000000e+00 -9.000000000000000000e+01
-1.571761832061068714e+07 9.629591048218821454e-06 1.870750834923664030e+01 4.989973461354961781e-01 -6.794191316793893520e+01 2.990070372137404675e+01 -3.559025189348759555e-01 3.275180676283727443e-06 inf 0.000000000000000000e+00 -2.000000000000000000e+01
6.704157472414307151e-01 1.279417609661933575e-09 9.809240933321986544e-01 0.000000000000000000e+00 -3.046275062026851943e-01 3.204598298388828745e-04 -2.149141163934040406e-06 8.788327128750825779e+00 inf 0.000000000000000000e+00 -3.000000000000000000e+01
4.144727405406219731e-06 6.597837617149562061e-10 4.625031859503844767e-01 1.772928879476473929e+00 -6.019882737766909520e-01 -6.738682648147781320e-07 2.229191226150912554e-05 0.000000000000000000e+00 inf 0.000000000000000000e+00 -9.000000000000000000e+01
2.224043015703291992e-01 1.033818112024486038e-06 7.924073791048815707e-01 7.169303863821978823e-06 -7.305465799926045278e-01 6.832189262074863954e-06 -8.910900824506567952e-02 -3.431801474562033438e-01 inf 0.000000000000000000e+00 -9.000000000000000000e+01
2.362378686015438045e-01 2.920759102709996058e-01 -2.748949743727055126e-02 9.273919790682275777e-07 -6.477212833656873503e-01 8.074536524466829798e-06 1.098451559659610861e-05 2.980025021078337049e-08 inf 0.000000000000000000e+00 -9.000000000000000000e+01
-9.468348301364620800e-01 7.240382857741387913e-05 1.708655957832466044e+00 1.792105466509001886e-06 -2.054763086233641570e-03 -1.466897138609684873e-05 -1.286994659346232937e-05 3.505273855089982095e-10 inf 0.000000000000000000e+00 -1.000000000000000000e+01
8.414426061916244759e-01 6.388158021270972514e-03 1.305476193006578094e-09 2.264965509372278696e+00 -4.758128822781940972e-06 5.769450222600660746e-03 3.427641204633528893e-02 1.043643397234072201e-09 inf 0.000000000000000000e+00 -2.000000000000000000e+01
7.708732343308857260e-01 2.851133204507034190e-03 4.025129229892282848e-03 -3.001136032197573768e-08 -2.371167037245635878e-01 4.025129229892282848e-03 -3.216101124736377089e-05 3.513888265915671025e-05 inf 0.000000000000000000e+00 -8.000000000000000000e+01
1.091536297141335821e+00 3.814590435740856673e-03 0.000000000000000000e+00 5.353560678902774234e-06 -4.550526577067357802e-06 2.441337878874148271e-01 4.211514205951075501e-10 0.000000000000000000e+00 inf 0.000000000000000000e+00 -1.000000000000000000e+01
4.216869118492089610e-05 1.747623407939882263e-08 7.383373405691631697e-02 4.079906283263288439e-08 -1.081117780992247424e+00 2.201684632888551429e-01 5.143573439277607530e-10 1.494125230873123147e-04 inf 0.000000000000000000e+00 -9.000000000000000000e+01
9.991159015249910791e-01 1.188567329513433192e-09 5.955194839984125000e-06 9.610636357442541022e-02 -1.959020894561177856e-03 -1.353782532583911249e-02 2.322525987593808945e-05 3.917401605677057646e-07 inf 0.000000000000000000e+00 -9.000000000000000000e+01
5.417559319096512519e-10 2.644245216670227460e-07 1.096292081618575054e+00 4.063169489322384648e-10 -9.332865534478831382e-01 -4.038760705577004937e-07 -9.201516135819307646e-08 2.505555698101357030e-06 inf 0.000000000000000000e+00 -9.000000000000000000e+01
5.256544533265067320e-01 2.090732931471192047e-04 3.889103209110640353e-03 0.000000000000000000e+00 -4.815598192726275317e-01 1.201730443750792834e-09 9.579261378963154136e-09 1.413719152245536882e-07 inf 0.000000000000000000e+00 -9.000000000000000000e+01
5.201382578068046714e-01 8.205100349728152711e-10 6.404308190585412675e-01 2.447897015106589958e-07 -4.523678007635728027e-01 -6.689302734350680768e-07 7.031846739104870713e-06 0.000000000000000000e+00 inf 0.000000000000000000e+00 -9.000000000000000000e+01
7.698411331247134726e-01 1.409887650899905676e-07 0.000000000000000000e+00 1.838682221892101275e-09 -2.413514036308325728e-01 8.439538631785543921e-03 3.182423568960416841e-07 1.581960553175090796e-08 inf 0.000000000000000000e+00 -9.000000000000000000e+01
9.556558023271513047e-01 4.828748030213765815e-09 0.000000000000000000e+00 1.142377538064421599e-07 -1.167345442241815578e-02 -1.016374264905948316e-01 -1.115010829879826038e-04 1.365566009137503711e-05 inf 0.000000000000000000e+00 -9.000000000000000000e+01
1.007065312962768244e+00 9.635484359358380285e-10 3.303818394271776718e-03 1.641329655130248863e-09 -1.598126106996580493e-03 2.904286867522631703e-03 -4.891015824997504648e-10 0.000000000000000000e+00 inf 0.000000000000000000e+00 -9.000000000000000000e+01
2.458550098468251233e-01 1.194498890140085082e-09 1.996888195623295172e-04 1.989118202644216192e-04 -7.606388006911483091e-01 -2.069974692082756574e-06 -8.876439979299814709e-03 3.232317079296851553e-02 inf 0.000000000000000000e+00 -9.000000000000000000e+01
1.811657493234621161e-05 0.000000000000000000e+00 2.076339368132728690e-03 1.599805590559994161e-08 -1.225180020343887177e+00 7.473177100035738318e-01 -1.126239365780033891e-01 0.000000000000000000e+00 inf 0.000000000000000000e+00 -1.000000000000000000e+01
4.043391300874139838e-02 5.320002822655557085e-06 8.081601510110438119e-10 2.254614358906586347e+00 -1.839834309501713488e-06 -1.799195399050872378e-06 4.100835509130325271e-07 0.000000000000000000e+00 inf 0.000000000000000000e+00 -2.000000000000000000e+01
6.141861380945835558e-01 0.000000000000000000e+00 1.286101348053853865e-09 2.237671789745871109e+00 -1.677275838904794258e-01 0.000000000000000000e+00 4.991384835223171793e-10 0.000000000000000000e+00 inf 0.000000000000000000e+00 -2.000000000000000000e+01
6.370363843096370493e-01 4.877323496006393247e-10 2.438715974289653587e+00 5.617558522788937311e-05 9.723598307744644842e+00 0.000000000000000000e+00 0.000000000000000000e+00 3.458793994923124807e-05 inf 0.000000000000000000e+00 -2.000000000000000000e+01
6.154944493986688192e-01 0.000000000000000000e+00 8.343377979688704421e-04 1.851341267682404834e-04 -3.917931813420684195e-01 -4.700671187474856261e-08 4.869413230102159210e-06 1.603049404959374192e-07 inf 0.000000000000000000e+00 -9.000000000000000000e+01
2.588495323483341881e-01 2.674778500932786240e-01 1.263913732169600528e-03 1.014175569595724373e-06 2.637029610798654611e-01 -9.599003491250726050e-01 0.000000000000000000e+00 2.581483754854101408e-10 inf 0.000000000000000000e+00 -1.000000000000000000e+01
4.589535218661710547e-01 8.920583605027027456e-06 1.052679109677170155e+00 1.341734975639286979e-07 -4.789872073444563227e-01 -9.615333106976172966e-06 -9.337433306196513407e-06 2.845693959983699518e-05 inf 0.000000000000000000e+00 -9.000000000000000000e+01
1.100229278687424594e-01 8.011672070148827393e-09 9.477878726042271787e-03 8.368799858680116625e-08 -8.971508142357216276e-01 2.108634163788283129e-07 0.000000000000000000e+00 9.501021365240597595e-10 inf 0.000000000000000000e+00 -9.000000000000000000e+01
8.102331793665443760e-01 1.745504053418632905e-09 8.423263570047861515e-05 2.356340054175969437e-03 -2.376164612565346557e-01 1.087916116525820265e-01 7.366110027234394696e-07 4.011342450552321710e-10 inf 0.000000000000000000e+00 -9.000000000000000000e+01
7.293397386426235585e+00 2.259246438343268460e-08 2.656986649776541531e-01 2.073190849303234626e-07 -3.010012847998599361e-01 4.756563512886675653e+02 1.432332709276451220e-07 1.103206869443931065e-02 inf 0.000000000000000000e+00 -2.000000000000000000e+01
6.359706685378863078e-01 4.578363306560569838e-10 4.751504994823288475e-01 8.101490460679670209e-10 -1.178738739100392702e-01 -4.002229207178077397e-01 -1.059647720356192684e-06 4.391143989191922179e-10 inf 0.000000000000000000e+00 -9.000000000000000000e+01
6.451657892903573943e-01 2.009862271932577431e-03 9.763465831429067240e-09 2.453445156167697059e-07 -3.617752089478639133e-01 -6.976984662851888902e-06 -6.164280954871339139e-06 2.261769753342095816e-06 inf 0.000000000000000000e+00 -9.000000000000000000e+01
6.054217004433418804e-05 3.372794882469850805e-03 6.571805504812442127e-05 5.721705604189925194e-03 -9.559464352600263171e-01 6.725074010051631887e-10 -8.300287596478185259e-01 1.129284000826959023e-05 inf 0.000000000000000000e+00 -9.000000000000000000e+01
1.570065856450096603e-09 4.584469639439246858e-10 6.634723503236856779e-01 6.894021009877006508e-03 -8.182276876200291760e-01 -2.683523402053616946e-01 4.354479523748315048e-10 3.971162664263428180e-10 inf 0.000000000000000000e+00 -9.000000000000000000e+01
8.930229792908553899e-01 2.667344347334830723e-01 6.698130336499295281e-04 2.795658388310959578e-04 -9.808658099602957006e-04 5.416010419574396554e-09 2.093165730156029775e-05 5.742135778172424511e-08 inf 0.000000000000000000e+00 -9.000000000000000000e+01
1.090892165767049091e-05 0.000000000000000000e+00 0.000000000000000000e+00 1.130283184328949905e-09 -1.007872824096585074e+00 -1.330356299715913580e-05 3.419431426613559061e-08 2.128570079545461508e-06 inf 0.000000000000000000e+00 -9.000000000000000000e+01
6.170603683669605133e-07 3.499869474803169456e-01 5.422591885855750776e-03 5.157876727586133581e-05 -8.509486566188098067e-01 -1.801068323669867847e-05 -1.421108727148151649e-05 8.858556045874169065e-08 inf 0.000000000000000000e+00 -9.000000000000000000e+01
5.746198426873726506e-01 9.226533738293597370e-07 6.669694602621288604e-02 1.975782982341659043e-07 -4.299876373851087563e-01 -1.523776026475760659e-07 0.000000000000000000e+00 3.669644100457680501e-09 inf 0.000000000000000000e+00 -9.000000000000000000e+01
3.076070496453895964e-01 8.048670358390718083e-09 8.716619256370944542e-04 6.867784359862350137e-09 -6.986329602115628479e-01 2.784404880740572651e-06 -2.906625935208554182e-02 0.000000000000000000e+00 inf 0.000000000000000000e+00 -9.000000000000000000e+01
2.219061876644989606e-01 3.928988344362773777e-01 7.283240446003037954e-08 8.443062132121257807e-06 -4.073083271417643481e-01 -2.304069147383351006e-07 -8.203804513657234621e-01 0.000000000000000000e+00 inf 0.000000000000000000e+00 -9.000000000000000000e+01
7.993262692441861772e-03 2.411955140858109179e-09 -7.593599557819769030e-01 2.280792424753766195e-05 -1.031130887325000245e+00 -4.287920250414416730e-07 0.000000000000000000e+00 4.857409658672581101e-10 inf 0.000000000000000000e+00 -1.000000000000000000e+01
1.891550388349157051e-08 5.159064012780147814e-07 6.259953106878383966e-02 1.573259124689391638e-06 -1.004270551905622977e+00 -9.858409450164044131e-07 -2.242609370466332641e-04 3.103100383924692845e-07 inf 0.000000000000000000e+00 -9.000000000000000000e+01
4.636358388954735510e-01 1.675246683509035162e-01 1.516777402636559080e-01 1.176139193975410098e-04 -1.054952641236770877e-01 -5.360789387228912517e-01 -7.556404155372443369e-08 0.000000000000000000e+00 inf 0.000000000000000000e+00 -9.000000000000000000e+01
5.783523495503256124e-09 1.138112930550434054e+00 5.289306888776055399e-02 3.339658680110151140e-06 0.000000000000000000e+00 -4.981657531164308389e-07 -8.193295961870237284e-05 1.727716757176984933e-05 inf 0.000000000000000000e+00 -9.000000000000000000e+01
9.715459796690306682e-01 1.374169238997437604e-09 5.714976350994298571e-01 3.592194517717245485e-07 -1.276343872777879178e-05 -5.641915573779882065e-03 9.691493071248182605e-06 2.328732997692559166e-07 inf 0.000000000000000000e+00 -9.000000000000000000e+01
1.106693853101050404e-05 1.111033828995564252e-05 4.229979862397412274e-11 2.269708788578458147e+00 2.426497882526312475e-02 -4.426775412404201617e-05 -1.113255896653555371e-02 1.238802719330054074e-03 inf 0.000000000000000000e+00 -2.000000000000000000e+01
1.005959256656577150e+00 0.000000000000000000e+00 -4.896868435698900227e-10 9.821495701084924645e-01 1.637303477631147524e-04 1.721923729479872676e-07 8.477162975900912680e-06 3.065402683249883406e-07 inf 0.000000000000000000e+00 -9.000000000000000000e+01
8.300810342371499617e-01 8.544493328868239365e-10 3.077188273373416272e-01 3.023616467495339336e-04 -1.246546175556360750e-03 -3.162665725411566986e-01 -5.342340752384403674e-02 1.043425928200078783e-06 inf 0.000000000000000000e+00 -9.000000000000000000e+01
