6.360218344733737927e-01 5.032182302193667558e-06 1.354490943785888711e-02 3.753314035534230375e-01 -3.706201307054721172e-01 3.486770661397211855e-09 2.275761388059589582e-09 4.156103326154617712e-04 2.127205506636340942e+04 0.000000000000000000e+00 0.000000000000000000e+00
6.092421585843055265e-01 3.761701836017007465e-03 1.814277432071340522e-06 4.409635784914631151e-02 -3.969900517226765402e-01 5.259624012138635972e-08 1.984073089211539782e-09 1.399833116816407514e-08 4.090671706468096090e+04 1.000000000000000000e+00 0.000000000000000000e+00
3.331433090528100882e-01 3.331433090528100882e-01 5.861759103568505713e-01 3.272135730065122215e-06 -4.503784911241802136e-01 0.000000000000000000e+00 7.806639669558931186e-10 0.000000000000000000e+00 4.797786731459504517e+04 1.000000000000000000e+00 0.000000000000000000e+00
3.242768580259497435e-01 7.063016496729589422e-01 0.000000000000000000e+00 0.000000000000000000e+00 -2.842975193652161892e-01 3.113726924858002218e-07 1.939102037906671782e-03 1.735214351594337092e-05 8.646257519165852864e+04 1.000000000000000000e+00 0.000000000000000000e+00
1.412891847633968023e-01 5.477494472962898264e-01 8.587597266933357787e-01 1.749512151714048086e-05 -1.752334036901266046e-01 -6.333411342015020786e-10 -7.260121277355867714e-07 1.759521103208268684e-09 1.104682891857786453e+05 0.000000000000000000e+00 0.000000000000000000e+00
2.144722539688894425e-01 7.548093279215178919e-01 2.592700615889734057e-05 1.430716240441078964e-09 -3.516347419722489764e-01 1.615284829034776714e-08 1.622717121192912057e-09 1.652833958184422251e-03 1.122012050585110846e+05 0.000000000000000000e+00 0.000000000000000000e+00
1.926677468786770590e-04 3.288196213396088474e-01 1.137210013494524219e+00 -5.880812458573773938e-02 -3.399489008311032956e-01 5.415403292050155431e-08 2.042837266349654839e-09 2.062436443074780911e-08 inf 0.000000000000000000e+00 -9.000000000000000000e+01
6.053510497854164285e-01 3.737676592677092839e-03 1.181410919742506421e-01 5.476840394983984936e-03 -3.954309276824091723e-01 0.000000000000000000e+00 0.000000000000000000e+00 1.298942434327303852e-07 inf 0.000000000000000000e+00 -9.000000000000000000e+01
3.815127173474985312e-01 4.467602990604649655e-06 4.612010359997930899e-05 2.545021234882205952e-09 -6.255034086743871402e-01 2.873339991589953637e-08 2.897578289065022316e-09 5.039817191825528373e-04 inf 0.000000000000000000e+00 -9.000000000000000000e+01
7.619486232031644768e-01 4.866351558348335771e-01 7.831552010950494636e-02 1.734878862283282592e-05 7.266508323699612769e-04 0.000000000000000000e+00 1.321596201372867060e-05 4.024875673680052313e-09 inf 0.000000000000000000e+00 -9.000000000000000000e+01
1.005644063318954284e+00 4.860694493789935629e-03 4.757519374817979806e-04 0.000000000000000000e+00 -2.316663550990682877e-04 -1.626804956121135347e-08 -3.076147065645360454e-04 8.536352888033484600e-08 inf 0.000000000000000000e+00 -9.000000000000000000e+01
2.475234564057976309e-03 8.649586084299997603e-08 1.731082929270282652e-08 1.379905071398061680e-04 -1.005250817521619489e+00 -2.781296553942459810e-05 2.899709620579008718e-09 9.434984820728181971e-10 inf 0.000000000000000000e+00 -9.000000000000000000e+01
7.965509464863410605e-01 2.328107034127756617e-02 4.034311427997164246e-01 5.052556165414978651e-01 -1.714260127551510693e-01 -3.725776827972620566e-04 -9.405069073855210418e-03 0.000000000000000000e+00 inf 0.000000000000000000e+00 -9.000000000000000000e+01
6.317468881320802421e-01 2.178437545283035404e-01 6.116382338679291486e-01 0.000000000000000000e+00 -2.287359422547187160e-01 -2.162418588096257085e-08 -1.557515697834919565e-09 6.893530768858763800e-05 inf 0.000000000000000000e+00 -9.000000000000000000e+01
4.160415545504519974e-01 5.250048188374750735e-01 0.000000000000000000e+00 0.000000000000000000e+00 -3.310171892355778800e-01 2.314480846606225777e-07 5.175368110223488608e-04 3.951567665668846222e-10 inf 0.000000000000000000e+00 -9.000000000000000000e+01
3.579212356058778521e-01 3.378494539858564738e-02 8.163545990188858514e-01 1.287045538993738802e-01 -5.834606443438282719e-01 -1.000933640583028348e-08 -5.350719456196068426e-04 1.114177957583297939e-08 inf 0.000000000000000000e+00 -9.000000000000000000e+01
1.009378428364447133e+00 2.187764316870997350e-11 2.650246537718799666e-07 1.709554983472226290e-09 2.401915390874160151e-04 2.837051067671299594e-15 -2.393835601675418496e-12 2.519511196059299742e-08 inf 0.000000000000000000e+00 -9.000000000000000000e+01
2.566305904557508685e-09 2.121702467504736900e-01 8.220487384558101684e-01 6.125417165599449099e-02 -8.291506714014327262e-01 3.369533195922106344e-07 1.772603047477866962e-09 1.630921796136770366e-05 inf 0.000000000000000000e+00 -9.000000000000000000e+01
1.319612152358092840e-04 1.839002355355486007e-02 7.312136601811077864e-03 1.130163833175920285e+00 -9.827511592834088372e-01 -5.703466549412641168e-03 -5.356140060826614264e-03 0.000000000000000000e+00 inf 0.000000000000000000e+00 -9.000000000000000000e+01
1.806071770302691003e-09 3.994864881654623945e-01 1.530392975283688195e-07 1.935230464455409390e-05 -8.241832886908811995e-01 0.000000000000000000e+00 5.264773765075021717e-04 0.000000000000000000e+00 inf 0.000000000000000000e+00 -9.000000000000000000e+01
4.789416652804827645e-01 3.380780126956532922e-07 6.771063936006825601e-02 8.653367424008723274e-02 -2.467909017602487598e-01 -5.375022182405417848e-01 1.520852416993720517e-07 3.306183562503332813e-05 inf 0.000000000000000000e+00 -9.000000000000000000e+01
5.090132603718044123e-04 3.841609512240033546e-03 -3.405202671649565360e-02 0.000000000000000000e+00 -1.007054883976651327e+00 -8.605205307417675186e-04 3.073287609792026755e-05 2.291975890023579644e-08 inf 0.000000000000000000e+00 -9.000000000000000000e+01
6.790545503334571853e-01 6.752443938789676192e-02 1.151513950690151722e-01 7.175794655955174128e-02 -2.963455020158478614e-01 0.000000000000000000e+00 1.665422161395716664e-09 4.352807921829714338e-10 inf 0.000000000000000000e+00 -9.000000000000000000e+01
7.879559091611118005e-01 5.924592726078813792e-02 2.723521845111797485e-02 1.312018982854575675e-09 -1.951981684058208821e-01 3.259144103850281776e-08 0.000000000000000000e+00 2.277131251598449895e-08 inf 0.000000000000000000e+00 -9.000000000000000000e+01
1.130140274624303866e-04 9.258109129722297270e-01 5.247267063751399618e-01 0.000000000000000000e+00 -1.267223275922063175e-08 0.000000000000000000e+00 0.000000000000000000e+00 0.000000000000000000e+00 inf 0.000000000000000000e+00 -9.000000000000000000e+01
5.056928036095462847e-02 1.255194913293961267e+00 0.000000000000000000e+00 5.568389198681543695e-01 1.992006633229999879e-01 0.000000000000000000e+00 -1.314404714705183534e-06 2.581866403885181828e-07 inf 0.000000000000000000e+00 -1.000000000000000000e+01
1.966245229007633952e+02 1.664650235467285042e-05 6.230617843511451781e+01 5.971839409748108245e-06 1.326353587786259800e+08 -4.383349236641222433e+02 4.084929255128817438e-01 1.271348624340905771e-07 inf 0.000000000000000000e+00 -2.000000000000000000e+01
8.346962766116889851e-03 3.154188814503786076e-03 4.638985075784194008e-03 7.252868569696644396e-01 -9.964989394625701769e-01 3.023377099968993820e-09 -1.401009985767910404e-07 5.141608675041953812e-06 inf 0.000000000000000000e+00 -9.000000000000000000e+01
4.365337883840743497e-11 1.915378219348859220e-12 1.540548527029175219e+00 4.757651686324738507e-13 -3.008883841853857849e-04 -7.189504559932746168e-09 1.897020150550675658e-08 4.232276173157074818e-04 inf 0.000000000000000000e+00 -9.000000000000000000e+01
3.586078546212441084e-03 1.382454374144579612e+00 4.224645360523743255e-10 3.005030479658258065e-10 -1.940701330891438569e-03 -2.452244888218801586e-03 1.341615267877124991e-02 2.370693243161993813e+00 inf 0.000000000000000000e+00 -3.000000000000000000e+01
9.920275360623758143e-01 3.033221449112288859e-02 2.765763044781746529e-03 1.828442909605163313e+00 -5.853027047894063348e-05 5.425996486780595309e-08 8.282092634099185498e-04 1.101746267838882385e-03 inf 0.000000000000000000e+00 -9.000000000000000000e+01
7.352651038856361509e-01 1.436064656026633107e-03 8.307022943771081691e-05 0.000000000000000000e+00 -2.718134293619771658e-01 8.851003429090007976e-10 0.000000000000000000e+00 -5.915364200143748141e-02 inf 0.000000000000000000e+00 -9.000000000000000000e+01
2.610902666137666639e-01 6.434359379470354634e-01 7.510012163272390406e-01 4.977570216043092489e-08 -1.577901415558765730e-06 0.000000000000000000e+00 5.781908260321718299e-08 1.180278651930592779e-09 inf 0.000000000000000000e+00 -9.000000000000000000e+01
1.600715849702267324e+00 3.578316396301420783e-06 7.893438249678610963e-02 2.024182159111310195e-08 5.965970770105927246e-01 4.185133383027438611e-09 2.868255177935541940e-05 0.000000000000000000e+00 inf 0.000000000000000000e+00 -9.000000000000000000e+01
3.049543818225644186e-04 1.034185127262012625e-06 1.029196524633323451e-01 2.249170941637701926e+00 1.327010855566244274e+01 -8.113080896621710503e-01 0.000000000000000000e+00 2.341280218662611648e-07 inf 0.000000000000000000e+00 -2.000000000000000000e+01
3.514142565769225461e-08 6.123524545575479319e-08 -7.284240590060150066e-06 2.022467721433751407e-06 -1.007557769677711379e+00 -1.154736757133959326e-05 -2.924081314054243650e-08 3.999304039401544007e-08 inf 0.000000000000000000e+00 -9.000000000000000000e+01
4.254935625972245243e-06 0.000000000000000000e+00 5.915853479970182953e-06 2.066925304388078088e-01 3.939664165216704607e+08 -2.446065448979974164e-03 -5.673247501296326765e-05 2.068323686738770083e+07 inf 0.000000000000000000e+00 -3.000000000000000000e+01
0.000000000000000000e+00 1.226774416249362787e+00 1.174436749931459946e-09 4.299459754096909564e-08 -1.211407610319563182e-03 2.910560641134487604e-09 -2.016967461838811512e-09 2.521209327298514390e-10 inf 0.000000000000000000e+00 -9.000000000000000000e+01
1.013605101683433932e-06 1.268911649851817675e-06 4.455145906615155527e-01 2.322469558941757106e-01 -9.809312287659378571e-01 2.918877849208685758e-06 -5.419095637530766535e-02 1.753089925136681326e-01 inf 0.000000000000000000e+00 -9.000000000000000000e+01
2.545848415859118530e-02 5.623910832447406123e-04 0.000000000000000000e+00 7.280740705754315062e-09 -3.381087354264130096e-01 -9.491123552326015123e-01 -3.205319932882392791e-07 6.189377109203873538e-09 inf 0.000000000000000000e+00 -9.000000000000000000e+01
2.756258777129575593e-02 8.953664876008802231e-01 6.035841308818317395e-05 1.824142172500300862e+00 -1.799920504458859261e-01 5.067968793200557596e-08 -2.212462101374282057e-05 3.186149339536696305e-09 inf 0.000000000000000000e+00 -9.000000000000000000e+01
4.958659113880248270e-01 1.114345653556124117e-07 9.819126958178709189e-04 5.852655743467038386e-10 -5.125584272169285693e-01 1.879442269338893468e-03 7.306811271613453162e-04 0.000000000000000000e+00 inf 0.000000000000000000e+00 -9.000000000000000000e+01
7.626662905470951159e-01 1.168749423614839347e-03 2.733288582595978341e-05 0.000000000000000000e+00 -2.444443238932997309e-01 3.059703589534338838e-09 -3.972220263266120974e-03 -5.657549293233597395e-05 inf 0.000000000000000000e+00 -9.000000000000000000e+01
7.961502084713574234e-01 4.497858408153134202e-01 0.000000000000000000e+00 0.000000000000000000e+00 -1.648802581267316332e-06 3.399615052257826033e-03 3.751677205231275118e-05 -5.378404441419555593e-02 inf 0.000000000000000000e+00 -9.000000000000000000e+01
6.732277209770801130e-02 3.280455076761044975e+00 4.240110591753828650e+00 4.455543462466494131e-01 -2.719447914103084797e-05 1.904232232950144739e-08 4.504122962786999591e-03 2.544458051180865539e+02 inf 0.000000000000000000e+00 -2.000000000000000000e+01
5.111235725747088621e-01 2.908057011082327680e-03 5.845954159405239220e-05 3.583420699029208484e-02 -4.889008085497215106e-01 -6.747079149024442385e-10 -1.388922751561708635e-01 -2.827846722179638839e-01 inf 0.000000000000000000e+00 -9.000000000000000000e+01
1.005031686989090067e+00 6.916828983737508472e-10 2.072646918825156795e-02 8.671845293044039855e-10 -2.309355898412431061e-04 -7.736342259681644462e-03 -2.830393949812985115e-10 4.140203915949845506e-12 inf 0.000000000000000000e+00 -9.000000000000000000e+01
2.293430939885496755e+01 2.787635974472261049e-07 2.800792683171862587e-04 2.478313355045464735e-05 2.481042877557252502e+11 2.400679442718739399e-04 2.754510927746314788e-05 0.000000000000000000e+00 inf 0.000000000000000000e+00 -2.000000000000000000e+01
5.396830227938280711e-01 4.673020056191263816e-01 6.433522972987032246e-10 5.638100285187286342e-01 -2.380954512325711980e-01 3.749305811645713385e-06 -4.153785185382686611e-07 -3.981215392695505057e-08 inf 0.000000000000000000e+00 -9.000000000000000000e+01
2.318853975590226199e-02 0.000000000000000000e+00 2.938745632431177812e-02 6.226493337918938754e-10 -8.320323571820772424e-01 -3.296905256383727556e-01 -4.465515824280188312e-02 -3.489760438512023999e-02 inf 0.000000000000000000e+00 -9.000000000000000000e+01
9.711904904953765350e-01 1.866877374027177890e-05 1.207883287837730303e-03 5.312339242926333858e-07 6.976943178846095909e-05 -6.050405124695333869e-01 -1.724700353810754982e-01 1.463171034140344773e+02 inf 0.000000000000000000e+00 -3.000000000000000000e+01
4.769827573354008532e-01 9.486820133587788462e+01 0.000000000000000000e+00 0.000000000000000000e+00 1.095962029923664398e+11 0.000000000000000000e+00 6.251769382080050660e-06 1.802049196886880145e-07 inf 0.000000000000000000e+00 -2.000000000000000000e+01
2.839841221372895315e+07 2.612977099235582864e+04 4.109389909349480119e-01 7.664599236638116508e+02 1.976765869922863464e+11 -5.577029162688580399e+00 0.000000000000000000e+00 5.729233433724768582e-06 inf 0.000000000000000000e+00 -2.000000000000000000e+01
7.954954747377163279e-05 2.633439689722384951e-05 1.861913979728963275e-01 1.044907345766402830e-06 -2.237877379481927097e-04 -1.017534870983188627e-03 -1.353468239110669602e+00 2.884763809488421538e-04 inf 0.000000000000000000e+00 -9.000000000000000000e+01
2.926366320879937977e+00 9.520568333644722180e-05 1.293467095659206756e-01 2.416668883609558449e+00 -2.109092843877432844e-01 -1.560836836670768653e-04 0.000000000000000000e+00 1.658658103396217339e+06 inf 0.000000000000000000e+00 -2.000000000000000000e+01
1.257633228936061269e-03 1.477520051400356894e-05 1.473653227206577432e+00 1.495660216772162487e-01 -2.736148243333994229e-07 0.000000000000000000e+00 1.158932899576522318e-03 0.000000000000000000e+00 inf 0.000000000000000000e+00 -9.000000000000000000e+01
7.634330264213483926e-04 2.092882597342356882e-07 1.278633863370372215e+00 5.576942955722054111e-03 -8.546309242216477697e-01 0.000000000000000000e+00 1.218904933710017284e-02 1.043973276740350242e-08 inf 0.000000000000000000e+00 -9.000000000000000000e+01
3.466973945284144154e-01 2.867124032494890867e-02 -1.213440880849450565e+00 2.883507598394861482e+00 -2.574125344194316559e-05 3.282171099896888437e-06 -4.274080302077029379e-06 2.409210358953797467e-07 inf 0.000000000000000000e+00 -2.000000000000000000e+01
3.327955142227913971e-06 7.390722779859751346e-02 1.151845210186787760e+00 2.879461187513605252e-06 -5.912578223887801077e-01 -1.307753252689881074e-01 1.630698019691677846e-03 2.215302171015819503e-09 inf 0.000000000000000000e+00 -9.000000000000000000e+01
6.954275986774443966e-10 5.983581524258235019e-06 1.390101073497498785e+00 8.196073495054319021e-07 -3.228697594694359546e-02 -1.567385923242534673e-01 -4.636183991182962782e-09 1.701916900612372065e-07 inf 0.000000000000000000e+00 -9.000000000000000000e+01
8.866686075916525578e-01 5.488265025906162442e-02 1.124740672721844814e-06 1.069726183295232971e-07 -9.828133963666510486e-02 1.980266922647722669e-08 2.159828103415136815e-06 6.590277379229559869e-09 inf 0.000000000000000000e+00 -9.000000000000000000e+01
6.224685774131268889e-01 1.305385301867590562e-07 9.067278996441064341e-09 1.189042017262625928e+00 -3.442632336305252450e-01 -9.845166275411700030e-02 1.246773198940115748e-04 1.260711442928966485e-08 inf 0.000000000000000000e+00 -9.000000000000000000e+01
2.747794999228703704e-03 5.568864531770172377e-01 8.605361192251171909e-01 2.817039131327491992e-10 -2.233407775373090209e-01 1.646548453504596119e-09 -4.015444425539545226e-02 0.000000000000000000e+00 inf 0.000000000000000000e+00 -9.000000000000000000e+01
4.588449151786565039e-05 1.118937600172513267e-05 5.499802092367936934e-01 7.341518642858504062e-04 -9.627950905104541990e-01 -1.261729181849204458e-08 1.100455004992685268e-02 6.560677295975527041e-06 inf 0.000000000000000000e+00 -9.000000000000000000e+01
1.717541788869302311e-01 4.879923745533950585e-01 3.157597717698438777e-01 2.362217989566066725e-02 -5.454032421479121373e-01 1.497105036532951297e-09 7.755699886629096110e-04 0.000000000000000000e+00 inf 0.000000000000000000e+00 -9.000000000000000000e+01
3.377452704886713120e-01 3.377452704886713120e-01 5.784259177870499924e-01 3.317336224967681454e-06 -4.437239917270520695e-01 1.209051927095282570e-07 3.165791483910377294e-09 6.800917089910964687e-07 inf 0.000000000000000000e+00 -9.000000000000000000e+01
3.436545801526718151e+03 5.729663645038169051e+01 6.027480916030535445e+04 3.654765718765842233e-04 3.442531038778626709e+11 2.276335877862595953e+05 1.679579833991655338e-06 5.673247439260702867e-04 inf 0.000000000000000000e+00 -2.000000000000000000e+01
3.333701032495159478e+00 1.733586663818948563e-09 -2.440736133362993030e+02 0.000000000000000000e+00 -2.446350518629526929e-09 -2.503130012148335519e-08 6.460464519138084047e-04 2.366697149921549018e+06 inf 0.000000000000000000e+00 -2.000000000000000000e+01
3.092019610204171376e-01 9.712237145531598115e-01 1.443515473636290661e-05 8.111455098077901707e-08 -2.938145593552161580e-02 2.388603985576443869e-06 0.000000000000000000e+00 4.737459530216437836e-08 inf 0.000000000000000000e+00 -9.000000000000000000e+01
1.061689490479318376e-01 4.825415513310158389e-01 8.213994903246459034e-03 1.413971642752360661e-09 -6.669273473680705777e-01 -3.157709240513137555e-06 4.713238809174535192e-10 0.000000000000000000e+00 inf 0.000000000000000000e+00 -9.000000000000000000e+01
2.191101436657819969e-04 1.359726068847937908e-05 6.431374807929902959e-02 7.256182051338645467e-01 -1.001437990711064652e+00 9.421465041775611806e-09 6.149244800756229645e-09 1.123004235147554136e-03 inf 0.000000000000000000e+00 -9.000000000000000000e+01
3.488244274809160852e+05 2.400679442718739399e-04 5.411919746690125460e-02 2.938144989596069108e-04 3.442531038778626709e+11 -6.180853789089292051e-05 0.000000000000000000e+00 1.185410122834999438e-04 inf 0.000000000000000000e+00 -2.000000000000000000e+01
6.340201574427472053e+01 7.420010466612011882e-05 2.529818702290072849e+02 2.827651628101141235e+00 4.401343511450375430e+06 0.000000000000000000e+00 0.000000000000000000e+00 1.552678246534505704e-05 inf 0.000000000000000000e+00 -2.000000000000000000e+01
1.181921120328551345e+00 5.788159057576586276e-06 5.629746283369226677e-06 2.375821170930703108e-02 -4.211342674312564308e-04 -7.623310118778762762e-05 -4.152695828181396931e-01 3.434598888046644447e+02 inf 0.000000000000000000e+00 -3.000000000000000000e+01
1.013147908998350832e+00 2.036881753608893146e-06 2.585272994965134033e-06 1.363770675647062213e-03 -2.148161652489816945e-03 0.000000000000000000e+00 2.002336239067686596e-01 1.818360900862749444e-02 inf 0.000000000000000000e+00 -1.000000000000000000e+01
7.709712139871665161e-05 9.230779039590345514e-01 3.765186187201325363e-01 0.000000000000000000e+00 -1.622326767296423389e-01 7.330448312936014251e-07 3.579509207797558680e-05 5.344773826361924026e-07 inf 0.000000000000000000e+00 -9.000000000000000000e+01
9.896751655207754444e-04 7.143545267430869642e-07 1.286888669500414036e-07 1.624806374552903519e-05 -1.997480032624424418e+00 6.873681288736989359e+00 1.147449467270464330e-03 6.418545457544160221e-04 inf 0.000000000000000000e+00 -3.000000000000000000e+01
1.815938931297710398e+06 3.545816436068702870e+01 3.534564535126432094e-01 0.000000000000000000e+00 1.326353587786259800e+08 1.640625000000000284e+02 2.030425399314356519e-03 4.837189921895967103e-05 inf 0.000000000000000000e+00 -2.000000000000000000e+01
1.320336369496995298e-06 3.153131208342224105e-03 7.734732824415764298e+03 2.865458015262835033e+03 1.125984732822721824e+06 3.442531038773411255e+11 1.282442748089660381e+04 7.707405238194474362e-06 inf 0.000000000000000000e+00 -2.000000000000000000e+01
2.391028950232586270e-01 3.849037119564210326e-08 6.038724011137286407e-02 2.418594960947983551e-05 -7.428968225726646562e-04 3.732399631092567230e-06 2.959739160901718180e-01 1.507889450961397188e-05 inf 0.000000000000000000e+00 -1.000000000000000000e+01
4.516932437842337000e-01 1.301258962706588751e-01 3.389116138774297959e-01 3.991452916566955444e-01 2.884835151666432021e-02 -3.876749086044748993e-01 -3.771067906964298277e-01 -7.391475290704491163e-02 inf 0.000000000000000000e+00 -9.000000000000000000e+01
2.582440360568030860e-08 1.246387415185305987e-15 1.173917683264297754e-10 2.277499016230303930e+00 -4.613541130882046305e-09 1.656875452576834045e-09 4.802188534002470337e-18 3.526216615128499267e-10 inf 0.000000000000000000e+00 -2.000000000000000000e+01
1.007273680400248450e+00 5.582737910120027809e-12 2.713554934145389007e-09 1.824516267925430604e-06 -1.855101091865495088e-03 -3.203379931538686772e-08 3.221756238879839493e-12 4.848184570600438099e-06 inf 0.000000000000000000e+00 -9.000000000000000000e+01
3.382365025623901844e-01 7.218461944929058238e-02 7.338907138524445983e+00 8.605077201043436811e-09 -5.253390361749513460e+00 4.681161997367629440e-08 -5.575457509555262448e+01 1.067390996199242473e+08 inf 0.000000000000000000e+00 -2.000000000000000000e+01
7.729566826490936737e-01 2.441173320518339906e+00 2.805131631216022214e-07 3.913704722273891878e-01 -5.332422684098178101e-01 -1.552678265062274000e-05 7.405080956450845906e-05 2.257099263574687764e+07 inf 0.000000000000000000e+00 -2.000000000000000000e+01
9.269180528868978808e-01 8.993961603431209374e-08 5.690351021325163105e-06 3.378687034164859861e-04 -2.888535327601030600e-01 1.856610645279728393e-08 2.335346372913795216e-06 4.801004389278369331e+02 inf 0.000000000000000000e+00 -3.000000000000000000e+01
1.614761168444488471e-01 4.346260180800001337e-08 1.507110423881522721e+00 1.268768988712646598e-07 1.066351715010511320e-02 2.082718193379904921e-05 4.421737105074862070e-11 7.812523740731200299e-10 inf 0.000000000000000000e+00 -9.000000000000000000e+01
0.000000000000000000e+00 0.000000000000000000e+00 8.703431599852415772e-16 1.319847720577539824e-08 -1.009978156452440157e+00 -4.965780730713019946e-05 1.284014750788104289e-08 4.388595560775483961e-01 inf 0.000000000000000000e+00 -1.000000000000000000e+01
8.450757122779700703e-01 7.186227772290767479e-01 1.418740246890022760e+00 1.468316640537716713e-05 4.855233691378049894e-03 -8.915317448187982030e-04 3.809034554279533536e-07 8.941764616920769981e+01 inf 0.000000000000000000e+00 -3.000000000000000000e+01
4.589546685174356044e-02 5.571270328373735612e-05 1.379420208769365885e+00 1.667666800097551172e-08 -3.392778815369397183e-01 -4.761299522703764551e-10 -5.925743821364357761e-02 2.822512208111948430e-06 inf 0.000000000000000000e+00 -9.000000000000000000e+01
4.265635121053638402e-04 3.459965198691478672e-01 7.063965147735724592e+00 9.118025935375190727e+01 -4.383666315084226106e+00 5.611092883307809842e+01 2.790245195671286704e-05 4.741072090548795648e+06 inf 0.000000000000000000e+00 -2.000000000000000000e+01
1.079295101564619497e+00 3.671155798194067805e-08 2.860851549213951461e+00 0.000000000000000000e+00 -4.835242055009495665e+00 2.239868319577732052e+02 2.025654563788577475e-06 8.337025661080905411e+04 inf 0.000000000000000000e+00 -2.000000000000000000e+01
6.150273416928606629e-01 1.283733506512607730e-08 3.075136708464303315e-01 -3.914104834333953335e-04 -3.777696031371877705e-01 2.275846695609945000e-06 8.984761568575941393e-07 2.720210705645031094e-09 inf 0.000000000000000000e+00 -9.000000000000000000e+01
1.004877767540307110e+00 2.077731829495490162e-08 2.640358572237339394e-08 -2.801714605897502705e-04 -3.593722942615653933e-07 3.659288893738325798e-08 -6.237625620319083642e-06 2.351698270235209258e-04 inf 0.000000000000000000e+00 -9.000000000000000000e+01
5.559330530084140021e-01 2.676959410387634605e-10 -5.048919761627104293e-06 2.250470475104200840e+00 -8.216445422719545477e-02 0.000000000000000000e+00 -8.798688294607418733e-10 0.000000000000000000e+00 inf 0.000000000000000000e+00 -2.000000000000000000e+01
3.800943099919714685e-01 6.905742774945708984e-01 9.347628996375644016e-05 6.659687739339003745e-09 -2.429540552879085047e-01 2.277156779656850763e-07 -4.564271970886544930e-08 3.958468600205239980e-08 inf 0.000000000000000000e+00 -9.000000000000000000e+01
1.623073968546098200e+00 4.603372364104027993e-08 -9.229196811479968687e+01 8.688574404112940908e-01 -1.390218453959416523e-05 3.763256907655042865e-06 2.762023418462416796e-07 8.199757023560300111e-08 inf 0.000000000000000000e+00 -2.000000000000000000e+01
3.108517232176922314e-04 1.759969315276639791e-05 4.296800086124608535e-08 0.000000000000000000e+00 -1.977280269359483311e+00 -4.212955119373899132e-02 -2.292817168034907826e-06 5.178413140834998921e+04 inf 0.000000000000000000e+00 -3.000000000000000000e+01
1.711291603053435311e+07 1.512831022900763750e+09 1.280362369449994419e-03 3.654765718765842233e-04 3.442531038778626709e+11 5.553810651065740770e-04 1.194367881949621564e-06 2.446065422232824964e-03 inf 0.000000000000000000e+00 -2.000000000000000000e+01
1.331982346345563747e-07 6.194183638599999511e-08 3.993618398571052125e-08 9.496486898934443301e-10 -1.007957085221887095e+00 4.337092867252818752e-09 0.000000000000000000e+00 1.118324479243275882e-01 inf 0.000000000000000000e+00 -1.000000000000000000e+01
9.908362308110251204e-01 1.909030103848512007e-05 6.883701921682490838e-11 0.000000000000000000e+00 -1.826426231909723807e-02 -1.341198156900870669e-05 2.594012770487301977e-09 5.639128614242296494e-07 inf 0.000000000000000000e+00 -9.000000000000000000e+01
4.081871680192296348e-02 2.530566954122023552e-05 6.261927491411103386e-01 0.000000000000000000e+00 3.442531044548353271e+11 -2.715171760275854467e+03 -7.739742379384123296e+02 3.170198478595736902e+06 inf 0.000000000000000000e+00 -3.000000000000000000e+01
1.493354695032133729e-06 3.467715022171995890e-06 7.741507784125015723e-01 3.801552506665368787e-09 -9.618236943912898962e-01 4.619891303732368317e-06 -3.076198809991286574e-06 1.134725844674604054e-04 inf 0.000000000000000000e+00 -9.000000000000000000e+01
9.119892410483548498e-09 4.598700490905491441e-04 2.054997470997058903e-05 0.000000000000000000e+00 0.000000000000000000e+00 -1.227119036530872620e+00 2.148412154676343323e-13 1.057465203405628792e-12 inf 0.000000000000000000e+00 -9.000000000000000000e+01
1.415352235824908538e-06 0.000000000000000000e+00 1.967836222616210465e-06 4.384617168558700229e+01 -1.895487707072882344e+01 -7.389628515464785304e-04 1.324758441426761806e+02 1.145115810018188324e+11 inf 0.000000000000000000e+00 -2.000000000000000000e+01
1.540754217504859257e-03 -5.772644130864323486e+00 4.222754147175670880e+00 1.304106494326915643e-12 -1.110249362613795763e-03 -1.291514564673190864e-04 -1.365656944531652566e-09 1.707071180664565707e-10 inf 0.000000000000000000e+00 -2.000000000000000000e+01
3.166250611444539342e-01 2.706382155570072248e-03 -7.274755234172355055e-03 7.895817079849210222e-08 -5.099257002238907210e-01 -3.949152841407849723e-01 0.000000000000000000e+00 1.614678074383389894e-08 inf 0.000000000000000000e+00 -9.000000000000000000e+01
7.168080719151977565e-11 0.000000000000000000e+00 1.540028571934142887e+00 5.615999598426144350e-05 -1.601662725351746285e-04 -4.343492136547108377e-04 3.114992224391389642e-08 1.420671528536215871e-10 inf 0.000000000000000000e+00 -9.000000000000000000e+01
9.032312796146216849e-01 1.894175673085338952e-07 1.315704970139033270e-08 1.813835875797526143e+00 -4.251177833900451897e-02 -1.414755116539228863e-01 -3.639476170008808262e-09 1.358005296945173577e-07 inf 0.000000000000000000e+00 -9.000000000000000000e+01
5.369197242320443718e-06 -5.639345531242227327e-06 1.310128431445571451e+00 7.745657971429256730e-07 -7.657169548651482360e-01 1.025587376155696016e-08 1.156572361946384910e-06 2.163296844881468319e-08 inf 0.000000000000000000e+00 -9.000000000000000000e+01
7.215892995586835335e-02 1.262169757872137810e+00 -3.397095658396948181e+01 4.678100120020278752e-02 -5.717677924469229123e-02 0.000000000000000000e+00 6.868551705629773352e+00 6.237466826693705002e-01 inf 0.000000000000000000e+00 -2.000000000000000000e+01
2.972270486000465617e-01 1.640727055397014136e-08 3.783371682227800849e-10 -1.491894507217004845e-03 -2.642889587815717700e-01 -7.513021439547351576e-01 -4.254503268219664291e-02 1.376341610271983595e-01 inf 0.000000000000000000e+00 -1.000000000000000000e+01
8.620828846451052347e-05 1.574959116178557432e-05 1.392064916497696148e-01 3.327374678457907797e-01 -1.001122643780921528e+00 0.000000000000000000e+00 1.385395615939562404e-02 2.763857119116212688e-08 inf 0.000000000000000000e+00 -9.000000000000000000e+01
2.039083969465649279e+05 8.575561392398283128e-04 2.837404580152672497e+04 2.938144989596069108e-04 3.442531038778626709e+11 -1.552678246534508076e-04 8.724484137678876387e-07 1.634791038418544450e-05 inf 0.000000000000000000e+00 -2.000000000000000000e+01
7.829636298406477124e-01 4.099706891362734362e-01 2.692944722757874554e-01 7.315163276745270671e-02 -4.464821335904095868e-06 3.497724475457149611e-09 6.515695312176527200e-04 5.519696706474844317e-07 inf 0.000000000000000000e+00 -9.000000000000000000e+01
5.450381843995087365e+03 2.400679515221128962e-04 7.434160529860946554e+03 2.503395156170888994e-03 8.273294906348496675e+07 -4.037690961636066731e+03 1.559366753767515469e-02 5.712513149621581286e+07 inf 0.000000000000000000e+00 -2.000000000000000000e+01
1.846927363163521629e-01 7.932316239227945598e-01 1.231331155955247582e-04 2.922821748596117833e-02 -6.440567215134331835e-01 1.756850864387438716e-06 1.089121078788585001e-03 6.152635974928326590e+01 inf 0.000000000000000000e+00 -3.000000000000000000e+01
9.451177818543601283e-01 5.220291370388184835e-05 9.683759676804566932e-08 6.507486502812669148e-05 -1.027620315497638354e-01 0.000000000000000000e+00 1.011510353306939169e+00 3.327637786786258366e-04 inf 0.000000000000000000e+00 -1.000000000000000000e+01
5.696598755435731132e-01 8.082679338377637229e-10 4.148194395736756745e-01 1.031848374813714638e-06 -4.167310498942917163e-01 -1.895975812378556828e-07 9.151729402058034158e-07 3.475196050333292385e-08 inf 0.000000000000000000e+00 -9.000000000000000000e+01
3.527254301154923220e-08 1.132917366616302321e-06 4.521179490848392163e-07 5.263450165494406403e-04 -1.007557559190021435e+00 -1.154736515899283082e-05 -2.924080703187910234e-08 8.077784743779170377e-04 inf 0.000000000000000000e+00 -9.000000000000000000e+01
1.833230919158396893e-02 5.405973969837416654e-03 1.527296223123284724e+00 9.303304041115553757e-03 -3.737322385067305252e-03 6.240054563502017623e-10 -4.564232049723091801e-11 4.199420475504030160e-07 inf 0.000000000000000000e+00 -9.000000000000000000e+01
9.718511450381643044e+02 6.242358957538145070e+00 4.258110687022885088e+01 7.181648079675546192e+00 4.719389312977082096e+06 5.598599446638829330e-05 -4.647524302242349303e-02 0.000000000000000000e+00 inf 0.000000000000000000e+00 -2.000000000000000000e+01
1.572910524276274801e-03 4.711250462660192731e-08 2.560834264060910404e-04 1.338002539022008516e-09 -1.006662735536815845e+00 -1.916723360398309851e-09 0.000000000000000000e+00 9.410648722898598911e-07 inf 0.000000000000000000e+00 -9.000000000000000000e+01
1.007756109375042897e+00 5.167480974047527918e-10 -7.103400044422971760e-04 3.063460935600203648e-05 -4.692730071838213581e-10 -2.788228117167372772e-05 2.877720853391838517e-09 8.554280871808429635e-08 inf 0.000000000000000000e+00 -8.000000000000000000e+01
1.161770398358152444e-06 2.535907428674246579e-07 8.547898372752428682e-14 0.000000000000000000e+00 -2.558393307352146225e-06 4.698663579391718096e-12 -1.540439311076415407e+00 4.879747976974766207e-12 inf 0.000000000000000000e+00 -9.000000000000000000e+01
5.344788616183350216e-01 2.611643743871148726e-01 4.301590329938138058e-01 2.694220147258896692e-01 -3.255136494433905625e-01 4.286233037756927329e-03 2.323981141550289162e-02 2.112141257958316878e-02 inf 0.000000000000000000e+00 -9.000000000000000000e+01
0.000000000000000000e+00 2.081981057544926399e-03 3.488643168424371277e-01 1.873782951790433846e-02 -1.019943592990736336e+00 0.000000000000000000e+00 6.250485676760331177e-01 1.204236770784508507e-03 inf 0.000000000000000000e+00 -1.000000000000000000e+01
9.467318738894897612e-01 7.979136190546440061e-10 9.630343734635776340e-08 6.518600125193464094e-05 -6.100454610935632932e-02 -3.637611677005281113e-08 0.000000000000000000e+00 1.156573969099115121e-06 inf 0.000000000000000000e+00 -9.000000000000000000e+01
5.928540044529118612e-03 1.179141010702652981e+00 5.902412664525184447e-05 0.000000000000000000e+00 -6.537811544489957605e+00 3.028563366895157287e+02 7.770483222050807991e-08 4.820309088305771930e-10 inf 0.000000000000000000e+00 -3.000000000000000000e+01
2.163912613435032845e-03 1.763146690275839035e+00 7.208836503111512866e+04 4.837779543477066686e-04 2.022754156214539439e-02 0.000000000000000000e+00 1.415462551798901203e-04 2.345136010716190189e+07 inf 0.000000000000000000e+00 -2.000000000000000000e+01
2.217446639896580255e-05 1.920047914075156593e-05 1.773957311917264179e-06 2.316579548503721250e-05 -8.478472446663394096e-06 -1.227548406922874369e+00 -7.115417244972025879e-12 2.611308370742181528e-10 inf 0.000000000000000000e+00 -9.000000000000000000e+01
1.978769083969463054e+02 2.403259277343746669e-01 3.534564535126426543e-01 5.971839409748098081e-06 1.326353587786257714e+08 -6.325372302805185552e-03 -2.553692300811065241e+00 -2.974415553435110215e+00 inf 0.000000000000000000e+00 -2.000000000000000000e+01
8.447978285640825868e-01 4.603495838301349822e-10 1.156354474559347256e+00 4.283903882434886845e-01 -7.021258548571165763e-03 1.021836576229011749e-10 -2.928381352655210175e-08 7.097056084047914524e-11 inf 0.000000000000000000e+00 -9.000000000000000000e+01
2.371705033396947115e+01 3.344230069458940455e-03 2.066256435772845311e-04 1.226854688338651321e-02 1.125984732824427774e+06 3.442531038778626709e+11 1.282442748091603426e+04 7.707405238206151558e-06 inf 0.000000000000000000e+00 -2.000000000000000000e+01
1.863465475122495940e+00 4.165679414502395419e-06 9.215819795258903269e-02 3.974107073522344094e-08 8.612116817366581856e-01 -6.406831243533703387e-04 -1.676210701891293550e-02 3.758078689012924189e-06 inf 0.000000000000000000e+00 -9.000000000000000000e+01
-4.644575405100020288e-02 8.160923972525431502e-02 2.880140542350441701e-01 3.085127799361991330e-01 -6.341829400388382387e-01 -4.504645302507089832e-01 -2.424191528646404692e-01 -2.124832101863701958e-02 inf 0.000000000000000000e+00 -9.000000000000000000e+01
2.354337968899093969e-01 4.537451358241890165e-01 1.380987863504249841e-06 0.000000000000000000e+00 -1.853658952785812788e-02 -2.603348742687065816e-06 -2.491929148899690513e-02 7.552277378538867311e-08 inf 0.000000000000000000e+00 -8.000000000000000000e+01
2.579538475850039745e-04 7.915956650512049997e+00 4.011086791484743119e-01 0.000000000000000000e+00 -2.736494520676893759e-04 3.208464336380301377e-10 -3.829399933333865746e-01 1.745982755005595664e+03 inf 0.000000000000000000e+00 -2.000000000000000000e+01
2.458131589775206238e-01 8.235259418909340878e-01 4.366554427406589833e-01 9.672977931481251319e-05 4.051509081248691815e-03 0.000000000000000000e+00 7.368682141521057502e-05 2.071007602261828363e-08 inf 0.000000000000000000e+00 -9.000000000000000000e+01
5.190175669307189876e-01 4.326186351505979089e-08 4.693459638455525496e-01 3.497286339669884031e-02 -4.734007885871987509e-01 1.923823651284223004e-07 1.015838101043216090e-09 3.446601030399305987e+00 inf 0.000000000000000000e+00 -3.000000000000000000e+01
2.154562688140425619e-01 5.309746250173782434e-01 6.197393799594932418e-01 4.194154864523855170e-08 -1.216884095024629797e+00 2.343389530471833737e+00 2.876343710393460619e-05 0.000000000000000000e+00 inf 0.000000000000000000e+00 -3.000000000000000000e+01
7.892187300616797891e-04 1.722703249489473097e-04 1.539848907334795403e+00 5.074761296525639445e-04 -1.007428195072275514e-08 0.000000000000000000e+00 3.262528045778527282e-12 5.050089923884158022e-09 inf 0.000000000000000000e+00 -9.000000000000000000e+01
1.007721629733467017e+00 0.000000000000000000e+00 7.390128247993396583e-04 2.959851602489443707e-07 -9.091494798757698167e-06 1.266815343947425306e-09 5.526883393537387112e-08 2.169644307380379201e-07 inf 0.000000000000000000e+00 -8.000000000000000000e+01
1.008683925676296722e+00 9.281040004359892605e-04 1.913146896604247778e-03 6.992096395922667643e-03 -7.117361966533659687e-07 -5.871823622390269348e-06 6.867188026503539719e-13 1.416355031340198341e-04 inf 0.000000000000000000e+00 -8.000000000000000000e+01
4.701488171363229601e-05 5.747223591831888559e-07 3.705446789470560077e-07 1.993696480460627640e+01 -1.739953292038365795e+00 -1.287654642698070383e-03 2.272644070411439579e-02 1.700050363207619375e+04 inf 0.000000000000000000e+00 -2.000000000000000000e+01
2.915577284459596949e-02 9.713118768610706083e-04 1.319627051993244482e+00 0.000000000000000000e+00 -3.698317852719921195e-01 -7.879938606647559837e-03 -4.862972094759981526e-07 0.000000000000000000e+00 inf 0.000000000000000000e+00 -9.000000000000000000e+01
1.821897500558947772e-09 4.029869943505883789e-01 1.543803066073629978e-07 1.952187949654920216e-05 -8.216239690643063476e-01 -9.380054148311347227e-04 8.103800082486199299e-09 4.126459666059574538e-03 inf 0.000000000000000000e+00 -9.000000000000000000e+01
1.041621470227438895e+00 1.495984783074534932e-02 3.778202877499080813e-03 9.015231492719890126e-09 3.977055660525348479e-02 -5.689223757541678285e-10 -2.003824198187771719e-03 0.000000000000000000e+00 inf 0.000000000000000000e+00 -9.000000000000000000e+01
3.093954658356308229e+00 3.549714036895456725e-05 3.540424064752028421e+00 3.593295441825206105e-01 -6.573544512769363561e-07 0.000000000000000000e+00 1.867484236582205632e-09 1.478390855623575626e+06 inf 0.000000000000000000e+00 -2.000000000000000000e+01
4.943695676075026135e-01 2.792945718959052859e-01 1.109908146883510804e+00 0.000000000000000000e+00 -1.023824160941084966e-06 2.101525046125642723e-03 -2.461245549516518586e-03 -5.058569578934191151e-05 inf 0.000000000000000000e+00 -9.000000000000000000e+01
1.821093393474685018e-05 9.182852939065260234e-01 4.103493933478877254e-02 3.579666039205328976e-10 -3.828681355701476496e-01 -2.150852786152745095e-06 -2.389044042974700197e-07 4.613172732236595115e-09 inf 0.000000000000000000e+00 -9.000000000000000000e+01
6.887829966876446441e-02 8.827152782365520244e-04 1.210629424719958713e+00 6.297444541144180397e-01 -2.482492725350245452e-09 1.925969427458693094e-05 4.983187026690839060e-08 0.000000000000000000e+00 inf 0.000000000000000000e+00 -9.000000000000000000e+01
1.058701903052500526e-10 9.278026188435637419e-13 -6.675324074528546890e-14 2.277499016259398879e+00 -4.256361941460752720e-15 0.000000000000000000e+00 -1.163300241839005209e-17 0.000000000000000000e+00 inf 0.000000000000000000e+00 -2.000000000000000000e+01
6.593533329397086029e-02 7.830884519910365410e-08 8.490706116368590406e-01 4.711679585207262841e-10 -8.627969263746373407e-01 -1.190703523083385835e-09 -2.456029887009621160e-01 -4.990495858235118321e-01 inf 0.000000000000000000e+00 -9.000000000000000000e+01
1.446294807563984097e+00 9.661249314527414755e-01 1.435937227561898332e-05 2.807740319750881497e+01 -1.349875153726385335e+00 1.740181912460985814e+01 1.778942613303700626e-01 1.112136684366555710e+05 inf 0.000000000000000000e+00 -2.000000000000000000e+01
2.005614890014315588e-01 3.339392017716651844e-08 1.483497439958129771e+00 5.502941775673919524e-08 -1.993285290280620917e-02 1.620467412916399797e-06 0.000000000000000000e+00 3.147827716230852229e-10 inf 0.000000000000000000e+00 -9.000000000000000000e+01
3.167249588117644621e-02 1.201353666164777678e+00 0.000000000000000000e+00 4.898147977031467761e-09 -1.644378249431992943e-08 0.000000000000000000e+00 0.000000000000000000e+00 4.683125111968330728e-10 inf 0.000000000000000000e+00 -9.000000000000000000e+01
9.977028160359636688e-01 3.050574174031530847e-02 2.781585669708109328e-03 1.281363420595208191e-01 -5.886511569222604225e-05 5.666924090870202122e-08 0.000000000000000000e+00 9.468395352184438840e-01 inf 0.000000000000000000e+00 -1.000000000000000000e+01
1.377563663161014973e-01 7.782704249024149223e-07 9.878047700684498272e-07 1.607755159616617488e-09 -8.701319847055017931e-01 -3.242793437093395510e-08 0.000000000000000000e+00 1.031042015896361609e-06 inf 0.000000000000000000e+00 -9.000000000000000000e+01
3.442130937088166281e-02 6.181553905190373074e-05 1.526398138394152948e+00 2.274510470620025617e-08 2.892614715390102141e-03 4.702704081146810110e-09 3.996481612349556123e-03 1.244833433244743865e-09 inf 0.000000000000000000e+00 -9.000000000000000000e+01
3.399503536245273083e-09 8.168961670883573278e-03 1.354562371608330817e+00 1.901140170678359068e-02 -5.727184764168556930e-01 2.007973422075541388e-06 9.805074732807699716e-05 -1.464052856276297457e-06 inf 0.000000000000000000e+00 -9.000000000000000000e+01
1.009090541293003129e+00 1.840931834003804680e-04 1.570206564297362895e-04 8.166878969477662999e-05 2.921576868915351890e-05 1.134596498384129539e-13 7.917634586649783338e-11 3.786694802310766197e-11 inf 0.000000000000000000e+00 -8.000000000000000000e+01
2.812723886924956007e-01 1.065439404939032371e-06 1.389584292207136196e+00 0.000000000000000000e+00 -2.743639440579430655e-01 2.794190135523633169e-09 8.404246263015904394e-04 6.987475390695562427e-05 inf 0.000000000000000000e+00 -9.000000000000000000e+01
1.184812938894024524e-02 2.400679442718739399e-04 7.193702290076337704e+03 2.938144989596069108e-04 3.442531038778626709e+11 -2.564885496183206669e+03 -6.703389737442251226e-05 0.000000000000000000e+00 inf 0.000000000000000000e+00 -2.000000000000000000e+01
4.123090899202624948e-02 2.614643009250445238e-01 1.259051172146752773e+00 9.855192881020909124e-02 -3.061272725885618978e-06 3.903314534572201844e-07 -5.274749371043516664e-07 0.000000000000000000e+00 inf 0.000000000000000000e+00 -8.000000000000000000e+01
1.467290314612860747e-01 3.314933548894833607e-03 1.485571308696561843e+00 9.841098863084467822e-08 -3.199173964647712698e-02 -6.953091910947213118e-05 -1.770219616246560901e-03 1.212932639593452849e-08 inf 0.000000000000000000e+00 -9.000000000000000000e+01
0.000000000000000000e+00 0.000000000000000000e+00 7.129466482829157857e-08 1.020009281071087459e+00 4.401343511450380087e+06 4.133850563573471804e-01 0.000000000000000000e+00 1.552678246534507060e-05 inf 0.000000000000000000e+00 -3.000000000000000000e+01
8.944185958991502927e-01 1.746911320115527915e-03 1.013417637500530600e-04 8.275760077010063968e-05 -1.085315118029221565e-01 -1.030163262567267044e-09 -8.147297050411142494e-02 0.000000000000000000e+00 inf 0.000000000000000000e+00 -9.000000000000000000e+01
2.765267175572519591e+03 3.702540434043826638e-05 1.853658952785812788e-02 7.464799262185135307e-07 1.326353587786259800e+08 2.930582061068702728e+02 4.693388028909233067e-02 4.450886560077886773e-06 inf 0.000000000000000000e+00 -2.000000000000000000e+01
1.063741805842247063e-04 9.466475567571316363e-01 4.750869878178898970e-03 5.001765996287275045e-10 -3.646578336735529224e-01 3.417860456046638316e-07 -7.971686194860963833e-08 3.652945481933088379e-04 inf 0.000000000000000000e+00 -9.000000000000000000e+01
4.580158926138722109e-03 9.184745366550183254e-01 5.264129325775437213e-02 0.000000000000000000e+00 -3.722753175165552930e-01 1.164794648777954486e-09 9.961845664351719892e-04 0.000000000000000000e+00 inf 0.000000000000000000e+00 -9.000000000000000000e+01
9.029481574073047190e-01 1.920077969324414423e-03 7.634504848208407447e-04 1.179989069339091451e-01 -1.038292659356343378e-01 4.677934040998364815e-10 5.706792374035785011e-04 6.076290479775246522e-07 inf 0.000000000000000000e+00 -9.000000000000000000e+01
9.889104426217172339e-01 1.220001757486740765e-02 2.605278302160062287e-01 3.129463426018092714e-02 -1.717537544357586017e-03 -1.898134936282641318e-06 2.338918297905027477e-10 0.000000000000000000e+00 inf 0.000000000000000000e+00 -9.000000000000000000e+01
1.473555094097573681e+00 8.058504420846106242e-02 1.047782245522177125e-08 1.918691528772882224e-02 -1.391690922203264069e+00 -2.387462247593151991e-08 -3.654650530995966445e-04 8.430793437417178648e+05 inf 0.000000000000000000e+00 -3.000000000000000000e+01
0.000000000000000000e+00 1.569709923664118862e+06 0.000000000000000000e+00 3.153877688273212118e-06 3.939664122137396336e+08 0.000000000000000000e+00 -4.702823535176623766e-05 -4.314859404818693456e+00 inf 0.000000000000000000e+00 -2.000000000000000000e+01
1.087130687439518129e+00 5.323946942858011549e-06 5.178238921264002252e-06 1.801937478125045832e-03 -4.820469686703944111e-04 0.000000000000000000e+00 2.409786510977836619e-06 7.766226575784146746e+01 inf 0.000000000000000000e+00 -3.000000000000000000e+01
6.722832196369550032e-06 3.766610837183711096e-10 6.049724110001770506e-12 0.000000000000000000e+00 -2.154753909092804834e-06 2.709943502060066407e-14 3.998078542262039661e-10 -2.277498620860743728e+00 inf 0.000000000000000000e+00 -3.000000000000000000e+01
1.067038977241067665e-01 4.697836034027788044e-01 7.996824549793236578e-03 2.085380873641603294e+00 -5.270742867445811219e-01 -3.241774760831453846e-06 -2.529312802158833218e-05 3.642443551496015676e-09 inf 0.000000000000000000e+00 -2.000000000000000000e+01
3.436545801526718151e+03 5.729663645038169051e+01 6.027480916030535445e+04 3.654765718765842233e-04 3.442531038778626709e+11 2.564885496183206560e+05 1.100729440004771242e-01 5.897191417126256257e-05 inf 0.000000000000000000e+00 -2.000000000000000000e+01
4.409484270389252281e-01 9.909311203462222882e-08 6.309982905492045877e-05 1.258831222341084647e-09 -5.675573813372304377e-01 1.657649563280613096e-03 4.196104074470282503e-10 4.267665539306209699e-08 inf 0.000000000000000000e+00 -9.000000000000000000e+01
5.879031888637736847e-01 2.028822871985504573e-09 2.038398236837385873e-06 1.868893905842379433e-07 -4.204191408735125646e-01 1.738505958923143698e-06 -7.149605756071429057e-07 1.045819990914703694e-08 inf 0.000000000000000000e+00 -9.000000000000000000e+01
1.004225312041084894e+00 2.395281161806632170e-08 3.043896742935506994e-08 3.765443272871628441e-04 -4.142968184344435119e-07 5.291068835035545492e-08 5.347452425710055595e-06 1.654735813273664803e-08 inf 0.000000000000000000e+00 -9.000000000000000000e+01
0.000000000000000000e+00 8.471431841636722915e-02 1.320273873186495583e+00 6.176577106438301684e-02 -2.685468307147087855e-02 -1.303672796378677057e-01 1.869146975144990062e-03 8.294349015159173600e-10 inf 0.000000000000000000e+00 -9.000000000000000000e+01
2.029528379346760489e-02 9.060606696478805677e-01 1.301868204312678183e-02 1.881818313884059624e+00 -5.116391543641004569e-01 1.837465693691506252e-01 5.325600468125143979e-10 3.199724742462795035e-01 inf 0.000000000000000000e+00 -9.000000000000000000e+01
9.760193510314408849e-01 0.000000000000000000e+00 -3.739777553451132164e+00 3.290459503333337788e-06 -1.437623693403024261e-01 1.524915331051589418e-07 1.119203912698414313e-08 2.542982848513974910e-09 inf 0.000000000000000000e+00 -2.000000000000000000e+01
1.378234151829581602e-02 1.218398651631791285e+00 1.631409368617746474e-12 3.014105761793391343e-10 -3.706759085876107773e-08 -3.152006025404853760e-09 0.000000000000000000e+00 4.614190339085054747e-15 inf 0.000000000000000000e+00 -9.000000000000000000e+01
2.849177003816794596e+01 9.432028268129773352e+00 3.277727665791985712e-01 3.654765718765842233e-04 3.442531038778626709e+11 3.654961832061069435e+05 0.000000000000000000e+00 1.448529367228501043e-02 inf 0.000000000000000000e+00 -2.000000000000000000e+01
6.072972697223376626e-01 1.031700404491909504e-06 3.508828669506840026e+00 3.700377629132523549e-01 -2.316001057292356169e+00 -4.255434273502401998e-01 -2.318090682306454255e+03 1.917239308935307432e+06 inf 0.000000000000000000e+00 -2.000000000000000000e+01
3.947736065324138899e-01 2.968278821844096832e-02 1.364511045306165439e-02 6.640190808760585957e-10 -6.017306790478914591e-01 1.766059016927593937e-06 -1.956583471596139412e-07 -1.861036028012362735e-08 inf 0.000000000000000000e+00 -9.000000000000000000e+01
6.764501987370030722e-02 0.000000000000000000e+00 0.000000000000000000e+00 1.821366885946278664e-09 -9.376537408235685600e-01 0.000000000000000000e+00 0.000000000000000000e+00 5.461106630081116449e-08 inf 0.000000000000000000e+00 -9.000000000000000000e+01
8.515592108427137985e-01 5.241070242462822840e-03 5.152836736697455344e-02 0.000000000000000000e+00 -3.083231625464998293e-01 -3.643523025169761429e-09 -1.223550568230680599e-06 2.515374899720015947e+02 inf 0.000000000000000000e+00 -3.000000000000000000e+01
4.282380880292270371e-06 1.603914317382567004e-05 2.602843409787498845e-05 2.277472788586317964e+00 -1.187107636220649960e-06 -1.514726686776866839e-13 1.634620710859983889e-14 7.234795887701805403e-10 inf 0.000000000000000000e+00 -2.000000000000000000e+01
2.028495650199227580e-04 3.461965909673348496e-01 1.090785566617079594e+00 9.226192350560122961e-10 -3.589792343261287155e-01 0.000000000000000000e+00 0.000000000000000000e+00 1.417143145046034887e-07 inf 0.000000000000000000e+00 -9.000000000000000000e+01
3.227597309284695876e-02 1.048480095622179809e+00 1.073573442127130021e-03 -4.890298953461659839e-03 -2.107718848941975420e-01 5.713096826544316540e-08 7.278140239331611387e-04 0.000000000000000000e+00 inf 0.000000000000000000e+00 -8.000000000000000000e+01
8.962130036265815447e-03 6.188259164582681956e-08 -1.738543045809952740e-06 2.489943724804393632e+00 1.725175295043044343e+01 6.857439224136055770e-09 0.000000000000000000e+00 2.591913260369105982e-07 inf 0.000000000000000000e+00 -2.000000000000000000e+01
2.042775849908442815e-04 1.435039738311437676e-07 5.371208923754101638e-01 4.763911432374868804e-01 -5.573641420880511843e-01 -5.452181922604666386e-01 3.521481981261522475e-03 1.095987468301196177e-09 inf 0.000000000000000000e+00 -9.000000000000000000e+01
3.779498541590911587e-01 4.356032217426813458e-01 7.483734055614256274e-08 9.839837539245737934e-06 -4.249266721901646671e-01 3.786413063852451367e-09 -2.769490698132078617e-05 6.597904310255833951e-07 inf 0.000000000000000000e+00 -9.000000000000000000e+01
2.984566964962813707e+00 1.440469550316826734e-07 4.589101859843264242e-01 6.974444373322946644e-02 -8.451871051222127340e-01 1.729992355797029147e+00 3.486396808629127708e+00 6.674516945615365170e+06 inf 0.000000000000000000e+00 -2.000000000000000000e+01
1.331826490223072276e-07 2.868549363557386073e-07 5.141036521700250200e-07 4.528675740356425432e-08 -1.007839143506389368e+00 4.336585381189636174e-09 0.000000000000000000e+00 5.151503374027329579e-02 inf 0.000000000000000000e+00 -1.000000000000000000e+01
4.058352805118130013e-01 2.512022594734264480e-02 7.012817828996713499e-10 1.005474140676931401e-09 -5.300306555118136087e-01 -1.515770324803157043e-01 1.876567973940400597e-04 3.016422422030793997e-09 inf 0.000000000000000000e+00 -9.000000000000000000e+01
