3.222602213355417744e-01 3.807837942480563159e-09 7.401810207952725339e-04 2.397769503984685860e-04 -6.858871791572193066e-01 4.597243510712825975e-08 0.000000000000000000e+00 2.860382641981731194e-04 6.152044227777470269e+02 1.000000000000000000e+00 0.000000000000000000e+00
2.925572614465726806e-01 0.000000000000000000e+00 9.995307221690518706e-07 4.584313838519711358e-06 -7.151399724249554168e-01 -1.612025112069636292e-06 -6.098790764320518969e-04 0.000000000000000000e+00 4.123422722582230563e+03 1.000000000000000000e+00 0.000000000000000000e+00
4.713651750338515578e-01 6.926702576360980270e-08 4.558012305751866361e-02 6.820681618559536518e-08 -5.840184873060927373e-01 1.374815093848733571e-01 3.887435119386264345e-07 0.000000000000000000e+00 4.712643974568706653e+03 1.000000000000000000e+00 0.000000000000000000e+00
4.488595700869936200e-01 9.285593138071950056e-10 8.557602636047109278e-05 6.383845282424465485e-08 -5.588837163339139824e-01 1.075643109114254661e-05 9.567875169469337927e-06 0.000000000000000000e+00 6.738132980284248333e+03 1.000000000000000000e+00 0.000000000000000000e+00
4.265452861867107259e-01 3.609229344656783023e-01 4.278090429000807088e-10 -4.964866545869736582e-06 -4.197096245491031552e-01 -8.156566468214567725e-06 0.000000000000000000e+00 8.683301259320495622e-07 1.430812979029778216e+04 1.000000000000000000e+00 0.000000000000000000e+00
2.491909322662553272e-01 4.563614328170244594e-01 8.038060022976641052e-08 1.300068838498830608e-07 -5.413795155902174638e-01 1.201841415145585553e-05 5.237553313522170817e-07 1.241356052244044716e-06 1.829523228842485332e+04 1.000000000000000000e+00 0.000000000000000000e+00
5.629660606751119012e-01 4.914025783859027330e-02 1.133916320912923151e-09 1.196451969522715217e-03 -4.255641746798303204e-01 -1.345542557625234318e-03 0.000000000000000000e+00 1.688006841614824332e-07 2.442012304612097796e+04 1.000000000000000000e+00 0.000000000000000000e+00
5.685557248810580999e-01 1.148752138094810322e-05 3.963793184832352816e-07 2.469817096903842175e-04 -4.391602840460586687e-01 -5.384775647319422684e-05 9.640711608156519470e-10 3.921073964696952276e-03 2.831934199229373553e+04 0.000000000000000000e+00 0.000000000000000000e+00
1.524856776993012142e-01 5.161053706745579728e-01 0.000000000000000000e+00 7.129390808522736632e-06 -6.001679878677624869e-01 -4.877219235119110698e-06 0.000000000000000000e+00 3.018804810972807096e-05 2.908520466785235112e+04 1.000000000000000000e+00 0.000000000000000000e+00
5.662619359036610289e-01 3.055861826514584823e-01 -1.315735236306324611e-04 2.097548927444865287e-04 -3.085151236992360602e-01 6.750368307872546064e-08 5.208258306505111126e-09 1.196444589740168738e-07 2.959184138696343507e+04 1.000000000000000000e+00 0.000000000000000000e+00
6.978611870005884121e-01 2.060801162927906562e-05 1.282833064339317097e-01 1.092255935518400508e-06 -3.037748696355502820e-01 -1.017872914820014787e-05 -6.655322904592403528e-07 5.337104075603743166e-09 3.417205443558640400e+04 0.000000000000000000e+00 0.000000000000000000e+00
6.188892292196546130e-01 5.113703377026806995e-02 9.059357820629170905e-06 9.300322133244459793e-10 -3.692356079412176251e-01 -5.914692260873450976e-08 0.000000000000000000e+00 1.455539490836511023e-07 3.465906588639794063e+04 0.000000000000000000e+00 0.000000000000000000e+00
6.593092356943284216e-01 2.845820802772425565e-02 -1.506027029104469023e-08 3.300709238787294528e-07 -3.382085300867113675e-01 0.000000000000000000e+00 2.941772796850729335e-06 0.000000000000000000e+00 4.301148579210016032e+04 0.000000000000000000e+00 0.000000000000000000e+00
8.655818420256130574e-01 0.000000000000000000e+00 9.672976806046598153e-01 1.040175367297680423e-09 -8.077434240100767049e-02 -1.077312599839828580e-05 8.426014861035382155e-07 1.478832179335216761e-07 5.163837639104447589e+04 0.000000000000000000e+00 0.000000000000000000e+00
6.589600689026918756e-01 5.190081619070791942e-10 9.463996241807206555e-01 2.663811248490979616e-04 -2.893949264023691348e-01 -9.696893545694089343e-06 -1.027089836195062165e-09 1.687632434394836752e-07 6.301647519685130828e+04 1.000000000000000000e+00 0.000000000000000000e+00
5.899797011912306655e-01 4.332083654973344911e-01 7.630256621004446982e-08 1.194301036331130901e-07 -3.710564158435413207e-01 3.144703124274012551e-01 4.971830980874782514e-07 2.864907019299803366e-05 6.605711168665658624e+04 1.000000000000000000e+00 0.000000000000000000e+00
8.613916068940092874e-01 1.673437194697029155e-09 1.067969684565423405e+00 1.775077631685135058e-09 -7.478711066641992311e-02 -5.382412900892428108e-06 -6.244788448549225836e-06 6.243626843555075720e-09 6.848204821246727079e+04 1.000000000000000000e+00 0.000000000000000000e+00
3.571435619505197168e-01 8.828604385159338519e-06 9.837938751354685651e-01 1.026738651266749122e-07 -5.955533803502069956e-01 -2.632638063850301774e-02 2.440638061878221687e-01 8.453182003044077365e-09 8.502827961390033306e+04 1.000000000000000000e+00 0.000000000000000000e+00
6.434270132294163114e-01 1.704975077459217186e-09 1.137487041244860997e+00 0.000000000000000000e+00 -2.843717603112152492e-01 4.894348540348199773e-07 1.358729594783231674e-06 2.049965013634647318e-07 8.883610803806710464e+04 1.000000000000000000e+00 0.000000000000000000e+00
5.131737716003766936e-01 2.572783768958794680e-08 1.093491774998933463e+00 1.795383802267186283e-04 -4.204507848314612550e-01 8.754611436040343099e-10 0.000000000000000000e+00 0.000000000000000000e+00 9.043486607691788231e+04 1.000000000000000000e+00 0.000000000000000000e+00
3.290023131854517557e-01 9.000136961227952822e-06 1.010718817984135542e+00 6.946839383138761828e-03 -6.076168847118703642e-01 -1.088338170025072646e-02 1.027553325422608463e-04 3.670246807424979146e-03 9.135903230322089803e+04 1.000000000000000000e+00 0.000000000000000000e+00
3.368466931952141530e-01 2.625019264796663900e-03 1.252833315041849138e+00 2.316678434069920219e-04 -5.369285635893639164e-01 8.936808627869257120e-08 -1.729745476255662810e-09 3.462006945931333846e-07 1.037750719827100547e+05 1.000000000000000000e+00 0.000000000000000000e+00
6.636131893270362792e-01 5.816017000849848067e-08 -5.292299830157207456e-08 1.129023963766870924e-06 -3.422116795135936584e-01 0.000000000000000000e+00 1.033762566824041195e-05 0.000000000000000000e+00 1.125170663768673548e+05 1.000000000000000000e+00 0.000000000000000000e+00
6.962379803675814438e-01 1.139093266246703832e-07 0.000000000000000000e+00 7.676515030514539267e-05 -3.562860046162550365e-01 1.250574084971095845e-01 1.596677740721875394e-06 0.000000000000000000e+00 1.132026622679426655e+05 0.000000000000000000e+00 0.000000000000000000e+00
7.641656763516804229e-01 1.915507595595058248e-10 3.302682917979571364e-02 2.593302590959463468e-08 -2.428559654658031808e-01 9.599934682169940544e-08 6.322000207197178895e-07 7.242386872206792478e-08 1.151954450436746556e+05 0.000000000000000000e+00 0.000000000000000000e+00
1.950652933015984691e-01 2.731929479453323628e-09 1.377802957750531077e+00 3.051813585774767263e-06 6.178980593420516130e-06 -1.126563798339927924e-01 -2.124966496761689885e-05 -2.052506646290553488e-02 inf 0.000000000000000000e+00 -9.000000000000000000e+01
4.924145493086411474e-01 1.530920628286444694e-08 1.015225058451149076e+00 2.536436543906535675e-09 -4.498602055412276868e-01 -1.862695586931361955e-09 6.836489122248084630e-10 4.427440574408282907e-09 inf 0.000000000000000000e+00 -9.000000000000000000e+01
3.293732472827505808e-01 1.636014616900437120e-09 1.427284071558585943e+00 3.860994495885031486e-07 6.222464737193890519e-06 -3.210408883485143389e-02 1.771131895528374984e-09 7.842220173398823518e-03 inf 0.000000000000000000e+00 -9.000000000000000000e+01
8.271369045597076752e-01 0.000000000000000000e+00 0.000000000000000000e+00 4.205342878655219562e-05 -6.988589131678239730e-05 -3.960937289440853992e-01 -4.534456669158671693e-04 1.360532031141973852e-01 inf 0.000000000000000000e+00 -1.000000000000000000e+01
6.237616371873999985e-10 1.015748182831962276e-01 1.218897819398354621e+00 4.596916330930839239e-10 -7.078495149110236584e-01 -1.492392582107059334e-06 3.208795409804225023e-06 6.001119068674985954e-10 inf 0.000000000000000000e+00 -9.000000000000000000e+01
8.876674703868785432e-01 2.795957010249419117e-01 3.293696625519181655e-05 3.985850264215241818e-05 3.102874230583680646e-09 5.353550609105645718e-10 -6.265183798541921994e-06 6.264018399769871687e-09 inf 0.000000000000000000e+00 -9.000000000000000000e+01
3.264406128751639463e-02 3.553086192907687056e-08 2.650715096296211015e-08 1.258988153992331461e-05 2.065202586548888701e-04 -1.044609961200524628e+00 2.060582446534238064e-04 1.543054575205624093e-07 inf 0.000000000000000000e+00 -9.000000000000000000e+01
9.482664653908955410e-01 5.291335693978173386e-07 6.914813690994203978e-08 2.423470230283414351e-03 -4.150767440485413767e-02 -7.520110425684130959e-07 -3.555999245215858418e-01 0.000000000000000000e+00 inf 0.000000000000000000e+00 -9.000000000000000000e+01
1.121255587884622207e+00 6.300384868960162516e-10 3.794698174681287333e-04 1.120657522878627688e-06 1.138226575383919636e-01 -2.693149871714693892e-05 1.335943199895774361e-08 2.832339107873025377e-08 inf 0.000000000000000000e+00 -9.000000000000000000e+01
8.493556542313207558e-01 0.000000000000000000e+00 1.131169511856459531e+00 0.000000000000000000e+00 -7.926014745707025966e-02 5.001896874344161569e-07 1.388586296459722453e-06 2.958211397699811795e-07 inf 0.000000000000000000e+00 -9.000000000000000000e+01
2.051846572953705539e-01 9.236362921406189109e-04 1.999939740006959846e-03 1.047418822003034489e+00 -8.011972332485898241e-01 -1.435071263821788116e-02 1.387439111235362899e-01 3.671645095203617416e-03 inf 0.000000000000000000e+00 -9.000000000000000000e+01
9.201105269305598727e-06 2.341633475584691975e-09 7.558050756929599208e-05 4.370525002920159607e-05 -9.798809067599690836e-01 1.219967975439179879e-05 -5.276281805630602673e-01 7.419418032447874006e-07 inf 0.000000000000000000e+00 -9.000000000000000000e+01
5.725281105807452893e-05 2.339329607644985928e-09 2.988342280293454500e-02 1.791376843772643154e-02 -1.005776671558167523e+00 1.211403879809519655e-07 -2.997448061579965124e-08 7.442865437549689032e-05 inf 0.000000000000000000e+00 -9.000000000000000000e+01
4.929635673592508947e-03 6.756083423160956329e-03 8.852065209558922232e-02 0.000000000000000000e+00 -9.941550158427712169e-01 9.143321561856609621e-05 7.924212020275727796e-05 -7.660441046733681980e-02 inf 0.000000000000000000e+00 -9.000000000000000000e+01
2.235692697107903568e-05 5.731829819227093676e-09 -7.298376785409933787e-02 1.574510395707571128e-05 -1.127346753771496513e+00 4.828863130975628581e-01 -1.263215906506172104e+00 3.544049200302629239e-06 inf 0.000000000000000000e+00 -9.000000000000000000e+01
3.132382706843290343e+00 3.445420781073776594e-08 1.395987656231301947e-03 8.334193510975757166e-08 2.124708469479738238e+00 6.844281821862772800e-08 1.865369434769456760e-05 4.692348825575561857e-10 inf 0.000000000000000000e+00 -2.000000000000000000e+01
9.127309111909835682e-02 4.280197751237220516e-02 8.405439115895434465e-01 2.043804760578445037e-05 -3.609349980072005387e-02 -6.545480821829951937e-07 -6.198255463160301515e-01 7.388896302175882112e-09 inf 0.000000000000000000e+00 -9.000000000000000000e+01
4.730103840610760946e-01 4.932423488590402603e-09 2.396889304827154473e-05 6.420906316508216332e-09 -5.347073906777382035e-01 -4.817687729901961159e-05 4.817687729901961159e-05 1.774505018380452544e-08 inf 0.000000000000000000e+00 -9.000000000000000000e+01
9.489478756483384903e-01 1.231820550964735746e-09 1.895450009349129673e-03 1.605018153077892044e-04 -5.869780674113433960e-02 -3.299004946337557064e-06 1.027731938970578365e-09 1.688687486671656736e-07 inf 0.000000000000000000e+00 -9.000000000000000000e+01
2.965152887649373792e-01 1.458327523689262739e-09 4.437838547614275479e-03 3.211693689543816177e+00 1.978723149474961929e+02 -1.145248657448845291e-02 0.000000000000000000e+00 0.000000000000000000e+00 inf 0.000000000000000000e+00 -2.000000000000000000e+01
2.182722117299873074e-02 6.087385681059026801e-08 1.215476630025811716e-01 -5.170686038115180413e-05 -9.802073104916405599e-01 4.682884698372155614e-10 4.095947600631655587e-05 2.645738747874074296e-09 inf 0.000000000000000000e+00 -9.000000000000000000e+01
4.294113496683045761e-01 2.582081318266929437e-01 2.048825393842237386e-01 -4.785270269179472402e-01 -4.546708408252636557e-01 -2.226924540476265385e-04 4.291112287610034993e-05 1.170882663004874612e-02 inf 0.000000000000000000e+00 -1.000000000000000000e+01
3.019362923534822940e-01 2.743354678447151862e-01 3.711474507807693834e-02 4.469451696021941624e-03 -6.289642433512981912e-01 1.689505015385136255e-01 -4.733959597564292854e-01 5.271917386131067292e-09 inf 0.000000000000000000e+00 -9.000000000000000000e+01
4.287064724847268193e-01 3.761067027976854283e-09 1.009339431711835197e-07 6.552008099986303315e-04 -5.787537378543812228e-01 -3.757461514209397961e-04 -1.180543841647766771e-07 1.344940959821469572e-04 inf 0.000000000000000000e+00 -9.000000000000000000e+01
2.447048843314917066e-01 2.437849411573131675e-01 4.643660042479344269e-10 0.000000000000000000e+00 -3.256598836592032864e-01 -5.059687457981971725e-01 -1.386175360872357901e-06 0.000000000000000000e+00 inf 0.000000000000000000e+00 -9.000000000000000000e+01
3.505831719422758397e-01 3.561835421010981495e-01 1.134947451352823448e-07 1.586042330135220937e-04 -4.973128701034200128e-01 -1.124586048738120009e-05 5.466107210559554429e-10 3.087057067679679842e-07 inf 0.000000000000000000e+00 -9.000000000000000000e+01
7.456956791970679177e-01 7.936951083765155574e-09 1.516305154127678412e-01 0.000000000000000000e+00 -2.551516321676603472e-01 1.054846402100401353e-08 -1.004131844981943260e-05 6.580678459273663350e-01 inf 0.000000000000000000e+00 -1.000000000000000000e+01
4.019775505801828630e-01 0.000000000000000000e+00 8.264501952317628020e-02 6.944137735083451002e-01 -6.005212069494701987e-01 1.417763046120501815e-07 -2.501232489787327424e-05 0.000000000000000000e+00 inf 0.000000000000000000e+00 -9.000000000000000000e+01
2.363681116564775319e-04 0.000000000000000000e+00 3.445041303495218789e-03 7.211619795316658726e-03 -1.007360699731366438e+00 -3.805395016230612920e-06 8.612603258738046972e-04 1.794292345570426548e-07 inf 0.000000000000000000e+00 -9.000000000000000000e+01
5.119509731171210110e-01 3.957980707542538914e-10 7.210847916125315033e-05 5.379186135347389140e-08 -4.676475235204470837e-01 0.000000000000000000e+00 -5.283596581529261815e-01 0.000000000000000000e+00 inf 0.000000000000000000e+00 -9.000000000000000000e+01
5.733015800054431788e-01 1.241586920120086960e-09 8.008811659945888062e-01 5.313250772191512623e-07 -3.867609357520451763e-01 1.373854842523805316e-05 1.153734453390156930e-05 -2.891379985927669191e-02 inf 0.000000000000000000e+00 -9.000000000000000000e+01
3.306744634296662211e-01 1.207568205510267053e-07 1.077020699550849531e-01 2.960363865879156871e-10 -6.729923938815037809e-01 -9.283007078681225767e-07 3.819801955820983127e-06 0.000000000000000000e+00 inf 0.000000000000000000e+00 -9.000000000000000000e+01
3.827516021632097587e+00 3.734783197440708548e-09 4.575621425860188829e+00 1.267719901812412365e-07 -3.338202893866630272e-01 -2.389224256667319316e-05 -3.769664938297326355e-05 1.178492350079403818e+07 inf 0.000000000000000000e+00 -2.000000000000000000e+01
1.656726239062116749e-03 5.157531956072881618e-01 8.665700900812810525e-01 1.506042129934457059e-05 -3.612890405776942315e-01 -1.646499533882721071e-03 3.433037017009082334e-09 0.000000000000000000e+00 inf 0.000000000000000000e+00 -9.000000000000000000e+01
9.602538776244713692e-02 4.598398850596060322e-02 -3.000793367576472942e-02 2.146254059116095266e-05 -8.953353056160564538e-01 1.597308309380632537e-05 6.600231035536745324e-10 1.657413741565013626e-07 inf 0.000000000000000000e+00 -9.000000000000000000e+01
5.607799431249187450e-01 2.859259449061803430e-04 1.155893352155444864e+00 5.915473394596339554e-10 -3.643162215539438309e-01 3.943705775120871093e-06 1.309717785095492340e-06 0.000000000000000000e+00 inf 0.000000000000000000e+00 -9.000000000000000000e+01
1.018310706788894867e-05 4.039130072919479948e-08 1.707000782203507150e-01 2.625945829685373046e-07 -9.984667891883831636e-01 2.498892181189108561e-09 9.714363466515205429e-10 8.527632283895897726e-04 inf 0.000000000000000000e+00 -9.000000000000000000e+01
1.007793867156314915e+00 6.052599542413452863e-09 1.538940811653526650e-04 -1.101582252718557735e-04 -1.549465482857844060e-05 1.615929877833025545e-08 1.088952647273376843e-03 -1.759958906944192596e-05 inf 0.000000000000000000e+00 -8.000000000000000000e+01
1.728997563955457522e-05 1.172145789186052615e-09 1.420530040088525525e-03 1.481066455121068390e-08 -1.007649729353145673e+00 6.132257796035793005e-07 6.146279726971849514e-08 9.895685634561379490e-10 inf 0.000000000000000000e+00 -9.000000000000000000e+01
7.044894953961970963e-01 2.461432481744525291e-03 6.779772029966770494e-10 0.000000000000000000e+00 -3.023434084408678779e-01 -1.304923863832313827e-09 4.366749395020372705e-04 2.986015724166010040e-07 inf 0.000000000000000000e+00 -9.000000000000000000e+01
0.000000000000000000e+00 0.000000000000000000e+00 0.000000000000000000e+00 0.000000000000000000e+00 -1.007857404945640800e+00 3.166339806295731247e-04 2.757710805194537733e-09 4.984253038412291258e-10 inf 0.000000000000000000e+00 -9.000000000000000000e+01
2.040735364055629945e-03 7.619933287202202679e-08 0.000000000000000000e+00 0.000000000000000000e+00 -5.715979711463109458e-01 -7.449212269132569064e-01 3.047973314880880939e-08 4.057462076769428774e-04 inf 0.000000000000000000e+00 -9.000000000000000000e+01
9.002783259596304211e-01 2.546153952762275074e-01 5.632826947573863274e-10 0.000000000000000000e+00 0.000000000000000000e+00 5.904756524353291499e-09 -5.801164304627794711e-07 7.892235415118774690e-05 inf 0.000000000000000000e+00 -9.000000000000000000e+01
7.055676219817609562e-02 3.687984670583698460e-05 1.714988756279662294e-05 6.343940709069901434e-05 3.924137104634243395e-03 -1.176153251796908883e+00 0.000000000000000000e+00 1.725185730355993099e-07 inf 0.000000000000000000e+00 -9.000000000000000000e+01
6.632781206616263914e-01 8.236345160276025771e-10 2.155287034782663383e-03 8.673673221883602095e-10 -3.443567824083960116e-01 -7.067221475578437205e-08 -2.701871075019822392e-06 2.416383316402396661e-07 inf 0.000000000000000000e+00 -9.000000000000000000e+01
6.582515504966850450e-01 3.150342681387924282e-02 8.082749790072849016e-05 1.924219591510978877e-01 -3.381961706292023195e-01 -4.009739866503849397e-05 1.984912678923757487e-08 -5.527272185211460492e-03 inf 0.000000000000000000e+00 -9.000000000000000000e+01
5.388430314387268050e-01 1.868059337507305020e-04 3.815564640457674876e-07 3.237448785842875665e-06 4.243388872579973992e-01 0.000000000000000000e+00 -1.557256360857920630e+00 1.421198495419642160e-01 inf 0.000000000000000000e+00 -9.000000000000000000e+01
3.713938918569707482e-05 0.000000000000000000e+00 6.632264403771159596e-09 7.921049251400525342e-07 -1.003921110815027440e+00 -6.112983661406926786e-07 -9.058925196036496234e-05 3.336311505345329723e-08 inf 0.000000000000000000e+00 -9.000000000000000000e+01
4.260003438252458752e-01 8.673493399273685427e-10 -7.988391587065416964e-04 9.427306499570658592e-08 -5.823515338462137425e-01 -7.302407821971156196e-05 3.286083519887020559e-04 1.207113923207919191e-09 inf 0.000000000000000000e+00 -9.000000000000000000e+01
2.356609897746635499e-02 1.234459151717313574e+00 -3.167182073617732120e-08 -2.333277126481817509e-01 -1.079529550518920911e-01 9.395329229300118656e-02 5.981301227553487031e-06 0.000000000000000000e+00 inf 0.000000000000000000e+00 -1.000000000000000000e+01
3.592129780585668342e-01 -2.269572906824581654e-02 2.540615426632409357e-01 1.625271475742639825e-09 -1.776471455126003296e-01 -7.523879104063072587e-01 5.132354284117596501e-07 7.132010400726455090e-01 inf 0.000000000000000000e+00 -1.000000000000000000e+01
4.569747892146559520e-01 2.036953600199312883e-09 1.624094137728416968e-04 1.368672804495164527e-03 -5.507385148634514893e-01 -8.000741938688997977e-07 3.795175470211063517e-06 5.460065155768916256e-10 inf 0.000000000000000000e+00 -9.000000000000000000e+01
2.701421660475971862e-02 2.048219790612240998e-08 1.449707027733689424e+00 4.160446449681114332e-08 -4.295428230322042434e-02 -8.221718097100784439e-02 1.049712642688773519e-06 3.212844764327062692e-10 inf 0.000000000000000000e+00 -9.000000000000000000e+01
6.055140261939241375e-01 6.787347019646990022e-07 1.632402551959366566e-01 0.000000000000000000e+00 -3.942619312344767257e-01 0.000000000000000000e+00 -1.266735771895922663e-09 3.404447076521347670e-07 inf 0.000000000000000000e+00 -9.000000000000000000e+01
8.330750003606992582e-01 2.207510850594147520e-09 1.214901042192686242e+00 1.109526972206586054e-01 -7.070135210464453118e-03 -2.246947080585963430e-02 1.047486989724606883e-06 1.953102152398477078e-06 inf 0.000000000000000000e+00 -9.000000000000000000e+01
1.015483394800219319e+00 1.810943754993719912e-04 3.101101693121673023e-08 2.431064459828717383e-06 -2.235735046165091833e-01 7.919098901837100524e-01 0.000000000000000000e+00 0.000000000000000000e+00 inf 0.000000000000000000e+00 -1.000000000000000000e+01
1.312600380108005060e+00 0.000000000000000000e+00 2.195836699910422819e-06 0.000000000000000000e+00 1.862061004339263137e+00 2.225597980940221817e-09 -1.657103469903793869e+00 7.985712445424532346e-02 inf 0.000000000000000000e+00 -1.000000000000000000e+01
1.002973815366986710e+00 3.024123355048354012e-08 9.745692834864763676e-02 0.000000000000000000e+00 -1.874760320777219675e-04 4.889388629059838825e-10 7.958465169115668363e-07 4.782551838717397259e-07 inf 0.000000000000000000e+00 -9.000000000000000000e+01
8.167143770264894810e-07 4.888348400801190686e-10 9.116378749020204175e-01 1.243513503085493786e-06 -9.061127968723111659e-01 -9.991182770390830137e-02 3.293203133171328518e-07 1.440203673077535163e+00 inf 0.000000000000000000e+00 -1.000000000000000000e+01
4.006685064287385800e-01 1.275668660782565207e-08 4.417308067770255031e-02 1.397420851104696615e-04 -3.533846454216204025e-01 -4.205775005369988828e-01 -3.558732696851529265e-01 0.000000000000000000e+00 inf 0.000000000000000000e+00 -8.000000000000000000e+01
4.285765594760644598e-05 2.576806734112234931e+00 -4.243141755504812984e+00 8.912295426413571970e-05 8.370635927266883981e-08 -8.723564464442461761e-04 -4.975664704472478728e-09 3.171728666458948102e-05 inf 0.000000000000000000e+00 -2.000000000000000000e+01
2.246733164571290686e-01 0.000000000000000000e+00 1.217926058909016146e-01 4.420655532142585969e-03 -7.776571357506015802e-01 5.212342976408799106e-08 0.000000000000000000e+00 1.030550546012517918e-04 inf 0.000000000000000000e+00 -9.000000000000000000e+01
2.996945325744224703e-05 7.916156728350367975e-09 1.538770571771949950e-03 4.497111178065909707e-04 -1.007006138687491337e+00 -2.269932105833814109e-06 -8.587856888234297577e-04 2.149556918403232982e-09 inf 0.000000000000000000e+00 -9.000000000000000000e+01
-5.823588124007763156e+00 0.000000000000000000e+00 1.089777541869822119e+00 1.832385138478621542e-02 -2.040396465888804134e-06 -4.245143048181084825e-08 -1.106939392922890120e+00 0.000000000000000000e+00 inf 0.000000000000000000e+00 -2.000000000000000000e+01
1.293010873363073632e+00 1.181771515916996061e-09 1.121533839351947833e-03 1.024401435569568252e-07 -6.799684510025273410e-01 1.019952676503790956e+00 2.384922415862722573e+02 5.011309592812578454e-10 inf 0.000000000000000000e+00 -3.000000000000000000e+01
4.375832374586198781e-01 3.250688330517371980e-09 0.000000000000000000e+00 9.649327942950918001e-05 -5.671900028056011678e-01 -1.104346785678635880e-05 -5.373547820697861799e-02 7.000070494328232698e-07 inf 0.000000000000000000e+00 -9.000000000000000000e+01
6.086295058192211505e-01 3.471143807463929883e-09 7.940795365500462935e-08 -4.828003582224281464e-05 -2.081631860293753356e-01 -4.123613589915244848e-01 -1.028522066388631400e-06 0.000000000000000000e+00 inf 0.000000000000000000e+00 -8.000000000000000000e+01
6.190391686072135302e-01 9.786176855390332270e-06 5.108554512893847578e-03 1.272237030076761935e-02 -3.903850612838283274e-01 -3.895136660577483423e-02 3.652888787727250897e-01 1.311449815250360917e-02 inf 0.000000000000000000e+00 -1.000000000000000000e+01
7.680233327417052003e-01 3.295908513761808961e-02 7.452591578730248410e-10 7.995117402469231935e-10 -2.276476345551760871e-01 -8.420914512132165349e-06 -4.210457256066082675e-06 4.775594185546952019e-04 inf 0.000000000000000000e+00 -9.000000000000000000e+01
6.605739172587629104e-01 3.516820652612442366e-01 6.551585216593442435e-08 1.803710390335720812e-05 1.801287419647345459e-08 -2.935141191058673327e-01 -9.942947150487006514e-09 3.267768239475914854e-02 inf 0.000000000000000000e+00 -9.000000000000000000e+01
9.056248476597190677e-01 0.000000000000000000e+00 3.793193079203011631e-01 4.945227305406270542e-03 -1.034237800501446175e-01 -2.356854586565347749e-03 3.745778165712974062e-01 2.261691373474795874e+00 inf 0.000000000000000000e+00 -3.000000000000000000e+01
1.007102990275992482e+00 1.222603681654758221e-09 2.072951913969858622e-08 6.689324032566402664e-03 -8.999063813118952937e-06 -5.269385372299718993e-07 -1.298065624626157724e-02 9.878042139051502427e-05 inf 0.000000000000000000e+00 -9.000000000000000000e+01
2.922509217344744781e-01 9.634679861443586871e-06 1.092924675304312768e-04 2.027421507221342910e-08 -7.154771729419241444e-01 -3.512332983544837135e-06 1.557059717545991525e-05 2.404941374083248087e-07 inf 0.000000000000000000e+00 -9.000000000000000000e+01
2.901083550937595956e-01 4.263136941560175298e-08 2.805293056331165796e-02 4.317513688263748568e-08 -7.170602739109905865e-01 1.423365721712744194e-06 4.067380653427310072e-08 0.000000000000000000e+00 inf 0.000000000000000000e+00 -9.000000000000000000e+01
8.540313575820183967e-02 1.511733667444032647e-01 7.519402527676162240e-01 1.605718529936558229e-05 -8.324351623328180017e-01 5.926683128047628007e-02 5.148934185314289851e-07 0.000000000000000000e+00 inf 0.000000000000000000e+00 -9.000000000000000000e+01
1.102141450597720063e+00 1.490628210355969724e-05 1.686830555992567364e-04 3.135335778993926804e-08 -4.135639676130176134e-02 1.946490345989344839e-01 2.546614715396247508e+00 7.581727144144540189e-10 inf 0.000000000000000000e+00 -3.000000000000000000e+01
1.357811152710786251e-05 8.146984348580627033e-01 -1.957623369320805915e-08 2.092909927109108767e-07 -5.095623051972015816e-01 1.318819954068753444e-07 1.155759334747752785e-08 1.834879936095657081e-07 inf 0.000000000000000000e+00 -9.000000000000000000e+01
4.900097069430509912e-05 1.989546711584468049e-05 2.238736319487551196e-02 0.000000000000000000e+00 -9.844945974286359869e-01 -5.994571305376302558e-04 -4.058110170948395212e-01 0.000000000000000000e+00 inf 0.000000000000000000e+00 -9.000000000000000000e+01
2.583017201201263657e-01 1.121442178813551571e+00 -2.604364450797968522e-01 4.369167703101580293e-05 -2.250355894985949651e-02 -1.570468232049235940e-04 -9.072581078599480792e-03 0.000000000000000000e+00 inf 0.000000000000000000e+00 -1.000000000000000000e+01
3.826952085678240979e-05 9.249479128992557546e-09 1.563590953806855699e-01 7.522519418199643562e-10 -9.994410518805629806e-01 9.375553041981155407e-06 8.898233086119422264e-10 7.811202452572329818e-04 inf 0.000000000000000000e+00 -9.000000000000000000e+01
8.616083990135414272e-04 2.299688604561322697e-03 -6.307717315368199795e-02 1.360791142776557615e-05 -1.009234770458911967e+00 -1.483068638702209147e-06 -2.711896939341182586e-05 3.062990739523746426e-06 inf 0.000000000000000000e+00 -1.000000000000000000e+01
5.544954388693995850e-05 5.605365421310076989e-09 1.433069838844368719e-09 0.000000000000000000e+00 -1.005011893042009330e+00 1.747181825661178865e-08 -4.487947458349202719e-05 0.000000000000000000e+00 inf 0.000000000000000000e+00 -9.000000000000000000e+01
9.036877643810028256e-05 3.252203868486320599e-07 6.803229249597784190e-01 4.325078754906332710e-10 -8.808211169504436278e-01 0.000000000000000000e+00 -5.655077209993120135e-01 -2.495517026379539746e-02 inf 0.000000000000000000e+00 -9.000000000000000000e+01
1.007686442313113329e+00 6.100127357091043943e-08 0.000000000000000000e+00 0.000000000000000000e+00 4.710735368907446676e-10 -2.282386112683910465e-06 -8.649042111223239401e-04 0.000000000000000000e+00 inf 0.000000000000000000e+00 -9.000000000000000000e+01
2.377609512885263594e-04 0.000000000000000000e+00 3.458341109651292579e-03 7.239460722870038646e-03 -1.007314857609364900e+00 6.786820872703333246e-09 2.439151173256662597e-08 3.246998041839268775e-04 inf 0.000000000000000000e+00 -9.000000000000000000e+01
3.537691512019036644e-01 2.325454007470158368e-08 3.546785834672042115e-02 1.387683510285222645e-07 -3.983313322016293068e-01 2.919686105640108631e-05 -1.273205171420733084e+00 -3.069333895389267028e-02 inf 0.000000000000000000e+00 -8.000000000000000000e+01
6.837257448697460873e-05 4.123495437035307631e+00 1.377247475969792667e+01 2.302284952344713365e-01 -2.075492703307771247e+00 2.114727615683751652e-08 -5.390107865997691302e-05 1.310651375263497757e+05 inf 0.000000000000000000e+00 -2.000000000000000000e+01
6.591766530319649597e-02 2.729876457079374319e-01 6.039274119423150423e-10 0.000000000000000000e+00 -4.332397790245423042e-01 -5.515654821129656327e-01 -6.219758173566831206e-07 8.461714434073091607e-05 inf 0.000000000000000000e+00 -9.000000000000000000e+01
1.664143422519647397e-03 3.309623554319448407e-02 1.317877168697428436e+00 1.579575386445342686e-05 -6.589385843487142180e-01 1.175568604912207148e-05 0.000000000000000000e+00 0.000000000000000000e+00 inf 0.000000000000000000e+00 -9.000000000000000000e+01
9.489481955374942101e-01 1.231820966209920649e-09 1.895450648302984559e-03 1.642039214602194963e-06 -5.869782652809242551e-02 -3.299006058428046240e-06 6.344242420053934506e-07 5.087639256890678155e-09 inf 0.000000000000000000e+00 -9.000000000000000000e+01
2.365725367089603071e-01 6.992291725387989043e-01 -1.151397370780555596e+00 1.308778561880889876e-04 -3.519453501778621596e-01 -3.204800374136161922e-01 -8.713335534261360077e-07 0.000000000000000000e+00 inf 0.000000000000000000e+00 -1.000000000000000000e+01
6.804959804850514759e-04 0.000000000000000000e+00 1.362678393624163803e-09 2.224288507584455399e+00 -6.099416141891749188e-01 -3.213688935270738269e-05 -5.581530700284574936e-06 1.026054752443847685e-09 inf 0.000000000000000000e+00 -2.000000000000000000e+01
5.683185791721671043e-01 5.007634235468051620e-10 1.599459474316877461e-01 1.946004696567964307e-09 -4.583557403128817737e-02 -6.533962107847669509e-01 -9.703907719485228867e-07 2.077090615541988941e-07 inf 0.000000000000000000e+00 -9.000000000000000000e+01
1.836535973241520070e+00 2.846117931859464939e-07 -1.092422259945386998e-01 6.184455728857489497e-04 -1.000595461283311005e+00 3.387786265044920282e-08 2.127037966912330376e+03 0.000000000000000000e+00 inf 0.000000000000000000e+00 -3.000000000000000000e+01
7.559569333846603012e-01 1.449243861929141453e-01 6.009955542290612573e-02 0.000000000000000000e+00 -3.897290925998637690e-01 5.757806694691454119e-01 3.793789366829805769e-09 0.000000000000000000e+00 inf 0.000000000000000000e+00 -1.000000000000000000e+01
7.552608587513218175e-02 2.599265133562210794e-06 3.115156937653427160e-01 2.468224833320469110e-07 -8.545506040451094076e-01 1.234112416660234555e-07 -7.754952618206719661e-01 -4.790377284790315882e-01 inf 0.000000000000000000e+00 -9.000000000000000000e+01
3.571722333736470216e-06 0.000000000000000000e+00 2.197968310072000442e+00 2.240945479660912833e-07 -1.839171673929490269e-01 -3.994662800377566381e-01 1.098984155036000221e+00 1.199767733726150213e-06 inf 0.000000000000000000e+00 -2.000000000000000000e+01
9.370876108192520704e-01 4.698065116791673811e-08 9.514730277420577447e-05 3.886286236458346560e-02 -6.988017035509609676e-02 -9.570132645316373436e-09 4.178285112462782204e-05 0.000000000000000000e+00 inf 0.000000000000000000e+00 -9.000000000000000000e+01
1.006404149604050335e+00 3.518253806069606728e-03 2.037575658746154569e-05 4.959495005159261781e-06 -1.000861943812260778e-05 1.072227041601579425e-09 0.000000000000000000e+00 0.000000000000000000e+00 inf 0.000000000000000000e+00 -9.000000000000000000e+01
1.812751647687791236e-03 1.237362659244884528e-04 2.536660615988417846e-07 2.303972955968543346e+00 -3.871133599940323675e-03 2.339186516430944995e-01 1.986451132496840139e-08 0.000000000000000000e+00 inf 0.000000000000000000e+00 -2.000000000000000000e+01
5.691559505571071931e+00 3.268163617973983653e-04 2.240677110614295771e+02 2.251348784687241533e+00 5.693189088924246607e+05 7.030372730426442791e-07 0.000000000000000000e+00 2.794294177299652756e-06 inf 0.000000000000000000e+00 -2.000000000000000000e+01
6.961292454632554971e-01 8.255649165178880375e-06 9.199480155235932877e-01 1.189102561963366913e-07 -2.101605380290967606e-01 2.608462439812219793e-06 -3.128175723284249421e-01 1.163366684959742674e-08 inf 0.000000000000000000e+00 -9.000000000000000000e+01
3.626572109369491370e-01 4.821774015796755205e-04 1.370250992247258992e+00 1.031182745474945010e-07 -2.478317087933240848e-01 -8.322466051974777512e-06 1.291259809599156728e-07 4.491462456092473559e-09 inf 0.000000000000000000e+00 -9.000000000000000000e+01
3.725238799725704153e-01 0.000000000000000000e+00 3.844637479204092156e-01 2.550630970302477254e-07 -6.160971861084818535e-01 5.551038384028828041e-08 -1.373526164253287031e-08 1.391740857669959523e-02 inf 0.000000000000000000e+00 -9.000000000000000000e+01
9.330725417844599741e-05 3.693855090784223622e-09 1.721000465958003880e-04 1.378873867303701971e-04 -6.603333643263250563e-01 0.000000000000000000e+00 -1.290941110965934335e+00 -1.534054198475144071e-01 inf 0.000000000000000000e+00 -9.000000000000000000e+01
3.982650162361263716e-05 9.503532150540952155e-09 4.511420099171939766e-05 4.696832363417638118e-09 -1.006425146385008906e+00 -9.067841895093724388e-05 9.787869043091240739e-05 3.339969680652542662e-08 inf 0.000000000000000000e+00 -9.000000000000000000e+01
3.301376500982468418e-05 1.984945049251257254e+00 -3.275159331264574369e+00 4.404096828026227151e-02 -7.919103686075328052e-02 -6.719866052152693526e-04 -9.461571401430992623e-01 0.000000000000000000e+00 inf 0.000000000000000000e+00 -2.000000000000000000e+01
5.188278409059205593e-02 5.294999325701246458e-04 1.504732087447652189e+00 1.417988441335707178e-07 -2.506135494806320252e-01 5.372166757734721937e-02 5.539017348967606166e-10 4.932269865511791210e-09 inf 0.000000000000000000e+00 -8.000000000000000000e+01
6.204577704278091410e-01 6.864259816514554913e-02 3.414300661980616547e-01 7.291012576515498360e-06 -3.779800210652170533e-01 8.669471002026500617e-02 1.017477128215222472e-05 0.000000000000000000e+00 inf 0.000000000000000000e+00 -9.000000000000000000e+01
1.002449224976991626e+00 1.216954099990268721e-09 2.063372921774545378e-08 6.658413048926090788e-03 -5.393831187061346391e-08 -1.246357408242915882e-02 -1.282925351761045329e-02 6.751588692769892951e-07 inf 0.000000000000000000e+00 -9.000000000000000000e+01
1.287894058116526352e+00 6.334146749633913320e-09 1.927545092247785752e-02 1.209752171444287683e+01 1.427271400157872413e+05 -1.945849881487538257e-06 1.514726829731008332e-04 5.565962994891076735e-09 inf 0.000000000000000000e+00 -2.000000000000000000e+01
9.724899495281252859e-01 4.938535203436197919e-10 0.000000000000000000e+00 4.944349189677172876e-05 -8.216696237917620017e-05 -8.927536005477006154e-02 -4.310899235521430464e-03 -1.626523683189646380e-02 inf 0.000000000000000000e+00 -9.000000000000000000e+01
1.556555067891012833e-01 2.712275915183403216e-06 3.054186915546403536e-01 2.667321065760473734e-06 4.960018386329869718e-06 -2.170338612012074619e-01 -8.092122245692079385e-01 -4.998653183321927762e-01 inf 0.000000000000000000e+00 -9.000000000000000000e+01
1.972165733725290215e-06 2.234394923844952386e-09 1.098606754966075183e+00 1.251863014571717397e-07 -1.019846344224022011e-01 -4.806404552976579203e-01 -4.298704997729343907e-06 1.650939379016115038e-01 inf 0.000000000000000000e+00 -9.000000000000000000e+01
2.877872319755254028e-03 4.173950069515533490e-01 1.160017869699746792e-09 7.675862925034495607e-10 -1.152805257294766461e+00 8.824923004118556680e-01 5.357999133986779321e-06 1.002057989570419560e-09 inf 0.000000000000000000e+00 -1.000000000000000000e+01
5.367389559510526986e-01 1.068630807735333080e-09 4.591773001987759246e-10 1.298219457834721120e-09 -3.018456289338514176e-02 -6.790476144182421292e-01 -2.369943406756735982e-01 3.308163730977544935e-10 inf 0.000000000000000000e+00 -9.000000000000000000e+01
7.709262065035743863e-03 1.206408578866382943e-08 6.632656888871150958e-03 5.675247285781923751e-02 -9.720206733371750119e-01 -1.761048505933293594e-05 -6.323253057551527921e-05 0.000000000000000000e+00 inf 0.000000000000000000e+00 -9.000000000000000000e+01
1.283379543313138173e-02 -4.648593003792213935e-02 1.599918628067766191e+00 -1.254116817569841946e-01 -5.936152936497251370e-02 1.350504786020227770e-09 1.837085181987072994e-06 0.000000000000000000e+00 inf 0.000000000000000000e+00 -9.000000000000000000e+01
1.007864001050904124e+00 1.099214960798021980e-07 7.072468352421382286e-08 5.692058866768052173e-07 2.589599199069952431e-09 -2.039597620283833637e-05 -1.614338832325099019e-09 7.147971638658894358e-03 inf 0.000000000000000000e+00 -9.000000000000000000e+01
2.234045638025197178e-01 1.210962670033352984e-08 9.905306879397433872e-02 0.000000000000000000e+00 -7.799699405230827720e-01 0.000000000000000000e+00 0.000000000000000000e+00 0.000000000000000000e+00 inf 0.000000000000000000e+00 -9.000000000000000000e+01
2.306510114174686182e-02 2.600157676776163578e-08 7.959721178328328373e-01 -6.271531024295446679e-05 -1.529920434276094421e-01 9.858417731852752618e-10 -6.822618152852852891e-01 -3.010738692452111231e-02 inf 0.000000000000000000e+00 -9.000000000000000000e+01
4.481070824485513068e-05 1.304655292847397341e+00 6.460581022685841420e-08 6.907055958349713877e-07 -1.681665947814706019e+00 4.364218576423021186e-07 1.584238457504733049e+02 1.212262879047843050e-01 inf 0.000000000000000000e+00 -3.000000000000000000e+01
2.599720587770651958e-01 7.377217584144991624e-01 -6.668762146950629586e-08 1.835970254140529463e-05 1.833503947945063602e-08 -2.987637010553184091e-01 -3.257816057949954293e-10 4.943767558756739958e-10 inf 0.000000000000000000e+00 -9.000000000000000000e+01
3.571483650780345465e-01 1.820999217404014724e-04 2.423506763029520117e-01 3.767434405320859497e-10 -2.107661270103367290e-01 -6.997192458671697146e-01 4.773079178354374814e-07 6.632755351449213244e-01 inf 0.000000000000000000e+00 -1.000000000000000000e+01
1.439727576336644388e-06 3.238771778562434076e-05 2.048368594570151857e-01 0.000000000000000000e+00 -9.967651901136643788e-01 -2.187086161969729209e-09 9.108853355895904627e-09 8.231615499721232448e-10 inf 0.000000000000000000e+00 -9.000000000000000000e+01
2.430752278209812045e-01 6.180262397566802586e-10 8.638924112411271725e-05 7.280280260904454809e-04 -4.242003975795957116e-01 -6.363005963693935119e-01 -1.449967789638761342e-06 1.296759867114776108e-07 inf 0.000000000000000000e+00 -9.000000000000000000e+01
1.019111277945769833e+00 2.488064643422289632e-04 6.341386255940087424e-02 9.163092695599269226e-04 3.984410833378285166e-02 -1.803024818691483118e-04 8.763693070286686102e-09 4.949412733680077586e-06 inf 0.000000000000000000e+00 -9.000000000000000000e+01
5.919179702038991353e-01 2.665670683484038222e-03 5.783346395906674604e-03 3.998506025226057441e-04 -3.842274543428819134e-01 -1.285751484560915274e-05 -5.429623486080878969e-01 2.053725413536398176e-02 inf 0.000000000000000000e+00 -8.000000000000000000e+01
3.287560142632123261e-01 8.164743936638342797e-10 1.424609395140586710e+00 3.853759138093297883e-07 6.210804073401692411e-06 -3.204392698547679774e-02 8.539855600927327489e-06 0.000000000000000000e+00 inf 0.000000000000000000e+00 -9.000000000000000000e+01
5.798734705971563264e-01 2.026033610376349291e-03 5.625513058205798235e-10 1.087587190158596845e-06 -3.962468715747235470e-01 -8.738371049971037363e-02 2.880262685801368696e-07 1.259614038908267508e+00 inf 0.000000000000000000e+00 -1.000000000000000000e+01
6.220160691798751751e-01 1.736183978503875368e-09 1.090241514060504367e-09 1.150368490774451163e-03 -3.853196888724890190e-01 -1.293716589313323494e-03 0.000000000000000000e+00 0.000000000000000000e+00 inf 0.000000000000000000e+00 -9.000000000000000000e+01
3.893786548341779552e-10 0.000000000000000000e+00 7.645113546392076076e-01 2.069566092284362123e-07 3.326495223561653966e-06 -2.954827734970219101e-08 -7.704840995973264439e-01 0.000000000000000000e+00 inf 0.000000000000000000e+00 -9.000000000000000000e+01
3.132484306085514536e+00 3.445532533746825025e-08 6.980164676366325217e-04 8.334463831630834062e-08 2.124777384676458603e+00 6.023861777749939682e-09 1.865429938270713692e-05 5.572799663957069265e-09 inf 0.000000000000000000e+00 -2.000000000000000000e+01
5.756855726613458596e-03 0.000000000000000000e+00 7.079236024365217483e-01 0.000000000000000000e+00 -1.353681080116008525e-04 -3.995642418660123041e-01 3.152698494682714065e-04 2.360879005179477803e-07 inf 0.000000000000000000e+00 -9.000000000000000000e+01
9.876655189640347610e-01 3.110928837265571900e-01 3.664740114376032262e-05 6.665578034118724792e-05 1.158440283806935062e-01 6.017424066348320014e-10 1.241574905002777876e-08 2.632268467003278556e-08 inf 0.000000000000000000e+00 -9.000000000000000000e+01
3.443869987796852605e-01 6.966237545425673479e-06 9.139945662887903117e-07 2.233984084189274189e+00 -4.452108240803168138e-01 4.183199717104250866e-06 1.789365839734998952e-08 0.000000000000000000e+00 inf 0.000000000000000000e+00 -2.000000000000000000e+01
4.262806948542618435e-01 0.000000000000000000e+00 4.701854488470986205e-10 0.000000000000000000e+00 -5.814704409071957958e-01 -2.546685388308020214e-09 4.383511789593481185e-04 2.997477974284382875e-07 inf 0.000000000000000000e+00 -9.000000000000000000e+01
0.000000000000000000e+00 4.496642489198854920e-09 8.566220030727590695e-02 0.000000000000000000e+00 -1.004583985421690251e+00 3.099018698971496067e-04 -5.688861971367345567e-06 3.806127309107372736e-01 inf 0.000000000000000000e+00 -1.000000000000000000e+01
4.272984484618214673e-01 1.923478878864598235e-03 4.164888150929956304e-03 2.116144697144258568e+00 -5.738007736487317212e-01 2.153947366045188111e-07 -4.269084869639111329e-06 8.344120427021899570e-07 inf 0.000000000000000000e+00 -2.000000000000000000e+01
7.906110269898683485e-02 0.000000000000000000e+00 1.296308358804440397e+00 2.567752240800577822e-07 -8.890090557359757728e-01 3.126569826645788546e-04 5.952835967923714167e-01 4.986107987590939591e-07 inf 0.000000000000000000e+00 -8.000000000000000000e+01
2.273235355872024466e-01 4.870517220356476162e-01 -1.232042277634430001e-08 2.509444781642574485e-09 -5.440053508220741296e-01 5.656273905491274083e-07 2.359902357920200529e-06 0.000000000000000000e+00 inf 0.000000000000000000e+00 -9.000000000000000000e+01
1.767578027220282066e-01 3.603704786798137549e-01 3.486192674185154550e-01 -6.678605066837852711e-01 -6.345654081101067545e-01 -1.274776726696661536e-07 6.060652780637842567e-05 5.078094103599338556e-09 inf 0.000000000000000000e+00 -1.000000000000000000e+01
5.964656145201443355e-02 2.797090304116204781e-02 1.426577801022092640e+00 2.166986427380313995e-07 -2.746458647397103658e-01 -1.273509658331053388e-04 2.478278738513555788e-05 7.537344095235875196e-09 inf 0.000000000000000000e+00 -9.000000000000000000e+01
4.776875803204055915e-01 4.209055921688769729e-10 1.276455585137610815e-01 7.322635961797834270e-01 -5.692205298428785198e-01 1.258578055934002626e-01 -8.947493864110446392e-07 0.000000000000000000e+00 inf 0.000000000000000000e+00 -9.000000000000000000e+01
2.922520055565634989e-01 6.190067069264333568e-09 1.092928728451169267e-04 2.027429025980223995e-08 -7.154798263123895996e-01 -3.512346009146429713e-06 1.574962796458016776e-05 6.228261967811249129e-05 inf 0.000000000000000000e+00 -9.000000000000000000e+01
5.930908992820513870e-01 2.205701515556630508e-07 7.544158005832431180e-02 3.983208154504073057e-09 -2.307624801784037838e-01 -2.944571014041170165e-01 -4.479506968169014725e-01 1.573367221029108754e-07 inf 0.000000000000000000e+00 -9.000000000000000000e+01
1.764977891690478466e-05 9.662506085017365205e-06 1.420597798654193999e-03 1.481137101243168441e-08 -1.007697793736460623e+00 2.645597157565706819e-07 1.114269432367575316e-03 -1.782926819402585076e-05 inf 0.000000000000000000e+00 -9.000000000000000000e+01
3.662860470525348688e-01 1.133978761614989329e-06 4.906592943726120204e-01 2.223966967822500462e-08 -3.159900525318882991e+00 -4.358649400966119556e-06 8.706871411020836979e-07 3.703207130088157952e+06 inf 0.000000000000000000e+00 -3.000000000000000000e+01
8.173193012243225031e-01 3.911629037601641740e-02 3.998933681007239611e-08 5.695555615884460388e-05 -1.765763647822232163e-01 -4.978701202161071312e-05 2.464570637934917480e-08 1.493256843403197552e-02 inf 0.000000000000000000e+00 -9.000000000000000000e+01
1.904176833899352772e+00 1.058528553333565050e-07 1.513845248453015158e-01 7.350892731483090169e-10 -4.328795781727155512e-01 -1.471589917701062929e-05 7.551985055647256786e+02 3.010925662815473945e-07 inf 0.000000000000000000e+00 -3.000000000000000000e+01
9.494889333313746294e-01 1.933187640644584890e-09 -1.371124519334494070e-03 1.706969879904397859e-05 -3.014501101500873317e-02 -5.466734801612560498e-07 -5.176734875875845798e-01 7.290610323598800104e-10 inf 0.000000000000000000e+00 -9.000000000000000000e+01
2.478891853937566486e-03 7.834522402568110389e-01 -2.172855822587249630e-02 7.868510632710020236e-08 -5.405820457771995935e-01 -2.494193655505082090e-03 7.588326277836072324e-09 0.000000000000000000e+00 inf 0.000000000000000000e+00 -9.000000000000000000e+01
1.545897109077828402e+00 2.736188493383760356e+00 1.232330494238547021e-03 1.186962162686956670e-05 5.156283009192501154e+00 -4.003642215412353867e-06 1.899139460299130604e-05 7.764416428786824627e-09 inf 0.000000000000000000e+00 -2.000000000000000000e+01
1.883811228830233617e-04 1.646743768445347687e-06 1.526534719104670756e+00 3.283941196204055951e-05 -5.839203843569779062e-02 -7.159755514979772992e-06 2.068451503757991062e-10 6.364227124426464694e-08 inf 0.000000000000000000e+00 -9.000000000000000000e+01
4.524242604961811054e+01 1.956852337786250604e-02 3.000849303398409680e-05 8.942815183683165969e+00 2.380213740458004177e+06 2.939264709485382654e-06 0.000000000000000000e+00 1.168241084531967998e-05 inf 0.000000000000000000e+00 -2.000000000000000000e+01
5.139726482118108786e-01 -1.802508023961075010e-09 1.151293712730313591e-02 6.901488196203515134e-03 -4.938955916410370239e-01 8.210222108409720760e-06 2.527400462476873430e-07 4.450175411854106480e-10 inf 0.000000000000000000e+00 -9.000000000000000000e+01
2.341860559311103329e-05 5.288625530670826755e-08 1.815677946784745589e-01 0.000000000000000000e+00 -3.278604783035544458e-04 9.475879480026758379e-10 -1.342916519131359010e+00 6.851614893527342189e-03 inf 0.000000000000000000e+00 -9.000000000000000000e+01
1.319876249754315500e+00 8.031370539045564527e+00 5.106239390941405887e+00 9.905441932277803119e-02 -1.611624957470279285e-01 -1.124713563451961145e-03 -6.513385450645693686e-02 4.324970495194941032e+04 inf 0.000000000000000000e+00 -2.000000000000000000e+01
5.841261603055964979e-01 0.000000000000000000e+00 1.562197870584734749e-01 5.033479163762926388e-03 -4.162626624104665551e-01 5.479860314593685568e-09 0.000000000000000000e+00 0.000000000000000000e+00 inf 0.000000000000000000e+00 -9.000000000000000000e+01
1.007191905284634093e+00 2.506645366770535871e-03 -6.885746481047423409e-10 3.533484467424498407e-06 -7.130827087874741178e-06 -4.573175021374892326e-09 1.996631584604927428e-05 3.741688653852184470e-10 inf 0.000000000000000000e+00 -9.000000000000000000e+01
4.292848290594605820e-01 6.568380655157911585e-01 1.519851285519339296e-07 9.865935700746825739e-04 -2.178701200113803693e-01 -5.657940761290910928e-04 -1.777648845341607149e-07 2.033076206703419281e-04 inf 0.000000000000000000e+00 -9.000000000000000000e+01
1.008130199377251890e-05 5.842742717088116153e-10 1.800295099702775774e-09 1.631293766611002075e-07 -1.007696553817306162e+00 -1.659338931653024942e-07 -5.686213302600239211e-04 2.081477092962641451e-09 inf 0.000000000000000000e+00 -9.000000000000000000e+01
3.389799325929102047e-01 1.645105428669470793e-01 2.256231233754128762e-01 2.896051950592729018e-01 -2.945342688757948135e-01 -3.199019225161433000e-01 -3.066713081838633448e-01 -2.731897263867698045e-01 inf 0.000000000000000000e+00 -9.000000000000000000e+01
9.286716041950795475e-01 2.567700551722506240e-03 3.391753286926473682e-02 1.982690287939798841e-05 1.981779125123649900e-08 -1.308930141715287099e-01 -3.630609152202985968e-01 2.890155969845797923e-02 inf 0.000000000000000000e+00 -9.000000000000000000e+01
5.040851622137405741e+01 4.140630840743317009e-07 4.628175542554783297e-06 0.000000000000000000e+00 6.668952767175574081e+01 5.291328721374046751e+01 -1.813712945734044571e-07 6.998995788224782579e-04 inf 0.000000000000000000e+00 -2.000000000000000000e+01
6.332357040720484331e-01 1.968734683596355407e-08 1.305560031852248004e+00 3.261808943236565172e-09 -1.451165155165111131e-01 6.733305604252624481e-08 8.791594417317304048e-10 4.776220238310684716e-09 inf 0.000000000000000000e+00 -8.000000000000000000e+01
2.025821515832863101e-03 7.253918188203611929e-06 1.903352112987453254e-08 1.757512710624777430e+00 -1.095444227079992727e-01 -3.553440999623866947e-01 -1.055115372829616244e-04 7.746891537397894087e-03 inf 0.000000000000000000e+00 -9.000000000000000000e+01
9.388357959179859380e-01 2.515834485793295716e-01 3.403663271557240411e-02 1.764002421768772443e-04 -8.801285968485381898e-06 1.534045418166643526e-01 -4.249305808321602873e-01 2.027816287139031989e-02 inf 0.000000000000000000e+00 -9.000000000000000000e+01
5.524490140682484229e-01 5.129054087235627746e-10 6.911831223093335317e-05 -1.149590895220873373e-03 -4.560716159753452903e-01 1.682329740613285934e-08 2.697882449885939889e-08 4.343667680127671873e-10 inf 0.000000000000000000e+00 -9.000000000000000000e+01
3.761783948241168019e-02 3.854909287006793497e-08 4.009454195765120854e-01 1.430550151594428426e-07 -9.495583829597582515e-01 0.000000000000000000e+00 -1.047983828927966724e-09 5.098284652411296306e-07 inf 0.000000000000000000e+00 -9.000000000000000000e+01
2.537304127289679578e-01 5.788314516391686913e-09 1.261113630805337784e-07 8.050949419061275976e-05 -3.686116093717254349e-01 -6.876342129983756823e-01 -1.715114537895259407e-06 2.924207231429876809e-07 inf 0.000000000000000000e+00 -9.000000000000000000e+01
-4.053180090363434296e+00 1.756444008885521459e-04 3.587587138527452922e-07 7.498383167172353314e-01 -8.511678189763212110e-01 -5.182746758612911866e-04 -1.464211307643790594e+00 -2.034506412545708173e-02 inf 0.000000000000000000e+00 -2.000000000000000000e+01
2.148039539272434406e-01 1.064637561409646275e-05 1.194748999215762719e+00 2.013787068067907429e-02 -2.469461514127068713e-01 0.000000000000000000e+00 -2.171558220359358915e-01 0.000000000000000000e+00 inf 0.000000000000000000e+00 -9.000000000000000000e+01
9.667586262266144592e-01 0.000000000000000000e+00 4.048546372482406119e-02 2.939488407681186819e-08 -3.877308761561699957e-02 -9.574781592776083518e-04 1.169614038878036451e-03 2.388917563067885119e-07 inf 0.000000000000000000e+00 -9.000000000000000000e+01
1.029274190162720259e+00 1.392076437389931693e-05 6.091821674732008848e-04 2.033145483941807725e-03 -4.252091528962941708e-02 1.793432301041103238e-01 2.349872618671038273e-06 9.298556604310938001e-01 inf 0.000000000000000000e+00 -1.000000000000000000e+01
