5.326331976116063238e-01 1.356060622595725573e-01 2.027982694371145423e-09 1.937525912320058182e-07 -4.210152113474093793e-01 -3.443193639363958969e-08 0.000000000000000000e+00 4.816642730656283381e-05 1.822287305934992037e+04 1.000000000000000000e+00 0.000000000000000000e+00
1.479515812106042549e-01 4.219684150503624220e-01 1.899391079818706749e-07 1.706321107419552652e-08 -6.635934825895740685e-01 1.694841271222846063e-07 0.000000000000000000e+00 -1.082026742613206110e-06 2.166314384389779661e+04 1.000000000000000000e+00 0.000000000000000000e+00
5.597876683243202534e-01 1.156433325185814350e-08 1.522953176884050440e-08 1.268310350262806895e-05 -4.633091118517575491e-01 3.922754493939365622e-02 0.000000000000000000e+00 -7.178733647055109560e-08 2.603126873634601725e+04 0.000000000000000000e+00 0.000000000000000000e+00
6.039732833188193872e-01 -3.554404815151811226e-02 1.195607585237247230e-07 1.074076044979615020e-08 -4.177114495945849493e-01 1.066849845288620674e-07 0.000000000000000000e+00 -6.811021672384494661e-07 3.696910844034195907e+04 0.000000000000000000e+00 0.000000000000000000e+00
3.895089965788282593e-01 5.716674327898225716e-01 1.496993531627586194e-01 1.325999706160650950e-07 -2.964919227689588599e-01 4.638255723041258177e-10 -1.510992835898185742e-05 3.844013085455267069e-07 3.881086933021510049e+04 1.000000000000000000e+00 0.000000000000000000e+00
2.984715936600476627e-01 2.717023766010231434e-01 3.878428867570955507e-01 1.929541542856875180e-01 -4.467281003612249557e-01 -1.506787631776082270e-01 -6.253695118047971659e-03 -2.898644208238907449e-01 4.683101506992083887e+04 1.000000000000000000e+00 0.000000000000000000e+00
2.519840607729062487e-01 6.027186318487081085e-01 7.689943260891914328e-05 1.833028929342538462e-09 -4.375669163421412322e-01 5.780447214690712085e-07 -1.824802752179216145e-04 1.010766402007013633e-07 5.205574967029097752e+04 1.000000000000000000e+00 0.000000000000000000e+00
4.766587224722410032e-01 5.823837774566854170e-02 9.485389113858629928e-01 1.041570986605225811e-02 -4.384304540032893382e-01 1.271021724065369115e-08 5.874470153243302936e-10 0.000000000000000000e+00 8.036986726549219748e+04 1.000000000000000000e+00 0.000000000000000000e+00
2.894040751942750234e-01 5.064571315899812909e-01 7.059112915211708250e-01 6.134597970080292180e-05 -2.551839987354925232e-01 0.000000000000000000e+00 -2.536190795023467180e-07 5.499839298721041552e-10 8.436674520304876205e+04 1.000000000000000000e+00 0.000000000000000000e+00
3.377594091071384752e-01 8.584718314806435990e-02 9.714603957176745075e-01 1.173409725220820806e-07 -5.581072140960812167e-01 3.864630682023230168e-10 5.137861720674294153e-10 3.681285412457476815e-06 9.145555616907132207e+04 1.000000000000000000e+00 0.000000000000000000e+00
1.950589615746801953e-01 4.776076044438860579e-01 9.351356099021432833e-01 0.000000000000000000e+00 -1.541826350682214686e-01 -1.243855975529550030e-08 1.923488621952912574e-10 -1.960898338440316701e-05 1.088976630116571905e+05 0.000000000000000000e+00 0.000000000000000000e+00
2.086160618316832693e-01 5.614724633984978786e-01 5.643843096511689792e-10 2.719142296977517290e-09 -5.014529931731411816e-01 8.567389883399931008e-06 -4.162640676919898003e-02 -3.039695750122902163e-01 1.092787362348726601e+05 0.000000000000000000e+00 0.000000000000000000e+00
5.699292662978261426e-01 -1.282830479123973078e-01 4.858047198495484584e-04 5.545001699577643963e-10 -4.837543944177424837e-01 1.844442670596353244e-07 -1.228071955359090786e-07 0.000000000000000000e+00 1.117736204733499326e+05 1.000000000000000000e+00 0.000000000000000000e+00
1.531222054531581904e-10 7.704353219363646182e-07 4.681223863406423769e-02 2.174253652258604930e-05 -8.423665705425109618e-01 -3.613042157989564962e-01 -1.621460501467841559e-03 2.419708925679537021e-10 inf 0.000000000000000000e+00 -9.000000000000000000e+01
2.529272915928491572e-01 4.635360091059608778e-01 1.126855053983705363e-01 2.823016501564428659e-09 -5.176644178126017515e-01 -9.648410476411787307e-07 2.546495591426059177e-02 -3.720097907474590460e-01 inf 0.000000000000000000e+00 -9.000000000000000000e+01
1.264501676818435705e+01 -1.474136600962981174e+04 7.538375381032981437e+00 -2.452429483918952319e-06 -1.164800583069289708e+01 4.899061262202162314e-07 -6.264146768239019991e+01 -6.678956892375019425e-06 inf 0.000000000000000000e+00 -2.000000000000000000e+01
1.640183014379279743e-06 7.292191748619655245e-01 2.357763083170214782e-09 5.430536615075503626e-05 -5.652595176209890271e-01 -2.515290196310435156e-02 9.738586647876974928e-09 -5.956794802515810163e-04 inf 0.000000000000000000e+00 -9.000000000000000000e+01
1.598761556157139441e-01 9.260586062986708722e-01 -1.658338015913400743e-05 5.630394580569120284e-10 -2.332619319639105127e-01 0.000000000000000000e+00 4.670298394865137794e-10 3.330753241994040270e-02 inf 0.000000000000000000e+00 -9.000000000000000000e+01
1.001699855141798157e+00 0.000000000000000000e+00 0.000000000000000000e+00 0.000000000000000000e+00 0.000000000000000000e+00 2.552197944599061197e-09 0.000000000000000000e+00 2.304712083304606727e-08 inf 0.000000000000000000e+00 -9.000000000000000000e+01
5.903088440515726898e-01 2.205259542934110338e-06 -1.062301475825567186e-02 1.496127587510020507e-01 -4.183050601813730340e-01 4.094823370049858466e-10 0.000000000000000000e+00 0.000000000000000000e+00 inf 0.000000000000000000e+00 -9.000000000000000000e+01
1.838696954354538671e-01 4.174655450989275644e-03 2.416376094813597124e-07 5.078714830251021919e-05 -8.222376728856221062e-01 2.350560403515172174e-09 1.161176839336495135e-07 -2.631111258409477363e-02 inf 0.000000000000000000e+00 -9.000000000000000000e+01
2.296405560085374997e-01 7.850903268205105067e-10 1.821621288168989439e-01 7.593558239255807259e-05 -7.693443100032859583e-01 4.963214709784836632e-10 -1.916131518316886164e-04 7.147029182090164585e-10 inf 0.000000000000000000e+00 -9.000000000000000000e+01
4.087509307079235654e-01 1.387275886039013306e-01 2.584627097203637813e-01 3.943827968145199300e-06 -5.268345329124347609e-01 8.599560984853349624e-07 4.629671503764698795e-10 4.120733222690753546e-04 inf 0.000000000000000000e+00 -9.000000000000000000e+01
1.486434646907648779e-03 -7.755525294433128781e-06 9.923290635016547290e-01 4.813737191512091895e-01 -4.060750368258803644e-01 -2.985054906468392333e-01 1.002161592332082712e-02 1.026864953651253015e-09 inf 0.000000000000000000e+00 -9.000000000000000000e+01
6.807448771909396790e-01 -8.188823680259159354e-02 6.830723384041916812e-01 7.477837742809678723e-02 -6.872548725579832318e-01 -1.688121826729024333e-01 -7.821640120831296894e-02 -2.996906626433153420e-01 inf 0.000000000000000000e+00 -9.000000000000000000e+01
7.576932251908398541e+01 1.072355081106870500e+01 4.539897423664123188e+00 4.372341942241174395e-02 -1.231145038167939201e+05 5.326425893129772186e+09 2.955629770992367185e+02 3.525773987515282929e-03 inf 0.000000000000000000e+00 -2.000000000000000000e+01
2.585439109261074378e-12 6.392786679496498693e-04 4.613233869899520008e-08 1.815410139923315062e-03 -5.712649418333518115e-09 -1.229675475322376199e+00 3.543459426938007564e-09 3.458462274344183129e-02 inf 0.000000000000000000e+00 -9.000000000000000000e+01
3.541902731393128168e+00 1.206311560769116964e-03 4.250038671129530155e-02 1.193679926049617812e+00 1.168241734351144409e+10 -2.044910692986640299e+00 0.000000000000000000e+00 0.000000000000000000e+00 inf 0.000000000000000000e+00 -2.000000000000000000e+01
7.385970544180950295e-09 1.227579295146944194e+00 4.573089238803625622e-10 3.168266424289068703e-12 -1.265251268099244376e-05 -3.216141491537185179e-06 3.012380975221654305e-13 2.554204148570808325e-14 inf 0.000000000000000000e+00 -9.000000000000000000e+01
7.296740711075726527e-01 8.963707548250733886e-05 4.400972528411070263e-09 5.522358684191915223e+00 -4.908831641565701825e-04 0.000000000000000000e+00 8.061161166521754851e+00 -4.418231244208760849e-07 inf 0.000000000000000000e+00 -2.000000000000000000e+01
1.654031807052495362e-01 2.131131110010256671e-09 1.338149040893597874e+00 8.094591903065044274e-08 -1.765958771439506414e-01 2.214523196923701350e-09 -1.088178820429273330e-01 1.942109046339781680e-08 inf 0.000000000000000000e+00 -9.000000000000000000e+01
3.267954626212635771e-01 5.564143368371633480e-01 1.659202082778073054e-03 1.180856533054188136e-07 -1.669243010511490266e-01 -2.735050754312253751e-01 7.211025604835454369e-10 1.693277267532212115e-09 inf 0.000000000000000000e+00 -9.000000000000000000e+01
2.757068706600341798e-02 0.000000000000000000e+00 8.446162339694701735e-04 1.679974567922574476e-11 -3.021312928370790130e-01 -7.509844914608545530e-01 -3.581172832030553033e-01 -8.243454443542028720e-01 inf 0.000000000000000000e+00 -9.000000000000000000e+01
6.659592334543612546e-01 1.047045151211876413e-01 4.355998453772966794e-01 -4.891303146295539889e-02 -3.172210194860274890e-01 -7.602523148158168986e-01 -6.715331376882889280e-01 -5.247652443599114536e-01 inf 0.000000000000000000e+00 -9.000000000000000000e+01
3.892918779710922007e-04 -1.375739934710232149e+00 3.139624360803852099e-01 3.751656410340243975e-09 -9.622534201729064955e-05 -4.346019401590057729e-01 -2.577639093356862143e-01 -1.882275989102452529e+00 inf 0.000000000000000000e+00 -1.000000000000000000e+01
4.845981527913200693e-01 6.937100322001747863e-09 1.178315382050523601e-02 1.298170820491555189e-09 -8.498962090405649567e-09 -8.357956904884003002e-01 2.523319532330460549e-08 2.685590884891904762e-08 inf 0.000000000000000000e+00 -9.000000000000000000e+01
1.035524634445667835e-01 3.350226758500690072e-01 4.933335804420997325e-03 7.715259749037533185e-09 -7.553238510074282708e-01 3.504845840503952355e-07 1.936378917405498413e-09 5.030046797166627052e-10 inf 0.000000000000000000e+00 -9.000000000000000000e+01
1.514251624825263140e-08 1.071126634522953314e+00 2.823723259279259934e-01 5.136236741565143246e-03 -2.142205634782361629e-09 -1.129837977746379375e-03 3.453107590395448268e-09 0.000000000000000000e+00 inf 0.000000000000000000e+00 -9.000000000000000000e+01
4.701594804759068325e-01 -5.977889785441232166e-05 4.521077448133416943e-08 2.315886966021950190e-09 -5.376043955545711794e-01 2.917726270651050418e-07 8.447796343497789874e-05 9.649529025091458435e-10 inf 0.000000000000000000e+00 -9.000000000000000000e+01
3.062429576352879462e-08 -4.105432309013643563e-05 8.158686428604236216e-08 2.004605619635568146e-08 -1.007970528185191839e+00 0.000000000000000000e+00 4.734054189099347852e-03 5.595596514471948235e-06 inf 0.000000000000000000e+00 -9.000000000000000000e+01
2.108410467049803005e-01 5.615905373951679547e-01 1.374071591134441444e-09 0.000000000000000000e+00 -5.107147395823652403e-01 9.405210237375606532e-06 0.000000000000000000e+00 5.335917266368229145e-09 inf 0.000000000000000000e+00 -9.000000000000000000e+01
4.276347778882227391e-01 7.730697357704713335e-01 -3.225264980005613158e-05 4.673647864545170322e-06 -7.406164028161036931e-06 -1.196300951872659724e-01 6.652954766744252901e-10 7.301044280664558458e-04 inf 0.000000000000000000e+00 -9.000000000000000000e+01
7.126193076278766192e-01 6.746182029430129126e-10 1.577285072525857926e-04 2.168202975818333267e-01 -2.946406752692182218e-01 5.068752984274528954e-10 0.000000000000000000e+00 -2.239171244778527178e-02 inf 0.000000000000000000e+00 -9.000000000000000000e+01
4.615212148491869976e-02 -1.043609448266721515e-04 2.343903437504357332e-05 3.344177786741435454e-02 -9.615436647339211662e-01 4.015991765988320988e-09 4.013049647478439541e-08 -1.306319447945873224e-04 inf 0.000000000000000000e+00 -9.000000000000000000e+01
1.007944020044786670e+00 2.084753518335763587e-03 5.963978419542817141e-04 7.916785512667456632e-04 -3.896542869516013591e-06 -8.734853348976426204e-04 -1.015987474125656801e-03 -6.597321260556213499e-04 inf 0.000000000000000000e+00 -9.000000000000000000e+01
4.426321756867275896e-10 -1.814791920315583122e-10 1.871518196440437487e+00 1.547111587509620185e-05 2.163018773312650023e+00 3.189403528287408192e-17 -4.168119654383351654e-11 5.018620257746362781e-17 inf 0.000000000000000000e+00 -3.000000000000000000e+01
4.475951201754239874e-04 6.726842482716023364e-01 2.137767738151278574e-01 5.988781672305470104e-10 -5.780523963961057277e-01 1.165612292123499882e-05 0.000000000000000000e+00 -6.288600096395011857e-03 inf 0.000000000000000000e+00 -9.000000000000000000e+01
5.792936796575038930e-06 -1.278441224071732794e-05 1.438022158158323682e+00 1.378127371201124121e-07 -2.678668725981191434e-01 -3.486800926206719969e-02 -1.570392945915037030e-05 4.081561900769880089e-07 inf 0.000000000000000000e+00 -9.000000000000000000e+01
2.366809927141865777e-01 4.176031432084306022e-03 1.483138149175181164e+00 2.235059076326811542e-02 -1.278013580599084052e-05 -6.843296033755628977e-08 4.552025899437187405e-06 4.787731810868486176e-02 inf 0.000000000000000000e+00 -9.000000000000000000e+01
1.963514833574937779e-03 2.021780308479450911e-09 2.880555563319293879e-08 2.098800510707239659e-09 -1.005319594790368143e+00 9.627525278473574882e-10 -6.845802038652979966e-05 7.076231079678077776e-10 inf 0.000000000000000000e+00 -9.000000000000000000e+01
5.848601952940222538e-03 -1.521085078736697090e-05 1.528516086374685390e+00 0.000000000000000000e+00 -4.703876382812051052e-09 5.351933655366652554e-10 5.752418486720619682e-10 0.000000000000000000e+00 inf 0.000000000000000000e+00 -9.000000000000000000e+01
7.571938980938387465e-01 5.047959320625591273e-01 0.000000000000000000e+00 4.136700554579398779e-04 -2.743788450981993979e-03 1.202652632126313993e-09 5.247938758369370827e-09 3.463639580523784366e-08 inf 0.000000000000000000e+00 -9.000000000000000000e+01
9.955488507880442747e-03 -2.730845805981094014e-04 3.828369278638052171e-05 5.980726536147483507e+00 5.938680216256992026e+03 9.969008382105318081e-10 0.000000000000000000e+00 5.663566795594207788e-03 inf 0.000000000000000000e+00 -2.000000000000000000e+01
8.616740156097077441e-03 -1.393345216730591252e-01 1.630947243162544691e+00 -3.077215372193286953e-08 5.967932843041526572e-08 -1.111993736769846957e-07 -4.919486401175991556e-03 1.384164111545275967e-09 inf 0.000000000000000000e+00 -9.000000000000000000e+01
2.820232232028733674e-03 4.539560802485783861e-09 3.003025061882447612e-04 1.413398926019902857e-01 -1.004659236603336447e+00 2.959964410398254351e-07 -5.305166981713793968e-08 1.981810017546646564e-04 inf 0.000000000000000000e+00 -9.000000000000000000e+01
2.585304879164129419e-02 1.113300662582047407e+00 1.122649656450577691e-09 7.393012212458908126e-03 -1.242865825899785587e-01 1.845206997119482216e-05 1.144101560713964536e-09 1.028043898395139961e-05 inf 0.000000000000000000e+00 -8.000000000000000000e+01
3.426699638181185587e-05 -7.446340953544241525e-01 5.298445078567914244e-09 1.223993063743314814e-04 -1.260756140282622839e+00 4.114293973474121071e-07 2.040849002082495645e+00 1.803718501478556932e-02 inf 0.000000000000000000e+00 -3.000000000000000000e+01
2.091320741083733115e-01 -4.322608564572698352e-05 1.416432374439181796e+00 0.000000000000000000e+00 -3.216134685491318645e-01 -1.195114815933059557e-02 4.252336378004794169e-10 7.665398732259101622e-02 inf 0.000000000000000000e+00 -9.000000000000000000e+01
9.738727226435517359e-01 0.000000000000000000e+00 5.074399618291193887e-09 1.198886190190667282e-07 -3.076918643462508204e-03 -7.677999814959374225e-02 3.461973571357543519e-08 1.344209407371247322e-04 inf 0.000000000000000000e+00 -9.000000000000000000e+01
5.586443761737900360e-01 3.803079022413878296e-01 4.852257812131495392e-05 1.156618279291928094e-09 -2.760992397628154182e-01 3.647389740538032743e-07 -1.151427664608500862e-04 6.377809307541925473e-08 inf 0.000000000000000000e+00 -9.000000000000000000e+01
0.000000000000000000e+00 6.852911504671302945e-01 7.605543404028266563e-01 2.461416956875307936e-08 -1.624100414401869474e-01 1.372372763725441545e-09 0.000000000000000000e+00 0.000000000000000000e+00 inf 0.000000000000000000e+00 -9.000000000000000000e+01
6.031488549618321485e+03 2.590534351145038672e+05 3.921935549858986997e-08 3.086246606957822065e-03 3.442531038778626709e+11 3.451723178834406342e-04 2.593612213740458712e+07 3.420669613903716370e-03 inf 0.000000000000000000e+00 -2.000000000000000000e+01
5.462505642516557458e-01 -7.625920677911859902e-03 6.232723630985655128e-03 2.327665634611866263e-01 -4.636559772170411042e-01 3.930025303351388503e-09 0.000000000000000000e+00 0.000000000000000000e+00 inf 0.000000000000000000e+00 -9.000000000000000000e+01
5.181049095803631488e-01 8.068676056643885319e-01 0.000000000000000000e+00 2.504846719603950119e-10 -7.456287909518734363e-07 -1.795722671542428573e-08 1.345238610342338386e-08 3.550386050996440679e-05 inf 0.000000000000000000e+00 -9.000000000000000000e+01
4.008016563707226809e-01 5.857101512050959524e-01 2.714721026489130043e-06 1.363079728890258329e-07 -2.648689250330212297e-01 -5.084983607945266215e-02 1.559439466059064734e-06 2.609392138347609783e-08 inf 0.000000000000000000e+00 -9.000000000000000000e+01
-6.577320197738001362e-02 -9.933098646310173363e-04 6.507558300467313206e-01 6.523176679395867872e-01 -1.958745845519744844e-01 -2.875012196771126183e-01 -2.346761172729691092e-01 -2.392488184699039788e-01 inf 0.000000000000000000e+00 -9.000000000000000000e+01
2.261594033837368012e-01 4.488259974488058579e-01 5.670698722934700687e-05 2.004872548915288100e+00 -3.449149202184402796e-01 -2.209201894057351567e-01 -8.970789558687677565e-04 1.665501269658923158e-08 inf 0.000000000000000000e+00 -2.000000000000000000e+01
0.000000000000000000e+00 0.000000000000000000e+00 3.595789359387105422e-01 -1.128385782234447438e-01 -3.342549029405427038e-05 3.912117461361707813e-09 -7.432301018984226459e-01 -9.598801720874365895e-01 inf 0.000000000000000000e+00 -9.000000000000000000e+01
6.190111057059696770e-10 6.666129905220347096e-01 2.079877315172058148e-08 1.656765018213036555e-09 -6.353349616412353740e-01 -7.819507220199820030e-03 0.000000000000000000e+00 9.321579003572249448e-10 inf 0.000000000000000000e+00 -9.000000000000000000e+01
4.737677221819846400e-07 1.218667026556052857e+00 7.701568091790342470e-03 5.385695694360023880e-10 -5.611186459592880566e-06 -1.827521975213710343e-07 -1.216805770838495818e-07 5.674860563855864373e-10 inf 0.000000000000000000e+00 -9.000000000000000000e+01
7.954086031506555354e-01 -2.293777002506824647e-01 1.174854240867444248e-08 0.000000000000000000e+00 -2.904287991767196542e-01 1.720693600562495979e-08 -9.024544080291518962e-08 1.673907369731491271e-08 inf 0.000000000000000000e+00 -1.000000000000000000e+01
1.154186158577031815e-02 0.000000000000000000e+00 4.992472609758624001e-06 1.761933471940866743e-10 -9.976182970657127003e-01 0.000000000000000000e+00 5.018200689465355906e-04 4.929300985478703390e-08 inf 0.000000000000000000e+00 -9.000000000000000000e+01
1.215675791172096676e-01 8.597822986840335524e-01 1.687231073474396329e-08 1.555669055496259947e-05 -3.429732666881664116e-01 0.000000000000000000e+00 0.000000000000000000e+00 -7.953089209406282804e-08 inf 0.000000000000000000e+00 -9.000000000000000000e+01
3.936176122638996300e-01 1.029652812979653257e-03 2.847005954250938436e-08 2.850548894994006481e-05 -6.138665683396546946e-01 0.000000000000000000e+00 9.041880021371035624e-09 4.049075134934668374e-06 inf 0.000000000000000000e+00 -9.000000000000000000e+01
3.003947204964934059e-01 3.825937432763235999e-07 1.865235947708275208e-02 6.285735255388574990e-06 -7.064657596041310494e-01 0.000000000000000000e+00 2.257069796462457928e-08 0.000000000000000000e+00 inf 0.000000000000000000e+00 -8.000000000000000000e+01
4.122950524776909653e-03 9.518823848610868943e-01 2.844072352739627769e-04 0.000000000000000000e+00 -1.871514134506140903e-01 -1.358435846978347794e-01 6.899119522352787439e-10 0.000000000000000000e+00 inf 0.000000000000000000e+00 -9.000000000000000000e+01
1.109830095876199074e+00 7.754644706001171360e-03 2.824229655236197795e-09 1.117401559998594009e-02 1.050235346009607412e-01 8.643744112353054096e-10 6.128869509558964917e-09 -5.378544479586811394e-05 inf 0.000000000000000000e+00 -9.000000000000000000e+01
7.639218596502075354e-01 6.312569899811347128e-08 1.209452518089669222e-03 5.430254588507455273e-10 -2.640449609586418278e-01 5.353240304366985169e-02 0.000000000000000000e+00 0.000000000000000000e+00 inf 0.000000000000000000e+00 -8.000000000000000000e+01
8.355643172732246855e-06 8.190599513365189019e-09 1.529134411005485417e+00 5.369307481740808510e-10 -8.592123639885047321e-07 -1.970670559606662169e-09 0.000000000000000000e+00 4.156883211670302909e-09 inf 0.000000000000000000e+00 -9.000000000000000000e+01
1.810772701791301953e-01 4.602380617052892475e-02 5.208127199437839749e-01 1.721096339416875676e+00 1.267540891253911561e-01 -1.212571005663818334e-02 3.493285096113953076e-10 5.118987704981329389e-08 inf 0.000000000000000000e+00 -9.000000000000000000e+01
3.277802412598433413e-01 -5.617883000974119301e-02 1.309195479283002114e-08 -6.297565946499774309e-08 -7.006161857856445518e-01 0.000000000000000000e+00 2.611677135595321947e-08 6.874954721978431265e-05 inf 0.000000000000000000e+00 -9.000000000000000000e+01
2.433033083551111031e-01 9.812137944539448002e-10 2.099897748071576130e-04 1.840468812196099993e-08 -7.648801253487896856e-01 -4.523561899855474658e-08 1.784549781752176739e-03 1.925221132626452752e-02 inf 0.000000000000000000e+00 -9.000000000000000000e+01
3.256868079999795662e-01 6.744438555035849353e-06 -3.247175020237891979e-02 1.144556496685642522e+00 -9.344109610475605232e-02 -8.560910381713748851e-01 0.000000000000000000e+00 -9.140489094324901743e-07 inf 0.000000000000000000e+00 -9.000000000000000000e+01
3.649099858028127981e-03 -1.218449438896378309e-04 2.274181873164520251e+00 6.307015645030220607e-01 -9.030915155492547086e-01 2.466955637646485150e-07 1.217528237562355509e+00 1.076877218376989624e-02 inf 0.000000000000000000e+00 -2.000000000000000000e+01
1.481036468788674314e-06 1.812581805528215684e+00 -3.476819320066909524e-01 1.335098618905693257e+00 1.272052295235146779e+01 9.328319251176426762e-07 -4.561061803342983975e-04 -9.688736505253121578e-01 inf 0.000000000000000000e+00 -3.000000000000000000e+01
1.440074249484472602e-01 7.067110645231262644e-01 3.576542613645018465e-01 -1.137635541978355419e-08 -1.603425955396144131e-01 -5.136981278011775592e-02 -1.667906891940225123e-01 5.188540478617499770e-10 inf 0.000000000000000000e+00 -9.000000000000000000e+01
4.558286941541929704e-01 5.687653556909034736e-01 1.052403001895175008e-02 2.417883400502823839e-09 -2.803006298381007788e-01 1.734870403124167196e-02 5.668126963332204278e-06 7.157190839555388484e-01 inf 0.000000000000000000e+00 -1.000000000000000000e+01
0.000000000000000000e+00 1.059555809446429547e-01 0.000000000000000000e+00 5.722218716664266058e-07 -9.651085125744256477e-01 0.000000000000000000e+00 -1.388930836352997517e-03 6.043431225643683480e-09 inf 0.000000000000000000e+00 -9.000000000000000000e+01
1.316139881402549582e-02 -3.295731688151514183e-01 3.395543039752302317e-02 4.911022913681736861e-09 -4.008110746635570876e-01 -9.988963501380836441e-01 -4.978825068086373262e-01 2.589697867246245808e-05 inf 0.000000000000000000e+00 -9.000000000000000000e+01
0.000000000000000000e+00 1.070571274977689002e+00 -5.890681667545264982e-09 6.320673244196319613e-06 -6.667427110064229334e-02 -1.071044142148615680e-01 -3.314565378484799336e-08 5.158996997260695227e-07 inf 0.000000000000000000e+00 -9.000000000000000000e+01
4.188101726887714433e-09 1.227565419334385455e+00 5.146339401999622818e-05 4.300454869492065930e-12 -2.738591404748519365e-15 8.087746901590591896e-18 3.941742801776672018e-09 -1.578236863992612884e-10 inf 0.000000000000000000e+00 -9.000000000000000000e+01
1.745054793777060242e-01 -6.745318949525184407e-07 2.101602534033835106e-03 2.532358584457873540e+00 -2.738820651505570323e-05 1.581564610439807339e+00 0.000000000000000000e+00 -2.962172537194241676e-03 inf 0.000000000000000000e+00 -2.000000000000000000e+01
4.301779645944702746e-01 3.666194827265541467e-01 1.232913921873488305e-01 -3.819253241309496227e-02 -2.963676490763859639e-01 -1.376107553290040475e-01 -7.291801556188806654e-02 -2.244293875027230101e-01 inf 0.000000000000000000e+00 -9.000000000000000000e+01
5.448350605457130680e-01 4.509288196670968045e-08 8.654077227700403274e-04 2.147047199933356830e-08 -4.562173097340609385e-01 -1.830818115726840986e-02 0.000000000000000000e+00 0.000000000000000000e+00 inf 0.000000000000000000e+00 -9.000000000000000000e+01
2.489047776199146411e-01 2.581959186312670629e-01 2.780634643162615112e-08 1.667214901351169737e-08 -6.494018559513686784e-01 1.371080226565716992e-07 5.629036325584696648e-10 2.192892656462288280e-03 inf 0.000000000000000000e+00 -9.000000000000000000e+01
7.054580599067019619e-01 5.848787844413128045e-01 0.000000000000000000e+00 8.312648461950772090e-10 3.381853877377487950e-10 2.775701747294866506e-07 8.235201426590982952e-10 3.407669555830751513e-10 inf 0.000000000000000000e+00 -9.000000000000000000e+01
4.157919847328244941e+03 4.208015267175573172e+03 3.334675126403343574e-03 3.730249768905057745e-02 2.154503816793893464e+06 1.700779863896261087e-03 -1.492959852437026955e-07 1.855002616653006020e-05 inf 0.000000000000000000e+00 -2.000000000000000000e+01
1.092648415036461338e-10 1.227591140544366910e+00 5.277941562723760150e-12 2.699143528920465658e-19 -2.898183295980857546e-10 7.728488789282287480e-10 2.659791063660593092e-12 3.695600108021567614e-13 inf 0.000000000000000000e+00 -9.000000000000000000e+01
3.849037119564210326e-08 -1.697954198473282857e+06 1.259723692449904731e-01 8.621843147823831131e-06 5.481961958167208145e-08 1.051043736115666943e-04 3.704406633859373242e-06 0.000000000000000000e+00 inf 0.000000000000000000e+00 -2.000000000000000000e+01
4.570513415507128085e-01 1.065307638200909540e-01 1.024149731475412344e-09 4.656358203136850990e-05 -4.575081680446962421e-06 -7.594612517496807103e-01 2.198136665264603445e-04 6.128896049298170734e-10 inf 0.000000000000000000e+00 -9.000000000000000000e+01
3.922110168374110147e-03 -5.958638034980982823e-02 2.474517456387451239e-05 2.854515376325856144e-07 -8.330215565182715887e-01 -4.370987634962794077e-01 0.000000000000000000e+00 -9.635877302094688513e-07 inf 0.000000000000000000e+00 -9.000000000000000000e+01
0.000000000000000000e+00 4.372573193010808046e-01 -2.308538255055424404e-08 1.444666645869779320e-08 -7.893559097495166377e-01 1.780454028423295436e-06 7.984711596766753230e-08 1.366576556903845213e-08 inf 0.000000000000000000e+00 -9.000000000000000000e+01
1.208136237412101645e-08 1.423752619726442559e-06 6.680685369485616077e-07 0.000000000000000000e+00 -1.644500898645089970e+00 3.270627485573474935e+00 -1.467791697682091848e-02 2.190388645732988712e-09 inf 0.000000000000000000e+00 -3.000000000000000000e+01
1.001538999805463792e+00 9.958588733440158314e-05 6.009821756461777159e-02 1.001727265360471565e-10 -4.702061031950534667e-03 1.594005353404204038e-08 3.694895650919772588e-11 6.630640752086496524e-03 inf 0.000000000000000000e+00 -9.000000000000000000e+01
1.185623420592169937e-09 -2.997490799823954148e+02 3.624666084885693196e-01 2.568850744616367886e-09 -6.522434364130353046e+00 -1.591316817754694579e+00 6.147676995663103099e-09 9.161795202679641087e-07 inf 0.000000000000000000e+00 -2.000000000000000000e+01
1.993502524635236862e-04 2.266467049765477526e+00 2.969294064147110984e-05 2.274098251953240446e+00 -1.835140174547390888e-04 -3.302879696890979183e-02 3.319572951676709849e+00 -1.860357341048051868e-07 inf 0.000000000000000000e+00 -2.000000000000000000e+01
1.666956318001215601e-08 -1.635895020150261175e-07 1.539047278370719196e+00 3.338438474174634015e-03 -7.827447058440490363e-08 -1.126489735394610166e-07 -8.774816642894597397e-09 1.056530911144292428e-14 inf 0.000000000000000000e+00 -9.000000000000000000e+01
3.212519083969322965e+05 2.888314050572390812e+01 3.537989026717399810e+01 4.508587786259341357e+01 3.442531038778472900e+11 3.088560694728961524e-06 -6.027105200381411265e+01 -3.913704675572345337e+01 inf 0.000000000000000000e+00 -2.000000000000000000e+01
1.610571221496175376e-01 3.196268756173877290e-01 7.431013937019033400e-02 -2.339681166362687220e-02 -2.456276573324283063e-01 -1.050913268080515967e-01 -9.004274628287498583e-01 -8.539702658319998047e-08 inf 0.000000000000000000e+00 -9.000000000000000000e+01
5.004867159084267492e-01 1.169021095461060999e-05 2.983670806377159423e-01 -9.706656787453455446e-08 -4.610252633079546247e-01 4.004282764564131945e-08 -4.369634019662033686e-01 -6.140587014414927713e-01 inf 0.000000000000000000e+00 -9.000000000000000000e+01
4.944314930687150333e-01 7.129938752450024503e-10 5.077641971408804883e-03 2.361792211749070604e-09 -5.482607282011960903e-01 0.000000000000000000e+00 8.672487882455283126e-01 1.183569832906704171e-07 inf 0.000000000000000000e+00 -1.000000000000000000e+01
1.178209988915051021e+01 -6.378900073501982831e-05 4.824361488972775657e-08 4.163787425415088173e+00 1.061657318056938948e+03 3.113453909378306423e-07 9.039958187996821300e-05 5.952366835054244880e-06 inf 0.000000000000000000e+00 -2.000000000000000000e+01
1.007821971351061885e+00 0.000000000000000000e+00 0.000000000000000000e+00 5.987667597443200571e-10 -3.388825665528069657e-07 2.361406637348410430e-07 -1.510239686325506869e-03 2.108694698965510371e-07 inf 0.000000000000000000e+00 -9.000000000000000000e+01
9.440724586947332186e-01 1.430729279216575722e-01 9.973331836874670120e-02 1.991897470539087065e-09 0.000000000000000000e+00 0.000000000000000000e+00 0.000000000000000000e+00 4.637386298598811782e-09 inf 0.000000000000000000e+00 -9.000000000000000000e+01
4.157919847328244941e+03 1.828482824427481432e+02 3.334675126403343574e-03 3.730249768905057745e-02 2.154503816793893464e+06 1.404576629172754956e-03 3.863616805623165528e-08 3.008314102660609313e-05 inf 0.000000000000000000e+00 -2.000000000000000000e+01
8.939713774652138234e-01 1.119331565370973489e-08 2.738643169477679093e-02 0.000000000000000000e+00 -1.124799873178332493e-01 9.509945916726045033e-10 0.000000000000000000e+00 8.566617580305850143e-06 inf 0.000000000000000000e+00 -9.000000000000000000e+01
4.378145684659074388e-01 7.259636459434692934e-01 0.000000000000000000e+00 1.031783122488977747e-09 -1.165498507409242906e-01 -4.150206862176824413e-02 1.871308520290568456e-08 7.265885961348269846e-05 inf 0.000000000000000000e+00 -9.000000000000000000e+01
1.006343457515660011e+00 0.000000000000000000e+00 6.219141124880568394e-09 1.469344744270848477e-07 3.530960965761631133e-09 7.811706235364004318e-07 2.317647218267408352e-09 9.590264351451345119e-10 inf 0.000000000000000000e+00 -9.000000000000000000e+01
-7.639527818000667325e-02 1.591207119333345188e-01 4.246008224511298446e-01 -5.871821382112234894e-02 -5.262131670393170868e-01 -7.167919370593315298e-01 -5.045103145540728029e-01 -7.842937994401621982e-01 inf 0.000000000000000000e+00 -9.000000000000000000e+01
8.444253525000757765e-01 -5.011278215743746739e-02 1.538059720233850628e-04 1.567903068151806535e-09 -1.824704626064832524e-01 7.070448962393431635e-10 8.117371580684669457e-09 1.389281199628183094e-09 inf 0.000000000000000000e+00 -9.000000000000000000e+01
6.781325274764378186e-01 7.441022932032705818e-10 1.342048440121084374e+00 0.000000000000000000e+00 0.000000000000000000e+00 7.573425475307309158e-10 1.800674588534605004e-09 0.000000000000000000e+00 inf 0.000000000000000000e+00 -9.000000000000000000e+01
-1.096250990281094850e+01 7.922126296953224678e-02 2.489403290429986093e+00 4.196386021921852397e-06 -4.719969541488047149e-01 0.000000000000000000e+00 -2.973771132489949214e-05 0.000000000000000000e+00 inf 0.000000000000000000e+00 -2.000000000000000000e+01
2.894040140619677515e-01 5.064570246084435512e-01 7.059111424079078656e-01 6.516517089754441066e-05 -2.551839448316675085e-01 1.573463625938733136e-09 -2.536190259290876502e-07 6.862632466316489607e-07 inf 0.000000000000000000e+00 -9.000000000000000000e+01
9.286210282157520801e-05 2.896141459923419426e+00 7.156030534350540256e+05 1.020467918337670220e-02 3.442531038778334961e+11 3.913704675572188263e-02 2.579834625010963807e-04 -1.603053435114368312e+02 inf 0.000000000000000000e+00 -2.000000000000000000e+01
3.910583153949648283e-01 7.792467911580332654e-07 3.634102007694191931e-07 1.906414167970723631e-08 -8.970602889890887388e-01 1.012003947188247599e+00 3.909638430408710758e-09 5.826478300860524156e-07 inf 0.000000000000000000e+00 -1.000000000000000000e+01
2.618521231199971300e-08 0.000000000000000000e+00 5.674698985461693945e-09 1.701482457242191005e-09 -1.005570793413986141e+00 5.322348394861131176e-09 0.000000000000000000e+00 -1.066469546745403438e-04 inf 0.000000000000000000e+00 -9.000000000000000000e+01
1.006137493642305758e+00 1.518002468813709367e-07 1.479975195115940459e-02 0.000000000000000000e+00 -8.981177273265821340e-04 4.301006994972176188e-07 1.797942738911299187e-08 -4.077991817455100837e-05 inf 0.000000000000000000e+00 -9.000000000000000000e+01
4.101320492686472141e-02 9.458901316466097331e-01 4.218325131366717183e-03 9.286458111468712800e-10 -3.251497327535221027e-01 8.597865407234906181e-08 2.443109296044891692e-08 2.333357309207182524e-04 inf 0.000000000000000000e+00 -9.000000000000000000e+01
0.000000000000000000e+00 1.043134987202037012e+00 0.000000000000000000e+00 7.195223533769127771e-10 -2.465045214713747213e-01 1.006995330982910351e-07 0.000000000000000000e+00 0.000000000000000000e+00 inf 0.000000000000000000e+00 -9.000000000000000000e+01
9.101825796685472092e-01 8.836279571228854157e-02 8.442538616241453964e-01 2.270468962397107953e-08 -1.309885939844485361e-06 -1.268952004224345073e-09 0.000000000000000000e+00 4.001614220495579603e-05 inf 0.000000000000000000e+00 -9.000000000000000000e+01
0.000000000000000000e+00 0.000000000000000000e+00 2.149608311042129453e-03 6.688713054234568131e-07 -1.001946282793866549e+00 -1.281335150111387149e-02 -1.583605002252325145e-03 2.940093650212996788e-08 inf 0.000000000000000000e+00 -9.000000000000000000e+01
0.000000000000000000e+00 6.039365034469647009e-01 8.775031085767519194e-10 2.026109559951107197e+00 -6.446712236208068658e-01 8.181231989738137427e-10 0.000000000000000000e+00 1.035849534184586851e-09 inf 0.000000000000000000e+00 -2.000000000000000000e+01
4.259748781787940316e-04 -7.478225639138829121e-04 1.048371505740032029e-04 1.637779124157759369e+01 5.569957764117424376e+05 2.729941541062827846e-09 0.000000000000000000e+00 4.604315127692564652e-02 inf 0.000000000000000000e+00 -2.000000000000000000e+01
9.878684382708212697e-01 9.705281500080993258e-11 6.440208184004592420e-06 3.225926199710436610e-03 -2.123394460568894804e-02 2.471956494926585355e-11 -1.134209700072161233e-09 4.236979068424073960e-06 inf 0.000000000000000000e+00 -9.000000000000000000e+01
1.111297605581014425e+00 4.325721038449426188e-03 -6.122396476357257373e-09 -1.118879081323314456e-02 1.051624054577104256e-01 8.728059262425970769e-10 6.136973610824774663e-09 4.812460187983432462e-05 inf 0.000000000000000000e+00 -9.000000000000000000e+01
0.000000000000000000e+00 1.159950225181065608e+00 1.641697253679502209e-09 3.492851259559025605e-06 -1.428497771989227360e-05 -6.464781643787188836e-02 -2.000659036608388118e-08 3.560356489637784855e-07 inf 0.000000000000000000e+00 -9.000000000000000000e+01
1.441479160376822801e-09 3.324492477986185794e-08 2.207670786162701426e-10 3.868834833593950225e-11 -1.524536576090352646e+00 2.365820479359724171e+00 0.000000000000000000e+00 -3.679451310271169130e-10 inf 0.000000000000000000e+00 -3.000000000000000000e+01
4.984521188917788725e-01 -6.501375427005088670e-05 1.162729795927593734e+00 3.756985301700816252e-03 -4.818695630773752736e-01 1.316312704500372035e-07 6.496460101407528498e-01 5.224319539557661022e-06 inf 0.000000000000000000e+00 -9.000000000000000000e+01
2.938369691583864740e-01 9.749826233371573685e-10 1.919417488240774361e-09 6.527282100700553033e-06 -7.134088274450126610e-01 1.313797994709696032e-05 9.291609856868471143e-10 3.134830455846739083e-02 inf 0.000000000000000000e+00 -9.000000000000000000e+01
4.489464447214817633e-01 6.740346622119780529e-01 9.909589493129881174e-05 1.362214212408331682e-01 -1.851135340563917764e-01 3.184539192766255499e-10 2.499977818091034332e-08 -4.588440225909835813e-04 inf 0.000000000000000000e+00 -9.000000000000000000e+01
3.502412094045003058e-09 -2.241569477845159178e-14 4.218021209605693307e-11 8.519355610551459562e-07 -1.399325153584945580e+00 1.583611278722248716e+00 6.404410686253719878e-08 1.048255540372104441e-12 inf 0.000000000000000000e+00 -1.000000000000000000e+01
4.855640995964340956e-01 6.591900503612195816e-01 2.991859603573988058e-01 2.017161031693759185e-08 -7.822977160164772126e-02 1.021560508572561225e-06 0.000000000000000000e+00 5.778335402394433641e-03 inf 0.000000000000000000e+00 -9.000000000000000000e+01
3.873503698605363366e-01 8.075434144723401264e-01 1.494220956054905652e-02 3.432954903988838343e-09 -1.241259913393489289e-01 -3.332565526231547059e-02 -6.027462750714155311e-10 1.016190995245097817e+00 inf 0.000000000000000000e+00 -1.000000000000000000e+01
2.684343167709026846e-03 3.714893216301082268e-01 1.128414662972001131e-01 8.645395043458625958e-08 -6.694415079204680818e-01 -2.022271221843080780e-01 -9.667597533889335515e-02 2.085777125869388787e-08 inf 0.000000000000000000e+00 -9.000000000000000000e+01
3.405418077534329568e-01 4.160755169919763685e-02 1.235850971496167849e+00 2.233274801688043153e-08 -4.745394614308489634e-01 -9.521728177316382200e-03 1.272230907725466209e-02 1.405335225435812882e-09 inf 0.000000000000000000e+00 -9.000000000000000000e+01
3.529134872779244019e-03 -1.841338590313817137e-05 1.267395884771378434e+00 4.578704719476089291e-09 -8.396098682490492626e-01 -1.564894238461147500e-06 7.849208090530439494e-10 0.000000000000000000e+00 inf 0.000000000000000000e+00 -9.000000000000000000e+01
4.604862334478037611e-01 4.819069524887668501e-10 1.038748820104479664e+00 4.257122862439274250e-06 -4.788284523901690792e-01 0.000000000000000000e+00 -8.013407741062164330e-05 1.668692731005879165e-08 inf 0.000000000000000000e+00 -9.000000000000000000e+01
1.408013306321301283e-01 1.865418932855732648e-09 1.001489163744323951e+00 6.890613022168152242e-08 -1.492705836024838251e-01 -3.705298174529740307e-01 -9.263245436324350768e-02 0.000000000000000000e+00 inf 0.000000000000000000e+00 -9.000000000000000000e+01
4.581279069147723981e-01 5.834885197588416437e-07 2.518211214718822297e-02 1.301075794271391514e-02 -5.476643056603305304e-01 3.175387218809549781e-08 0.000000000000000000e+00 2.846285462238252036e-09 inf 0.000000000000000000e+00 -9.000000000000000000e+01
4.829355350095129173e-01 3.996981225088874976e-08 8.665247210202220701e-04 4.672219615132089313e-06 -5.251196630675727395e-01 0.000000000000000000e+00 1.677691685585026738e-08 3.481643759652389324e-10 inf 0.000000000000000000e+00 -9.000000000000000000e+01
3.155266034109366347e-01 4.542363662630875543e-01 4.906135073085505050e-08 6.717116724655851898e-05 -4.481392338300259626e-01 -4.267992703143104471e-02 1.162935721027675212e-08 7.666072273014435507e-05 inf 0.000000000000000000e+00 -9.000000000000000000e+01
4.276264614855599389e-01 7.730547015414012124e-01 -3.237147450394947771e-05 4.957721929838318278e-10 -4.628762498258458194e-07 -1.196277686878940566e-01 0.000000000000000000e+00 4.666091228083122939e-09 inf 0.000000000000000000e+00 -9.000000000000000000e+01
3.190476851404140581e-03 3.285151282042621077e-09 -3.309041204524701740e+00 2.854205512310130713e-02 -1.826691527878483656e+00 4.871177407675956417e+00 2.148855874210500727e-03 2.329294153724359613e-03 inf 0.000000000000000000e+00 -2.000000000000000000e+01
5.053564431933259549e-01 8.150297523681836465e-01 1.505026531361702835e-02 1.344713896495226237e-09 -1.290019428115672954e-05 -6.907582963049162559e-08 1.837915320056936517e-05 4.832708467567755489e-02 inf 0.000000000000000000e+00 -9.000000000000000000e+01
4.633826335877863301e+01 -1.313221374045801815e+06 1.784553573616133903e-07 3.424476661527430404e-06 -3.162273377862596035e+01 1.673747959568073310e-07 0.000000000000000000e+00 -2.446065422232824964e-03 inf 0.000000000000000000e+00 -2.000000000000000000e+01
1.002407649081005880e+00 2.189696519388881488e-11 5.715879429704307988e-05 9.684941705091609428e-11 -6.677035077495362125e-03 4.769013480487513999e-08 1.680840156031199464e-09 2.322004466179750510e-11 inf 0.000000000000000000e+00 -9.000000000000000000e+01
1.983341833666496801e-01 6.206300228535334906e-05 2.343892236804473363e-03 0.000000000000000000e+00 -7.711877383698154675e-01 -8.557566287393514326e-02 1.616096000103755490e-05 0.000000000000000000e+00 inf 0.000000000000000000e+00 -9.000000000000000000e+01
2.085111981210113485e-01 -8.588362361954035573e-02 4.641558730091285279e-01 1.160055793112653721e-01 -1.432552856095337113e-02 9.756724748144107728e-02 -1.361886434687586966e-02 -6.054690923832923843e-01 inf 0.000000000000000000e+00 -9.000000000000000000e+01
6.509749511541491618e-01 -1.048304256926163580e-01 1.059911355342012772e-02 1.532965093246411118e-09 -4.027052250383024723e-01 2.523016655655626814e-02 -5.345374270456836573e-03 7.695907152778258089e-06 inf 0.000000000000000000e+00 -9.000000000000000000e+01
8.644335241351299576e-03 -1.397807400729146332e-01 1.636170346958748079e+00 -3.087070145460552054e-08 0.000000000000000000e+00 -1.103861445952561222e-07 7.723288218461309875e-06 4.951444184539593696e-10 inf 0.000000000000000000e+00 -9.000000000000000000e+01
1.427874083473643918e-01 4.182234741535229006e-01 9.820145484165347357e-09 -1.065108087128703052e-08 -6.708473504603983395e-01 0.000000000000000000e+00 2.487770189321887799e-08 -2.254815952822655095e-02 inf 0.000000000000000000e+00 -9.000000000000000000e+01
2.779596114619836689e-01 9.502825023532770623e-10 2.874528110106979492e-07 2.685815898925170446e-04 -7.294973769171048117e-01 0.000000000000000000e+00 2.719337146964044163e-08 7.158357939566018858e-05 inf 0.000000000000000000e+00 -9.000000000000000000e+01
2.675679561922386623e-06 -7.070246498252268363e-01 5.030835009656154122e-09 7.922865561489648631e-05 -1.204560514517053038e+00 -5.365812074566453371e-02 1.909208854080036434e-09 3.441601470048722966e-01 inf 0.000000000000000000e+00 -1.000000000000000000e+01
3.636584043427934509e-01 7.663576711796442620e-01 -1.372353813527632580e-05 6.840998288582435444e-10 -1.930353756650613484e-01 0.000000000000000000e+00 3.864894702407793442e-10 2.792506136727713334e-02 inf 0.000000000000000000e+00 -9.000000000000000000e+01
2.040351908852482687e-01 4.332086887814780643e-03 -2.037911296521319540e-02 2.870160101447989942e-01 -8.024733344864788398e-01 8.000950706838316785e-10 5.564297537028465431e-10 5.346089790478329998e-10 inf 0.000000000000000000e+00 -9.000000000000000000e+01
2.461821329317774587e-01 4.241866049347518110e-06 2.182077880798816882e-08 1.589882947908228979e-09 -7.615495006796138000e-01 7.293041045450591829e-10 -4.588384684364639623e-05 0.000000000000000000e+00 inf 0.000000000000000000e+00 -8.000000000000000000e+01
1.001454808701176091e+00 -3.125822265498541760e-07 6.211916742546186772e-10 1.526280403075459844e-10 -7.674555278989809992e-03 3.573743290728800926e-12 3.616111588774989163e-05 7.369976436133323981e-12 inf 0.000000000000000000e+00 -8.000000000000000000e+01
1.404315361198578376e-06 2.590534351145038672e+05 0.000000000000000000e+00 3.086246606957822065e-03 1.344738687022901058e+09 3.439779500014910241e-04 2.593612213740458712e+07 0.000000000000000000e+00 inf 0.000000000000000000e+00 -2.000000000000000000e+01
1.428874467157387890e-02 2.958964198084190207e-07 -1.492663505869771179e-03 4.939823157886969601e-02 -3.407525395963904025e-01 -8.469823508178649929e-01 -4.038951827164883324e-01 9.297209866304070314e-01 inf 0.000000000000000000e+00 -1.000000000000000000e+01
2.541356529109526155e-02 5.000041973348419155e-01 8.256314194371823165e-03 7.591446664087676544e-01 -3.426098072109994286e-01 -2.583107212678635300e-01 -2.788500264293605202e-01 -1.109068089002954866e-01 inf 0.000000000000000000e+00 -9.000000000000000000e+01
9.529045131440339489e+00 1.092284576260624007e+01 -2.982665082909010351e+07 2.466707111916692161e-02 -1.060995174336491509e+01 -3.399166845394389735e+00 -1.146329906856852787e+01 -6.229435473986370653e+00 inf 0.000000000000000000e+00 -2.000000000000000000e+01
6.230076848362914390e-07 1.198944251259344451e+00 6.379598692723624336e-03 2.353696647103680761e-01 -5.555762648304811004e-06 -2.068580203557999084e-09 2.479433157482667383e-08 6.543779541433424193e-05 inf 0.000000000000000000e+00 -9.000000000000000000e+01
1.690517700202059619e-05 -1.011929609275880732e-04 2.317222612403614601e+00 0.000000000000000000e+00 -7.490012484536936466e-01 1.934571311850948657e-07 9.986683312715914917e-01 0.000000000000000000e+00 inf 0.000000000000000000e+00 -2.000000000000000000e+01
7.918955053102508159e-06 7.762537014022947492e-09 1.449217782590540349e+00 7.350334625590337727e-10 -3.564292384209166720e-01 -2.028181663438326631e-09 4.723912327612649130e-10 8.965811028273401595e-03 inf 0.000000000000000000e+00 -9.000000000000000000e+01
4.403301927987717246e-01 6.470723597861653964e-01 3.652584971702881322e-01 5.054601657438656526e-01 -7.874498400772456108e-02 9.202248529239243080e-02 -7.374038870685507563e-01 -5.896758693258437045e-01 inf 0.000000000000000000e+00 -8.000000000000000000e+01
1.795150594773831422e-08 1.220350692946402749e+00 4.262793511268609011e-03 7.212658639716286490e-09 -2.418790574127078219e-09 3.375815663938322029e-07 1.865091527037746916e-09 4.844866662031646833e-10 inf 0.000000000000000000e+00 -9.000000000000000000e+01
2.756052142487320555e+00 -4.034352642785716259e-01 2.345061910712895603e+00 0.000000000000000000e+00 8.292332323448693643e+00 6.081001821995039705e-07 -2.862624402725702641e-04 3.647520346427711691e-09 inf 0.000000000000000000e+00 -2.000000000000000000e+01
2.244085928203710337e-07 1.143533756447305594e+00 5.024072973590396264e-09 -1.205777513661695037e-08 -1.169523160002926138e-01 6.929033976076755100e-09 -3.634079450897053218e-08 6.740631239567114733e-09 inf 0.000000000000000000e+00 -8.000000000000000000e+01
3.353521219059644176e-01 -1.731519375355891843e-05 8.440716593142290058e-01 0.000000000000000000e+00 -5.012769968437718465e-02 9.581975709977265840e-08 1.389490856767073743e-06 1.327070652124614364e-02 inf 0.000000000000000000e+00 -9.000000000000000000e+01
9.079345036941932623e-01 2.061412956611313393e-02 9.152369259759159936e-01 2.058560447907515408e-03 -2.456960830204628354e-02 5.984801433902239649e-09 1.468996715594185983e-08 3.590880860341343541e-09 inf 0.000000000000000000e+00 -9.000000000000000000e+01
8.370051017034496610e-01 1.272179489936707372e-05 1.278394510804878204e+00 0.000000000000000000e+00 -2.186314897783001670e-09 4.476160027494446668e-10 5.481012278564628742e-10 2.893974483082124042e-08 inf 0.000000000000000000e+00 -9.000000000000000000e+01
8.156565003046372352e-04 7.256935997464470933e-01 2.346363944007580390e-09 5.404281456936462581e-05 -5.625266425707522444e-01 -3.080774715904728220e-02 9.691503246987831399e-09 -2.050284099126410513e-04 inf 0.000000000000000000e+00 -9.000000000000000000e+01
3.972931025504269429e-10 2.173795913805579450e-03 1.529951392660673815e+00 8.832452974594754947e-08 0.000000000000000000e+00 1.361191886993823691e-07 -1.846068702076420015e-09 4.864808038370735280e-05 inf 0.000000000000000000e+00 -9.000000000000000000e+01
4.265157223009121146e-01 2.843438148672747245e-01 0.000000000000000000e+00 4.305108631105782714e-05 -4.595789565878045102e-01 1.391822648949490005e-09 -1.711280680864548688e-04 0.000000000000000000e+00 inf 0.000000000000000000e+00 -9.000000000000000000e+01
2.489464314966556568e-01 2.592173058806041541e-01 2.384632895693848566e-08 1.667493907502299772e-08 -6.495105324706458294e-01 4.244529946369490568e-07 9.838797094091366876e-10 1.472158661699280169e-01 inf 0.000000000000000000e+00 -1.000000000000000000e+01
-9.017175572519086018e+02 6.775601219584924673e-01 1.621261089755834055e-07 1.548945846903415375e-05 0.000000000000000000e+00 4.169790212861227412e-08 0.000000000000000000e+00 3.776138689269433656e-08 inf 0.000000000000000000e+00 -2.000000000000000000e+01
1.462437525181677911e-01 4.261960787672318673e-01 3.666593386759310215e-10 4.161929399008304221e-08 -1.648143877585700745e-01 -5.701185018803494042e-01 1.721223461557955397e-08 1.831913073233708130e-08 inf 0.000000000000000000e+00 -8.000000000000000000e+01
4.202469005797045479e-04 8.213711284866558890e-08 5.064872308290048197e-01 0.000000000000000000e+00 -1.216205670952171096e-07 -8.800064535644761543e-01 8.242531324462582410e-08 6.988859602035580308e-09 inf 0.000000000000000000e+00 -9.000000000000000000e+01
8.201630598976886177e-02 2.653468723198404433e-01 3.738978655415933217e-01 5.757223047909264535e-01 -4.856651844884352087e-01 -3.570121554848761924e-01 5.427549661087645305e-02 -1.658273787618853519e-08 inf 0.000000000000000000e+00 -9.000000000000000000e+01
2.050219007266546759e-06 4.733424149517313100e-04 1.319353898194675882e-07 7.411162041082036124e-06 9.427316917718576050e+00 -4.427017066090817465e+00 3.430724160556533826e-13 1.903477998853122383e-02 inf 0.000000000000000000e+00 -3.000000000000000000e+01
4.375962968985527834e-01 6.401288755590339719e-01 2.491536450920372268e-05 3.554814042551193015e-02 -2.245698022453004594e-01 1.864730540123503812e-09 9.655942209863845011e-10 2.048467092295001983e-09 inf 0.000000000000000000e+00 -9.000000000000000000e+01
4.615088496818838676e-02 -1.164087433136018598e-04 2.090055118044627843e-03 1.487495264262187268e-07 -9.615179028666415162e-01 4.015884168745818165e-09 0.000000000000000000e+00 -1.301464210959523890e-04 inf 0.000000000000000000e+00 -8.000000000000000000e+01
3.514302874343537306e-09 -7.941839764585449440e-06 9.383589137233270261e-01 2.596126327967871461e-01 -9.483680754697091375e-01 7.006382676929952181e-06 0.000000000000000000e+00 -4.046672815431847335e-03 inf 0.000000000000000000e+00 -9.000000000000000000e+01
3.325907375794757634e-03 3.433726864944085366e-09 7.501090794032518744e-04 1.367670869935355878e-09 -1.002450859199789823e+00 -1.583006283499646155e-07 6.244975928862328031e-03 5.744564176907886871e-02 inf 0.000000000000000000e+00 -1.000000000000000000e+01
2.104048791085638415e-01 3.856058290277570855e-01 6.733774827501702587e-02 4.886591915094320657e-03 -6.140220207448361389e-01 -1.077736567661509307e-03 1.262650472861340371e-09 -6.549568221278252202e-03 inf 0.000000000000000000e+00 -9.000000000000000000e+01
1.000761448423506339e+00 1.309634904616001697e-02 3.828714065407436400e-03 1.190100010587427997e-09 -1.275445964034858979e-06 0.000000000000000000e+00 0.000000000000000000e+00 9.213677501322023631e-09 inf 0.000000000000000000e+00 -9.000000000000000000e+01
3.897717659781610444e-01 8.577348284747373652e-01 6.189681527780566584e-05 6.435533364164373470e-05 -4.116890233355956219e-02 -3.095072153853938371e-02 0.000000000000000000e+00 0.000000000000000000e+00 inf 0.000000000000000000e+00 -9.000000000000000000e+01
2.463523732240551512e-09 1.138900589408624597e-01 1.094899436551356228e-09 1.881022908958760675e+00 -4.891134762962218582e-06 -8.119259040622776036e-01 4.583371670140870351e-04 6.552288815612021752e-10 inf 0.000000000000000000e+00 -9.000000000000000000e+01
1.179163144405048103e+00 -2.051379181632493609e-01 9.596054235067123231e-04 0.000000000000000000e+00 -2.882835236533535123e-06 8.513735094487861232e-09 4.441109299889803630e+00 2.143529048612191903e-08 inf 0.000000000000000000e+00 -3.000000000000000000e+01
1.039726286826260893e+00 -1.670988675256490918e-01 1.691753885402222032e-02 4.055705106588134442e-06 -1.568603592695116413e-05 -7.695342583418050830e-02 6.643552730356862507e-10 4.876388963450674330e-04 inf 0.000000000000000000e+00 -9.000000000000000000e+01
