2.706197829383481523e-01 4.822317179915267962e-10 3.041095153556467191e-05 0.000000000000000000e+00 -7.366329109585362245e-01 -1.289901379641833360e-03 2.001716565247846774e-09 5.083399251778212619e-06 6.778425197670772832e+03 1.000000000000000000e+00 0.000000000000000000e+00
2.390356745519582604e-01 1.382657333192699733e-01 0.000000000000000000e+00 1.927621404807371102e-09 -7.142948392493810861e-01 6.020324822260702932e-09 3.073019630852330945e-10 3.966988978009372665e-09 8.068289897863802253e+03 1.000000000000000000e+00 0.000000000000000000e+00
3.431521498575312301e-01 4.426924681368150649e-01 8.663391187958505851e-04 1.717466274487537123e-09 -4.557898784367208633e-01 -4.096937731141179295e-07 0.000000000000000000e+00 -8.347926982660634968e-08 1.275638914845078943e+04 1.000000000000000000e+00 0.000000000000000000e+00
3.553472903249565995e-01 5.197323249074157214e-01 4.060055821636541325e-08 7.936253540844772497e-03 -3.947209513027911121e-01 -4.855052301162194147e-09 4.730375731494887171e-10 7.517263759352339037e-10 2.433875481740298710e+04 1.000000000000000000e+00 0.000000000000000000e+00
8.829910433334242637e-01 1.315759186943507587e-08 7.369846503412832428e-01 2.659402158071140221e-01 -8.111466277341167208e-02 1.499399109581061240e-04 6.086681278183548423e-10 -2.380932623817775748e-03 2.449235948544681014e+04 1.000000000000000000e+00 0.000000000000000000e+00
1.659389566563602147e-01 4.543566670352719994e-01 -5.222632341193479688e-02 -2.498267169712454247e-04 -6.321484063099436224e-01 7.027129994440345732e-07 9.290959720573199492e-10 1.446078087202086192e-09 2.470546038106366905e+04 1.000000000000000000e+00 0.000000000000000000e+00
1.751660545157561755e-01 5.057774819130443911e-01 8.000764823167995111e-06 5.834006256523088038e-10 -5.846602084499411545e-01 -1.194804481335928430e-06 4.581927679197194457e-08 1.546720128174447527e-03 2.685385459846918457e+04 1.000000000000000000e+00 0.000000000000000000e+00
5.676716852446239692e-01 2.556609611855383685e-03 5.982814329784027704e-03 1.831117624482877295e-08 -4.385542038948663790e-01 -1.849362455886239435e-09 -1.643534750478460940e-03 0.000000000000000000e+00 2.711186399381099909e+04 0.000000000000000000e+00 0.000000000000000000e+00
7.346906786804364986e-02 4.568664724567420010e-01 -7.902555199251753981e-02 8.791592659167576373e-01 -7.186386134319563412e-01 -1.262210511296685603e-08 0.000000000000000000e+00 -1.205834228401451718e-06 4.225256083952851623e+04 1.000000000000000000e+00 0.000000000000000000e+00
3.941069417559164845e-01 7.665046028218884810e-01 2.654951093992617955e-03 1.831470841146339839e-08 -6.679778673829092628e-02 -4.028741512653171569e-02 8.261526076910119367e-09 8.311294306289095841e-09 1.151591304682539194e+05 0.000000000000000000e+00 0.000000000000000000e+00
4.024565181434509691e-03 4.081443404555425980e-01 4.071206266977850567e-07 7.854020821739089442e-01 -6.353814597361959748e-01 -6.839175434660442476e-02 -4.765360948021469811e-01 -1.676701074303850458e-01 inf 0.000000000000000000e+00 -9.000000000000000000e+01
5.785335297714630509e-02 1.205683322548931402e+00 -6.271497927774684344e-02 1.321754650475769023e-03 -1.090827401197243945e-02 3.854014265417280655e-09 -1.418369977836336282e-05 4.672630077432605881e-10 inf 0.000000000000000000e+00 -9.000000000000000000e+01
2.215493805344878261e-02 -2.242958604584691096e-03 1.343700044586028763e+00 2.077936242127540964e-08 -6.659908651218543474e-01 -1.965017577989517707e-07 -1.441901960090158407e-03 0.000000000000000000e+00 inf 0.000000000000000000e+00 -9.000000000000000000e+01
1.158865882277313909e-05 3.817194346318411764e-03 6.131132983267391690e-09 5.453900132704762177e-02 -1.004631977293513723e+00 -1.781357361615258910e-03 2.430950083708041231e-03 2.839456847085976635e-02 inf 0.000000000000000000e+00 -9.000000000000000000e+01
1.200241216148149270e+00 1.215388491111557383e-02 2.135192393639829890e-07 0.000000000000000000e+00 -1.157684586489050177e-02 0.000000000000000000e+00 3.136751712305935956e-07 4.668015068342340328e+02 inf 0.000000000000000000e+00 -3.000000000000000000e+01
1.270467289650327101e-06 -1.609506947592203240e-05 1.472822371802251507e+00 0.000000000000000000e+00 -2.510048737090044280e-01 0.000000000000000000e+00 -3.621390632082457037e-06 3.230889597488689249e-09 inf 0.000000000000000000e+00 -9.000000000000000000e+01
7.216190670460889862e-03 5.022468706640779157e-01 2.338045777229328381e-01 1.063252886377532546e-07 -2.935558636539910823e-09 -5.902843968437008204e-01 6.835649365573303899e-04 0.000000000000000000e+00 inf 0.000000000000000000e+00 -9.000000000000000000e+01
1.896783222258920376e-01 0.000000000000000000e+00 0.000000000000000000e+00 0.000000000000000000e+00 -4.410392053980036944e-08 -8.384955110356958619e-01 -4.990299776499756979e-01 2.511732261185777167e-09 inf 0.000000000000000000e+00 -9.000000000000000000e+01
3.846547719745331828e-01 -5.993123039003962482e+00 8.733968371144597287e-02 8.621318310441848411e-08 -1.538619087898132731e+00 1.133480096591956056e-07 1.867666068248109726e-09 4.946094966946717412e-06 inf 0.000000000000000000e+00 -2.000000000000000000e+01
2.117022863364408658e-06 7.596327263000234309e-01 1.537469086585215852e-03 9.493934951438209871e-10 -5.569328019246285733e-01 7.357029808855037151e-07 0.000000000000000000e+00 2.287341857026039711e-09 inf 0.000000000000000000e+00 -9.000000000000000000e+01
2.607868604809830503e-05 -1.157496937794788322e-04 1.605858977441234181e+00 0.000000000000000000e+00 -2.192523231848708676e-02 0.000000000000000000e+00 7.121219870200710955e-02 2.151637452916924965e-04 inf 0.000000000000000000e+00 -9.000000000000000000e+01
1.350270025882908786e+00 1.477088115059163972e-06 2.382829457440427401e+00 7.259193727854865303e-08 -1.287717843897732531e-06 -1.809538146653676594e-06 2.654648521474372558e+01 0.000000000000000000e+00 inf 0.000000000000000000e+00 -2.000000000000000000e+01
1.320910237082633110e-01 6.248921506198609754e-02 5.393925446279783114e-10 2.865359129671558036e-01 -4.867046181250624937e-01 -6.238760658221050859e-01 5.063098018907955711e-08 0.000000000000000000e+00 inf 0.000000000000000000e+00 -8.000000000000000000e+01
2.312338705576908826e-08 1.527700942754150642e-09 2.170017911532632349e-01 2.054874103981921163e+00 -9.687579962199251247e-04 5.120932749793610728e-08 4.472894062546854677e-02 -4.860397261034824640e-02 inf 0.000000000000000000e+00 -2.000000000000000000e+01
4.633531431701683467e-01 1.555909078541893864e-01 2.487878312829908361e-04 9.105175452785633198e-06 -3.539265706133758460e-01 -1.444772715788901485e-01 -5.351643314105634097e-01 0.000000000000000000e+00 inf 0.000000000000000000e+00 -9.000000000000000000e+01
7.017034013204344241e-10 5.803213851601070061e-01 9.416240495660241892e-10 2.278350068230014513e-01 -7.035877414351655590e-01 0.000000000000000000e+00 -3.516640255389222677e-05 0.000000000000000000e+00 inf 0.000000000000000000e+00 -9.000000000000000000e+01
1.702527516451081865e-08 -8.752042659602275059e-05 6.997141100434109973e-01 7.802060871320498297e-10 -9.680976043066370496e-01 4.168335825512446685e-06 4.677665785551420082e-10 0.000000000000000000e+00 inf 0.000000000000000000e+00 -9.000000000000000000e+01
5.062887665625385170e-01 4.929653779687874771e-01 3.833036410817599049e-01 3.336897730523114340e-09 2.733659925691704377e-09 -1.844776882211678626e-01 0.000000000000000000e+00 -6.229324715107144132e-03 inf 0.000000000000000000e+00 -9.000000000000000000e+01
4.674991404267209285e-05 -1.929756153323485341e+04 4.419189987807305587e-04 1.061311256153642801e-01 -2.601341632104247736e+01 0.000000000000000000e+00 7.128087019146366464e-08 1.313388486253522387e+03 inf 0.000000000000000000e+00 -2.000000000000000000e+01
2.229014823964282899e-04 1.294517731434950136e-01 3.153761981148506125e-05 2.271563883913337370e-02 -9.524147368696884719e-01 2.766641038812082896e-08 -8.100998911305395955e-02 2.750508076304703647e-02 inf 0.000000000000000000e+00 -8.000000000000000000e+01
1.726831181713928409e-01 2.955142647278299894e-02 8.223005627209182405e-03 3.530462825804420633e-09 -6.578404501767345369e-01 7.293124421410121141e-07 9.395426351401116446e-04 -2.220211519346479090e+00 inf 0.000000000000000000e+00 -3.000000000000000000e+01
4.605507606468627335e-01 7.207637855676313145e-05 3.072103130623754002e-09 0.000000000000000000e+00 -5.471500489736232931e-01 3.061838346893746029e-08 0.000000000000000000e+00 -2.336475938215071315e-05 inf 0.000000000000000000e+00 -9.000000000000000000e+01
3.789130500972431002e-03 6.410483584098460937e-10 1.564642978583363209e-01 4.391946717036226272e-03 -9.994118751655769461e-01 4.937351864903470437e-03 1.884362790201184506e-09 -6.638154760226323088e-05 inf 0.000000000000000000e+00 -9.000000000000000000e+01
7.261356715058372657e+00 4.231026747356847473e+00 9.715459433594956021e-03 5.725368402744872941e-06 -8.552582220163897908e-01 5.659665328356257987e+02 3.734553298417414467e-08 0.000000000000000000e+00 inf 0.000000000000000000e+00 -2.000000000000000000e+01
7.745098967348638119e-01 4.821128523867271309e-01 4.252719312136798070e-06 9.349454189511272807e-08 -4.231735499741386781e-08 -2.378165404813341124e-08 6.863455304332621033e-09 6.875975645728549343e-05 inf 0.000000000000000000e+00 -9.000000000000000000e+01
0.000000000000000000e+00 5.519835179443166595e-01 0.000000000000000000e+00 7.700182906347998955e-09 -7.438075773717742756e-01 3.630752909781056910e-07 0.000000000000000000e+00 1.444552610790445835e+00 inf 0.000000000000000000e+00 -1.000000000000000000e+01
4.228020902268848913e-06 9.473079584652692731e+00 -3.429057453819594863e-03 4.483924336735608307e+00 -1.499904267570009830e+00 7.841183741536522689e+01 4.931185347197464743e-08 1.302856811365808167e-04 inf 0.000000000000000000e+00 -2.000000000000000000e+01
-3.559522815329669854e-01 0.000000000000000000e+00 4.549390115098313897e-02 1.066523689986417951e-02 -7.359013460906284054e-01 -9.838681040124706012e-01 1.843523204899199174e-07 1.706437903978268666e+00 inf 0.000000000000000000e+00 -1.000000000000000000e+01
3.178286989174623489e-01 -6.512033668037136014e-01 6.115638923287801413e-08 3.817399046780389771e-01 -8.843929013355473767e-01 -9.500314369815450119e-03 -1.383213384809777900e-04 1.732970275366671064e-06 inf 0.000000000000000000e+00 -1.000000000000000000e+01
2.418074471505228236e-04 7.596184518266309825e-03 8.605467775938057187e-03 9.986592233804658658e-03 -1.004042067421381912e+00 1.061735401255810384e-09 9.207496385777345308e-04 6.902335511146123285e-10 inf 0.000000000000000000e+00 -9.000000000000000000e+01
1.787134000000270727e-06 9.345948067581517638e-01 3.171567516656571692e-09 4.789881989848441342e-05 -4.970237013039534579e-01 -7.366257908630557883e-06 -7.995362245202670373e-10 3.614717827665116179e+00 inf 0.000000000000000000e+00 -3.000000000000000000e+01
0.000000000000000000e+00 1.078152537201504169e+00 2.437626296541652304e-01 2.706427987852136688e-02 -1.928308365866427700e-05 3.072679596687653401e-08 -2.456727786591969206e-03 -1.605215579529647258e-03 inf 0.000000000000000000e+00 -9.000000000000000000e+01
5.327416406745139055e-03 5.739566100103645624e-03 4.804024830864345146e-10 9.281000502295255750e-01 -9.984402645627107331e-01 1.350222130492933567e-09 2.059907616870620977e-09 -6.602027495464964091e-04 inf 0.000000000000000000e+00 -9.000000000000000000e+01
9.042235747522905376e-01 2.002865423760011657e-02 1.160161491015942738e-06 2.441789554245635263e-04 6.858219438301796922e-01 -9.940335912062426837e-01 0.000000000000000000e+00 -6.858219438301796922e-01 inf 0.000000000000000000e+00 -9.000000000000000000e+01
3.629893044955783132e-01 3.053049576571336687e-01 3.334436634319847270e-01 0.000000000000000000e+00 -4.263013924889931250e-01 -8.230571439143927193e-02 0.000000000000000000e+00 -6.725562224218406606e-08 inf 0.000000000000000000e+00 -9.000000000000000000e+01
3.217841996340296384e-05 1.060137492273312887e+00 3.467246552154205170e-04 4.714897202832792761e-02 -1.482335105436067557e-01 0.000000000000000000e+00 0.000000000000000000e+00 -6.815169593185582686e-01 inf 0.000000000000000000e+00 -9.000000000000000000e+01
2.002568176276285861e-07 5.797620630497604122e-01 6.699017477642107421e-01 5.613244002672591604e-01 4.737455020503784225e-02 -2.022410696315608992e-09 3.738748286451635400e-02 -5.019141535236442131e-01 inf 0.000000000000000000e+00 -1.000000000000000000e+01
5.410485469973292522e-02 1.056935179136042592e-08 5.920118294886905774e-01 2.313127981571377334e-01 -8.842943993934843094e-01 -7.749211447316586843e-02 4.889365494034842903e-10 -1.912577525003999850e-03 inf 0.000000000000000000e+00 -9.000000000000000000e+01
7.882833632211709574e-02 1.533144337790328104e-01 1.095580267527729079e+00 1.642496339995643959e-09 -6.800614099653831124e-01 -3.328792582391171978e-08 0.000000000000000000e+00 0.000000000000000000e+00 inf 0.000000000000000000e+00 -9.000000000000000000e+01
8.705454656054398832e-01 1.097365838780981267e-07 1.258412257211824148e+00 4.800333359601963360e-10 -2.901648996926489988e-07 1.065307960344682971e-06 4.960879625809386531e-10 6.228763580484466763e-05 inf 0.000000000000000000e+00 -9.000000000000000000e+01
3.801622687416338908e-01 -4.368445607391011620e-01 4.077533647749658707e-08 9.756955514258112213e-09 -7.681427846553322558e-01 5.460982563950436064e-10 1.957216150919836259e-08 0.000000000000000000e+00 inf 0.000000000000000000e+00 -1.000000000000000000e+01
1.068987364726569494e-02 2.590003672251802724e-01 1.208016807133293735e+00 4.902070629674697491e-03 -3.000494820306805477e-01 -1.120829821850324277e-07 4.678619805995538524e-10 4.891571646628276092e-05 inf 0.000000000000000000e+00 -9.000000000000000000e+01
1.165758559829968031e-06 1.134173968307481131e-07 2.728908707542860966e-05 1.855408000870407415e-01 -1.008619359499531853e+00 -1.882588358073640785e-14 -3.269545031959769903e-03 0.000000000000000000e+00 inf 0.000000000000000000e+00 -9.000000000000000000e+01
5.185658695133589013e+00 4.924580152671757154e+06 9.799916507633589902e+01 0.000000000000000000e+00 -1.947846057476433486e-07 3.442531038778626709e+11 4.723818283101530374e-08 2.990697176401852387e-03 inf 0.000000000000000000e+00 -2.000000000000000000e+01
7.139026022074068646e-15 4.712694939905711616e-09 1.540440410324247278e+00 4.891837959451181777e-16 -2.344325288983708753e-10 2.812806826684429670e-15 -1.624243072474025084e-17 5.635397329287761660e-13 inf 0.000000000000000000e+00 -9.000000000000000000e+01
5.888064659191347694e-01 6.737684727463925105e-01 0.000000000000000000e+00 5.575695718066612193e-10 -4.544479434946342017e-02 1.984432429822783637e-08 -7.162494761600213602e-03 4.821228640704463042e-10 inf 0.000000000000000000e+00 -9.000000000000000000e+01
0.000000000000000000e+00 1.205108372381252790e+00 8.468144035352347802e-08 6.429510647875719045e-04 -3.459151927512082482e-03 -4.158340648254323998e-07 0.000000000000000000e+00 2.065400984232280093e-09 inf 0.000000000000000000e+00 -9.000000000000000000e+01
5.818360944615317276e-01 6.974196957181997281e-01 9.061206657520219965e-08 0.000000000000000000e+00 3.783287315768751928e-08 -1.425204574817388326e-01 1.949248868650586275e-01 2.021733499947140800e+00 inf 0.000000000000000000e+00 -3.000000000000000000e+01
1.070379882377856806e-01 3.635022278616539260e-01 1.159662475200583511e-08 1.363239586834541688e-09 -7.343232925258914578e-01 8.236148287819567211e-07 0.000000000000000000e+00 1.983422716205135936e-07 inf 0.000000000000000000e+00 -8.000000000000000000e+01
4.384495847903604471e-01 -2.896663923539918972e+00 3.296133734656372032e-08 1.247540485251851516e-01 -1.158665569415967544e+00 -3.116793923411205654e-03 -4.382027100241496671e-03 1.849914914806175537e-01 inf 0.000000000000000000e+00 -2.000000000000000000e+01
5.916751752934568120e-01 0.000000000000000000e+00 5.412920545348480668e-03 7.615893287931577160e-02 -4.157122978827633153e-01 -8.495445889393193466e-07 5.899615200967495738e-10 -2.859396757923768906e-01 inf 0.000000000000000000e+00 -8.000000000000000000e+01
6.648922603314878499e-01 1.233156579715147139e+00 3.917758836211316092e-05 2.322645059375320599e-09 -2.878640005101504635e-06 6.096762940755857674e-01 2.726151071904435533e-07 3.064558022991962713e-03 inf 0.000000000000000000e+00 -9.000000000000000000e+01
1.389388100535424442e-01 -4.930432024897386020e-04 2.099509458276389475e-07 0.000000000000000000e+00 -5.729911229879312710e-09 -1.127165557617471059e+00 0.000000000000000000e+00 -5.394572913626834247e-10 inf 0.000000000000000000e+00 -9.000000000000000000e+01
1.412967193112178591e-05 6.099802428074020032e-05 1.528227373454597027e+00 2.495953848555530888e-07 -1.661043391212899383e-03 -1.793162719806325335e-09 -8.459225027965266331e-09 4.940444731161463706e-08 inf 0.000000000000000000e+00 -9.000000000000000000e+01
3.701596252525458161e-10 -1.367976383489709235e-05 1.246158633730503951e+00 0.000000000000000000e+00 -2.129227881374062548e-01 -2.592428332760700616e-01 0.000000000000000000e+00 5.471905533958836773e-06 inf 0.000000000000000000e+00 -9.000000000000000000e+01
1.668350357644393449e-06 8.704436648579443481e-04 0.000000000000000000e+00 0.000000000000000000e+00 -2.049169461019744208e-06 -1.492687862526741460e+00 6.037304412130450881e-01 8.022277428805517342e-09 inf 0.000000000000000000e+00 -1.000000000000000000e+01
1.013396167314449189e-02 4.360147361908271913e-08 8.048772708349855541e-06 0.000000000000000000e+00 -8.459654961929314876e-01 -2.662303179195402159e-01 -4.080539452224728469e-01 0.000000000000000000e+00 inf 0.000000000000000000e+00 -9.000000000000000000e+01
1.466626957347003102e-01 -4.293817693079890582e-04 1.832362805132284300e-07 0.000000000000000000e+00 -8.600999158486737350e-01 -2.159849119039638100e-03 6.131809700560230374e-08 3.940901170360995240e-05 inf 0.000000000000000000e+00 -9.000000000000000000e+01
2.729165199529495767e-01 -7.951488938637094050e-02 8.343984050649497219e-02 6.066646689335135623e-01 -6.970791549527330933e-01 -1.109223901537760293e-01 -3.218211530622885341e-01 -5.239669613828620287e-01 inf 0.000000000000000000e+00 -9.000000000000000000e+01
3.702913964117455214e-01 1.851456982058727607e-01 1.318740116724858691e+00 -6.343564681690129220e-06 2.165672918961644988e-01 4.310489082398453145e-08 -2.417045668483978720e-03 -3.565142361013868416e-02 inf 0.000000000000000000e+00 -9.000000000000000000e+01
7.233019899039460077e-01 4.924265779479989336e-01 7.563272726457733281e-10 -2.018141712901635066e-04 -4.500456019770646132e-02 1.886156920093157154e-07 3.110234268235246985e-06 1.181855340555820719e-09 inf 0.000000000000000000e+00 -9.000000000000000000e+01
7.143517447453889863e-10 1.094784792608687191e-01 7.734892556474419478e-02 6.560890137909777332e-10 -9.683065494874351087e-01 1.263257598877973545e-06 1.546978511294883896e-01 -6.308506120064130696e-04 inf 0.000000000000000000e+00 -1.000000000000000000e+01
3.697793477491532560e-05 -3.050716334610432678e-01 2.586693409426562313e-08 9.860167946824024868e-08 -1.108570161027452983e+00 -4.479312950039388572e-04 2.917585279226475063e-05 -1.783333024605845366e-03 inf 0.000000000000000000e+00 -1.000000000000000000e+01
3.605059243492170773e-01 2.461934033197778158e-05 1.046321964109055760e-05 -2.505017878778739238e-04 -6.630283783485599880e-01 4.238465631553294671e-02 0.000000000000000000e+00 -3.037829642243402573e-01 inf 0.000000000000000000e+00 -8.000000000000000000e+01
0.000000000000000000e+00 1.217849146927696191e+00 1.926484464632502024e-05 1.352728003589867828e-09 -7.227868520514641781e-07 0.000000000000000000e+00 -1.352728003589867828e-09 -9.989376026509793697e-10 inf 0.000000000000000000e+00 -9.000000000000000000e+01
4.071077243290844444e-02 3.508589381355195959e-10 6.729409800830429278e-01 0.000000000000000000e+00 -7.002612335479527772e-01 0.000000000000000000e+00 -6.513723589265351110e-01 3.548764068927965335e-10 inf 0.000000000000000000e+00 -9.000000000000000000e+01
0.000000000000000000e+00 1.001367063329201779e+00 2.284105064002404923e-08 7.219510433163119360e-05 -3.030026550850496991e-01 4.904427496041103888e-10 -2.531773521766792363e-05 -8.993965500432301676e-10 inf 0.000000000000000000e+00 -9.000000000000000000e+01
4.393411168259956923e-01 2.463647022201469472e-01 1.161195255610986132e+00 1.494593989202358704e-02 -1.456360189478577392e-02 1.142669241744826650e-03 1.636673200227304147e-09 -8.983056957196950325e-09 inf 0.000000000000000000e+00 -9.000000000000000000e+01
3.598287352419423102e-01 4.701352711153152231e-01 4.051615535497825049e-01 4.413020069574348780e-01 -9.787251316619097197e-02 -7.789499144072936643e-02 -2.066309109086203744e-01 -1.780322756048087485e-01 inf 0.000000000000000000e+00 -9.000000000000000000e+01
3.790986432826213394e-10 4.456310882982333355e-01 2.984730610057197142e-02 6.353237351937230175e-06 -1.215841237924135232e+00 -1.167648598999577072e-10 0.000000000000000000e+00 9.153768045626469529e+02 inf 0.000000000000000000e+00 -3.000000000000000000e+01
4.964894013378935279e-09 3.511699931532149543e-01 2.859205987175554489e-03 9.967968849799169737e-05 -8.483082364725251789e-01 2.356354460317939328e-09 0.000000000000000000e+00 1.209700366751851639e-09 inf 0.000000000000000000e+00 -9.000000000000000000e+01
2.330767577683305614e-01 3.408989698107438571e-01 2.921529996957605846e-02 5.588838461030779144e-03 -6.211075927233629113e-01 -3.155627431797371362e-09 6.994717585408417129e-06 -5.031467838337728418e-04 inf 0.000000000000000000e+00 -9.000000000000000000e+01
0.000000000000000000e+00 0.000000000000000000e+00 1.175894869713216628e-09 6.402009892409327570e-06 -1.007733317003710161e+00 0.000000000000000000e+00 -2.015819776651228386e-09 -2.290438702745743534e-08 inf 0.000000000000000000e+00 -9.000000000000000000e+01
5.465549115049022655e-07 1.181416502331888552e+00 3.520895547663833355e-08 0.000000000000000000e+00 -6.112461208256873141e-02 4.809170243083877889e-10 -1.432608095685204642e-06 1.690029862878639799e-06 inf 0.000000000000000000e+00 -9.000000000000000000e+01
3.395636892596404937e-04 -9.858604437634147644e+01 1.998042404229250835e+01 -6.262576772238014067e-02 -2.941658724369995382e-08 8.015163555513578342e-02 3.259811416892548219e-02 1.524385379203224819e-04 inf 0.000000000000000000e+00 -2.000000000000000000e+01
8.108068322533070749e-01 8.051071882860913018e-10 9.238980925439574943e-01 5.582682976212190867e-02 -1.586152845601918604e-01 3.977362120391517847e-02 -8.296154422804596917e-03 1.175772111196781997e-05 inf 0.000000000000000000e+00 -8.000000000000000000e+01
2.228701518134660792e-10 1.174136814642622095e+00 9.808199378309526625e-06 4.596189033749008886e-04 -6.616957472350369629e-02 -8.582144090078487955e-03 2.957642784666711453e-05 2.142620892054241917e-04 inf 0.000000000000000000e+00 -8.000000000000000000e+01
1.278688342377666826e-05 -1.402447972000314991e+01 2.594271889597652248e+01 5.977010642531623089e-05 -2.941031003553773893e+00 1.401420537588593049e+02 0.000000000000000000e+00 -4.299038392476638334e-06 inf 0.000000000000000000e+00 -2.000000000000000000e+01
4.746444894165764766e-09 -5.265471533830865525e-01 6.238184718046433646e-08 2.758750011955938611e-07 -1.166854494225481931e+00 0.000000000000000000e+00 -8.431235991595676410e-06 4.320233515914145299e-08 inf 0.000000000000000000e+00 -1.000000000000000000e+01
4.693909623825497368e-01 0.000000000000000000e+00 1.113948231426808988e+00 6.427571626819069662e-08 8.207796890211533377e-10 4.346053943419461022e-10 -3.038040631164024563e-01 0.000000000000000000e+00 inf 0.000000000000000000e+00 -9.000000000000000000e+01
1.043815573059300394e+00 1.117355596374527966e-09 -7.895584373320271930e-09 1.830447788649624486e-08 -2.032486735365801687e-03 1.050180302163320478e-01 1.093645132790983551e-09 0.000000000000000000e+00 inf 0.000000000000000000e+00 -9.000000000000000000e+01
1.481207696328088756e-06 0.000000000000000000e+00 8.327595914872277816e-06 1.286175409329284554e-09 -5.398889675343053751e-01 -7.824477790352252216e-01 5.192067870521898714e-10 -9.283926284451158228e-04 inf 0.000000000000000000e+00 -9.000000000000000000e+01
5.547192120159583073e-01 5.439451380817900805e+00 1.620888445543677272e-03 1.030272774973794423e-06 -2.451829797991794457e+00 3.261341298991460746e+01 5.374524845750088117e-04 3.867382957788423163e-03 inf 0.000000000000000000e+00 -2.000000000000000000e+01
6.207529627202442585e-03 0.000000000000000000e+00 1.612424979707893780e-01 1.708383972684331733e-09 -1.294844698533487382e+00 9.858476682016323878e-01 1.510652148289068686e+00 0.000000000000000000e+00 inf 0.000000000000000000e+00 -1.000000000000000000e+01
4.458518194723998934e-02 -3.054879990997471808e-08 2.001698666478000997e-08 4.818629279682475584e-03 -9.548088195470471051e-01 -1.755970242845144094e-02 -1.316254244686396916e-05 7.305545982753697662e-07 inf 0.000000000000000000e+00 -9.000000000000000000e+01
7.660321606214088863e-01 3.802290610153043204e-02 6.195145748060874036e-01 6.544518524019962875e-03 -4.024225684624917638e-05 2.515520754136480855e-08 -6.465884765328315797e-01 7.570293590278654391e-09 inf 0.000000000000000000e+00 -9.000000000000000000e+01
3.840310122903424883e+00 -2.529153918361171520e+02 -1.175901411120882332e-02 6.392258140058603821e+00 -1.248487917980196059e-02 -4.578006414059907059e-07 -2.353738462424679601e-01 -5.048149597042405068e-01 inf 0.000000000000000000e+00 -2.000000000000000000e+01
2.752266071156704261e-08 2.103678779798054795e-08 1.540440367431461510e+00 2.480887439057533712e-15 -2.175543309159872688e-12 -5.442493357922581352e-09 1.116063183966261734e-15 1.122786456158829664e-15 inf 0.000000000000000000e+00 -9.000000000000000000e+01
2.042923809675236099e-09 2.558346989925454889e-08 2.330186587523581931e-01 1.685592613283277974e-09 -9.960215434404332546e-01 9.909985179936976420e-08 -3.951264938563246558e-03 0.000000000000000000e+00 inf 0.000000000000000000e+00 -9.000000000000000000e+01
8.117957569291000839e-09 1.227586504937721923e+00 1.818422495521184069e-08 2.800842904579533272e-14 -7.185943880713555831e-06 -8.667610946378412441e-12 5.414858097774193369e-07 -2.200868496563337946e-08 inf 0.000000000000000000e+00 -9.000000000000000000e+01
0.000000000000000000e+00 1.000901191218779962e+00 2.302349328470837905e-08 1.085625533557990977e-02 -3.028616873105369756e-01 4.902145779304391244e-10 -2.530595649319326252e-05 -7.191824946376411677e-09 inf 0.000000000000000000e+00 -9.000000000000000000e+01
4.451845764260715654e-01 2.496414776667717772e-01 1.158606948268358527e+00 1.007080417894223444e-04 -1.475730518374398711e-02 1.157867321994232850e-03 1.658441783584920933e-09 -7.456797629763238446e-05 inf 0.000000000000000000e+00 -9.000000000000000000e+01
1.296092927765148531e-05 2.028390624632456414e-09 0.000000000000000000e+00 9.243967690382288295e-14 -1.009125103405840385e+00 8.583684283926411010e-13 2.531431499541305724e-08 -7.444226046651108780e-05 inf 0.000000000000000000e+00 -9.000000000000000000e+01
4.392986843717447344e-05 5.086028025169055160e-05 7.510274899803206417e-07 8.204749111568718334e+00 4.916173145378446206e+05 2.936430157045149150e-08 7.528802416404567513e-13 -7.853117006787202037e+00 inf 0.000000000000000000e+00 -2.000000000000000000e+01
7.705106091317352746e-02 3.875484909025692093e-02 9.002748104787375778e+05 3.921935555602572490e-08 -7.802948708349953799e-01 -1.565481872521620854e+00 3.442531043820135498e+11 2.770076339934577234e+06 inf 0.000000000000000000e+00 -2.000000000000000000e+01
2.160258695248400418e-01 3.005230731028217250e-01 1.121317443105616909e-07 1.419911734653584237e-02 -6.600347600242344459e-01 0.000000000000000000e+00 -4.057724735132569558e-05 0.000000000000000000e+00 inf 0.000000000000000000e+00 -9.000000000000000000e+01
7.011299702263456002e-01 -3.467544961445513385e-01 1.386139785948718533e-04 5.029408199855878791e-06 -4.220116532748248717e-01 4.462608953976505602e-10 3.870027858756153486e-04 2.901139419384328513e-10 inf 0.000000000000000000e+00 -1.000000000000000000e+01
2.013687749222081762e-05 -7.794920319569349386e-04 1.541057825824278860e+00 9.981929733797772155e-15 -3.613270356467041926e-06 -2.032683873064273717e-13 9.346716023465187171e-15 1.173551643164330641e-09 inf 0.000000000000000000e+00 -9.000000000000000000e+01
1.330659589694656830e+01 2.739593272900763932e+00 2.708519083969466388e+06 2.995250703951785452e-06 3.442531038778626709e+11 1.128549618320610840e+06 5.586935697791686789e-07 5.522757086135050147e-03 inf 0.000000000000000000e+00 -2.000000000000000000e+01
2.421604768066729640e-01 3.858912810204113697e+01 3.403948463635465696e-04 5.094725496559660775e-06 -3.387152665295159296e-06 -2.888877314532730599e-05 1.243969465677741828e+05 4.392366412315738125e+04 inf 0.000000000000000000e+00 -2.000000000000000000e+01
2.100504431504527405e-09 1.629878515729275557e-01 1.323052661510720025e-03 4.839562210186430568e-05 -9.417075868658035809e-01 1.079425888412048719e-09 8.245180061799104270e-06 -2.269711732931280998e-08 inf 0.000000000000000000e+00 -9.000000000000000000e+01
0.000000000000000000e+00 1.206480725225155259e+00 1.930874636889848570e-07 4.708160073512233210e-07 -3.007534566473626589e-02 2.475582307057722174e-03 0.000000000000000000e+00 1.317421481567698227e-01 inf 0.000000000000000000e+00 -1.000000000000000000e+01
5.167356510333770680e-10 0.000000000000000000e+00 1.336574192778911736e-09 0.000000000000000000e+00 -1.007731836606828857e+00 0.000000000000000000e+00 -2.592807860308817794e-09 -7.639321703362960021e-04 inf 0.000000000000000000e+00 -9.000000000000000000e+01
2.810685529933544813e-01 2.353590967076176381e-06 1.139436896759101247e-06 8.392232934031623596e-05 -7.266650394462336182e-01 -4.013129439148986001e-09 0.000000000000000000e+00 7.624945934383074230e-10 inf 0.000000000000000000e+00 -9.000000000000000000e+01
2.950460780257239196e-08 -1.791267888725343459e-05 1.631756199741507096e+00 0.000000000000000000e+00 -2.788072643443222920e-01 -3.394600727279993846e-01 4.969617203049674359e-01 6.588973679230593507e-09 inf 0.000000000000000000e+00 -9.000000000000000000e+01
1.712369215311173028e-05 3.831875167129897671e-05 1.556699286646520781e-05 -3.898932982554670790e-04 -1.031969965010086865e+00 6.596956287730831869e-02 1.332175351072503416e-05 -7.338040945053753237e-04 inf 0.000000000000000000e+00 -9.000000000000000000e+01
1.740253622788013801e-06 1.148795986582350936e+00 8.742962652986430161e-02 1.411394131972077659e-07 -4.493589743434366068e-02 6.856673802847848615e-07 -3.828348357143733406e-09 -2.842836581911177942e-04 inf 0.000000000000000000e+00 -9.000000000000000000e+01
3.302433490558158269e+00 2.804281603269321854e-01 1.981285915353325211e-01 0.000000000000000000e+00 -1.942095644500182738e-01 3.235823212599096588e-06 4.040952372412935922e-01 3.433630115830992348e+06 inf 0.000000000000000000e+00 -2.000000000000000000e+01
2.706197802727837720e-01 4.694935170427812966e-10 3.041095123602134313e-05 0.000000000000000000e+00 -7.366329037028120919e-01 -1.289901366936497444e-03 2.001716545531237936e-09 0.000000000000000000e+00 inf 0.000000000000000000e+00 -8.000000000000000000e+01
1.149638451585188391e-06 1.781823708984099929e-09 5.106445995259311326e-10 2.255420347178859863e+00 -1.063304312382274937e-03 5.643890382278092377e-08 4.844242668977911147e-08 0.000000000000000000e+00 inf 0.000000000000000000e+00 -2.000000000000000000e+01
6.335669465407405276e-01 4.807857183910731298e-10 6.428553508495940538e-02 6.738284689571857545e-10 -5.162397342183812077e-01 3.930461612799038829e-01 6.022796899214447608e-01 5.072435021667758221e-06 inf 0.000000000000000000e+00 -1.000000000000000000e+01
1.341115270086662436e-04 3.280451062000826479e+00 1.072892216069329949e-03 1.124615551073396558e-01 -1.905491115528781920e+00 9.089767363172102321e+00 7.724362061905670757e-09 -5.267317921950029867e-03 inf 0.000000000000000000e+00 -2.000000000000000000e+01
2.810685526027008607e-01 2.353590963804949961e-06 1.169323764557062428e-06 8.392232922367364627e-05 -7.266650384362509651e-01 -4.013129433571188017e-09 0.000000000000000000e+00 6.986493513898932419e-10 inf 0.000000000000000000e+00 -9.000000000000000000e+01
2.183227270205875076e-09 8.947115612861399336e-01 1.362121432259620450e-03 6.440520447107331557e-10 -4.248903156762782740e-01 3.046038687391237192e-07 5.821939387215667283e-10 4.712132191527680558e-10 inf 0.000000000000000000e+00 -9.000000000000000000e+01
7.705106094075651890e-02 3.875484910413051071e-02 2.975267180994827067e+05 3.917526659934297156e-04 -1.648648097589520356e+00 -1.565481873082037234e+00 3.442531045052504272e+11 3.447206113152627368e+06 inf 0.000000000000000000e+00 -2.000000000000000000e+01
6.873594981437080898e-06 6.425002466859082233e-05 2.708919959000045453e-04 0.000000000000000000e+00 -1.008415906697571307e+00 -1.802859551060998888e-03 -1.025826759244998519e-11 4.876127196411203952e-12 inf 0.000000000000000000e+00 -9.000000000000000000e+01
1.058553019174931775e-01 1.814405164865586992e-02 1.242048440369376006e-01 5.762700302935613861e-01 -5.514177387046118595e-01 -4.696342370717702108e-01 -3.002678823603128766e-01 -3.429036071771603411e-01 inf 0.000000000000000000e+00 -9.000000000000000000e+01
4.190607816506777665e-05 3.760801886608646448e-05 2.323840317298822900e+00 2.681929366958772597e-12 -3.672658092391256297e-09 9.748686179577449318e-01 1.067294085123039055e-01 3.768538393346813203e-02 inf 0.000000000000000000e+00 -2.000000000000000000e+01
1.057946801661100222e+00 0.000000000000000000e+00 3.608167652562571757e-06 1.703196017453867893e-09 -2.511824786123226586e-03 1.479749011617059185e-01 -4.009701952160013225e-03 4.670304189489057900e-02 inf 0.000000000000000000e+00 -1.000000000000000000e+01
2.066941981401821360e-09 2.588424869995779086e-08 3.260363605999198374e-08 1.296403539571813721e-09 -1.007731532995811641e+00 9.161738591768355450e-08 1.362136676789539482e-09 -9.305035662313892010e-04 inf 0.000000000000000000e+00 -9.000000000000000000e+01
1.375873170310034757e-05 1.031802195117399679e+00 0.000000000000000000e+00 0.000000000000000000e+00 -1.350479537972098018e-06 4.637053932864411153e-13 -1.673671222273112820e-07 -1.621835708454329117e+00 inf 0.000000000000000000e+00 -9.000000000000000000e+01
1.119015770962880776e-07 2.317208124475668614e-04 -1.710850778716582211e-06 1.869052943330921934e+01 1.119910890917808516e+06 6.664360591512267759e-08 2.877412286436819110e-05 0.000000000000000000e+00 inf 0.000000000000000000e+00 -2.000000000000000000e+01
1.060278181669844708e-02 9.539465588662785628e-03 5.525743512043577477e-07 1.163002124414004031e-04 -9.935626834765214355e-01 1.343626024386644972e-09 2.028114753791162105e-09 0.000000000000000000e+00 inf 0.000000000000000000e+00 -9.000000000000000000e+01
5.342948396272396115e-03 2.589040137165137812e-01 1.211475384937649391e+00 9.346479335258696398e-09 -2.999378573998858211e-01 -1.120412849908892925e-07 4.713275209953275923e-10 -6.602357661108031704e-04 inf 0.000000000000000000e+00 -9.000000000000000000e+01
1.155450162954102383e-01 3.348412962702040094e-04 1.428916597685614729e-07 5.643996592739418689e-07 -3.659864906397709561e+00 5.579227323428459329e+01 3.681475952109293956e-09 0.000000000000000000e+00 inf 0.000000000000000000e+00 -3.000000000000000000e+01
2.078299056732846371e-04 6.528807654651833797e-03 7.441927606351391063e-03 4.314796145097640756e-01 -9.973704859097030084e-01 -1.734927908229158544e-02 4.662510307367368450e-10 -5.920061020185462576e-03 inf 0.000000000000000000e+00 -9.000000000000000000e+01
0.000000000000000000e+00 5.736659583698098253e-01 0.000000000000000000e+00 8.002653454298551723e-09 -7.303052448750415593e-01 0.000000000000000000e+00 -9.932990469335414951e-07 1.497227465816241221e+00 inf 0.000000000000000000e+00 -1.000000000000000000e+01
7.140930279266616785e-10 -7.921795353985228161e-02 1.592183066208389119e+00 9.187025404183010966e-08 6.922330372758454624e-10 2.407513637009887933e-08 6.193664017731249147e-10 6.499703886842675964e-09 inf 0.000000000000000000e+00 -1.000000000000000000e+01
1.193551387987837609e-06 6.241764349020542113e-01 2.106322841269779788e-09 7.544117215737297655e-02 -6.988234894577706191e-01 -2.518841767754393442e-03 -5.339765068106675413e-10 1.785176368523941459e+00 inf 0.000000000000000000e+00 -1.000000000000000000e+01
1.732714297842626886e-08 -1.145554404183354039e-04 3.638642792404494508e-01 7.922225606746909103e-10 -9.891645553614362152e-01 2.619770986697899128e-06 -1.562336152067110746e-04 1.957385708811214387e-06 inf 0.000000000000000000e+00 -9.000000000000000000e+01
5.585267468004194360e-06 1.158349205066913650e-09 1.455087792111053435e+00 3.018854340479363955e-03 -1.918867311791671421e-10 -1.015089771986186079e-01 4.468213974403355488e-05 0.000000000000000000e+00 inf 0.000000000000000000e+00 -9.000000000000000000e+01
1.823239538845517593e+00 -5.018809913381209853e+00 0.000000000000000000e+00 1.223307714814076726e-09 -3.856158050279596816e-08 -1.050690796075289951e-01 4.273217669169181859e-02 1.970274985526607736e+00 inf 0.000000000000000000e+00 -2.000000000000000000e+01
9.885777666804740349e-01 4.919767212040300486e-02 5.314761576975651595e-03 8.510041195761616425e-03 -5.193332923121034061e-05 0.000000000000000000e+00 -6.162378740297603362e-06 -5.539555117995769665e-04 inf 0.000000000000000000e+00 -9.000000000000000000e+01
1.142814936750251309e-02 -1.958148236938270706e-09 4.779363131902841788e-01 4.738579363409338664e-10 -6.678014239097120885e-01 -3.002300519257949385e-01 -4.601656870638352048e-01 0.000000000000000000e+00 inf 0.000000000000000000e+00 -9.000000000000000000e+01
9.837819775014537971e-01 9.768663882512512689e-10 7.767923888545757993e-01 -8.566966604903213491e-08 -1.147114055915438294e-08 4.825880858901930581e-02 -1.006603161081200820e-02 1.451220576781237968e-09 inf 0.000000000000000000e+00 -9.000000000000000000e+01
2.151335872795942603e-03 -3.378608014994970501e-03 1.330651772059557647e+00 0.000000000000000000e+00 -1.179721362728728129e-01 -7.207697098655936607e-02 0.000000000000000000e+00 -2.938522663298189785e-01 inf 0.000000000000000000e+00 -9.000000000000000000e+01
6.448298944210825390e+00 8.128401397970834071e-07 3.639139008118980723e+00 3.555699932691478554e-09 -1.783986224423561356e-06 2.860235571293514454e+02 4.713522975154107141e-03 3.391741400110891841e-02 inf 0.000000000000000000e+00 -2.000000000000000000e+01
8.224947877255903150e-02 1.106861202706685976e+00 1.208876060099007166e+00 0.000000000000000000e+00 -2.543995506221011782e-01 0.000000000000000000e+00 1.591431775320212072e+00 0.000000000000000000e+00 inf 0.000000000000000000e+00 -1.000000000000000000e+01
3.485248980828252420e-04 8.748944591201663901e-01 1.888986652338672388e-04 4.187455041633969407e-08 -4.505612792685225187e-01 1.438251224966547494e-07 0.000000000000000000e+00 0.000000000000000000e+00 inf 0.000000000000000000e+00 -9.000000000000000000e+01
0.000000000000000000e+00 5.964908435936557840e-01 9.088759629734783106e-10 0.000000000000000000e+00 -6.962319354732506849e-01 2.284757530969802080e-07 1.909870785071899893e-06 -2.321686673103028241e-05 inf 0.000000000000000000e+00 -9.000000000000000000e+01
1.493980068149030650e-02 1.953195253030904840e-02 -3.903329071495930357e-03 2.029853574560518847e+00 -1.188398671813443932e-06 -1.448127312351287672e-07 -7.445408864218119871e-02 -1.596844269562570362e-01 inf 0.000000000000000000e+00 -2.000000000000000000e+01
1.192121207395246095e-02 5.129113672566752829e-08 8.753687334513925958e-06 0.000000000000000000e+00 -9.951620513908141508e-01 -1.749308293460415456e-03 4.966284667088443541e-08 3.191820687958818952e-05 inf 0.000000000000000000e+00 -9.000000000000000000e+01
2.497148212442932761e-06 5.576115780214485236e-09 -5.418202560461543712e-04 7.025108908321016088e-01 -5.508324030388069836e-01 -7.424262823566528668e-01 7.791692450219707401e-09 2.058624623916368833e-05 inf 0.000000000000000000e+00 -9.000000000000000000e+01
-1.097306531427535564e-01 3.098760766653040344e-01 -8.157198682826317986e-09 1.891098313255831129e-08 -4.537177568149809992e-01 -6.575619663985231567e-01 4.302126182196312957e-10 0.000000000000000000e+00 inf 0.000000000000000000e+00 -9.000000000000000000e+01
1.346611006544041977e+00 4.420558607838781517e-02 5.575479325202066516e-02 6.988308741959029304e-08 -1.239665202921427793e-06 -1.742013193647757973e-06 2.460432476310123562e+01 8.130907349253014248e-04 inf 0.000000000000000000e+00 -3.000000000000000000e+01
3.336433235925623908e+00 -3.444060114503869841e+02 3.947012609880450057e-06 7.191432341364615288e-01 -4.992457746549493940e-04 -7.237869364614817362e-04 -5.210119349355996077e-01 2.997897781488595825e+01 inf 0.000000000000000000e+00 -2.000000000000000000e+01
2.619140972895598121e-03 4.036545990712310794e-01 1.287758521422870896e-08 1.508776637560495232e-09 -8.154364719492653846e-01 9.145911304500489424e-07 0.000000000000000000e+00 -7.254722865264795640e-06 inf 0.000000000000000000e+00 -9.000000000000000000e+01
9.566298793991938646e-06 9.218512276142126538e+00 6.160577217115306399e-04 2.886888444528089293e-02 -4.156142822803060355e+00 8.524780165869736948e+01 0.000000000000000000e+00 7.985885140039025345e-08 inf 0.000000000000000000e+00 -2.000000000000000000e+01
3.346951550447711202e-03 2.329478279111606986e-01 1.084412302345058449e-01 3.899198556271583210e-02 -6.332432333447068906e-01 -2.731112465165332348e-01 -4.270710178371279198e-01 2.144558976132446210e-09 inf 0.000000000000000000e+00 -9.000000000000000000e+01
0.000000000000000000e+00 3.590897798137582808e-01 4.758430142340785984e-02 3.952264082062608807e-05 -8.418006313666792639e-01 1.023387509411926771e-08 -8.182384305652043617e-04 3.265483344317827881e-07 inf 0.000000000000000000e+00 -8.000000000000000000e+01
7.817729512562044935e-07 8.777494169290975812e-01 7.389966954327517736e-06 6.612121158364567819e-01 -4.350079709450372922e-01 0.000000000000000000e+00 1.296424779132119775e-09 4.736753461401517207e-01 inf 0.000000000000000000e+00 -9.000000000000000000e+01
1.494002803778744261e-02 6.599848483424539669e-01 7.625973335971111267e-01 1.831064411948338808e-03 5.057746077182675298e-02 -9.707374315284328370e-02 4.256086036130666411e-02 -2.343762447293873674e-01 inf 0.000000000000000000e+00 -1.000000000000000000e+01
-7.498505907973307585e-09 1.227591144257754729e+00 2.035820473422689256e-09 -3.967711351949621203e-17 3.611939549620900644e-10 5.944094208337799814e-15 1.242566206923028111e-13 2.835668146712873929e-18 inf 0.000000000000000000e+00 -9.000000000000000000e+01
2.997897786952101029e+01 3.907355870921033945e-07 1.124015984872902720e+02 2.270254474147290202e-02 -4.839217566071193687e+03 -1.803435117790506865e+03 3.442531045052504272e+11 3.447206113152627368e+06 inf 0.000000000000000000e+00 -2.000000000000000000e+01
4.167379924349211132e-04 2.302206490484317074e-08 1.445308195427435605e+00 4.886618937866711766e-07 -2.050229247453553508e-03 -1.136934248558219840e-01 -6.469153822807492976e-10 6.686726260794292753e-10 inf 0.000000000000000000e+00 -9.000000000000000000e+01
9.878123864163100517e-07 2.777266113526404677e-11 2.737075487026417066e-05 1.860960662985212399e-01 -1.008618030729510506e+00 9.011970366899243291e-16 -3.279329768698586653e-03 0.000000000000000000e+00 inf 0.000000000000000000e+00 -9.000000000000000000e+01
-1.888739447486396592e-02 2.317182308417166103e-01 8.017327369972007123e-01 3.526266898178530562e-01 1.033198293531837619e-01 -1.154886180912206989e-01 -2.151593499704598511e-01 -2.704823625469499060e-01 inf 0.000000000000000000e+00 -1.000000000000000000e+01
7.468552109182015494e-07 3.738835437008938278e-01 8.585269294229772464e-04 1.307855582906420483e-02 -8.387117331668699771e-01 -2.071920907708559149e-07 5.182311863394107010e-09 -1.825603240727020644e-04 inf 0.000000000000000000e+00 -9.000000000000000000e+01
1.044678986540773825e-03 -5.333531486472928691e+02 3.307815200745230300e+01 4.186541256923700526e-04 -4.006559109429784549e+00 3.152285828857014065e-08 -9.683822066248746530e-05 4.460427133544877403e-04 inf 0.000000000000000000e+00 -2.000000000000000000e+01
2.709722132173204070e-05 -2.309085758587786685e+01 0.000000000000000000e+00 4.163958338437645332e-07 -8.145588954896419145e-04 -1.575072644321063605e-05 -8.374571672263948368e-07 3.583103645848864693e-06 inf 0.000000000000000000e+00 -2.000000000000000000e+01
1.000123512375878487e+00 7.390075214600087816e-02 3.764800687125370170e-04 0.000000000000000000e+00 -1.995937723884382474e-09 2.490196141394326529e-07 -6.577166940994078059e-01 2.798375147928566520e+01 inf 0.000000000000000000e+00 -3.000000000000000000e+01
8.372048545369309381e-04 -1.815744343855313900e+02 4.851853092729325745e-01 8.531860311367246708e-02 -5.509731478184149545e+00 -6.739666908982267414e-09 3.101778520611157059e-10 1.963767382119749658e-05 inf 0.000000000000000000e+00 -2.000000000000000000e+01
3.496424788838025655e-01 2.492132562256890727e-01 4.673717200283542222e-04 0.000000000000000000e+00 -3.630427345140352600e-09 -7.141633611243627389e-01 0.000000000000000000e+00 -3.429506747794798502e-10 inf 0.000000000000000000e+00 -9.000000000000000000e+01
3.361862987661696223e-01 -1.188378614421566710e-03 5.238171786573661984e-07 1.142145821594304213e-09 -6.700050883860986239e-01 8.850704053176187308e-07 0.000000000000000000e+00 2.751733562451142233e-09 inf 0.000000000000000000e+00 -9.000000000000000000e+01
2.081990178607669835e-07 4.500366757161516906e-01 2.692420106187926120e-09 4.458869751113695889e-08 -7.957602146769039431e-01 5.862259035328763185e-08 9.326321192568487862e-10 6.395191674904105244e-07 inf 0.000000000000000000e+00 -9.000000000000000000e+01
3.797470034189175947e-01 -4.363673792500158410e-01 4.453973529816996485e-02 5.109866892084567909e-03 -7.673037138490211850e-01 5.455017330487700669e-10 1.960896896399312288e-08 5.582301068199080833e-10 inf 0.000000000000000000e+00 -1.000000000000000000e+01
3.212349185413647490e+01 -5.719036059799285431e+04 1.400473103294872824e-03 2.240833246359975917e+01 -8.201742601056121629e+00 1.088299826779177378e-06 -6.102487054357233487e-02 -8.201742601056121629e+00 inf 0.000000000000000000e+00 -2.000000000000000000e+01
1.128046602705970534e-04 1.495998598396744249e-06 0.000000000000000000e+00 1.869051503691446925e+01 1.119910028305578744e+06 -1.240087348798662927e-04 0.000000000000000000e+00 -9.389778436745523243e-06 inf 0.000000000000000000e+00 -2.000000000000000000e+01
4.347553783256725701e-01 3.077069316190149117e-01 4.992823880696622196e-10 1.208061819840762496e-01 -3.730671151848676814e-01 -1.193374138140570889e-01 0.000000000000000000e+00 0.000000000000000000e+00 inf 0.000000000000000000e+00 -9.000000000000000000e+01
5.188004732497022431e-01 5.836505324059150235e-01 4.010935366884234756e-10 5.570453799315713272e-01 -4.546778987314598557e-05 -5.154748291904093227e-02 -3.658208465222259620e-01 -1.263744742531326126e-01 inf 0.000000000000000000e+00 -9.000000000000000000e+01
0.000000000000000000e+00 5.379904155757684210e-08 1.448171056864767611e-05 0.000000000000000000e+00 -7.851870005371984762e-01 0.000000000000000000e+00 -2.127467789724014270e-05 1.112118320611341005e+03 inf 0.000000000000000000e+00 -3.000000000000000000e+01
5.075499629625105369e-01 3.995735886303418069e-03 4.567949666662594610e-01 0.000000000000000000e+00 -4.753400614668127355e-01 0.000000000000000000e+00 3.545195536891770832e-10 -2.699802755017579028e-10 inf 0.000000000000000000e+00 -9.000000000000000000e+01
1.266394280040276259e-08 -9.663498836255048736e-09 6.331971400201381293e-09 1.513427577434297558e-03 -3.020345788944146515e-01 -7.359923071909874048e-01 -5.637978806029073642e-01 6.600976721124969311e-09 inf 0.000000000000000000e+00 -8.000000000000000000e+01
5.485635494609801723e-10 8.182045857805390066e-01 2.520404043593484161e-08 1.913638285742627534e-04 -1.029559779463869737e-03 -1.273179711994106964e-07 -6.783993204230799323e-01 0.000000000000000000e+00 inf 0.000000000000000000e+00 -9.000000000000000000e+01
1.957971020746306773e-02 8.193355656046084068e-01 1.202495433049116380e-01 0.000000000000000000e+00 -4.405133570368306439e-01 -2.707536678392548638e-09 5.404300664430749405e-10 1.321450262133233186e-09 inf 0.000000000000000000e+00 -9.000000000000000000e+01
4.571351796025785452e-02 3.391341955252347162e-01 1.245653819851316908e-02 1.657708194544990632e-01 -4.899625756251111074e-07 0.000000000000000000e+00 -1.146476049051726287e+00 6.316866642334213783e-10 inf 0.000000000000000000e+00 -9.000000000000000000e+01
3.766308977058843155e-01 6.357315861985849414e-01 9.834181656909240978e-04 4.403218421816979777e-10 -2.904865966348575967e-01 2.082498421057305017e-07 3.980310437800659385e-10 3.221563760594908594e-10 inf 0.000000000000000000e+00 -9.000000000000000000e+01
4.770448512818926045e-09 -2.838569173463139084e-01 2.569681598905128454e-08 9.795320946321528741e-08 -1.101279468802240480e+00 -4.449854018843839624e-04 0.000000000000000000e+00 -1.043654380318402408e+00 inf 0.000000000000000000e+00 -9.000000000000000000e+01
9.954795581086296752e-02 4.431798417348995628e-02 1.887582392875209458e-01 2.159424887589488917e-01 -8.653014620482704644e-02 -9.587233898092341056e-01 3.867055206498907355e-02 -4.144640852509967610e-02 inf 0.000000000000000000e+00 -9.000000000000000000e+01
0.000000000000000000e+00 1.454965537186606083e-03 0.000000000000000000e+00 0.000000000000000000e+00 -1.451934358984133971e-05 -1.215745923424532915e+00 0.000000000000000000e+00 1.476183784603910594e-05 inf 0.000000000000000000e+00 -9.000000000000000000e+01
3.895721528680895496e-03 4.644834576380134084e-01 1.101946961568804229e+00 1.484878869604281401e-03 -1.157871837646484540e-02 9.530753418667929633e-04 5.131340406689812562e-10 0.000000000000000000e+00 inf 0.000000000000000000e+00 -9.000000000000000000e+01
0.000000000000000000e+00 1.215169593494370703e+00 3.912603964511494724e-07 1.620935928154762032e-07 -1.095874909727891436e-02 3.871847673214499739e-09 -1.424933100980186262e-05 0.000000000000000000e+00 inf 0.000000000000000000e+00 -9.000000000000000000e+01
3.397453120889736278e-01 3.492901681037371420e-01 3.779783544774235893e-02 4.304033111705838355e-01 -2.801619819575193460e-01 -2.089069654542796417e-01 -3.390810361411562002e-01 -9.043373750174914238e-02 inf 0.000000000000000000e+00 -9.000000000000000000e+01
0.000000000000000000e+00 1.207366840365948102e+00 4.447047657358241175e-07 8.857190354904380714e-07 -1.757598711051337977e-07 4.970636774692432325e-08 0.000000000000000000e+00 3.275315183324015460e-08 inf 0.000000000000000000e+00 -9.000000000000000000e+01
1.021585059259319195e+00 6.613996935208320067e-10 6.949816574143322656e-01 3.091247765439610432e-09 2.489975316784308853e-09 1.257992754199440399e-01 1.018626265957217164e-09 -1.519085589976682527e-01 inf 0.000000000000000000e+00 -9.000000000000000000e+01
5.994716744872892189e-01 4.193025919911093635e-01 1.394574918335908729e-05 8.267743573348753660e-10 -1.043431950547028594e-06 -2.948221349937487634e-01 7.993169063532743604e-10 8.450793246559427375e-10 inf 0.000000000000000000e+00 -8.000000000000000000e+01
8.775571589635071692e-07 -4.446975867122992832e-05 4.069324182639637577e+00 1.301819694897523225e-09 -3.204457869286849725e-01 5.526509234778499646e+00 -1.000569570102673336e-05 2.541312887027751632e-07 inf 0.000000000000000000e+00 -2.000000000000000000e+01
5.237371116460327544e-06 0.000000000000000000e+00 6.674040206717800350e-02 1.564610158351425681e-02 -1.005262026740791015e+00 5.610053529639717645e-09 2.704482948314627829e-07 2.503376253362281201e+00 inf 0.000000000000000000e+00 -3.000000000000000000e+01
4.050553526159618445e-02 9.750644686808478351e-05 1.477583408188249070e+00 3.404242936671915931e-06 -5.358068547019270017e-02 -5.047190849751940350e-02 1.739400718855578412e-04 1.260083313372172562e-03 inf 0.000000000000000000e+00 -9.000000000000000000e+01
3.737814003066843033e-05 -6.847656006024509452e+02 1.678257005687339598e-08 1.492880048599607434e-01 -8.597111981247875789e+00 -4.876057133196163781e-03 6.654168193045892007e-03 7.772361746147268824e-02 inf 0.000000000000000000e+00 -2.000000000000000000e+01
