3.770586923606877860e-01 1.016195364836725852e-06 1.651317467859679483e-06 2.398519942004331000e-06 -6.307163581306050038e-01 1.144153788533997404e-07 1.106209912893839282e-08 2.087289189853807486e-02 4.635393454493303977e+01 1.000000000000000000e+00 0.000000000000000000e+00
3.263350458596055437e-01 7.401161593971591901e-02 1.607335125208813278e-08 4.322305850439783510e-04 -6.526700917192110873e-01 9.226889815227223076e-10 6.799144053193078261e-09 0.000000000000000000e+00 4.944355449693262727e+01 1.000000000000000000e+00 0.000000000000000000e+00
4.490574289582463519e-01 7.918428247561669006e-03 2.417184298543801236e-04 3.510474278683551957e-08 -5.556963391030150801e-01 1.405355981997900413e-08 7.184226430794246142e-08 8.255008556082065449e-10 6.603569673828877967e+03 1.000000000000000000e+00 0.000000000000000000e+00
2.570694158863447987e-01 4.677603289065964676e-01 3.830632804130685310e-09 1.210006073387259773e-07 -5.260647325096849958e-01 4.024473881516452156e-04 1.010971131811809743e-08 0.000000000000000000e+00 1.870169164604641992e+04 1.000000000000000000e+00 0.000000000000000000e+00
2.388733509349649231e-01 4.620828755791124842e-01 0.000000000000000000e+00 2.055494783035727129e-05 -5.482339201786080585e-01 1.675878059388231141e-07 0.000000000000000000e+00 -2.355974117263225621e-09 1.969691484486477930e+04 1.000000000000000000e+00 0.000000000000000000e+00
2.388733882141403086e-01 4.620829476929271817e-01 1.385867344083803746e-09 4.014638874651187363e-08 -5.482340057373712439e-01 1.675878320929972338e-07 0.000000000000000000e+00 0.000000000000000000e+00 1.969887313803559300e+04 1.000000000000000000e+00 0.000000000000000000e+00
4.405123951405708338e-01 4.413951855115940126e-01 0.000000000000000000e+00 0.000000000000000000e+00 -3.592956810064375506e-01 4.872464439675045771e-08 9.702834154169314049e-08 0.000000000000000000e+00 2.415289062741101952e+04 1.000000000000000000e+00 0.000000000000000000e+00
5.651779960256145818e-01 2.757659236141077330e-01 1.100115246779258425e-05 5.549582008456463440e-10 -3.240960339382297217e-01 4.304103298161654650e-09 3.231805437107837509e-07 2.098504537182438030e-07 2.773374417374391851e+04 0.000000000000000000e+00 0.000000000000000000e+00
5.687408805959583979e-01 1.620761852721259418e-07 6.989284753187670922e-10 2.158341279118904814e-07 -4.391756504010211337e-01 1.108256093599623478e-08 -3.385049388717161541e-04 -1.921645860033374497e-07 2.828645886787075506e+04 1.000000000000000000e+00 0.000000000000000000e+00
1.188676212277785249e-01 3.166911076506508105e-02 0.000000000000000000e+00 1.342988563854563176e-04 -8.815292202001677735e-01 1.168611878402658379e-02 4.435145592382479214e-07 4.641491568520609839e-09 3.112869306332087217e+04 1.000000000000000000e+00 0.000000000000000000e+00
5.846183357789521695e-01 6.027410721432991086e-07 8.563745153011994128e-04 4.366738519463773428e-03 -4.394512828068136701e-01 4.369824553753147434e-02 -1.732880582411985003e-06 4.488184253020171469e-09 3.136839294510115724e+04 1.000000000000000000e+00 0.000000000000000000e+00
1.979779784313128455e-01 5.907407420934334130e-01 4.594664550181753745e-10 4.301438708985687960e-08 -5.029279290795446444e-01 -3.168980287814677454e-08 -1.807670100993914760e-05 2.494682187894566963e-05 4.939228929340257309e+04 1.000000000000000000e+00 0.000000000000000000e+00
2.514164668458086505e-01 6.021384973987392586e-01 2.782132062588415500e-01 -9.790169041066706934e-04 -4.933752609576056991e-01 1.391066031294207750e-01 1.374070482799607528e-09 5.975444971354191244e-08 5.063300249829029053e+04 1.000000000000000000e+00 0.000000000000000000e+00
3.639739824160592718e-01 8.693932995829138644e-02 7.315516676283171371e-01 0.000000000000000000e+00 -5.585739334107839849e-01 -4.457046569652621626e-09 5.000752551793980534e-10 2.815392809530161306e-05 5.124498879686951113e+04 1.000000000000000000e+00 0.000000000000000000e+00
3.362740738623564707e-01 5.176443196988370237e-06 7.601427188411766789e-01 2.963145602477368975e-05 -6.265238815448760379e-01 1.632682183131076215e-08 3.479657221257827476e-05 -3.617121096774132049e-09 5.361904167141378275e+04 1.000000000000000000e+00 0.000000000000000000e+00
2.233359255129634402e-01 6.033403360872594545e-01 1.518073416354483979e-09 1.724263176964024958e-05 -4.683387691727069480e-01 1.271580513985269164e-07 -1.071306583032589244e-06 3.833052301357195261e-04 5.379295606672105350e+04 1.000000000000000000e+00 0.000000000000000000e+00
2.078307108212864018e-01 6.201400242248061856e-01 1.560947037792302011e-09 4.515507590925571336e-08 -4.709712075869473824e-01 1.790218938703235298e-07 -1.077328182755339720e-06 4.651372421095012917e-07 6.014213321089619421e+04 1.000000000000000000e+00 0.000000000000000000e+00
3.885834670634105703e-01 6.029405937306320240e-01 8.821160159721733936e-08 3.751746763381332543e-05 -3.034278961956102805e-01 6.366021259648325329e-04 0.000000000000000000e+00 6.253426617858289623e-10 6.764596911515583633e+04 0.000000000000000000e+00 0.000000000000000000e+00
2.643523475715273130e-01 -5.654190518391511919e-04 1.017181859133920341e+00 1.645046745115148344e-04 -6.781212394226134865e-01 2.986908569055689770e-07 2.719730967695203538e-07 1.712676931797987177e-09 9.453758572657610057e+04 1.000000000000000000e+00 0.000000000000000000e+00
4.417854514941352284e-01 9.847926260732697834e-02 1.128896458445510342e+00 3.579027789576014955e-05 -3.969088254958595963e-01 2.058152589785115155e-09 4.422427514224189786e-07 1.627203672068376223e-09 9.868450802324739925e+04 1.000000000000000000e+00 0.000000000000000000e+00
1.596894776163394203e-01 1.610902625077108019e-01 9.786817107714835817e-01 1.994932910074826578e-07 -6.761121742352615982e-01 -3.277389780837215349e-06 4.175109590370887256e-06 9.914827695510002699e-10 1.018594140143453405e+05 0.000000000000000000e+00 0.000000000000000000e+00
6.140673222031745038e-01 -3.752362020628474681e-02 0.000000000000000000e+00 0.000000000000000000e+00 -4.077485244565665079e-01 9.441727494445032464e-09 8.760553481535610659e-10 4.662581478738287575e-09 1.100626776926882449e+05 1.000000000000000000e+00 0.000000000000000000e+00
1.774869308710146365e-01 8.343494393815672483e-01 1.549462610974194666e-07 6.709224242898162737e-07 -3.110042897437718667e-01 3.886440872410521372e-08 0.000000000000000000e+00 3.715450258369433397e-09 1.132760371325018787e+05 0.000000000000000000e+00 0.000000000000000000e+00
1.792306738328888205e-01 6.183285847511312456e-07 1.840041256736749901e-07 3.550812609954532201e-05 -8.285745905061416838e-01 2.321067270553717522e-07 8.756541513658391075e-09 3.623789580227806256e-02 inf 0.000000000000000000e+00 -1.000000000000000000e+01
3.475369751907329885e+01 7.113549618318426838e+03 2.377269832231796234e-02 5.811068702288291661e+02 -1.809697041984177304e+02 7.187785227062775055e-08 3.442531038777568970e+11 8.080645201312926305e-06 inf 0.000000000000000000e+00 -2.000000000000000000e+01
1.488029212323889405e+00 2.092004117787915896e-01 -1.049778163179780441e-09 2.664452197704778025e-10 -5.824964237618920349e-01 8.027797320989851215e+00 2.872487504432478128e-10 0.000000000000000000e+00 inf 0.000000000000000000e+00 -3.000000000000000000e+01
4.736916694989830963e-04 2.731100213431354451e-01 4.685428470044289027e-04 1.255251619331538215e+01 3.637756985344670247e+05 4.515275976669569577e-07 1.524157049474346457e-08 -1.297503268627649186e-04 inf 0.000000000000000000e+00 -2.000000000000000000e+01
2.373366419468227462e-01 3.443353634893307758e-02 1.019035443261981366e-01 2.161670024158318881e+00 -8.776853656482226651e-02 0.000000000000000000e+00 1.649756283965011137e-08 5.094259309155617103e-09 inf 0.000000000000000000e+00 -2.000000000000000000e+01
5.563995420316513174e-01 3.941747385299797235e-02 9.267332300751924545e-10 8.745229072540548762e-10 -4.358696664278175481e-01 1.362689425631691363e-09 8.387066257987544881e-08 -1.857000990407904270e-02 inf 0.000000000000000000e+00 -9.000000000000000000e+01
1.288988415040633095e-06 4.719881104503528824e-01 9.042648319800359666e-08 2.936906030459927555e-05 -7.815387543171427032e-01 1.543278646579261383e-05 1.777108744545816020e-06 2.703660507738289419e-07 inf 0.000000000000000000e+00 -9.000000000000000000e+01
1.208978311640101222e-01 2.695796359495629679e-01 1.159229980493420124e-02 3.622617858476916296e-10 -7.719439157552944186e-01 2.036498688008644881e-09 6.433993107719619624e-10 1.603210369783612532e-01 inf 0.000000000000000000e+00 -1.000000000000000000e+01
1.797406516270089121e-07 1.902325882491043491e-09 2.430907529929056095e-04 1.736362521377897296e-07 -1.007079149679043661e+00 -2.378816654287719274e-05 6.167986983898536665e-09 3.730466354522826039e-07 inf 0.000000000000000000e+00 -9.000000000000000000e+01
4.026896379247607571e-01 2.807070103782091097e-01 2.593967923128477349e-01 -9.128029828643499047e-04 -4.614764463809302164e-01 8.212422270724008482e-09 0.000000000000000000e+00 8.970155098902809499e-08 inf 0.000000000000000000e+00 -9.000000000000000000e+01
4.127836476093446616e-01 2.723272428678735097e-07 1.174369105034340189e-09 4.497443971322901528e-06 -6.799621044523793678e-01 2.495079239830456652e-01 0.000000000000000000e+00 1.848446438865710205e-09 inf 0.000000000000000000e+00 -1.000000000000000000e+01
7.359152778224432367e+00 4.809821696348049791e+00 7.283803091075376379e+00 5.352003009277062357e-08 -2.354677723407987866e+00 1.552155725879288841e-05 7.017486463212930757e-08 2.690128174698773384e+09 inf 0.000000000000000000e+00 -2.000000000000000000e+01
5.313255707620386792e-01 9.094893190411702841e-10 8.167439510050146512e-03 7.342625708426286577e-07 -4.772090774436829053e-01 2.645995374036654123e-10 1.241670556474343361e-09 1.288634110732136715e-10 inf 0.000000000000000000e+00 -9.000000000000000000e+01
5.905484811853617400e-01 5.199916156455672674e-08 2.171391121782705828e-03 2.236926065096067173e+00 -2.070904208702218415e-03 4.519180465983876162e-05 0.000000000000000000e+00 1.186647533139884314e-07 inf 0.000000000000000000e+00 -2.000000000000000000e+01
1.799482279993692176e-10 6.060432549201553932e-12 2.035391716906720874e-18 6.224269550677207578e-18 -1.009138249047002445e+00 6.960622868056430871e-18 0.000000000000000000e+00 -2.855396104912270533e-12 inf 0.000000000000000000e+00 -9.000000000000000000e+01
8.887493255768972311e-01 4.707163919956227459e-09 5.596774715837862815e-08 2.360779458326670472e-08 -1.193049366399421829e-01 4.871266882303324896e-08 1.179238129427566144e-07 1.535990682247029004e-01 inf 0.000000000000000000e+00 -1.000000000000000000e+01
2.165472717494587931e-02 4.098753991483238511e-05 1.027747950415408784e+00 0.000000000000000000e+00 -9.167978875864727373e-01 -3.543224320057858021e-03 5.529077358090553773e-10 -2.487178405016471974e-09 inf 0.000000000000000000e+00 -9.000000000000000000e+01
2.710679657038140844e-01 5.312569495064717318e-01 2.329534596957830980e-05 2.325730428227644418e-07 -4.714225490501114946e-01 -3.181668392519602698e-06 3.541335254282688420e-06 2.464063836598062166e-07 inf 0.000000000000000000e+00 -9.000000000000000000e+01
4.190773699563106747e-01 2.847412191574319462e-01 6.276920921747847897e-06 0.000000000000000000e+00 -4.666413659329471941e-01 8.466793967933803729e-09 -2.586091419760113276e-04 -1.560035522055495263e-07 inf 0.000000000000000000e+00 -9.000000000000000000e+01
-2.885496183206165442e+05 2.984199815124106148e-01 2.400679442718787375e-04 1.022677498919383997e-05 -1.281126764894467696e-01 5.090873660022168790e-02 1.692677272185148851e+00 3.780638716603129978e+01 inf 0.000000000000000000e+00 -2.000000000000000000e+01
3.366854340589800899e-04 3.049408074191334154e-04 3.457037938998456368e-07 3.038870948574533805e-11 -1.008686473439511788e+00 -3.347058332510158493e-12 6.278422054130404605e-12 1.527108933053231049e-05 inf 0.000000000000000000e+00 -9.000000000000000000e+01
9.494291561593730155e-07 3.620176824905347868e-01 2.622182132634144125e+00 -3.427835821196140013e-04 0.000000000000000000e+00 -2.087811043642847321e-07 0.000000000000000000e+00 4.007633587787109377e+02 inf 0.000000000000000000e+00 -2.000000000000000000e+01
2.704901095625438455e-04 1.055065017892410778e-01 1.237243946447746268e+00 4.910530352426790146e-01 -3.713479359041611805e-02 1.666564653751872175e-09 3.131318743963478577e-09 1.041602908594920135e-09 inf 0.000000000000000000e+00 -9.000000000000000000e+01
4.070405741684310352e-03 9.540946556980376156e-07 1.923664122137405002e+03 4.417644875863468489e-08 -4.519702678276155564e-08 1.654199516500225750e-04 7.261832061068703479e+04 4.538597951408561860e-05 inf 0.000000000000000000e+00 -2.000000000000000000e+01
3.969250329489336317e-11 5.736013713011096753e-19 1.344688335835646481e-19 4.512025332599036301e-12 -1.009138249189814873e+00 3.137539957622125338e-17 3.270917162298369330e-18 1.304992739205811810e-19 inf 0.000000000000000000e+00 -9.000000000000000000e+01
1.004926904877419869e+00 8.125928887931472416e-03 3.505333075114353518e-07 1.069196508117493049e-08 0.000000000000000000e+00 6.357928382709539944e-04 0.000000000000000000e+00 6.227268490738805295e-10 inf 0.000000000000000000e+00 -9.000000000000000000e+01
7.236034616759142585e-03 1.183106925735935783e-04 4.331697937775119949e-04 1.397634504633870805e-09 -1.000465748193939186e+00 1.472175011547677209e-07 9.608737219357861835e-09 1.453313281678207496e-02 inf 0.000000000000000000e+00 -9.000000000000000000e+01
6.762876189479735201e-04 1.296715840824812505e+00 2.584319196047792925e-07 -1.122833472850432585e-02 -2.427578513928030368e-02 9.007759033593415454e-02 8.842469471430888545e-10 1.637632823884452160e-09 inf 0.000000000000000000e+00 -9.000000000000000000e+01
3.970830286768224789e-04 1.157148007487040081e-01 1.326472450101599199e+00 6.036348634784549172e-05 -3.991428253673650652e-03 9.079778705869457742e-08 -1.051686416931259110e-01 2.409633579634586745e-08 inf 0.000000000000000000e+00 -9.000000000000000000e+01
3.058862713534174754e-03 3.133246968106469937e-02 2.093689059308354306e-01 6.894773607848717794e-10 -9.870942386344723207e-01 1.308555662067721441e-02 4.966263807740522890e-07 4.650805294533124497e-10 inf 0.000000000000000000e+00 -9.000000000000000000e+01
4.995483581913139348e-01 5.653803123715646084e-01 0.000000000000000000e+00 1.427594364834824752e-04 -2.192784944386290680e-01 4.514781951082815492e-07 1.829225304822664194e-08 5.178958079111487046e-09 inf 0.000000000000000000e+00 -9.000000000000000000e+01
6.465338286511068677e-01 2.402527520365140556e-01 1.831194756375869315e-01 3.772144960185888044e-07 -2.456242566552165885e-01 3.050314751755255185e-08 2.369465871287135598e-06 7.713105049762810847e-10 inf 0.000000000000000000e+00 -9.000000000000000000e+01
6.653585499866119246e-01 9.442220599074713228e-02 7.945163861604837008e-01 6.065411532504386620e-07 -2.465740508773914819e-01 4.455744625801299524e-08 6.345353603235357944e-08 0.000000000000000000e+00 inf 0.000000000000000000e+00 -9.000000000000000000e+01
-1.973759535925333694e+03 6.812977078320948749e+03 6.282375039768252475e-04 4.310921560677478080e-06 -1.422709919296433327e+03 7.154741338066110401e-02 5.799185569982884979e+10 -5.806900745531718247e+06 inf 0.000000000000000000e+00 -2.000000000000000000e+01
2.321790437807252222e-02 5.440667986546757762e-01 2.260851056237507886e-02 3.142930751125110437e-07 -7.059217961039162548e-01 2.320003616584955617e-07 0.000000000000000000e+00 -7.751489335671456204e-02 inf 0.000000000000000000e+00 -9.000000000000000000e+01
4.601462931028619807e-01 4.967821444645548201e-01 0.000000000000000000e+00 0.000000000000000000e+00 -3.055430003565182129e-01 7.424467481956222228e-09 9.335176025106719938e-10 3.048399001414966585e-08 inf 0.000000000000000000e+00 -9.000000000000000000e+01
1.691560684144106490e-06 -5.812352871668851478e-02 0.000000000000000000e+00 0.000000000000000000e+00 -1.028517011463521369e+00 6.534240489966384249e-08 0.000000000000000000e+00 -1.571613320093740468e-09 inf 0.000000000000000000e+00 -9.000000000000000000e+01
4.718881744860784488e-01 2.722069509510512408e-01 1.266685186132240740e-09 0.000000000000000000e+00 -8.386087520376884844e-10 -5.038670158686697152e-09 4.554171847049190697e-07 -2.170120467097654160e+00 inf 0.000000000000000000e+00 -3.000000000000000000e+01
1.413170113355584085e-03 6.146625493043488648e-05 3.917781564259701607e-05 1.514160277706377461e-06 -1.020672081871870196e+00 4.323680346818339210e-02 0.000000000000000000e+00 0.000000000000000000e+00 inf 0.000000000000000000e+00 -9.000000000000000000e+01
1.378947387311106249e-10 3.716344356275492791e-16 6.039059578947676155e-16 8.771665723267891588e-16 -1.009138249091489747e+00 -1.987970969992956616e-16 3.048563729757239988e-17 2.628532277495519655e-19 inf 0.000000000000000000e+00 -9.000000000000000000e+01
1.686454049566520619e-01 1.701247506141665700e-01 1.033569499383458323e+00 2.210275201898610238e-07 -6.351324022928884760e-01 0.000000000000000000e+00 1.113955188190921946e-08 1.645772043984872202e-02 inf 0.000000000000000000e+00 -9.000000000000000000e+01
2.216896573416248795e-01 3.412585173183637220e-06 1.362437099424025799e+00 3.815356098300907601e-08 -4.130376838771112613e-01 1.076350458924338521e-08 0.000000000000000000e+00 5.578645671254193277e-10 inf 0.000000000000000000e+00 -9.000000000000000000e+01
1.856165011802024100e-03 0.000000000000000000e+00 1.424452318487596347e+00 6.088763364781131081e-10 -4.307994093906256095e-01 2.233890664959435054e-09 4.800042324129442940e-07 1.548400749719175056e-09 inf 0.000000000000000000e+00 -9.000000000000000000e+01
4.189083459161989653e-01 9.360538052616337726e-05 2.322337934634295317e-02 2.351690732972129148e-04 -5.881283839557934767e-01 1.939673126197715120e-08 0.000000000000000000e+00 -6.552838885624158449e-02 inf 0.000000000000000000e+00 -9.000000000000000000e+01
9.816981611956622500e-02 9.018890531661277396e-03 -2.225889862673435284e-03 1.326194803117901055e-06 -9.034575558672861550e-01 2.534130197040575281e-07 -2.038566958508196104e-06 0.000000000000000000e+00 inf 0.000000000000000000e+00 -9.000000000000000000e+01
8.632851020629628280e-01 1.267317153574291727e-09 8.539628131611715879e-09 8.168971931856653583e-08 -1.725350874885723806e-01 -2.606316250931614564e-02 -3.081533896002865470e-08 2.551812233894588289e+01 inf 0.000000000000000000e+00 -3.000000000000000000e+01
1.449843613745988857e-01 9.722097400939395673e-01 2.007214352211060437e-07 1.051088204464237912e-09 -1.941813019758672765e-01 0.000000000000000000e+00 0.000000000000000000e+00 7.612500252193649652e-08 inf 0.000000000000000000e+00 -8.000000000000000000e+01
-7.370256205811034390e-03 4.198550898492614133e-07 2.387176082285800483e-05 4.864369095835282542e-01 -1.014147253919598368e+00 6.044788681981553842e-08 8.932463895370028562e-10 2.542091364321699943e-08 inf 0.000000000000000000e+00 -9.000000000000000000e+01
2.328926002665571107e-08 6.309151932691300924e-02 8.944005097518652572e-08 0.000000000000000000e+00 -9.841302628599558622e-01 1.769881544824719686e-03 7.731627783163445074e-10 1.138327921502373876e-08 inf 0.000000000000000000e+00 -9.000000000000000000e+01
3.819778600750578512e-01 1.201421866055301259e-06 3.419587574836457183e-07 2.399799588868908390e-07 -6.256350465853315335e-01 6.747850852422088935e-08 8.599704657786046857e-08 0.000000000000000000e+00 inf 0.000000000000000000e+00 -9.000000000000000000e+01
5.741722538727773717e-01 -4.356700003257069770e-02 1.424868937704350635e+00 2.981436066977975047e-06 4.649909406517976058e-10 2.495212924605338534e-08 3.635227636947960657e-07 1.162477351629493989e-09 inf 0.000000000000000000e+00 -9.000000000000000000e+01
4.877221205527969977e-02 -1.357818383618986857e+01 4.988498442581890229e-08 1.609864030730912140e-04 -2.380083948297649687e+00 5.913630711702664265e-03 -1.305265618134771982e-08 1.313521641198252557e-06 inf 0.000000000000000000e+00 -2.000000000000000000e+01
-3.071450381679389975e+05 -3.832299618320611785e+02 5.685191118080198426e-04 5.337331472462371088e-06 -6.592557251908398030e+03 3.535328930570879593e-04 1.031933850004473126e-03 -1.213029880105084434e-06 inf 0.000000000000000000e+00 -2.000000000000000000e+01
5.778678098881099290e-01 7.405012653656019017e-01 4.606956677353046641e-04 1.340619377130774819e-08 1.890617070312631060e-09 1.110307843110872468e-08 0.000000000000000000e+00 1.198484573277174090e-03 inf 0.000000000000000000e+00 -9.000000000000000000e+01
5.450339838365864109e-01 1.780684980304962362e-01 7.859882222696892766e-08 -4.192279883952772235e-03 -2.878667521211965389e-05 -5.919574393986766214e-01 -2.737201574455263089e-02 6.274997212463303046e-09 inf 0.000000000000000000e+00 -9.000000000000000000e+01
4.515576254740684137e-01 2.312302126421537374e-01 1.028497448765886224e+00 2.093407658063380700e-06 -2.589414954931780755e-01 5.307169662929720827e-09 1.028941057098619388e-08 5.767485399000155864e-09 inf 0.000000000000000000e+00 -9.000000000000000000e+01
1.689981996410910292e-01 5.329566411869769427e-01 5.486294446710153126e-06 7.317579964805071191e-10 -5.721446295095488077e-01 7.082103526236880606e-07 9.903733163339172806e-08 -5.605886696229720681e-08 inf 0.000000000000000000e+00 -9.000000000000000000e+01
1.248573325741561329e-03 2.983746604487723664e-01 2.133342166845030863e-01 2.729464337379416544e-06 -8.562692958333320004e-01 0.000000000000000000e+00 2.639274557788754495e-08 1.365518707465208098e-09 inf 0.000000000000000000e+00 -9.000000000000000000e+01
-5.087781594851095157e-01 1.443731127849269026e-02 3.655015513542453354e-01 6.469448845991891143e-06 -1.491246329525320879e+00 1.745635766202984246e-06 3.116210812670662963e-07 0.000000000000000000e+00 inf 0.000000000000000000e+00 -9.000000000000000000e+01
6.649273589894328512e-04 1.104732033915280104e-01 6.177132297202154855e-06 1.214029766242290940e-07 -9.637750547534629231e-01 5.087528953362091093e-10 2.018359372290631855e-05 5.828497927279292778e-02 inf 0.000000000000000000e+00 -1.000000000000000000e+01
1.011357207272707726e+00 7.798199576929214488e-04 2.989961168083657070e-02 7.181748791751260684e-07 -8.242288391105138251e-03 4.717999561805009956e-02 7.074412872309326082e-09 -2.168233437174582168e+00 inf 0.000000000000000000e+00 -3.000000000000000000e+01
4.533596054626254923e-01 -9.769021729461719022e-04 3.102428778810981586e-09 3.293435589212002099e-05 -5.543799523320148692e-01 3.230931745980667129e-07 6.861324144191671039e-06 -2.973925811641295944e-09 inf 0.000000000000000000e+00 -9.000000000000000000e+01
5.571305656003241458e-01 1.118000262513402232e+00 9.182227259007617934e-08 1.180317368051076357e-06 4.056957474337931080e-01 1.609118466262985459e-07 -1.460598169044473858e-04 6.470449888867019564e-03 inf 0.000000000000000000e+00 -9.000000000000000000e+01
1.009122253707425365e+00 1.901924852716923483e-08 0.000000000000000000e+00 -4.964023865591170229e-07 -1.594573796517868502e-05 -1.845740060925236940e-11 0.000000000000000000e+00 7.327820210434313817e-12 inf 0.000000000000000000e+00 -8.000000000000000000e+01
2.213361473782782653e-04 0.000000000000000000e+00 9.519024097176450108e-03 1.123948095906717945e-03 -1.355719160971193759e-08 1.505375226655787881e-06 -1.388823104162187239e+00 1.633569731064229992e-08 inf 0.000000000000000000e+00 -9.000000000000000000e+01
5.324088439112033555e-01 9.594324132267108285e-02 2.146767867255940240e-09 2.513394063667443522e-05 -4.373793477439862354e-01 3.761609320045926464e-08 1.234504989204261686e-09 0.000000000000000000e+00 inf 0.000000000000000000e+00 -9.000000000000000000e+01
2.083295000442101502e-02 1.985545088397897354e-02 9.456397130741187040e-06 0.000000000000000000e+00 -9.794541186829257562e-01 -6.918789181261804588e-10 2.759358784206813460e-07 8.098624810066448682e-09 inf 0.000000000000000000e+00 -8.000000000000000000e+01
6.370040130796594813e-01 9.464687694339264309e-03 2.193365045036557437e-01 4.975490672230547005e-07 -3.683290075629319094e-01 6.988048696953014945e-10 2.437615050051764320e-01 1.802916563813877881e-07 inf 0.000000000000000000e+00 -9.000000000000000000e+01
3.644637479126908719e-01 3.174045801526717696e+04 1.203325641064243454e-04 1.437063435561784508e-01 -2.574904580152671770e+03 6.933808854961832047e+09 4.777471527798485512e-04 1.463100655388286232e-04 inf 0.000000000000000000e+00 -2.000000000000000000e+01
4.390337913612188501e-08 3.875349391228635060e-02 -5.193488365372709836e+01 4.340261272894486294e-03 -1.493960194846797096e+00 0.000000000000000000e+00 4.286160403797662335e-07 1.966284657562985261e-01 inf 0.000000000000000000e+00 -2.000000000000000000e+01
1.321266698473305610e+02 7.318627743320739398e+00 6.420921733361277528e-02 3.525773987515344078e-03 -5.009541984732912567e+00 5.399083969465743285e+05 9.214361589259936338e-07 3.271857108778683454e+01 inf 0.000000000000000000e+00 -2.000000000000000000e+01
3.062745532934110781e-01 1.635887821745222459e-01 7.117958078557229482e-04 6.838919921462666140e-02 -6.379962504806367951e-01 9.325956218496213444e-07 1.694446506241644643e-07 9.560855491533188921e-01 inf 0.000000000000000000e+00 -1.000000000000000000e+01
1.711842311423732600e-06 8.569792674705193347e-01 0.000000000000000000e+00 8.509550499657248407e-10 -5.135797737677935126e-01 1.342810842482498953e-07 1.494142339856992796e-01 5.796305794888484678e-09 inf 0.000000000000000000e+00 -9.000000000000000000e+01
7.229479508254157416e-01 2.687093472528178859e-02 5.043612212959868291e-08 1.536949005305926486e-01 -2.738439207672029307e-01 3.617037108064423089e-07 -3.100466754291756623e-05 0.000000000000000000e+00 inf 0.000000000000000000e+00 -8.000000000000000000e+01
9.005835954186797165e-02 8.724919970294731097e-01 3.651907790596847780e-01 7.188144293708726984e-01 -4.066568700643407447e-03 -6.559668052621288452e-08 0.000000000000000000e+00 9.326104635624298388e-10 inf 0.000000000000000000e+00 -9.000000000000000000e+01
1.359383798853419423e+00 2.157746648782542015e-09 8.586950949236646814e-10 8.971528923373399954e-08 -4.954855440748333617e-01 1.944907693630522494e-09 2.017404362356379011e+02 -1.686916489519189183e-02 inf 0.000000000000000000e+00 -3.000000000000000000e+01
5.931310661235240575e-03 1.154007270645164562e-02 1.481716664520300819e+00 9.833252946685310664e-04 -1.961095585394515561e-01 7.472236276043970424e-06 8.596571593926464909e-07 2.071215961322931629e-08 inf 0.000000000000000000e+00 -9.000000000000000000e+01
1.121855285538994710e-04 4.849317335714021793e-01 1.346142427274703768e-08 3.248806940284187918e-09 -7.723711079060640028e-01 1.241248212162389292e-08 2.291449093866882876e-05 -2.242564846531056033e-02 inf 0.000000000000000000e+00 -9.000000000000000000e+01
1.819949082927145925e-02 4.264699583300146646e-01 1.772181390461866415e-02 3.783201243250129964e-01 -7.856830056689159125e-01 4.338276757100572353e-05 6.036013843202135956e-10 1.977079251282812921e-08 inf 0.000000000000000000e+00 -9.000000000000000000e+01
4.001117436294274804e-08 5.975002038199450374e-07 3.397215444576258842e-05 4.507925644891549745e-07 -1.006914172051129430e+00 6.655192002369477289e-07 0.000000000000000000e+00 -1.115297294737188361e-01 inf 0.000000000000000000e+00 -9.000000000000000000e+01
2.611684652259616077e-03 6.102717831672562765e-01 1.017011157421968741e-05 5.392629657045503951e-10 -6.831711429312630202e-01 -5.780278258003768306e-07 7.945399667359130792e-08 2.641845389396911233e-07 inf 0.000000000000000000e+00 -9.000000000000000000e+01
-7.938748812281211376e-02 1.118828848155694056e+00 1.031693244909355048e-07 7.079406474989929875e-10 -2.352831254209768463e-01 8.310034106524630083e-06 0.000000000000000000e+00 -8.937680187077849669e-05 inf 0.000000000000000000e+00 -9.000000000000000000e+01
1.233599709966613602e+02 6.105379275215473456e+01 1.519618138913306493e-01 1.565481865439865032e+02 -1.449293758239250107e-01 4.471713336339458444e-03 5.799185570045314789e+10 -5.786381661687538028e+06 inf 0.000000000000000000e+00 -2.000000000000000000e+01
1.023682268994117739e-01 9.332441738010283441e-03 1.231497466459089002e-01 0.000000000000000000e+00 -8.928356631828395784e-01 1.115725129257330474e-07 0.000000000000000000e+00 1.016172352510274268e-08 inf 0.000000000000000000e+00 -9.000000000000000000e+01
1.870152251217619965e-01 1.873900051320260551e-01 1.801051993819427507e-10 1.683439110130010127e-07 -7.450626604049356283e-01 1.228624615938834264e-08 0.000000000000000000e+00 -4.356817619319605650e-02 inf 0.000000000000000000e+00 -9.000000000000000000e+01
3.432220842674358176e-04 4.639678036634589404e-04 1.476122872485706310e-09 2.671617885849015606e-04 -1.008620368986950178e+00 3.091806452915515763e-07 1.028002433834251876e-05 1.509321492450289035e-05 inf 0.000000000000000000e+00 -9.000000000000000000e+01
-2.885496183206107235e+05 3.202816912236105401e-02 1.538345831951112592e-03 4.982753507508577192e-06 -2.089918296755725535e+01 2.094809292950703508e-06 7.071147738593341021e-08 -6.019614125026092515e-04 inf 0.000000000000000000e+00 -2.000000000000000000e+01
1.554727960567074685e-01 4.882469469288004960e-01 6.729522446952771467e-06 6.654776528044264513e-10 -6.236731073908036160e-01 4.571317015733069388e-07 1.661138432297053965e-07 9.372915842501791106e-01 inf 0.000000000000000000e+00 -1.000000000000000000e+01
3.608664425776345053e-01 1.246093225076422392e-06 3.546734939617857985e-07 2.489029119346063438e-07 -6.466903221727640094e-01 1.595504501026905719e-06 1.136639090441331350e-07 -1.710220853673299510e-08 inf 0.000000000000000000e+00 -9.000000000000000000e+01
6.685728110654470813e-02 0.000000000000000000e+00 0.000000000000000000e+00 1.944412258459044278e-04 -9.408820290030525113e-01 6.552859939659769235e-07 1.890695561425270832e-09 4.672199608522063346e-10 inf 0.000000000000000000e+00 -9.000000000000000000e+01
1.598550324863417804e-01 7.804102828215195853e-01 1.742281586634410251e-07 3.502743502868483700e-05 -3.931838066123686248e-01 -2.308901859157253130e-05 8.379995674844853797e-08 3.882193646096872008e-01 inf 0.000000000000000000e+00 -1.000000000000000000e+01
5.597576953555172263e-01 2.062933788742518955e-09 5.202030830498810543e-01 4.572390042580820818e-09 -4.207172399781296535e-01 0.000000000000000000e+00 -8.372296220545936767e-10 2.060136057585214764e-04 inf 0.000000000000000000e+00 -9.000000000000000000e+01
9.194730218089459672e-01 -6.248319747884317852e-04 7.236908798904475898e-05 2.601190804134533425e-05 -8.668997468393346839e-02 -1.106764870115476805e-08 1.241776849753057487e-09 2.033513767380845980e-08 inf 0.000000000000000000e+00 -9.000000000000000000e+01
2.544818698627182574e-01 7.141274177542946688e-01 1.800500899448354919e-09 3.413743591000006211e-03 -3.472000705103753249e-01 8.183827761737501858e-08 9.443443493025045666e-10 4.536888350341430117e-04 inf 0.000000000000000000e+00 -9.000000000000000000e+01
3.071568820790970267e-01 7.640883227735325450e-05 6.661525439412592639e-04 6.419288150706679852e-02 -7.344634593563266201e-01 9.398806801789404142e-02 2.144112430383443938e-09 0.000000000000000000e+00 inf 0.000000000000000000e+00 -9.000000000000000000e+01
1.358821767191658314e-01 0.000000000000000000e+00 -1.181134627553523570e-09 4.519405503991730694e-05 -8.704336537662507034e-01 4.768555949750250468e-09 5.840820776851014666e-07 9.537111899500502176e-10 inf 0.000000000000000000e+00 -9.000000000000000000e+01
3.819753868187044654e-01 4.646430049851286436e-10 9.912384106349411615e-09 1.294160868924979261e-04 -6.262317566211412778e-01 4.361449006793741309e-07 1.258408138501390046e-09 0.000000000000000000e+00 inf 0.000000000000000000e+00 -9.000000000000000000e+01
5.636425101670918814e-01 4.153774657390050251e-01 1.709593883551593642e-09 5.372508368412392403e-08 -2.524035875382906191e-01 1.786893477846563218e-04 1.641210128209529764e-08 4.460724963851542571e-08 inf 0.000000000000000000e+00 -9.000000000000000000e+01
9.282475351555655729e-01 2.405559330286061377e-08 1.266811249668827466e-01 1.860299215421220604e-07 -7.742402825686140778e-03 -7.712974688249143451e-01 5.219710777396513457e+00 2.073271401462546771e-05 inf 0.000000000000000000e+00 -3.000000000000000000e+01
1.012845091746201458e-07 1.029863688608142987e-09 1.041792611642214101e-09 8.677893876518963194e-08 -1.007608574720788575e+00 4.926804265378507794e-07 -3.196315163902585762e-07 8.550652030822203855e-07 inf 0.000000000000000000e+00 -9.000000000000000000e+01
7.758682180009279783e-02 0.000000000000000000e+00 2.502344653537978171e-03 1.952747769886628636e-04 -9.301370590145235928e-01 4.728620695603579300e-07 3.424582734612537496e-09 1.725773976497656772e-09 inf 0.000000000000000000e+00 -9.000000000000000000e+01
1.897701447945799036e-01 2.473194869503297089e-01 2.292461398270363715e-01 -2.803132037663528724e-07 -7.229338849317329396e-01 5.600359536231023366e-02 -1.281929432059251018e-04 2.898667585468201779e-09 inf 0.000000000000000000e+00 -9.000000000000000000e+01
1.301455424117911553e-03 2.008602272739827424e-08 1.006575025735279480e-07 2.071361619223924579e-06 -1.256748940083326962e-03 -1.225871661776773758e+00 -1.918594152027429524e-10 0.000000000000000000e+00 inf 0.000000000000000000e+00 -9.000000000000000000e+01
-8.404192208892097195e-04 5.944134304873835983e-01 2.326365148218070532e-08 1.046042279543284282e-08 -6.992287917798225561e-01 1.376912234369352624e-08 4.405605376760148757e-10 -1.146418014136050233e-02 inf 0.000000000000000000e+00 -9.000000000000000000e+01
9.659934575127167022e-01 4.748693799551696043e-02 4.142625788948766097e-01 7.024202204777984311e-10 0.000000000000000000e+00 1.182557313056612760e-07 0.000000000000000000e+00 1.025325910009759749e-07 inf 0.000000000000000000e+00 -9.000000000000000000e+01
1.653144486260190060e+00 9.156931840363019548e-02 1.611118767950110098e-08 6.731236700335037713e-10 -6.267846393403564420e-02 3.972247651819508896e+00 6.815149136165772890e-09 0.000000000000000000e+00 inf 0.000000000000000000e+00 -3.000000000000000000e+01
2.119770306606600097e-01 4.768259304006531862e-01 -2.392736444045726328e-09 3.980019441600196573e-05 -5.659248208861962226e-01 8.972761665171474763e-10 6.547198044301949282e-10 0.000000000000000000e+00 inf 0.000000000000000000e+00 -9.000000000000000000e+01
1.792306508684989030e-01 6.183285055261949013e-07 1.840041020976743178e-07 1.016225700925226655e-04 -8.285744843428966000e-01 2.321066973161018842e-07 9.632194430874449118e-09 3.623789115920469928e-02 inf 0.000000000000000000e+00 -1.000000000000000000e+01
7.236024345634438359e-03 1.183105246385377564e-04 4.637009272123334921e-04 0.000000000000000000e+00 -1.000464328091769106e+00 1.481490472020500187e-07 8.764320599020647489e-09 1.453311218785650893e-02 inf 0.000000000000000000e+00 -9.000000000000000000e+01
-9.486029212109546929e-03 8.908871572690774121e-01 7.847303681434257311e-08 3.500784769544434344e-08 -4.326501599270193288e-01 4.003372682003784181e-09 3.757277911075412460e-08 2.088339429356952265e-09 inf 0.000000000000000000e+00 -9.000000000000000000e+01
3.568716217611729857e-01 3.292201818901231702e-02 3.544272955847265760e-01 2.955823508962652813e-06 -6.196366857291598640e-01 1.220180495246560425e-08 3.904122293559423961e-10 -1.768317218272935296e-02 inf 0.000000000000000000e+00 -9.000000000000000000e+01
4.341979576915341865e-01 1.334075370254065359e-03 0.000000000000000000e+00 0.000000000000000000e+00 -5.732099520512743407e-01 3.805312249529755533e-08 1.093260071689496247e-09 5.578183699117459503e-10 inf 0.000000000000000000e+00 -9.000000000000000000e+01
6.098246830617319046e-07 7.371408990262430239e-01 0.000000000000000000e+00 -1.810935378820118999e-02 -5.817196251351677283e-01 -6.733480875473290001e-07 0.000000000000000000e+00 1.710897027478747929e-05 inf 0.000000000000000000e+00 -9.000000000000000000e+01
1.078745087211166132e+00 2.770881438424388079e-09 5.968902152791549121e+00 3.961197581685810265e-03 -8.107912753985424548e-01 5.700959481230301798e-10 2.323991129210728275e+02 8.343623113963623777e-08 inf 0.000000000000000000e+00 -2.000000000000000000e+01
9.536227027882182572e-01 2.378644765547203133e-09 5.998148594349083096e-01 8.034753103113834828e-06 -2.172428530355406673e-02 1.318036926363818152e-09 -9.653590769266245998e-10 6.281269727202570707e-09 inf 0.000000000000000000e+00 -8.000000000000000000e+01
4.064342273057154342e-01 5.279620853713847817e-01 1.051524873127002721e-07 -5.608591131755849730e-03 -3.404389666342922949e-01 0.000000000000000000e+00 3.315757264166899333e-07 1.521110276451093368e-01 inf 0.000000000000000000e+00 -1.000000000000000000e+01
8.568775594636783843e-01 5.869024379888208159e-02 1.272386144858576439e-03 6.488023044954542573e-03 -7.021049673206108987e-05 -2.670406092849134660e-01 -6.676015232122836651e-02 3.917996469423051678e-06 inf 0.000000000000000000e+00 -9.000000000000000000e+01
2.108417350135258423e-05 5.014586544448105472e-09 5.980382282900083279e-02 1.098768541468422011e-01 -1.005515122819810481e+00 8.692272232805276178e-07 8.642005533950085378e-08 0.000000000000000000e+00 inf 0.000000000000000000e+00 -9.000000000000000000e+01
1.075965395921201884e+00 6.199168444890832408e-01 7.816208393358614614e+01 5.755710746606700504e-06 -1.916949843307888202e+00 3.644497173568586767e-06 3.071077323162676294e+03 1.834043076019143280e-06 inf 0.000000000000000000e+00 -2.000000000000000000e+01
5.066266429249537406e-01 5.027295149024540999e-01 2.099577722121683254e-01 6.641954445442510043e-10 -2.206748742740423652e-01 4.543532378679099055e-07 1.840873931545595996e-08 0.000000000000000000e+00 inf 0.000000000000000000e+00 -9.000000000000000000e+01
1.172911213601848188e-06 5.871805983136855200e-01 3.322496890603782243e-10 0.000000000000000000e+00 -7.037838376951266461e-01 9.266792883987514487e-08 6.102017635661420957e-09 5.067777358430671572e-10 inf 0.000000000000000000e+00 -9.000000000000000000e+01
4.363228210270359841e-06 4.429044961458821761e-01 1.933986231643118892e+00 3.950304404881998034e-06 -2.967730737922509854e-01 4.939762320319761457e-10 0.000000000000000000e+00 4.618474583028343794e+00 inf 0.000000000000000000e+00 -3.000000000000000000e+01
5.416791288168655294e-01 0.000000000000000000e+00 1.768075279222770368e-08 2.714709372819061100e-07 -4.661388421451257980e-01 -4.447642783138024937e-08 2.705923905593109732e-07 2.807231324542364437e-09 inf 0.000000000000000000e+00 -9.000000000000000000e+01
9.191933048682489075e-08 9.346382928740438187e-10 1.291893856559489276e-09 7.251927078608797621e-08 -9.958107255610088027e-01 5.450492963540370750e-07 4.683728699177911507e-07 -2.231855945226229654e+00 inf 0.000000000000000000e+00 -3.000000000000000000e+01
5.465826897379022498e-01 8.435688326335883904e-06 4.227393999009076958e-05 2.393825517511164204e-05 -4.610487573743374257e-01 2.541338151083278692e-09 -1.421015573160882444e-04 0.000000000000000000e+00 inf 0.000000000000000000e+00 -9.000000000000000000e+01
4.876842935576694571e-02 2.121197358342527973e-03 7.727233611246331056e-08 0.000000000000000000e+00 -6.969089936180652623e-08 -7.989667960307527335e-08 2.962592207179725588e-07 3.821977222238789006e-05 inf 0.000000000000000000e+00 -9.000000000000000000e+01
7.392799879754649028e-01 -2.975195826968082260e-04 3.445921740150969387e-05 6.603328806303449811e-07 -2.684417247403705353e-01 4.546137908955067663e-08 2.470660870296921525e-06 5.587432066872150441e-09 inf 0.000000000000000000e+00 -9.000000000000000000e+01
4.592718600473671975e-01 1.179706671761276553e-04 1.031421560697784890e-03 4.992898478527973971e-02 -5.639918281363434094e-01 0.000000000000000000e+00 3.732518862599938370e-01 1.239442447625543111e-08 inf 0.000000000000000000e+00 -1.000000000000000000e+01
4.736449963475526936e-01 6.946672204867289889e-03 1.627246613218585880e-01 7.343638837387311787e-07 -5.506486307230751276e-01 7.046558994741197735e-02 1.607503489610872234e-09 0.000000000000000000e+00 inf 0.000000000000000000e+00 -9.000000000000000000e+01
7.774057900165859403e-01 1.949949953435641814e-01 1.148089345521183136e+00 1.869973967767539626e-09 1.246649311845026417e-09 3.277345144739663384e-07 1.232264896708352991e-09 1.076011987506400480e+00 inf 0.000000000000000000e+00 -1.000000000000000000e+01
5.337809585109369870e-01 9.610505789703797930e-02 5.837765948607692109e-07 2.130226761029886173e+00 -6.867379734282768981e-03 2.259215422111176773e-07 4.962101056316538081e-09 0.000000000000000000e+00 inf 0.000000000000000000e+00 -2.000000000000000000e+01
1.042639672974591105e-07 1.404323717723969014e-06 -7.351493287414065855e-06 1.030747218833489784e-02 -1.005576912216282537e+00 1.363678442336823980e-07 2.715575645430997203e-07 0.000000000000000000e+00 inf 0.000000000000000000e+00 -9.000000000000000000e+01
6.591174853452316795e-02 3.098449568571541857e-01 9.653781175086655342e-01 2.491545146391669796e-07 -6.069456481366363176e-01 1.762292974412477467e-02 -1.747120072164890302e-07 1.810025889980609746e-09 inf 0.000000000000000000e+00 -9.000000000000000000e+01
6.380080318580944173e-04 1.223318449583353340e+00 2.438040203262079228e-07 -1.295988489061311762e-02 -8.945982185836323707e-05 5.090537646625915802e-08 0.000000000000000000e+00 9.838268781116122144e-04 inf 0.000000000000000000e+00 -9.000000000000000000e+01
3.240377674369149079e-04 0.000000000000000000e+00 1.273084871118680850e+00 5.441749381793736898e-10 -8.435638355740803229e-01 7.495919678232431459e-08 8.523004826451779237e-10 1.564052471323497700e-09 inf 0.000000000000000000e+00 -9.000000000000000000e+01
-1.200051363794823849e-02 1.240152830814401502e-01 1.753503979983864350e-07 1.608948354029790889e-09 -9.691387372850767123e-01 1.178135486551658897e-07 1.748081360254096530e-09 1.762636813212946882e-07 inf 0.000000000000000000e+00 -9.000000000000000000e+01
3.913111567987664213e-03 8.773699373723118367e-01 1.948828256299289127e-07 3.917992111794744547e-05 -4.575650812625220998e-01 -2.582621097913144625e-05 9.373440254482993511e-08 4.331319943989893617e-01 inf 0.000000000000000000e+00 -1.000000000000000000e+01
4.157591443137776399e-01 5.418414913362515906e-01 5.022453823539869688e-01 -1.750239192267038450e-03 -6.502097896035018643e+00 2.511226911769934844e-01 -1.624750794511155593e-07 4.464179819601548314e+08 inf 0.000000000000000000e+00 -3.000000000000000000e+01
8.320536662826168994e-01 1.424256546259852958e-09 1.279017680013426646e-02 1.015276077056771796e-09 -1.834562771143964377e-01 1.950125780349883445e-02 1.334567846873212421e-09 0.000000000000000000e+00 inf 0.000000000000000000e+00 -9.000000000000000000e+01
5.810451667218149430e-01 8.340033262903567574e-04 2.375207210322573028e-09 7.698286268465676060e-07 -8.835103730564510330e-03 5.057335238874857697e-02 7.583230359561976881e-09 -2.253987291041671615e+00 inf 0.000000000000000000e+00 -3.000000000000000000e+01
2.858994512297064958e-02 -1.031204900258499146e-01 7.698913969232391852e-02 6.009288603664938457e-05 -1.011536141942942058e+00 5.895242458646753671e-07 1.251935125763528789e-05 -2.721525282755958876e-09 inf 0.000000000000000000e+00 -9.000000000000000000e+01
6.637793638607895636e-04 1.141776583704610798e-01 6.166467496468205082e-06 1.211933747423344592e-07 -9.621110999574886691e-01 2.537909996136793756e-05 2.979221043474397733e-06 -1.667626780037651316e-02 inf 0.000000000000000000e+00 -9.000000000000000000e+01
3.242609036540682887e-01 3.600177706733235367e-02 8.539699204271921068e-10 8.922160946411963413e-08 -6.700738915389206074e-01 0.000000000000000000e+00 2.026965485794282064e-05 5.498230579330689455e-02 inf 0.000000000000000000e+00 -1.000000000000000000e+01
4.653953903675108133e-06 7.252652495336163740e-01 7.273155868069006765e-04 3.922309057422928300e-04 -5.922703993746403217e-01 1.423920489423852251e-06 1.041093885156245906e-08 5.622963927950485373e-08 inf 0.000000000000000000e+00 -9.000000000000000000e+01
3.087305548011945455e-01 1.780900805140623322e-01 8.842881160473337054e-02 4.160784586208704079e-07 -6.211584815161758089e-01 0.000000000000000000e+00 1.109248715602956096e-08 5.739076550098075014e-10 inf 0.000000000000000000e+00 -9.000000000000000000e+01
9.941001282023618213e-01 0.000000000000000000e+00 -3.360159872112575274e-02 3.599817501131386173e-05 0.000000000000000000e+00 3.344425043280848182e-07 -3.471568474678301999e-06 3.627733776286044382e-08 inf 0.000000000000000000e+00 -9.000000000000000000e+01
3.061766784045463208e-01 4.491267169973974238e-01 2.605117527201348455e-05 3.225457270911407956e-06 -4.886660893741435197e-01 2.900591070963496403e-06 0.000000000000000000e+00 3.683750660123640499e-07 inf 0.000000000000000000e+00 -9.000000000000000000e+01
2.174705469222216470e-01 4.737338857467573381e-05 9.122677304473159130e-05 2.263616079566108219e+00 -9.191434717983401614e-02 2.578128006313380351e-08 -2.073960751745430440e-07 1.706443233345444998e-10 inf 0.000000000000000000e+00 -2.000000000000000000e+01
1.681460354240084252e-05 1.168392182513048549e+00 9.596100204273531568e-08 1.233518123345451923e-06 1.029921252203204331e-09 4.676497558590521686e-10 -1.055069863807769626e-01 7.187612979156637870e-10 inf 0.000000000000000000e+00 -9.000000000000000000e+01
5.560591603053436529e+02 7.193702290076337704e+03 -6.757255728918179494e-02 3.057581777791031075e-02 -4.245586832061069913e+02 1.467795801526717923e+03 3.442531038778626709e+11 7.166207291697729386e-06 inf 0.000000000000000000e+00 -2.000000000000000000e+01
-2.037395050023329234e-03 2.362630590118796475e-02 7.301444416654706429e-05 1.044106551581623083e-05 -1.076641787902236302e+00 2.207115665199584631e-01 0.000000000000000000e+00 0.000000000000000000e+00 inf 0.000000000000000000e+00 -1.000000000000000000e+01
6.770888061502241539e-01 6.132490044274887531e-01 2.998536141522421469e-02 1.263770599945350492e-07 -1.571813299991591927e-03 -6.687837116499117629e-09 4.398054522091857793e-03 4.472087495281064998e-06 inf 0.000000000000000000e+00 -9.000000000000000000e+01
9.383155625379334674e-01 5.265185064128128816e-09 6.249404938124474658e-04 4.071743116259086769e-08 -1.694623915736820927e-03 -1.702905335777525619e-01 1.281195032271178050e-08 4.740652894412362706e-01 inf 0.000000000000000000e+00 -1.000000000000000000e+01
5.369411131510891666e-01 9.675998320514478390e-02 2.169620046503895308e-09 6.488720206590552480e-08 -4.325017661995043117e-01 1.019446786407906160e-07 1.176355172893462118e-09 7.194716400625912777e-07 inf 0.000000000000000000e+00 -9.000000000000000000e+01
4.665135973282466608e+01 0.000000000000000000e+00 6.161027282248958403e-02 1.437063435561791724e-01 -2.574904580152684957e+03 6.912797312977134705e+09 -1.223032711116418467e-02 9.588576455152720612e+00 inf 0.000000000000000000e+00 -2.000000000000000000e+01
8.059149295615711805e-01 4.327060024491657386e-01 3.818319526692708033e-09 2.308320237350483783e-07 -1.146206085589220698e-03 4.558811572106729719e-10 1.611955473010114228e-08 2.789438572435471160e-10 inf 0.000000000000000000e+00 -9.000000000000000000e+01
5.002668464107677959e-01 7.344002048753548940e-10 1.090800768568676166e-02 0.000000000000000000e+00 -5.016800295927190678e-01 -1.510339525710474758e-02 0.000000000000000000e+00 6.789121893958836207e-08 inf 0.000000000000000000e+00 -9.000000000000000000e+01
4.492393344424797097e-01 7.921635867415729310e-03 2.418163458561992877e-04 1.255415425737200649e-07 -5.559214421859007826e-01 1.475929845313716356e-08 4.841983286997567887e-09 2.089599082864257440e-01 inf 0.000000000000000000e+00 -1.000000000000000000e+01
2.561537085337814990e-01 5.441371678321157423e-01 1.061529124020095588e-08 1.102183430897460936e-07 -4.759305590509312900e-01 -2.534805068094147739e-05 1.182927401501117297e-09 5.232661009637782153e-07 inf 0.000000000000000000e+00 -9.000000000000000000e+01
3.726560354408636200e-01 1.384794331094447717e-01 9.991910315823759881e-02 3.502085642794840596e-10 -5.741830153318442376e-01 4.913220645228590537e-06 3.838453629084836357e-08 4.445761414805426602e-10 inf 0.000000000000000000e+00 -9.000000000000000000e+01
6.425704064823027688e-06 1.083821901830373385e-01 2.667985385120636872e-09 1.475289198556307390e-06 -9.606386195959080165e-01 3.005218737799885542e-07 9.033869660295413406e-06 -5.061018572423769957e-02 inf 0.000000000000000000e+00 -9.000000000000000000e+01
1.632253157040222669e-01 1.592442104429485639e-01 6.928920180948608615e-04 4.993026844765309402e-10 -7.802966311704480074e-01 1.041977140093069458e-07 1.094181460371011691e-08 0.000000000000000000e+00 inf 0.000000000000000000e+00 -9.000000000000000000e+01
3.388123625386588178e-01 2.448110091748063340e-09 0.000000000000000000e+00 8.555580631219487919e-02 -6.685290911836623273e-01 7.210488962269729405e-08 9.107986057603867956e-08 5.590839655895231225e-10 inf 0.000000000000000000e+00 -9.000000000000000000e+01
1.238696863862416068e-07 1.311002871835516970e-09 1.675279079276565568e-04 3.377201826945643245e-08 -1.007725359394411990e+00 2.658523929516034376e-09 7.198464793766492570e-08 8.691328231110112143e-10 inf 0.000000000000000000e+00 -9.000000000000000000e+01
5.221607821803365690e-01 5.143673376701822786e-01 2.167551754386658203e-01 4.007554321170030354e-05 -1.948361127538569271e-01 2.573471223488729664e-07 0.000000000000000000e+00 6.568680779719371395e-10 inf 0.000000000000000000e+00 -9.000000000000000000e+01
1.064967535802268106e+00 -3.406329985838137286e+00 1.242702526236956291e-08 1.101184262663190971e-01 -5.970865779773746329e-01 1.483539909421243254e-03 -3.274491985213575949e-09 2.828460961125241394e-07 inf 0.000000000000000000e+00 -2.000000000000000000e+01
9.179473716622951196e-01 2.928110269430500012e-01 4.046811135505901515e-04 1.177617634330545508e-08 1.664517233140290096e-09 9.093352826345582618e-02 -9.093352826345582618e-02 2.083477353046349682e-08 inf 0.000000000000000000e+00 -9.000000000000000000e+01
5.597847868391506686e-03 1.260732693837739345e-02 2.414376124106249744e-01 6.230648062209676930e+00 8.677049717355685061e+03 2.971004515747869842e-08 3.908727816030791421e-08 1.206970584522572154e-08 inf 0.000000000000000000e+00 -2.000000000000000000e+01
1.176448971189729996e-08 4.485804205142699189e-03 8.583646965516300575e-02 2.180343319602332741e+00 0.000000000000000000e+00 -1.849944328160754787e-09 7.399777312643019147e-09 -9.900092693672788287e-10 inf 0.000000000000000000e+00 -2.000000000000000000e+01
8.197551150426091746e-05 3.550607073943872205e-01 9.544489035792783627e-01 2.373947996157406332e-09 -5.643822109488247918e-01 9.069971716260584529e-09 4.258202683690415209e-10 -1.620812836822969893e-02 inf 0.000000000000000000e+00 -9.000000000000000000e+01
2.329910923562559383e-02 4.397216016203917428e-05 1.223335215263853246e-08 0.000000000000000000e+00 -9.843219182691261837e-01 5.280314245475611943e-08 1.522927512879490846e-07 -2.676045783389678923e-09 inf 0.000000000000000000e+00 -9.000000000000000000e+01
1.965450113294286982e-02 2.011560379881836488e-02 1.058691720850130968e+00 2.082617021166164985e-06 -9.240497424144871186e-01 -1.339838204469100349e-09 1.752190130326871653e-01 5.826578448152805889e-09 inf 0.000000000000000000e+00 -9.000000000000000000e+01
1.004712222140218492e+00 8.063108786631131147e-03 4.613747856119802999e-07 1.068968095451999790e-08 4.678555867356334308e-10 9.502747715019480459e-10 5.778835698574299193e-08 3.448660013665307335e-07 inf 0.000000000000000000e+00 -9.000000000000000000e+01
-3.071450381682049483e+05 -3.869871183209458536e+02 2.411130161687886255e-05 1.192618319623579606e-07 -1.287608838264474009e+01 3.535328930573941380e-04 -1.978171804480773536e-06 1.638120229009052537e+03 inf 0.000000000000000000e+00 -2.000000000000000000e+01
3.260142085480690829e-03 2.156822089810147072e-02 7.780469886675411483e-08 9.991084714391018269e-10 -9.977646537208679778e-01 0.000000000000000000e+00 1.913816730745445815e-07 -8.384127033055400127e-10 inf 0.000000000000000000e+00 -9.000000000000000000e+01
8.850415376735796258e-01 4.770491087912400686e-09 5.672070137554561247e-08 2.392539872836800413e-08 -1.233575594545033571e-01 9.579944395880794685e-04 0.000000000000000000e+00 1.556654916925875598e-01 inf 0.000000000000000000e+00 -1.000000000000000000e+01
5.194242916637623608e-01 7.622751990535166769e-10 4.295127563897699574e-09 1.313458804522982645e-08 -4.869602734347771578e-01 -3.581494435299971153e-03 0.000000000000000000e+00 9.194211631660878022e-08 inf 0.000000000000000000e+00 -9.000000000000000000e+01
