3.449561882097947341e-01 6.639330931800012220e-06 2.430373144205371927e-01 6.268485420294065194e-05 -6.507128095775672749e-01 2.172922918980156035e-08 0.000000000000000000e+00 -1.431702929581667475e-03 1.223711544867766679e+04 0.000000000000000000e+00 0.000000000000000000e+00
4.488162879260437221e-01 3.245153576683909244e-06 9.106595660144770119e-10 6.445546414379074744e-06 -5.593091866965076431e-01 1.031287426300651986e-03 6.159077684851116299e-05 0.000000000000000000e+00 1.961464199733807982e+04 0.000000000000000000e+00 0.000000000000000000e+00
4.710723393617554655e-01 2.141237906189797507e-02 6.977201862446673573e-06 6.583443159152099940e-03 -5.304744232108917767e-01 3.852933127569343336e-03 0.000000000000000000e+00 0.000000000000000000e+00 2.223501202812922565e+04 0.000000000000000000e+00 0.000000000000000000e+00
1.680535728933801876e-01 2.770198165046129923e-01 1.101592609130943527e-04 3.489313323990446146e-06 -7.213258379898510597e-01 9.198672977607028609e-05 1.906242312569277273e-05 -2.203185218261887054e-04 2.611301416251931005e+04 0.000000000000000000e+00 0.000000000000000000e+00
2.182560194083083827e-01 4.644736640788911242e-01 0.000000000000000000e+00 2.101066134345161527e-04 -6.369036865295831795e-01 1.215553987096094635e-01 1.324425431594493467e-06 -8.407905374003338261e-02 3.617529876613026136e+04 0.000000000000000000e+00 0.000000000000000000e+00
6.583286969019118695e-01 2.855607173170464767e-05 1.178347819043788470e-07 3.653040543639688997e-01 -3.486993246201521290e-01 3.994273081470170136e-05 0.000000000000000000e+00 -4.459557457448329574e-08 3.915825278281981446e+04 0.000000000000000000e+00 0.000000000000000000e+00
5.590059872324671941e-01 1.916445320714205041e-08 7.176476094589362477e-07 8.646665763504823594e-04 -4.485729862582210625e-01 0.000000000000000000e+00 -3.344140931050872036e-03 -5.172654847398826727e-08 3.938949487084226712e+04 0.000000000000000000e+00 0.000000000000000000e+00
5.877994185754290557e-01 2.309758689993664064e-03 2.531167511164654493e-02 1.900596555190792349e-05 -4.198567275538779286e-01 5.015866504305768053e-03 9.050857015370479090e-08 -2.864647464039479438e-02 4.240007223953155335e+04 0.000000000000000000e+00 0.000000000000000000e+00
6.039856712559636964e-01 5.278836334679008771e-06 4.773464313342767286e-08 2.090535847899399754e-04 -4.042499033880896375e-01 5.618315091229636720e-04 5.510055199106274684e-03 -2.451669499358862944e-07 5.873305580584874406e+04 0.000000000000000000e+00 0.000000000000000000e+00
6.505303244944663499e-01 3.601862686234698629e-01 1.432311003712832907e-04 4.612991434151662708e-06 -2.883485640780686921e-01 1.905694662246059379e-01 0.000000000000000000e+00 -1.286156819660503096e-04 9.813643500112132460e+04 0.000000000000000000e+00 0.000000000000000000e+00
1.920802386677687157e-01 1.354579460899684173e-01 1.142899197878061601e+00 -8.711121935046201026e-02 -4.634316869444578546e-01 3.069309369301434585e-03 9.138330582190342496e-07 -3.136003896616632036e-01 1.144880684156360949e+05 0.000000000000000000e+00 0.000000000000000000e+00
2.153530561526141585e-01 -1.854808128717705266e-06 1.308942794427607970e+00 2.814151876737705901e-09 -5.585719893958429605e-01 1.865237413178488388e-08 4.732037120126877636e-10 0.000000000000000000e+00 1.152577008049413853e+05 0.000000000000000000e+00 0.000000000000000000e+00
2.840237879401136811e-01 1.618722261794232753e-06 1.385040304536649947e+00 1.573587968542711300e-03 -3.790755735455700326e-01 4.420190922872784976e-04 5.251186816372868313e-03 9.278864785294549389e-02 1.163340364240114286e+05 0.000000000000000000e+00 0.000000000000000000e+00
7.378492964814603594e-01 2.036956253432516961e-05 1.448040329821075047e-05 1.291236268842555490e-01 -3.280591487432954478e-01 1.657323035173741688e-01 6.749122631001992296e-09 2.430360750933248599e-07 1.272521131546263350e+05 0.000000000000000000e+00 0.000000000000000000e+00
9.805128210023288994e-05 1.868933277601124207e-05 1.781750248799984690e-06 7.632961862430859279e-01 -5.192189173862852281e-01 -7.743906075547586365e-01 2.934425745639078125e-10 -5.311454202963333815e-02 inf 0.000000000000000000e+00 -9.000000000000000000e+01
6.402608319958315031e-01 7.576110868562586804e-06 2.427740614952346443e-02 -1.616900737648708499e-03 -3.660089788001648081e-01 -1.672655935498663937e-04 -2.819620005554890861e-03 -3.746749295517007305e-02 inf 0.000000000000000000e+00 -9.000000000000000000e+01
1.788351811283561341e-02 6.998978904919886411e-11 3.757740545743083579e-10 1.618888522986457692e-06 -7.987301629047366749e-03 -7.898213703055142991e-06 -1.318658287814423720e-04 -2.276230260474177758e+00 inf 0.000000000000000000e+00 -3.000000000000000000e+01
1.093350033949063826e+00 1.305820646919356913e-04 -4.913326078487151527e+00 -3.047242027434360675e-08 -4.492352570045343718e-02 3.361355356107871388e-03 1.781600724897860872e-05 1.155337175286004318e-06 inf 0.000000000000000000e+00 -2.000000000000000000e+01
1.893374295853249845e-01 3.878107432901664076e-06 1.100966069877452372e-05 2.061383279770549087e-04 -9.552158609710089676e-01 1.592470638756076588e-03 4.967122477049247031e+00 -5.693530207699590728e-08 inf 0.000000000000000000e+00 -3.000000000000000000e+01
7.218177955041212013e-02 1.044247725448936041e-06 2.096297190535920812e-02 5.232818828884168161e-01 -9.336086456819772117e-01 9.240218360058019586e-09 6.645478207111295797e-03 -2.956869875218566267e-07 inf 0.000000000000000000e+00 -9.000000000000000000e+01
6.061837454222167576e-01 1.827341276619779504e-03 -6.903511773491422352e-08 3.686998878067239719e-04 -4.001113555392298848e-01 0.000000000000000000e+00 0.000000000000000000e+00 -5.405639789357547052e-04 inf 0.000000000000000000e+00 -9.000000000000000000e+01
6.880174887931754801e-01 1.217149582928604840e-01 1.201115277045713192e+00 2.253875264670219249e-06 -2.376296279045991573e-03 2.583337705702399990e-08 2.768689289968042933e-08 0.000000000000000000e+00 inf 0.000000000000000000e+00 -9.000000000000000000e+01
4.990147528657299936e-01 1.053575827654272372e-02 7.097903849171190722e-09 2.804380429328069413e-01 -5.072629305990479232e-01 8.312616621859397412e-03 0.000000000000000000e+00 -9.288261668683737472e-05 inf 0.000000000000000000e+00 -9.000000000000000000e+01
1.765102164016819558e-08 4.073901418053383905e-01 0.000000000000000000e+00 3.195517553066472109e-03 -6.315365250476330239e-01 1.288193013579921541e-05 -7.624249240212356282e-01 -1.611563412362483072e-01 inf 0.000000000000000000e+00 -9.000000000000000000e+01
7.974173276539479049e-01 4.978232347365996446e+01 7.310800334024906988e+01 3.209237833993802802e+00 3.636927480943611044e+03 5.658317840779240177e-05 -9.197205987665165949e+00 1.434732824438361058e+04 inf 0.000000000000000000e+00 -2.000000000000000000e+01
3.867274197513158041e-01 2.872373781555416228e-01 6.081729962064260642e-01 9.828653302808337822e-02 -3.538315189011001505e-01 8.895102882007437924e-09 1.374245572136374890e-06 -1.187461786788272633e+00 inf 0.000000000000000000e+00 -9.000000000000000000e+01
4.298187022865611652e+03 1.405802719454151770e+02 6.652671755670783750e+04 1.546946564872844829e+04 1.264894827470571327e+10 0.000000000000000000e+00 3.082962095257246824e-05 -2.201458879991537720e-01 inf 0.000000000000000000e+00 -2.000000000000000000e+01
4.178378425976572719e-01 6.880380165725475078e-05 0.000000000000000000e+00 0.000000000000000000e+00 -5.910399459695199198e-01 1.399010633697513311e-03 1.369960139664450072e-02 1.334492138263268806e-07 inf 0.000000000000000000e+00 -9.000000000000000000e+01
5.666578706672251988e-05 7.193657872201210113e-01 -4.287461041306654528e-05 1.265483016638918949e-09 -5.979343829671518451e-01 -2.363028992952108444e-06 4.969397199818640105e-07 0.000000000000000000e+00 inf 0.000000000000000000e+00 -9.000000000000000000e+01
2.989217131251609150e-02 6.723176359203618668e-01 2.148499813087093968e-04 2.027884901841091381e+00 -6.750506344403633952e-01 1.352834267400728208e-01 7.151283921484028347e-08 -1.788192391016587570e-04 inf 0.000000000000000000e+00 -2.000000000000000000e+01
6.239135178691966876e-01 4.941610946589103944e-07 4.388957314195057909e-05 2.225996534092642420e+00 -3.020428788837106748e-01 4.658366505374374868e-09 2.581739596585327982e-06 -2.029590210206239366e-07 inf 0.000000000000000000e+00 -2.000000000000000000e+01
5.255590860069588865e-01 6.496763609311114740e-01 2.585145267814153622e-04 7.146435235543933967e-06 -9.987561966552907511e-02 -2.072661524612314649e-02 5.057203376602081250e-10 -5.895570558897250679e-01 inf 0.000000000000000000e+00 -9.000000000000000000e+01
5.872878719777062662e-01 4.810304085880967584e-01 -8.127260037637694667e-01 2.275022548079897941e-02 -2.656436584740236029e-01 4.279350243291719698e-09 3.399072150237717610e-03 -2.821566426494358515e-01 inf 0.000000000000000000e+00 -1.000000000000000000e+01
4.883035488792157319e-01 3.399301349340572154e-01 -8.801886001002728150e-04 -2.989613564566626636e-01 -3.709335348628963192e-01 7.785451991058924253e-04 2.048580846171646081e-06 9.688562477762216463e-02 inf 0.000000000000000000e+00 -1.000000000000000000e+01
7.281118163495974294e-01 1.583085095984163027e-02 1.556462769820234380e-05 6.426252211664525670e-03 -3.271351439023544860e-01 1.481123683022471105e-01 7.385992310489538185e-07 -8.761653849472068497e-08 inf 0.000000000000000000e+00 -9.000000000000000000e+01
7.485622214917214690e-01 1.087937709719426216e-03 1.055449438268614944e-07 5.057956018871017550e-04 -2.579901128900972118e-01 2.453686952928554265e-09 0.000000000000000000e+00 -3.967575220961343518e-01 inf 0.000000000000000000e+00 -9.000000000000000000e+01
9.001622920477912564e-04 1.915647867062559477e-03 1.538463849571900521e+00 2.765456329828762777e-06 -1.499202678570698589e-03 1.253339846134157709e-04 4.998018766349529715e-09 -1.510403715209784440e-08 inf 0.000000000000000000e+00 -9.000000000000000000e+01
8.015267175572521410e+02 2.849177003816794240e+02 0.000000000000000000e+00 1.714571080533148140e-07 -1.078053435114504100e+04 6.319877862595421076e+07 0.000000000000000000e+00 -2.914257631957076471e-03 inf 0.000000000000000000e+00 -2.000000000000000000e+01
5.056078789058394973e-02 5.671267082784131608e-02 3.306637078775832572e-01 4.290938348737010632e-01 -2.030121369294929645e-01 2.137779320696933660e-01 2.446494278751678629e-06 -1.565654207531998798e+00 inf 0.000000000000000000e+00 -9.000000000000000000e+01
5.231699631615994994e-03 5.205252620610583813e-05 4.638757260190867981e+01 7.164735708738816913e-05 -1.205383595124325247e+00 -8.527658378165433266e-07 5.571550839685770740e+01 -1.926250254953578711e+00 inf 0.000000000000000000e+00 -2.000000000000000000e+01
4.799642088821683972e-01 4.038482330943886801e-04 1.071348680540554488e-01 9.144128386644966543e-04 -5.678148006864938147e-01 1.240086097725691811e-01 3.975707994193463865e-03 0.000000000000000000e+00 inf 0.000000000000000000e+00 -9.000000000000000000e+01
9.561894561916547963e-02 6.220991642692693668e-01 2.941530616236174844e-01 4.763749961630124257e-10 -4.331653440097134600e-01 1.072833049492142796e-02 0.000000000000000000e+00 -1.342505356966275043e+00 inf 0.000000000000000000e+00 -8.000000000000000000e+01
7.711331004511574605e-01 4.514732502456252291e-10 4.351661307157624059e-02 1.915549836148013139e-03 -2.348961264723792575e-01 3.235232070593495779e-04 1.685016703434112314e-06 8.001441758322082320e-02 inf 0.000000000000000000e+00 -1.000000000000000000e+01
2.770239108524639726e-01 1.009088865531488985e-06 3.946093654941407332e-04 1.992905848899530241e+01 -7.894140016021341522e-01 7.257557814861309922e-03 4.881765346319266730e-02 7.598370126239012734e+01 inf 0.000000000000000000e+00 -2.000000000000000000e+01
2.280648226294345118e-02 6.849510073234892223e-06 7.724479747106187757e-05 1.332188170279871464e+00 -1.155528434655801462e+00 1.626931261094729404e-08 9.050191374183908649e-03 3.143500712062138405e+02 inf 0.000000000000000000e+00 -3.000000000000000000e+01
2.329622999333593181e-01 4.969862398578331897e-01 8.886806485494969104e-07 0.000000000000000000e+00 -1.525674670151803969e-01 2.411844987545366803e-01 4.373294398690653387e-10 -2.177969109965210315e+00 inf 0.000000000000000000e+00 -3.000000000000000000e+01
3.701831705926028060e-01 3.790056294248194541e-02 3.204893208437903374e-01 1.687043209981511383e-08 -3.276913280537631645e-01 1.839887779422743046e-03 0.000000000000000000e+00 -1.918614720736758317e+00 inf 0.000000000000000000e+00 -9.000000000000000000e+01
5.513364511711033034e-01 5.637420773419103371e-10 1.875214410643562111e-06 2.638169293405403516e-07 -4.636238339393368713e-01 1.528645372428621713e-03 1.440992997379020035e-01 -6.747124402443571700e-02 inf 0.000000000000000000e+00 -1.000000000000000000e+01
1.808224887737645836e-01 6.066940333720844958e-01 -4.583476464712377151e-05 2.547447971966458266e-04 -5.078839302170218284e-01 3.231885677953995102e-09 2.103272917195317916e-06 9.211242278487558516e-08 inf 0.000000000000000000e+00 -9.000000000000000000e+01
8.014930033926906038e-10 4.196068595779823263e-07 0.000000000000000000e+00 3.160915109596254288e-07 -1.007905880362105933e+00 9.558903049557982822e-04 6.300023832974077048e-10 -1.032134387101579648e-01 inf 0.000000000000000000e+00 -9.000000000000000000e+01
5.071884765363515735e-01 0.000000000000000000e+00 1.129076820557955774e+00 8.960927147285363548e-02 -4.104104633456696627e-01 3.192330296220410781e-03 9.400386678708935220e-07 -3.225933773022731099e-01 inf 0.000000000000000000e+00 -9.000000000000000000e+01
1.183721160339186278e-02 0.000000000000000000e+00 2.078280265938581006e-01 0.000000000000000000e+00 -9.843030261740153275e-01 1.019017366854438235e-08 -2.296879867081511126e-03 7.888457891121149458e-08 inf 0.000000000000000000e+00 -9.000000000000000000e+01
5.272556636023189025e-01 1.589691287803912667e-02 -5.677114986936866058e-07 6.115358772421966007e-04 -4.746847176712959415e-01 0.000000000000000000e+00 -2.645458905995872780e-03 -4.091946516558389998e-08 inf 0.000000000000000000e+00 -9.000000000000000000e+01
7.422838790116823571e-01 3.836505104505457530e-08 1.306886900115407532e-05 1.430713245822342328e-01 -5.956438819341997037e-01 1.258768116505825096e+00 0.000000000000000000e+00 0.000000000000000000e+00 inf 0.000000000000000000e+00 -1.000000000000000000e+01
3.132652822512573265e-01 5.026442211560744333e-02 1.782035760133768273e-06 9.768071780723826866e-04 -6.759935038053448420e-01 1.438375405073618512e-03 0.000000000000000000e+00 -1.037336992724926384e-09 inf 0.000000000000000000e+00 -9.000000000000000000e+01
1.002736842564378117e+00 3.606104722250573751e-04 1.004427140665173877e-02 1.672614982202821565e+00 -1.048309879820448574e-03 4.380655384424112642e-05 0.000000000000000000e+00 0.000000000000000000e+00 inf 0.000000000000000000e+00 -9.000000000000000000e+01
5.320511451688945126e-01 2.766665954878251288e-01 9.869548742882993109e-01 -1.369989482837691419e-06 -2.001842433697965662e-01 5.104479332350805462e-06 7.132810664920491428e-02 6.722081729123605489e-05 inf 0.000000000000000000e+00 -9.000000000000000000e+01
3.435170562608506062e-01 9.987289236657509450e-01 -1.665853734114376650e+01 4.243125381784974121e-05 -7.653657928092110208e-01 1.513755289805894687e-09 3.338722131395125271e-04 -3.609644690983273706e-04 inf 0.000000000000000000e+00 -2.000000000000000000e+01
8.426398137527723042e-01 7.774986146142490030e-06 2.168944355331658887e-05 5.749857017967936316e-09 -1.653124096452356639e-01 5.943361821457241686e-10 0.000000000000000000e+00 -2.238390833530213263e-04 inf 0.000000000000000000e+00 -9.000000000000000000e+01
2.200205785668254976e-01 1.426890826986668692e-01 1.309147388116440158e+00 2.442188275196226555e-05 -9.884711367018662875e-03 1.091371917494174057e-04 4.864400546545461293e-03 -1.277216964016039125e-01 inf 0.000000000000000000e+00 -9.000000000000000000e+01
7.555647124028812799e-04 5.391185844312313801e-06 1.432895730609898832e+00 1.115120227400211414e-09 -3.647668355319719780e-01 8.660840222112836382e-06 5.810812288791483937e-08 -9.916587176738028003e-03 inf 0.000000000000000000e+00 -9.000000000000000000e+01
1.391582292177025518e-02 1.213242418376984988e+00 -5.556730910964812231e-06 3.773270857312976130e-06 -1.117241917907514047e-05 0.000000000000000000e+00 7.484820731364241639e-09 -1.683822120075915648e-04 inf 0.000000000000000000e+00 -9.000000000000000000e+01
6.807331449402225232e-01 6.143154512833852331e-06 -2.475369092193254529e-08 4.593916833420636295e-03 -3.352864743735424202e-01 7.565575778581501518e-04 1.778034333799088651e-01 4.365709301738834175e-02 inf 0.000000000000000000e+00 -1.000000000000000000e+01
3.686921995189894607e-01 9.703812892256178258e-05 1.255351976898803290e+00 5.725688692987356129e-04 -5.053780881211514808e-01 4.555951816150924720e-09 2.546702026021983436e-05 -7.921121474040789413e-04 inf 0.000000000000000000e+00 -9.000000000000000000e+01
2.557540930633851461e-01 5.324204168260765706e-08 1.784327883417121627e-06 2.752185638628994013e+00 -9.777501610918795105e-01 -2.797365649486196813e-06 1.122602036809194992e+01 -2.082245713436409851e+00 inf 0.000000000000000000e+00 -2.000000000000000000e+01
1.909826191242238510e-03 1.874312894297651497e-05 1.363710602672143779e-01 2.095736985439857758e+00 -9.185685244665700022e-01 1.220255790558366790e-06 1.310169375125825415e-07 -3.609203215405442679e-03 inf 0.000000000000000000e+00 -2.000000000000000000e+01
1.680902546936450803e-01 1.571902040479820906e-01 1.141636883414176573e-01 1.156337609613919360e-03 -7.687404139572846518e-01 4.565964882923179467e-05 5.492475895378520800e-10 0.000000000000000000e+00 inf 0.000000000000000000e+00 -9.000000000000000000e+01
1.597569375536824626e-02 6.600644461903101834e-03 1.190250160705298432e+00 2.297573056115555512e-01 -4.761000642821193174e-01 -1.365860840153620970e-01 1.053990114066617040e-09 -6.885099558923446154e-07 inf 0.000000000000000000e+00 -9.000000000000000000e+01
9.426465834026284262e-05 6.193211678182922730e-01 8.264066833075337515e-01 7.886667996436065586e-02 -1.712810104747464479e-01 -2.454808810944345036e-07 3.331526243424468226e-07 9.708491989148312020e-07 inf 0.000000000000000000e+00 -9.000000000000000000e+01
3.935278901274747998e-01 7.172602676663031307e-01 3.081397630243434826e-02 8.298145082638120856e-10 -1.975064505168081241e-01 4.536244252353852265e-03 1.471537727987826795e-09 -8.798689618887881037e-02 inf 0.000000000000000000e+00 -9.000000000000000000e+01
1.018654913262896367e+00 8.246329093149350236e-06 -3.563996197802754562e-01 1.091878835145025650e-01 -4.495495204046655834e-03 8.960615440498403061e-04 2.368100500970347336e-06 5.600384650311501913e-05 inf 0.000000000000000000e+00 -1.000000000000000000e+01
1.006632651541438994e+00 2.937643924731825600e-03 1.874999425451157604e-09 0.000000000000000000e+00 0.000000000000000000e+00 0.000000000000000000e+00 0.000000000000000000e+00 0.000000000000000000e+00 inf 0.000000000000000000e+00 -9.000000000000000000e+01
8.140895089084505543e-01 5.466891942768234121e-04 1.894531950123483872e-09 2.247393078585180879e-04 -1.848949054131057146e+00 1.841852874392387918e+01 7.122359221212136156e-05 1.689154112598283619e-04 inf 0.000000000000000000e+00 -3.000000000000000000e+01
1.441498425164305930e-01 3.231938192237106544e-01 4.701733660198479936e-01 4.467530954097725382e-01 -1.311270710825325758e-01 -3.333468786712653203e-02 -3.794281602520782615e-01 -3.607453351381406104e-01 inf 0.000000000000000000e+00 -9.000000000000000000e+01
8.001122523046007295e-02 5.172154202397597628e-02 1.328518468987917438e-08 3.703376710667009575e-01 -9.669928077852746329e-01 -1.343938548792884217e-03 1.563647944503848475e+00 -6.560920468897726288e-01 inf 0.000000000000000000e+00 -1.000000000000000000e+01
9.960326405151472828e-01 2.925723338127354974e-03 -1.145291501735191140e-07 1.014812414402812982e-03 -1.130462734836642884e-02 1.857298192397600954e-03 4.906522286617373628e-06 3.400578958451689997e-03 inf 0.000000000000000000e+00 -9.000000000000000000e+01
6.160269275825498436e-01 5.815398027559521150e-06 3.224496911444767893e-05 1.637539934080195714e+00 -2.222375624823122731e-01 8.061126082199923823e-10 -8.742075168917711608e-03 -5.906840476503563142e-01 inf 0.000000000000000000e+00 -8.000000000000000000e+01
1.007100321535989274e+00 6.743681842509094757e-10 4.769576377429406849e-02 -2.912979723323820514e-07 -3.168726313729375044e-05 4.345681801686000247e-03 2.012561869548805756e-08 0.000000000000000000e+00 inf 0.000000000000000000e+00 -9.000000000000000000e+01
2.493088411223284007e-01 1.187312010910061312e-03 4.635853076306138817e-04 4.858196149510269680e-04 -7.581720921802315161e-01 1.258461794335383492e-03 7.527522181269324023e-10 -1.522605365301891479e-02 inf 0.000000000000000000e+00 -9.000000000000000000e+01
1.270695026101188773e-09 2.904072150723444046e-01 2.110749267336487292e-06 5.672015919381726652e-04 -8.832503464330474507e-01 1.470025427626743281e-03 5.059734753805438747e-08 1.645181973340078165e-09 inf 0.000000000000000000e+00 -9.000000000000000000e+01
1.117771648669457947e-02 7.403422608070435798e-03 1.226355180254490973e+00 2.768589725119987022e-01 -7.469617916095535604e-01 4.238822355993269314e-03 5.523766948887139848e-09 2.011260306602315041e-07 inf 0.000000000000000000e+00 -9.000000000000000000e+01
3.717720981277612594e-10 5.953592711275339511e-01 8.759308816589005398e-01 4.195713678870448617e-10 -1.773531928358841603e-01 3.407556830839594433e-09 1.440113394603610368e-06 -9.409413767820220750e-03 inf 0.000000000000000000e+00 -9.000000000000000000e+01
2.948595708563142359e-06 1.869185735251166687e-04 0.000000000000000000e+00 9.753685871153436326e-02 -2.976588705796336770e-06 5.045009933355225351e-02 9.494291561591763980e-07 9.451596791507681061e+00 inf 0.000000000000000000e+00 -3.000000000000000000e+01
3.082497190720287234e-05 8.952149165740277414e-01 1.400043653273084595e-09 5.278389838290258122e-05 -8.132019344615928989e-04 7.759233062286679215e-03 1.494428618662281479e-09 -1.918800274015274532e+00 inf 0.000000000000000000e+00 -9.000000000000000000e+01
3.116937901765791495e-09 3.415300209153800948e-01 1.277331361468758827e-04 1.869364309959040517e-03 -9.695715487384954923e-01 7.028965670284743775e-08 1.976514163595391338e+00 6.768315308110268713e-01 inf 0.000000000000000000e+00 -1.000000000000000000e+01
5.872830766683544423e-01 6.239882689601266019e-01 5.979896768538225661e-05 2.467784487765630722e-04 -8.893950439929405871e-02 3.786576833013724522e-10 1.063607359317632810e-07 -3.727674526722399732e-08 inf 0.000000000000000000e+00 -8.000000000000000000e+01
1.298979557433953269e-01 2.448651119760555384e-01 5.054697751030109987e-03 9.487278855779591319e-03 -7.724200280220288040e-01 5.210226912600267150e-03 6.415020215901661266e-10 -1.035202099410966525e+00 inf 0.000000000000000000e+00 -8.000000000000000000e+01
9.891286146883815356e-01 2.925199296389325784e-02 2.512288511354778073e-03 5.633935092196698401e-10 -7.412494815680434161e-03 4.586170240406308856e-05 0.000000000000000000e+00 0.000000000000000000e+00 inf 0.000000000000000000e+00 -9.000000000000000000e+01
2.815321989609263775e-02 8.740104087145177392e-01 -4.733102521038619059e-01 1.539602950735573517e-01 -5.445757161990456563e-01 1.642998675075642073e-08 2.468505326455111311e-08 -1.588050387678966162e-05 inf 0.000000000000000000e+00 -1.000000000000000000e+01
1.873862068434907768e-01 9.993931031652841801e-01 4.551583806807109611e-01 1.389696167147718244e-04 -1.516470404368192026e+00 4.797086895193364064e+00 3.973929241090320489e-09 -9.226638156502984741e-09 inf 0.000000000000000000e+00 -3.000000000000000000e+01
3.955919308612786400e-01 4.077639902723949328e-02 1.708724160496058047e-05 -7.080990067273065759e-07 -6.146890002613714099e-01 4.594952427696390868e-02 1.592828087001542598e-03 3.276136861939543004e-10 inf 0.000000000000000000e+00 -9.000000000000000000e+01
1.009138246831204899e+00 6.857666180782658370e-14 1.479433990516846413e-17 3.073379330833484448e-18 -2.558042325757949220e-09 1.691345798767035469e-18 0.000000000000000000e+00 8.276185557811353933e-08 inf 0.000000000000000000e+00 -8.000000000000000000e+01
2.171036851383701328e-09 3.720847013623154731e-01 3.911372312513496929e-01 1.767568690877198672e-04 -7.979647812348451552e-01 1.621566422540964350e-02 2.045290396951557178e-05 7.004606576850817953e-05 inf 0.000000000000000000e+00 -9.000000000000000000e+01
9.811435109108901376e-01 7.625875044740090813e-02 6.449072806843666019e-04 9.116992807293873818e-06 -5.105515972084569203e-05 4.053702907158875969e-03 5.998021583745969234e-09 9.810072914242111927e-13 inf 0.000000000000000000e+00 -9.000000000000000000e+01
4.195491412213714000e+01 8.453602099236587719e+01 -1.938314748091590881e+09 5.440049499045766623e+00 -1.737684875954187547e+01 1.563188683895654421e-02 2.821694121105962401e-05 -6.614160901717514918e+00 inf 0.000000000000000000e+00 -2.000000000000000000e+01
2.515396075027277398e-02 1.068149233755659067e+00 -2.296520852574666982e+00 9.909587617850351259e-04 -6.580562243673255818e-01 1.802166545163574234e-04 3.737050781637644292e-05 -4.330787821710915027e-04 inf 0.000000000000000000e+00 -2.000000000000000000e+01
4.203862580638848455e-09 4.343889421506673940e-05 1.590110856029495867e+00 5.380944103217726446e-06 -8.956395572645976799e-02 1.855396487756190982e-01 3.057354604100980875e-08 -9.317055797047828214e-03 inf 0.000000000000000000e+00 -9.000000000000000000e+01
-4.505903948047018368e-12 1.717622360093835457e-06 1.928517043638456130e+01 1.618180967650658886e+01 7.437964827770990087e+05 3.509234606468636316e-05 1.168687335518347397e-13 -1.180865372564511910e-08 inf 0.000000000000000000e+00 -2.000000000000000000e+01
2.011634319473936117e-01 7.405013804714990489e-01 6.488551700171055758e-01 2.335904387558270445e-04 -3.705787013307840211e-07 -6.992050968505359288e-08 7.947995436855701834e-09 -3.465372332806752192e-03 inf 0.000000000000000000e+00 -8.000000000000000000e+01
3.750666736933897516e-01 5.000464314696178442e-03 6.577256161869589057e-01 3.328551443177663595e-10 -5.992913155753075705e-01 2.713893185656497979e-04 0.000000000000000000e+00 1.549188434820522930e+00 inf 0.000000000000000000e+00 -1.000000000000000000e+01
1.591652820201249624e-02 2.191743148321190262e-05 1.595350454900458086e-05 -1.374088765641366672e-01 -9.917867357340353074e-01 1.464144062347897150e-04 3.034147827777974277e-05 -3.518716891182318987e-04 inf 0.000000000000000000e+00 -1.000000000000000000e+01
3.016638290063840544e-01 1.783877450374290281e-03 9.397988519045042538e-03 2.046673055258697860e-01 -1.139825175445660310e+00 1.837828865946586010e+00 1.920877629628851667e-07 -6.079686399974817274e-02 inf 0.000000000000000000e+00 -1.000000000000000000e+01
4.227181820037169135e-01 1.112575245603342113e-04 1.439303858724850782e+00 7.173844909433314267e-05 -3.930763582656513627e-03 5.223554150406316389e-09 2.202496244124263137e-06 3.544131099116528544e-02 inf 0.000000000000000000e+00 -9.000000000000000000e+01
6.350392985238301202e-01 1.182053347747327399e+00 0.000000000000000000e+00 2.364918730875511865e-05 -6.523299724935384125e-01 2.194343714701155523e+00 2.788253574688420513e-06 1.320378739504993459e-01 inf 0.000000000000000000e+00 -3.000000000000000000e+01
7.872574521101978196e-01 1.941466984684411118e-02 1.310320616655014521e-09 5.171687657993619992e-04 -2.126227456000433780e-01 7.261975744239400517e-03 1.398656838002543481e-09 -1.795832260235310729e+00 inf 0.000000000000000000e+00 -8.000000000000000000e+01
7.506467714460345227e-03 0.000000000000000000e+00 1.472801840618205071e+00 2.860870545828199537e-05 -2.343625151142461061e-01 8.534733524196209410e-10 0.000000000000000000e+00 -3.173354660310182701e-04 inf 0.000000000000000000e+00 -9.000000000000000000e+01
8.095886471100336435e-01 1.845243813818811807e-01 -1.128642931997111666e-07 3.613199928629505786e-01 -1.217281259377854807e-01 3.270761149869180827e-08 1.403386868586122776e-05 3.373789204748890887e-03 inf 0.000000000000000000e+00 -9.000000000000000000e+01
9.967914416420807777e-01 2.521718014119744920e-03 6.036027161456835927e-05 9.312727620533404853e-04 -1.131323947975909801e-02 1.858713125908930536e-03 4.910260190867664160e-06 3.198366239914550713e-01 inf 0.000000000000000000e+00 -1.000000000000000000e+01
4.422818348887889162e-01 9.207277039657406897e-08 1.320974506858108299e-01 2.045716569633100335e+00 -8.897823344960296144e-01 1.239432870632299233e+00 1.437081754162743998e-07 1.040095695991704468e-09 inf 0.000000000000000000e+00 -2.000000000000000000e+01
1.569671956661970192e-09 1.048795752572758821e-03 2.407278115935991032e-06 6.468849714773585412e-04 -1.007333870850612323e+00 2.564040889207832250e-08 5.887364957452152269e-08 -2.625817103156615102e-03 inf 0.000000000000000000e+00 -9.000000000000000000e+01
2.746612112519734167e-02 1.073997442757119947e+00 2.365101790446587360e-01 1.019773963197106365e-09 -8.482018778641128549e-07 -1.600380901630401598e-07 1.819182978025183088e-08 -7.931743809424530653e-03 inf 0.000000000000000000e+00 -9.000000000000000000e+01
5.349812736335314289e-01 4.859161761423311877e-10 6.881031222706905925e-01 2.362991491314184590e-04 -4.338452378052842784e-01 5.225359459385647903e-09 -1.177803571451913837e-03 4.045076109799348250e-08 inf 0.000000000000000000e+00 -9.000000000000000000e+01
2.398066762976974034e-06 6.249697153804866234e-01 0.000000000000000000e+00 9.753685871153387754e-02 -2.976588705796321946e-06 5.045009933355200371e-02 8.957759114622160674e-07 -1.031933850004472866e-02 inf 0.000000000000000000e+00 -9.000000000000000000e+01
6.904154332342149480e-03 6.210006923793154332e-01 6.568276554011990287e-01 9.267738698369191661e-03 -4.000677537443667053e-01 1.856268971674198244e-04 2.585900606770047749e-10 -8.210345692514988900e-03 inf 0.000000000000000000e+00 -8.000000000000000000e+01
1.168959823371891193e+00 3.785237679487455368e-05 -8.828174951063035181e+00 -1.229975313118825464e-05 -3.969035023694318653e-02 4.565886217703093655e-05 6.380200562678642884e-01 6.012809205977195188e-04 inf 0.000000000000000000e+00 -2.000000000000000000e+01
6.358385707147906629e-01 1.892661009958952951e-05 -7.121391992005655647e-01 -4.402106733410789013e-09 -2.934639557145187760e-01 -3.076021931643067885e-04 -5.135619225004078858e-03 -2.770299741945057459e+00 inf 0.000000000000000000e+00 -3.000000000000000000e+01
-1.573344263816794128e+11 0.000000000000000000e+00 1.603053435114504168e+02 0.000000000000000000e+00 -5.103470896946566171e+01 1.565481870229007910e+01 1.304846911029961670e-04 9.644520646743193952e-05 inf 0.000000000000000000e+00 -2.000000000000000000e+01
1.436973857970638409e-05 1.376322363965384282e-07 2.087811043642405011e-07 0.000000000000000000e+00 3.849037119564210326e-08 2.849666216901241000e-01 0.000000000000000000e+00 0.000000000000000000e+00 inf 0.000000000000000000e+00 -1.000000000000000000e+01
5.538932775245752893e-02 4.077362090839588005e-01 1.746809138700257391e-02 -4.645768761573265919e-10 -9.905955621996396232e-01 1.651453260084499719e-03 5.151096923438125863e+00 -6.157455788388736555e-08 inf 0.000000000000000000e+00 -3.000000000000000000e+01
3.134306992436906025e-01 1.122392361461903552e-06 2.284141706444879627e-02 5.612020029936436449e-01 -6.937596504998684299e-01 4.471497747362433717e-03 2.485803714227205270e-06 1.635290604749689847e-01 inf 0.000000000000000000e+00 -9.000000000000000000e+01
4.451457339556605386e-01 2.989307194957995678e-04 -4.710137669216069023e-01 3.145930050806499539e-02 -5.841864111476223753e-01 2.738334330768630645e-06 3.826313209546234467e-02 0.000000000000000000e+00 inf 0.000000000000000000e+00 -1.000000000000000000e+01
9.829767873795937083e-01 8.786620310529835601e-05 2.108788874527160653e-03 9.507397757877986109e-06 -2.882011461853786066e-02 7.591639948297777829e-03 8.553869259823661022e-08 -3.804606594459418629e-03 inf 0.000000000000000000e+00 -9.000000000000000000e+01
-6.821337520455361300e+03 9.689399887010456069e+00 1.722559979912970007e+01 1.048081652817225290e-02 -1.751850823000970664e-05 5.169975278215862442e-09 1.020208454901263416e-07 -2.220487474106562775e+00 inf 0.000000000000000000e+00 -2.000000000000000000e+01
-2.637164283344764319e-03 4.096891782566450742e-08 2.087811043642405011e-07 0.000000000000000000e+00 0.000000000000000000e+00 2.849666216901241000e-01 0.000000000000000000e+00 0.000000000000000000e+00 inf 0.000000000000000000e+00 -1.000000000000000000e+01
3.769640396203518540e-01 1.334080735345627136e-05 -2.768626643934348763e+00 8.137196443485536501e-02 -7.206665463330256260e-01 1.609597408949615469e-05 2.249113177566805233e-01 3.049338184419140268e-08 inf 0.000000000000000000e+00 -2.000000000000000000e+01
4.904586935370477407e-01 1.920694160480396964e-09 0.000000000000000000e+00 0.000000000000000000e+00 -5.898612349888769923e-01 2.097284391071562726e-01 1.820948280688669144e-06 1.333417505309780582e-07 inf 0.000000000000000000e+00 -1.000000000000000000e+01
2.458626995015176786e-01 4.515645596422296904e-01 1.934577017990029429e-02 -1.299059501185542660e-09 -5.485382937085653277e-01 3.535500721168487789e-03 1.965462429119555361e-06 1.430117694311616727e-01 inf 0.000000000000000000e+00 -1.000000000000000000e+01
2.469341205245917659e-01 1.396213805861671442e-06 1.194653610759289775e+00 5.356695271384810967e-04 -6.734566923397956595e-01 4.188641417585014604e-09 1.973315512284495672e-06 8.467009863837286765e-02 inf 0.000000000000000000e+00 -9.000000000000000000e+01
3.184152808358920155e-03 9.432916852066699706e-03 2.162615729909300646e-03 2.241404493938659907e-05 -1.009887208789002511e+00 1.571178650277343909e-08 -2.553842696124048774e-03 3.983907666627690691e+00 inf 0.000000000000000000e+00 -3.000000000000000000e+01
1.032157189422477028e+00 9.226233458081352660e-05 3.446920819939193470e-02 1.490036703480138430e-03 2.472630566765802312e-02 1.468628958659434017e-06 3.986966167157280951e-11 -2.604451278297500783e-08 inf 0.000000000000000000e+00 -9.000000000000000000e+01
9.094249836853843162e-10 2.799074985214608305e-06 4.614748720870928006e-05 2.343570337856435426e+00 -3.508380595064842233e-01 8.335529564750608030e-09 3.522790190517244649e-06 1.056699125551339158e-01 inf 0.000000000000000000e+00 -2.000000000000000000e+01
2.611909854616680307e-02 1.814344524010515561e-02 1.146255296197491669e+00 5.490569092192759720e-10 -1.970126290339438979e-01 6.171677663123001430e-10 -7.998973929763583332e-03 -7.208871198742037301e-01 inf 0.000000000000000000e+00 -9.000000000000000000e+01
5.087816078244276241e+01 5.244364265267177139e+00 1.365882931774809528e+01 1.743777107646447486e-03 3.442531038778626709e+11 8.265744274809162562e+02 2.048579791119991000e-01 0.000000000000000000e+00 inf 0.000000000000000000e+00 -2.000000000000000000e+01
1.545103934776084244e-02 9.990781759107326271e-04 5.720172013851886339e-01 1.698956837217617810e+00 -1.891129460145938186e-06 3.787275178806852451e-07 1.135883733554737757e-10 -3.502563318562317861e-10 inf 0.000000000000000000e+00 -9.000000000000000000e+01
9.043969440511153701e-01 2.000420486691481624e-06 9.696897881168371885e-10 4.766219246551878149e-05 -1.037871493041852416e-01 1.083590088559142168e-03 3.478992150767793953e-05 1.545841238866549243e-08 inf 0.000000000000000000e+00 -8.000000000000000000e+01
2.688246882592795975e-07 0.000000000000000000e+00 1.540431677896774598e+00 1.787116237441971518e-05 -6.633533152538843478e-06 2.617846050940387718e-09 1.363461484864785270e-11 6.474510097512227193e-07 inf 0.000000000000000000e+00 -9.000000000000000000e+01
1.520640850922580500e-01 2.760106601108532898e-01 7.620419056698818361e-01 3.206506760030240446e-10 -5.600548945284673508e-01 -8.033574306760801753e-02 0.000000000000000000e+00 0.000000000000000000e+00 inf 0.000000000000000000e+00 -9.000000000000000000e+01
5.799234089408093068e-02 7.608727932190961600e-03 6.751016783471253113e-02 8.340272537744157777e-01 -9.420435223099559163e-01 1.081822771449696824e-02 3.509385594390168474e-09 -2.098348823190409329e-01 inf 0.000000000000000000e+00 -9.000000000000000000e+01
8.128426458835992241e-01 1.790857684430881213e-09 -2.955762588309896027e-08 5.378826976899982529e-03 -1.941116766289192053e-01 0.000000000000000000e+00 0.000000000000000000e+00 0.000000000000000000e+00 inf 0.000000000000000000e+00 -8.000000000000000000e+01
1.076634977915234437e+00 2.037599507016174722e-06 1.997616093838336551e-09 0.000000000000000000e+00 -2.184163900266819551e-09 6.214678496399332836e-04 1.936273758731274386e+00 -9.189573776642947795e-04 inf 0.000000000000000000e+00 -1.000000000000000000e+01
5.213637543925419005e-01 1.378849909780859376e-02 9.446650467938796681e-10 6.918394280621903569e-06 -4.878909841688962579e-01 1.608658228077669171e-03 1.308481017833422466e-01 -1.197950150604329566e-05 inf 0.000000000000000000e+00 -1.000000000000000000e+01
4.389690458918064087e-01 1.228721258428240309e-05 4.255800118123177489e-01 1.550494462090267648e-08 -5.470376781048219561e-01 1.008660491479334642e-03 6.981238123896321116e-05 -7.842148532271922545e-02 inf 0.000000000000000000e+00 -9.000000000000000000e+01
4.566677322235154213e-01 5.798955329822418348e-01 -1.263343839711312588e+00 6.886259454164121718e-02 -3.831452628632669444e-01 1.111000733043503918e-08 1.915859041870575507e-06 9.086755896284236245e-02 inf 0.000000000000000000e+00 -1.000000000000000000e+01
1.285972003198973423e+00 2.393690461400069580e+00 0.000000000000000000e+00 1.583038713331776581e-09 -3.000070824294635008e-01 5.207549993152278844e+00 0.000000000000000000e+00 7.257465760627869855e+00 inf 0.000000000000000000e+00 -2.000000000000000000e+01
6.056220726922548758e-01 1.175087603731240771e+00 -2.802131978128343248e-01 2.069962009649647383e-01 -5.857359747829569141e-01 -6.703216264148219926e-06 2.690046699003209696e+01 -4.989602748151114930e+00 inf 0.000000000000000000e+00 -3.000000000000000000e+01
8.762475007179445661e-04 8.599536422335199505e-06 3.319119320901305213e-06 2.239485843818371347e+00 -1.001094665283046803e+00 7.550819655370733667e-09 1.134464611636188367e-08 0.000000000000000000e+00 inf 0.000000000000000000e+00 -2.000000000000000000e+01
4.167963247812625505e-01 4.773757671857991117e-03 1.952207610216686500e-03 0.000000000000000000e+00 -5.895666982854392835e-01 1.349768543001380943e-03 0.000000000000000000e+00 0.000000000000000000e+00 inf 0.000000000000000000e+00 -9.000000000000000000e+01
1.598728555244391912e-03 1.237405207922669392e+00 2.472101178320694045e-08 0.000000000000000000e+00 -7.648231857597251326e-02 1.956972077657014898e-03 6.132273596784910685e-01 5.973510226796301707e-06 inf 0.000000000000000000e+00 -1.000000000000000000e+01
1.006823293420990639e+00 2.379636158301374690e-03 1.905418572795828144e-06 1.044438378161214329e-03 -3.180180959144722908e-05 4.124670792875675122e-05 0.000000000000000000e+00 0.000000000000000000e+00 inf 0.000000000000000000e+00 -8.000000000000000000e+01
3.147939734381014487e-01 4.763993132085010359e-04 4.778122811114039747e-02 2.918199387725858073e-07 -6.921556931496143372e-01 4.353468673809147461e-03 2.016168107334558515e-08 0.000000000000000000e+00 inf 0.000000000000000000e+00 -9.000000000000000000e+01
4.924205539785176944e-01 3.528191596631915063e-04 3.416613626336454379e-01 5.134352711615205631e-10 -5.031253486302246225e-01 1.246105002425257173e-02 0.000000000000000000e+00 8.318517510597242537e-02 inf 0.000000000000000000e+00 -9.000000000000000000e+01
1.244602474289081481e-02 7.769984526604720720e-01 7.330174081702565958e-02 2.858135429092503797e-09 -5.717535783728001642e-01 6.597156673532308946e-02 2.619144334104437612e-06 -5.685686988625291857e-06 inf 0.000000000000000000e+00 -9.000000000000000000e+01
3.647494185543567746e-01 5.991803018244350881e-03 7.881192793763779347e-01 1.224936508092184580e-05 -3.378817158483438665e-01 2.774866312854669002e-04 1.444207597015380005e-06 -1.302676494836988441e+00 inf 0.000000000000000000e+00 -9.000000000000000000e+01
1.693146827282534031e-02 7.596628350545210628e-02 2.353667224541804159e-01 1.696060133657709530e-09 -5.088453430738080208e-01 1.045502071295374702e-01 3.277064459515435079e-06 -2.031261167088156405e+00 inf 0.000000000000000000e+00 -3.000000000000000000e+01
7.814138783193107507e-01 4.063352167260416148e-01 2.686110206722630567e-01 9.010678784369552385e-02 -3.388161738025136441e-03 4.693977083228113676e-10 1.471798333817137580e-07 -5.158280552855948460e-08 inf 0.000000000000000000e+00 -8.000000000000000000e+01
1.133860093837365385e-01 1.212906340379170445e+00 -1.354051674560246687e-04 9.332832803627868080e-05 -3.421017883120736625e-01 3.472851487410444915e-01 6.781504238600096973e-08 0.000000000000000000e+00 inf 0.000000000000000000e+00 -9.000000000000000000e+01
1.459345657168131698e-09 8.657456584452390969e-01 8.296741978723805885e-05 3.184801243706083759e-04 -4.573565865315912249e-01 6.733033259967215753e-04 1.909057614881063181e-06 4.232055706726552742e-05 inf 0.000000000000000000e+00 -9.000000000000000000e+01
2.218653681535340538e-01 4.544361541318680259e-06 1.486829698921380255e-06 1.833887164692500071e-01 -8.095087756953269764e-01 8.011962920870419298e-09 5.716531107379345666e-01 -2.868259489192084288e-01 inf 0.000000000000000000e+00 -1.000000000000000000e+01
4.354174423444253650e-01 4.719559689747268028e-01 0.000000000000000000e+00 2.853004329544000105e-07 -3.463547836830656590e-01 1.564067790327030747e-03 3.643955315147940853e-10 -8.106985596098130464e-02 inf 0.000000000000000000e+00 -9.000000000000000000e+01
4.851764669706221667e-01 6.203592230349558312e-01 -1.048129314142641766e+00 2.933975056704501982e-02 -3.194387043985966734e-01 8.748215197736703851e-05 1.814067880150828106e-05 -2.102284272324324223e-04 inf 0.000000000000000000e+00 -1.000000000000000000e+01
1.148077776310172382e+00 9.804749730319843975e-06 2.955137855781714848e-05 7.834050743330841094e-09 -1.112832237922959343e-02 1.228679127044276891e-04 7.021023583110153413e-03 2.438687948176347220e+02 inf 0.000000000000000000e+00 -3.000000000000000000e+01
1.216440210531347516e-01 2.683891893077099966e-01 2.575026603588280262e-05 4.440972197177935343e-01 -7.704121333365200330e-01 5.423525488687862166e-09 2.353232550135047133e-03 -6.178743926508431517e-02 inf 0.000000000000000000e+00 -9.000000000000000000e+01
4.729589734560696312e-01 2.389325934368318471e-01 2.324318606585196872e-02 2.008481117827577885e-03 -4.327280234317981145e-01 1.462165539739752718e-08 1.680671557998461379e-06 -1.365498851576478316e-04 inf 0.000000000000000000e+00 -9.000000000000000000e+01
1.585287455083326025e+00 2.450997120074147728e-07 9.354805413880033782e-02 2.464437985376997930e-01 -5.099877790147502310e-01 1.752454307203668831e-03 1.178780924128028373e-02 7.752451574864012946e+04 inf 0.000000000000000000e+00 -3.000000000000000000e+01
7.858718988482682732e+01 4.725798395713566080e+00 1.015117150217976105e+00 1.611068702276354270e+04 1.281704061057785606e+10 1.229147874661525169e-01 0.000000000000000000e+00 -2.201458879990791373e-01 inf 0.000000000000000000e+00 -2.000000000000000000e+01
1.308951805968976978e-01 2.755587645141567652e-03 1.508498305060751221e+00 2.612564064943908269e-03 -2.504774939659526506e-06 0.000000000000000000e+00 9.388723154327591407e-10 -2.699542069192255476e-12 inf 0.000000000000000000e+00 -9.000000000000000000e+01
5.234975214496143670e-01 7.985555411943270343e-01 -3.523718750929828638e-03 1.812404521482350239e-04 -7.682862194650281508e-04 0.000000000000000000e+00 2.665466684513229750e-07 -6.247957706566725777e-02 inf 0.000000000000000000e+00 -9.000000000000000000e+01
8.438018982654871269e-02 4.500276790749264677e-01 2.049582581873849729e-01 8.210396923934590262e-07 -7.083044340222756086e-01 9.366441803316715006e-10 0.000000000000000000e+00 2.848870872752577998e+00 inf 0.000000000000000000e+00 -3.000000000000000000e+01
1.260880110943991481e-02 1.180749412304560181e-01 1.376362588394936415e+00 5.118642973750432137e-04 -2.092825305641615730e-01 1.882666345561085351e-04 0.000000000000000000e+00 -3.387878802770070562e-04 inf 0.000000000000000000e+00 -9.000000000000000000e+01
4.104137465815463903e-01 2.241939861219479357e-01 -5.805104358689994323e-04 -1.971738640160454192e-01 -5.038887635965605405e-01 3.133994166311350202e-09 1.509888745014001537e-06 -3.001424374466469258e-01 inf 0.000000000000000000e+00 -9.000000000000000000e+01
-2.836909070254734627e-05 1.085687641702072215e+00 0.000000000000000000e+00 1.080565962282101786e-03 -1.929436903184593155e-01 5.330213821092647892e-10 1.051828860695615845e-08 -2.102869433807927346e-02 inf 0.000000000000000000e+00 -9.000000000000000000e+01
2.858177836701335586e-02 6.596246033142100005e-06 1.509017830282928241e+00 1.117697244504633671e-05 -4.183730122872535483e-06 1.059674709953846687e-05 7.109669118476366280e-08 -8.255568368590291556e-03 inf 0.000000000000000000e+00 -9.000000000000000000e+01
1.542782446602294351e-06 4.490328812108393442e-10 9.416396768812831735e-11 0.000000000000000000e+00 -1.616593998949541580e-05 2.555573746842388825e-05 0.000000000000000000e+00 -2.277502541864755425e+00 inf 0.000000000000000000e+00 -3.000000000000000000e+01
6.967360046887314251e-01 2.726779243517306271e-09 1.464003401332286376e-08 6.307136629522947901e-05 -3.111826537795176484e-01 4.873696486449550515e-04 2.583178591163518067e-06 5.431685926257736218e-10 inf 0.000000000000000000e+00 -9.000000000000000000e+01
6.917778772252206922e-03 3.898049856870229490e+01 0.000000000000000000e+00 3.057581777791030797e-01 -6.199308206106870500e+01 2.710488916030534267e+09 0.000000000000000000e+00 -7.051547975030564123e-03 inf 0.000000000000000000e+00 -2.000000000000000000e+01
2.346521346049310509e-08 6.314681980355694169e-01 8.426153767537128969e-01 8.041352834359204171e-02 -1.430670136174336804e-01 -2.502956102452597876e-07 3.396868996185668471e-07 6.487349065756044253e-02 inf 0.000000000000000000e+00 -9.000000000000000000e+01
1.286398688942319817e-04 8.584078816935790668e-01 2.768738900041416368e-04 9.030348412442774052e-04 -4.606091072502131456e-01 1.121186383190787315e-09 1.500842841248412072e-06 -1.780378980194901187e-07 inf 0.000000000000000000e+00 -9.000000000000000000e+01
4.991053591367972109e-01 7.508367378496000550e-04 1.280558419425695157e-05 9.669351866305575527e-01 -5.069242420475564836e-01 -2.003358086290974828e-06 4.213017315463030312e-07 -8.590081322855594860e-05 inf 0.000000000000000000e+00 -9.000000000000000000e+01
4.863808031530765241e-01 9.393285975073262391e-05 2.026454217487521885e-08 5.612340676930565846e-06 -1.379288844762455835e+00 5.342929419711407668e+00 4.426107743711624750e-09 -1.644240432694501680e-07 inf 0.000000000000000000e+00 -3.000000000000000000e+01
8.197691383144893595e-02 7.459860779956876227e-04 -2.847541091186155045e-08 1.068285419010230118e-09 -9.260013936915729715e-01 1.632395021425482183e-08 1.749517534173498764e-08 0.000000000000000000e+00 inf 0.000000000000000000e+00 -9.000000000000000000e+01
8.296459159760026791e-01 1.742696683764451138e-02 5.075699634045311375e-05 7.322383434413790547e-03 -3.727536485694068480e-01 6.594119662356435763e-01 4.792728213156008718e-10 9.120397779925168295e-08 inf 0.000000000000000000e+00 -1.000000000000000000e+01
8.100849434405335169e-10 4.213025550895055987e-07 -8.874444065078277039e-08 8.178687650376140932e-05 -1.006956197227690364e+00 3.203849460994542751e-09 2.032714766906350690e-06 -3.976889261424536026e-01 inf 0.000000000000000000e+00 -9.000000000000000000e+01
6.841090229736943029e-02 4.145356276508793125e-01 5.099997543264276224e-04 5.344601741981986742e-04 -8.240617613120199136e-01 1.449622323280642944e-01 4.647479775636510248e-03 5.995109469456838993e-10 inf 0.000000000000000000e+00 -9.000000000000000000e+01
3.487421266198993397e-01 5.406203248003258466e-01 7.002853948190748690e-02 6.305304043195186434e-04 -3.767535424126622901e-01 7.741436200538992073e-04 4.630560337766476118e-10 -2.240913263421039775e-02 inf 0.000000000000000000e+00 -9.000000000000000000e+01
6.601935104301583923e-01 2.863696103385638843e-05 1.181685663747009771e-07 1.013951689215457841e-03 -3.487075515031697326e-01 4.147636343809647103e-03 1.392987874924538218e-05 -1.929645720396753750e-01 inf 0.000000000000000000e+00 -8.000000000000000000e+01
5.025957090514249215e-01 1.061136343361415019e-02 7.148838781551829128e-09 2.824504811198090271e-01 -5.005188672784851578e-01 1.594407679764286715e-07 -3.245065270218394312e-05 -4.703997812969169208e-08 inf 0.000000000000000000e+00 -9.000000000000000000e+01
3.883620373803890469e-01 4.872707210577915116e-01 5.483613786232459653e-01 -1.153404342056106330e-03 -2.610898341190255878e-01 -1.193176905575282434e-04 -2.011355355112618825e-03 -6.727245029529210774e-02 inf 0.000000000000000000e+00 -9.000000000000000000e+01
8.525203019761761203e-01 7.415632214089922667e-06 3.672187929926987345e-04 1.000488927208221531e-05 -1.398241896553282515e-01 -3.945282050347550390e-02 0.000000000000000000e+00 -2.084351931683794680e-07 inf 0.000000000000000000e+00 -9.000000000000000000e+01
1.473965754097940686e-02 1.650605726143551480e-06 1.494951029241030183e+00 1.761264163794996895e-02 -3.822317972491270227e-02 -2.799453995696698989e-08 6.671039308894260463e-08 -6.358038718947897627e-02 inf 0.000000000000000000e+00 -9.000000000000000000e+01
4.965821662747112175e-02 3.494445965570549675e-06 3.103638539216945001e-04 1.574107045659508231e+01 -2.135887529294522746e+00 2.270387007286350220e-08 5.288401437959164468e+02 -5.683236839435753751e+00 inf 0.000000000000000000e+00 -2.000000000000000000e+01
1.647669668416030930e+01 4.618171517175573371e+01 3.775190839694657188e+04 6.451497551139076525e-02 -1.078053435114504100e+04 6.319877862595421076e+07 4.140630840743317009e-08 -2.952477404179464429e-03 inf 0.000000000000000000e+00 -2.000000000000000000e+01
1.797783287072524661e-01 5.745740700419205279e-10 1.911245619991672725e-06 9.893506738780423018e-07 -5.108455241954714676e-01 9.689640539314644391e-04 6.367890967343577911e-10 -2.239861144549375016e+00 inf 0.000000000000000000e+00 -3.000000000000000000e+01
8.372735191136535526e-01 3.061281304259295677e-01 2.626271184882880154e-07 1.125086291308971947e-01 -3.834778129534213709e-02 7.752027545008779418e-11 3.959778313756940675e-11 -7.828997993665265387e-03 inf 0.000000000000000000e+00 -9.000000000000000000e+01
2.707006395103902477e-04 7.298951851204431573e-01 -1.631581422625517742e-05 -6.761308884521507387e-07 -5.892625141020138013e-01 6.414930355601348481e-08 5.302639623532932917e-06 1.823114893977209128e-05 inf 0.000000000000000000e+00 -9.000000000000000000e+01
5.450381679389079181e+03 2.066925281786647917e-01 2.265056580987498513e+00 1.700779863896187795e-03 -3.788466125954035846e+01 3.057581777790899236e-01 3.442531038778478394e+11 -8.140505725190490693e+01 inf 0.000000000000000000e+00 -2.000000000000000000e+01
6.944436190607365889e-09 1.190177156350408216e+00 2.395894588247454561e-05 0.000000000000000000e+00 -7.789392451288528212e-05 2.240544345539172166e-04 5.555548952485892712e-08 -1.249803642746069544e-03 inf 0.000000000000000000e+00 -9.000000000000000000e+01
2.026123284945352890e-02 1.358467421525265229e+00 8.977284708680949299e-01 3.010240309061667507e-01 -3.480775899777914517e-02 7.956059199492375722e-01 2.391549914144294050e-11 3.179950747158931545e-06 inf 0.000000000000000000e+00 -9.000000000000000000e+01
3.067631394979123977e-03 5.804772114808564058e-04 -4.753880916650751374e+02 4.512468833774540135e-04 -2.308214668204402464e+00 3.601161982348974000e+00 0.000000000000000000e+00 4.435154903170926489e-08 inf 0.000000000000000000e+00 -2.000000000000000000e+01
-1.334568038153486362e-08 5.071636565063142137e-03 4.478067248559456370e-01 1.189643144891354420e-02 -4.688446246813927076e-01 -6.772200134286783246e-01 1.024795390027708619e-04 -1.107953011175541892e-04 inf 0.000000000000000000e+00 -9.000000000000000000e+01
0.000000000000000000e+00 -2.195836324137580445e-06 1.549607255716171750e+00 2.975408081406688351e-09 -1.391136012421932862e-02 2.881861180095547648e-02 5.431418243365825482e-09 0.000000000000000000e+00 inf 0.000000000000000000e+00 -9.000000000000000000e+01
