3.959423670234302750e-01 5.098766326102231018e-10 0.000000000000000000e+00 0.000000000000000000e+00 -6.119998068065860553e-01 7.007660527469083142e-04 -1.233501008377391791e-03 4.137284676037239084e-08 1.296947171254300883e+04 0.000000000000000000e+00 0.000000000000000000e+00
2.468453974279303242e-01 7.176801369663899921e-01 4.240242968524126594e-09 5.199752584708717817e-01 -3.394124214634041681e-01 -6.266704467537665026e-09 1.785629321671949646e-05 -6.024039960302850096e-10 1.714091096982567251e+04 0.000000000000000000e+00 0.000000000000000000e+00
1.846263064440805957e-01 4.594698032758447969e-09 4.844061339177166414e-01 1.561353268091854351e-04 -7.975095092790698281e-01 1.669832386905269080e-09 4.626605657985936818e-10 -8.666440014855084583e-05 2.655511106553063655e+04 0.000000000000000000e+00 0.000000000000000000e+00
1.542727130747280628e-01 3.673159835112573268e-01 2.133644355015688858e-07 3.974310679193402707e-06 -6.892183545156682634e-01 1.116557108968878852e-03 -8.608219995748931141e-10 -2.038108040612001303e-08 2.891499499673075479e+04 0.000000000000000000e+00 0.000000000000000000e+00
2.395836023638421020e-01 5.347070398211203335e-01 3.403176169940939059e-05 4.434680861098574521e-07 -4.998585158409251106e-01 1.320927334943735305e-08 -1.374032378613654175e-03 4.608640824619420667e-08 3.818896558310508408e+04 0.000000000000000000e+00 0.000000000000000000e+00
5.999194804730013653e-01 6.243996658848646047e-02 4.212373676487532166e-04 1.146146932449463291e-05 -3.867249543544967749e-01 6.061944647083207863e-03 7.702004544906182786e-09 -9.623095036803413908e-05 4.479204763000465755e+04 0.000000000000000000e+00 0.000000000000000000e+00
5.589105838883492439e-01 3.951047476666124930e-07 4.695654522497145035e-10 3.979003001265177768e-07 -4.484964300782382507e-01 2.527645349164354496e-08 -4.920172329433287868e-07 -1.690411381340636565e-01 4.496908957293863205e+04 0.000000000000000000e+00 0.000000000000000000e+00
2.905954695610638572e-01 3.254021692577929170e-01 9.033552758499923119e-01 2.494972881490761262e-05 -3.788264060016096613e-01 -6.694335692041366666e-10 8.382996947691441028e-10 -6.360945712711594247e-07 1.082228630025559105e+05 0.000000000000000000e+00 0.000000000000000000e+00
5.998920748838628692e-01 1.814943211302769729e-06 1.261841950617780483e+00 1.853114886494691138e-01 -1.516968465223561269e-01 4.174143340080107697e-10 1.812477255852630177e-07 -6.349835284109554765e-08 1.086537614630712196e+05 0.000000000000000000e+00 0.000000000000000000e+00
4.224754097389609164e-01 -1.636853621493416335e-06 1.168187039009744410e+00 4.755211197425384707e-03 -6.105573035601090659e-01 2.169085157384597895e-01 1.052327424610993161e-07 0.000000000000000000e+00 1.090497501852254645e+05 0.000000000000000000e+00 0.000000000000000000e+00
4.898560841258120524e-01 1.036900555431406398e-02 1.190442710101973445e+00 3.207170965880316582e-01 -3.077775019130102319e-01 1.560148687007629390e-07 0.000000000000000000e+00 9.229028707595866626e-05 1.099480323952235049e+05 0.000000000000000000e+00 0.000000000000000000e+00
8.563444553454566122e-02 1.125500952162235974e-02 1.090393583012221335e+00 7.226643274407514793e-06 -6.762643029994989119e-01 6.023296878877993432e-09 2.891195106471798875e-03 -6.410192578920331785e-01 1.120582176817690197e+05 0.000000000000000000e+00 0.000000000000000000e+00
3.097199159408940417e-01 1.654426986421040824e-09 1.352268649938547673e+00 1.537936552937437321e-03 -3.496160407061617570e-01 1.792256790207039666e-07 0.000000000000000000e+00 6.101432857722988095e-10 1.151212430032119591e+05 0.000000000000000000e+00 0.000000000000000000e+00
6.932183485156326874e-01 9.411007292860791920e-03 9.563206871721074975e-03 3.946233797325064267e-10 -3.117047375058582537e-01 2.473243156479588371e-03 3.979013241281389008e-07 6.032748218899235405e-10 1.262673658153429133e+05 0.000000000000000000e+00 0.000000000000000000e+00
6.939798377876054136e-01 -5.909868927503530585e-07 1.237903144436070783e-06 1.580295688668506024e-09 -3.137570815912976707e-01 2.068221085630671423e-08 0.000000000000000000e+00 -3.398118703955594223e-04 1.267257430419920274e+05 0.000000000000000000e+00 0.000000000000000000e+00
1.560530512165222872e+00 2.881839074323547505e-04 -2.356000937340726296e+02 2.251742056378229278e-04 -3.841305876099010419e-01 6.462196864479063940e-01 3.681838479034507786e-09 1.875837702828350118e+01 inf 0.000000000000000000e+00 -2.000000000000000000e+01
3.610423948601651500e-01 6.502748108427153670e-06 2.379815255245385786e-01 6.125734847309354761e-05 -6.129101663408639267e-01 -4.872156986342414398e-02 -3.962368458180194619e-02 -4.709240861527740418e-09 inf 0.000000000000000000e+00 -9.000000000000000000e+01
2.940004803325239058e-01 6.996646046374968009e-01 2.477702740933370243e-04 9.639823441672178417e-01 -2.918802845608951535e-01 3.100363588171761998e-08 3.752787925856602237e-05 2.064982340075945631e-03 inf 0.000000000000000000e+00 -9.000000000000000000e+01
2.509576656475913381e-02 -2.128974518701979365e-06 1.503882117323709355e+00 1.372825440330698391e-09 -7.353900532157600470e-07 2.145734098644051229e-08 0.000000000000000000e+00 -1.897160071871711873e-02 inf 0.000000000000000000e+00 -9.000000000000000000e+01
9.911785723509047158e-03 5.253185050818644736e-10 1.262013540563727165e+00 1.046098757098580225e-04 -8.552903438037992023e-01 -1.129325669322579185e-07 0.000000000000000000e+00 0.000000000000000000e+00 inf 0.000000000000000000e+00 -9.000000000000000000e+01
1.828232586650673508e-01 3.554896696265198719e-02 1.301842051854930939e-07 1.277384081758698237e-09 -7.654200429444152354e-01 -1.101002291071850048e-01 3.744345711049420767e-06 7.839869127381583748e-10 inf 0.000000000000000000e+00 -9.000000000000000000e+01
4.084929255128817438e-01 4.490543306158245028e-07 -8.659167144134756447e-06 2.400201695565959414e-02 -2.433835095121660852e-01 7.663064330588772316e-03 0.000000000000000000e+00 1.058687690560144480e-02 inf 0.000000000000000000e+00 -9.000000000000000000e+01
9.930228637012071535e-02 1.305138570861313213e-02 1.231220631007027277e+00 8.380064767750810235e-06 -7.816462927140047645e-01 1.771116944402775914e-03 0.000000000000000000e+00 -5.213569596903945905e-04 inf 0.000000000000000000e+00 -9.000000000000000000e+01
9.447268620411464202e-02 7.109642584417468214e-01 8.728497951494124368e-05 0.000000000000000000e+00 1.690831904030515309e+00 5.296581868047397362e-02 0.000000000000000000e+00 -2.094186984751047920e+00 inf 0.000000000000000000e+00 -3.000000000000000000e+01
4.618993915791808069e-01 7.485955656628102695e-01 1.137250414173959930e-09 8.040419763014114887e-06 -1.104974837613988542e-01 3.204079427759678616e-09 1.802512239063617735e-05 -1.329099614478088834e-07 inf 0.000000000000000000e+00 -9.000000000000000000e+01
1.363705971062042777e-01 7.829137002622466707e-05 3.225070640284823145e-07 1.002858357816647228e+00 -8.681073640014904669e-01 2.403743383114586031e-09 1.182278769587938162e-05 5.338212447292747242e-01 inf 0.000000000000000000e+00 -9.000000000000000000e+01
1.358185143428838615e-01 8.579039970723167929e-01 4.229061204246721203e-03 3.644626320136379882e-01 -5.139607089522080230e-01 2.120332202331352556e-01 3.005204157903386666e-08 -2.925227894345385632e-02 inf 0.000000000000000000e+00 -9.000000000000000000e+01
4.302004360831450554e-03 3.870272962342315992e-01 4.125025106699025113e-01 1.097949723533973483e-08 -7.485793780327922864e-01 1.157790319529816600e-04 0.000000000000000000e+00 -1.203213974115535212e+00 inf 0.000000000000000000e+00 -9.000000000000000000e+01
8.418375995978383264e-02 7.836287544211848477e-01 8.221070308572639906e-05 1.075768308036271180e-02 -4.606635489249137905e-01 5.183247302356579211e-03 0.000000000000000000e+00 0.000000000000000000e+00 inf 0.000000000000000000e+00 -9.000000000000000000e+01
1.218713131293406443e-01 6.618011880999030705e-03 6.725041722740254975e-03 2.785704387843682852e-10 -8.836383734155470737e-01 6.060501912484348604e-10 0.000000000000000000e+00 -6.029347751422297653e-03 inf 0.000000000000000000e+00 -9.000000000000000000e+01
1.514762302269112848e-01 1.866095003555865439e-01 1.172644884950537536e+00 3.599720300069184607e-04 -8.915787239211356852e-01 4.342702570003464380e-01 0.000000000000000000e+00 -3.059762255058806960e-02 inf 0.000000000000000000e+00 -9.000000000000000000e+01
3.129321296193477431e-01 3.828928561334321455e-10 4.341462305764899547e-09 2.595178523222521627e-01 -6.949251430167584509e-01 1.759739387936706108e-07 2.622966809732960298e-10 -4.913274698108192564e-05 inf 0.000000000000000000e+00 -9.000000000000000000e+01
1.894392641050602066e-01 2.953822666016991083e-09 4.729026435741487489e-10 6.854032653205140064e-07 -8.182995016496931173e-01 1.713362654795569864e-09 0.000000000000000000e+00 1.593318137580593510e-09 inf 0.000000000000000000e+00 -9.000000000000000000e+01
4.785687344400657871e-05 1.630946194351721003e-03 1.528723110044321709e+00 1.376512166984843254e-04 -6.369679625184674482e-03 -1.827278829539116925e-08 0.000000000000000000e+00 -1.006717961046350000e-08 inf 0.000000000000000000e+00 -9.000000000000000000e+01
-2.035833583690221712e+04 9.160002180221772650e-02 5.135973396353912079e+01 3.105190956474636332e-02 -1.159935058691126675e-01 2.652418022620739446e+00 1.330858630283898488e-05 -1.541122139908660470e-04 inf 0.000000000000000000e+00 -2.000000000000000000e+01
2.814282419543817637e-01 1.895731907609377320e-01 2.522874330874623215e-05 2.445339185954126565e-06 -6.488484467281580015e-01 1.141593179418370687e-08 0.000000000000000000e+00 1.037778093551263446e-05 inf 0.000000000000000000e+00 -9.000000000000000000e+01
-5.256816989899726437e-05 1.224869836592683559e+00 4.338054439644048727e-06 3.098033935624835335e-10 -6.500195858768225050e-05 7.577454785801147340e-08 7.721933639729202061e-07 -3.255575091996343318e-02 inf 0.000000000000000000e+00 -9.000000000000000000e+01
4.821684160305343880e+01 1.012226779952304071e-04 1.753332050702044150e-03 2.586714184011211781e-01 3.053239694656488672e+07 6.485044359023335159e-07 1.366058264979879460e-05 3.917526652794757654e-03 inf 0.000000000000000000e+00 -2.000000000000000000e+01
7.562281152815180096e-01 3.897185811489152774e-01 3.730295235776150294e-05 4.150101008947952035e-08 -7.446235917733617926e-02 8.069640850732129002e-10 3.357546996822475143e-09 1.670369543868117926e-05 inf 0.000000000000000000e+00 -9.000000000000000000e+01
2.043190044520775406e-01 4.849190387386547070e-03 4.750029885699341009e-02 1.596620120535236967e-05 -1.012307794785293424e+00 6.918984468945353905e-01 1.811992601661430744e-07 7.925100778747250274e+00 inf 0.000000000000000000e+00 -3.000000000000000000e+01
5.430129782897551438e-01 4.331002731198649473e-08 1.123499364410402350e-08 3.107145185221224866e-06 -7.656873650704461021e-01 1.113371933903454902e+00 6.277625464145999980e-07 -1.535281298330027244e+00 inf 0.000000000000000000e+00 -1.000000000000000000e+01
4.610508684437507679e-03 9.695241119274302655e-01 4.381716524157150405e-01 6.135789752973224570e-03 -1.698608462687502957e-02 7.826815142166587246e-05 -2.166592426897325006e-05 -3.147271713876729589e-08 inf 0.000000000000000000e+00 -9.000000000000000000e+01
3.177928196661574844e+01 4.815691300167392053e-02 6.076943783544566484e-03 2.412623121611639782e-04 2.069636885559152603e+09 3.218630725288767849e+02 0.000000000000000000e+00 5.754961832236165355e+04 inf 0.000000000000000000e+00 -2.000000000000000000e+01
-1.274928435114504055e+03 9.906564960042940626e-02 1.070153622226860946e-01 1.928904129348638790e-04 -4.884303435114505021e+01 1.048804296337011390e-05 9.727566538535002739e-07 -1.215388756671934890e-02 inf 0.000000000000000000e+00 -2.000000000000000000e+01
8.712543373893485293e-03 0.000000000000000000e+00 0.000000000000000000e+00 0.000000000000000000e+00 -9.990383068731196747e-01 0.000000000000000000e+00 5.391427354668065001e-10 6.996233490338491798e-09 inf 0.000000000000000000e+00 -9.000000000000000000e+01
7.077427598335588212e-10 0.000000000000000000e+00 2.087836762940457613e-01 0.000000000000000000e+00 -9.974120649497540958e-01 5.249092135432227734e-09 -1.978992192360623254e-03 0.000000000000000000e+00 inf 0.000000000000000000e+00 -9.000000000000000000e+01
4.245101867051879752e-01 2.347521769798274482e-01 7.299326995480655437e-08 1.773106805496438418e-05 -5.810116380250729406e-01 2.288833725553317822e-01 4.700545040020989808e-10 -6.419004839292157330e-03 inf 0.000000000000000000e+00 -9.000000000000000000e+01
9.453465707943221608e-01 9.839221798298343480e-02 6.637812472487250809e-04 4.209136074507777159e-01 -2.655124988994900237e-02 9.582864902809179811e-03 7.450849129498081428e-08 -3.234979871648958893e-02 inf 0.000000000000000000e+00 -9.000000000000000000e+01
4.145333848651586188e-09 3.220944572629812708e+00 3.680111374460628428e-04 4.832750031367165355e-02 -6.132593143252126899e-02 2.047752840877231861e+00 0.000000000000000000e+00 8.191285635960420501e-06 inf 0.000000000000000000e+00 -2.000000000000000000e+01
2.554071513356675482e-01 1.313905555427581140e+00 1.843489937462167438e-01 1.963945245875888465e-06 -4.089195861279716904e-01 7.239887754396875374e-01 2.071348501509726313e-07 -7.272095433541091064e-08 inf 0.000000000000000000e+00 -9.000000000000000000e+01
2.069270037389080719e-01 4.484196920752860915e-01 4.379098555422715477e-02 0.000000000000000000e+00 -5.605246150941076699e-01 0.000000000000000000e+00 0.000000000000000000e+00 -2.025362275873375584e+00 inf 0.000000000000000000e+00 -3.000000000000000000e+01
7.604104292432740822e-05 2.491712894544360513e+00 -1.158537775193877206e-05 6.541577935072610838e-05 -1.300634673587822403e-04 1.275220067241558342e+00 2.495296744741646701e-07 0.000000000000000000e+00 inf 0.000000000000000000e+00 -2.000000000000000000e+01
5.768419972939384764e-03 5.229310228644908909e-01 9.555218025763121403e-01 1.489745355834886653e-01 -6.758145112767007801e-01 2.493043248540014467e-01 2.047842108959409201e-06 -7.331473569696914588e-08 inf 0.000000000000000000e+00 -9.000000000000000000e+01
4.717448700776579740e-01 2.321869282413473092e-03 4.783492982587452258e-01 5.203935598044164348e-03 -5.113714391641812629e-01 3.714990851861556601e-03 1.399160905782238411e-07 5.758604371065161069e-08 inf 0.000000000000000000e+00 -9.000000000000000000e+01
2.083207927172088525e-01 1.733416006231164138e-05 1.575084645310357093e-02 0.000000000000000000e+00 -7.989531525933403211e-01 1.157049231494445521e-07 4.047812102462883688e-05 -1.237392349063477261e-03 inf 0.000000000000000000e+00 -9.000000000000000000e+01
1.987425030869223539e-03 6.699286534738046095e-06 8.711320577889237770e-07 2.255136553946309963e+00 -8.752535427935165041e-05 9.088249115581994184e-05 0.000000000000000000e+00 -5.263511031319914748e-05 inf 0.000000000000000000e+00 -2.000000000000000000e+01
2.563058797258259414e-02 3.726081176229211200e-01 8.025405610339839679e-01 8.246400532173330661e-04 -6.283628019084764871e-01 2.819224725016829033e-05 2.911000918929071250e-03 -1.603978731187426787e-01 inf 0.000000000000000000e+00 -9.000000000000000000e+01
1.551348382002606940e-01 1.741424626088141037e-05 -3.646708475442052677e+00 1.457352474674834975e+00 -9.682410276949245942e-01 4.536612645973741515e-09 2.961286991919185319e-01 1.281952530866634488e-06 inf 0.000000000000000000e+00 -2.000000000000000000e+01
5.907458897858851588e-01 4.830578369603331645e-01 2.699296010436489338e-09 1.201875589570892657e-04 -1.846080905580891052e-01 9.719758033333940353e-09 0.000000000000000000e+00 -4.054675005061180845e-10 inf 0.000000000000000000e+00 -9.000000000000000000e+01
5.785667765164874352e-08 1.302558830777538756e-01 1.411147883989130269e+00 0.000000000000000000e+00 -9.951713199009960701e-10 2.528190956206499945e-08 0.000000000000000000e+00 9.875745922681640927e-10 inf 0.000000000000000000e+00 -9.000000000000000000e+01
1.275277952615884100e-02 1.888547070747737634e-05 5.268753982638394451e-01 7.989197267708076375e-04 -1.149546323484740507e+00 2.369591217469013378e-08 6.514095833080197018e+00 1.539377812601556726e-07 inf 0.000000000000000000e+00 -3.000000000000000000e+01
3.918587432730449312e-09 2.686158354622927066e-04 1.983624631106161579e-02 2.558246052021835430e-04 -1.128462012362616340e+00 3.677577093860311952e-01 2.908774958188288653e-05 3.677577093860311952e-01 inf 0.000000000000000000e+00 -1.000000000000000000e+01
1.803848614385291510e-02 2.783466775755581019e-02 2.223405983174754210e-05 3.826591217931944455e-01 -9.793479218774976403e-01 -1.359642448108763736e-03 0.000000000000000000e+00 3.169961701716602891e-08 inf 0.000000000000000000e+00 -9.000000000000000000e+01
-5.909496183206108212e+07 8.432061068702291232e+04 3.112821292331200877e-05 0.000000000000000000e+00 -1.712245795562977457e-01 4.928821825799142298e-01 2.936843988549618985e+02 -2.446065422232824964e-03 inf 0.000000000000000000e+00 -2.000000000000000000e+01
1.385024206087422272e+00 1.710912254578580427e+00 7.011446355782058500e-04 7.458985484874529857e-05 -1.969172168006876143e-03 -5.457988312132189962e-02 -4.267096634931101917e+00 6.653330397995485328e+03 inf 0.000000000000000000e+00 -3.000000000000000000e+01
5.944236344169775673e-04 1.217379603285970058e+00 1.501432111070469255e-04 6.353038958369212578e-11 -1.357745570475192912e-02 1.353146473820975389e-06 8.131889866712591687e-10 0.000000000000000000e+00 inf 0.000000000000000000e+00 -9.000000000000000000e+01
1.852097437523874970e-09 9.777095018247842145e-06 2.724470989841014555e-05 4.082533334448854956e-04 -1.008011819340852266e+00 7.440130843154455420e-04 4.787944778372132436e-07 7.259203119568036314e-10 inf 0.000000000000000000e+00 -9.000000000000000000e+01
6.271946564885497537e+03 1.134299575386725551e-07 2.113400524809160963e+00 2.545496548405130983e-05 5.063781618320611954e+09 2.513332221344227735e-01 0.000000000000000000e+00 2.388735763899243129e-06 inf 0.000000000000000000e+00 -2.000000000000000000e+01
5.236246721037194352e-01 4.251882436483731334e-05 3.586223490798463431e-03 2.190704990453207213e-04 -1.946868824914269380e+00 2.069239919711045873e-08 1.029865927780242146e+03 -1.633393371838353814e-07 inf 0.000000000000000000e+00 -3.000000000000000000e+01
5.742395471857857370e-01 3.135976777858973663e-01 -3.222065520312669825e-05 1.034293132539239416e-04 -1.439736040494621339e+00 3.176139723564482382e-08 3.456955171438671073e+02 -3.667189730731127195e+00 inf 0.000000000000000000e+00 -3.000000000000000000e+01
1.663713448520360316e+01 2.939460824058767806e-04 -4.945021107965213060e+07 1.956459314714439370e-04 -4.440738903945322669e+00 -8.815023088377378357e-01 4.956740255460095668e+00 1.688788242312578185e-06 inf 0.000000000000000000e+00 -2.000000000000000000e+01
5.046305165259055148e-01 2.728525467262163384e-01 5.789559414405737181e-01 8.655000138089657957e-02 -3.158830558873400585e-01 7.945974703048414370e-03 0.000000000000000000e+00 -9.173322180257739156e-01 inf 0.000000000000000000e+00 -9.000000000000000000e+01
2.120624716317864311e-01 1.548398128641018882e-04 7.295567808128639088e-06 6.109289007705257670e-08 -1.252739415750738328e+00 1.979249735230006690e+00 6.156103482860087048e-08 -2.112503191361683960e-08 inf 0.000000000000000000e+00 -1.000000000000000000e+01
4.078462414670899761e-01 2.748316399334587157e-01 3.605598868260699510e-05 -8.061259456455709474e-04 -4.821779305594133258e-01 3.016830204762701524e-09 1.564018052126329823e-05 -2.987632651634296050e-03 inf 0.000000000000000000e+00 -9.000000000000000000e+01
3.425395737262143525e-01 2.026459774365341800e-03 7.843659804165488136e-01 1.023895464942488516e-02 -6.180605352016476095e-01 2.211895387689443067e-04 -4.635890333102531656e-05 -2.708814351499126282e-04 inf 0.000000000000000000e+00 -9.000000000000000000e+01
5.332660422748675133e-01 4.488411578265417701e-01 9.033857125269722637e-06 2.688371518231891157e-03 -2.639613475789424624e-01 1.886869450684494935e-03 3.015686155195794985e-10 6.955784620934777007e-08 inf 0.000000000000000000e+00 -9.000000000000000000e+01
8.633349691266957171e-01 -3.344935440503146639e-06 2.387208102551668709e+00 0.000000000000000000e+00 -1.545118512978426242e-02 1.525804531566195887e+00 2.150447206380739899e-07 0.000000000000000000e+00 inf 0.000000000000000000e+00 -2.000000000000000000e+01
2.134736626929445782e-03 5.958930353860455442e-01 5.233361113882627480e-01 2.161260654139926198e-06 -5.356862261112896872e-01 7.447456876434648465e-04 7.284637981160369154e-03 -6.257055708511366497e-09 inf 0.000000000000000000e+00 -9.000000000000000000e+01
4.885654770242108258e-01 6.360653206163040521e-07 3.428890877066313649e-03 3.009188298580136407e-04 -5.189741166730206245e-01 5.852852197445331866e-10 4.946604115260248689e-10 8.061457073564681428e-03 inf 0.000000000000000000e+00 -9.000000000000000000e+01
2.359113437532406321e-01 -2.061251276289893566e-06 1.433087996907652650e+00 3.136103263716649466e-09 -1.815832127229300430e-01 3.915540975157521045e-03 2.058450663142760662e-07 -7.211578853867495108e-08 inf 0.000000000000000000e+00 -9.000000000000000000e+01
5.314103827280654002e-01 1.131127052858676985e-02 1.387682961689891581e+00 1.578407902707918385e-03 -5.813769802933166532e-06 4.406225534854610738e-04 0.000000000000000000e+00 7.331959289998072303e-03 inf 0.000000000000000000e+00 -9.000000000000000000e+01
1.007683693230196242e+00 1.370849056339524192e-09 2.938778612710256068e-08 4.814894879064483542e-04 -6.974129215798237556e-06 9.067466268603188023e-04 0.000000000000000000e+00 4.048729124585609962e-01 inf 0.000000000000000000e+00 -1.000000000000000000e+01
8.015164421060921073e-10 6.476135546814283384e-01 4.078535453672140892e-05 2.040755710773307197e+00 -3.074876028858771204e-01 7.622772278246255778e-03 3.092976757926173923e-06 1.040275551527076498e-07 inf 0.000000000000000000e+00 -2.000000000000000000e+01
2.835168763164299995e-07 1.028368682533134848e+00 8.832309404390599993e-04 1.353942829239993663e-09 -2.688162435611858858e-01 9.009647213928805973e-09 2.615543013905093672e-08 -1.167827576802757004e-03 inf 0.000000000000000000e+00 -9.000000000000000000e+01
1.002962010603821952e+00 2.096374380391903276e-05 6.013492924315327082e-09 4.473472759885962325e-05 -7.226379073661938046e-05 6.421516201397436431e-03 0.000000000000000000e+00 2.336348121559875081e-05 inf 0.000000000000000000e+00 -9.000000000000000000e+01
-4.776861373191524297e+07 1.141378496064340870e+05 1.839448369573495112e+00 6.089748219268847862e+01 -1.223037479769611136e-01 2.543917957920791295e+01 -4.719407714063791558e+06 7.375079992259408951e+09 inf 0.000000000000000000e+00 -2.000000000000000000e+01
4.503087467752063811e-01 3.130981061422702938e-01 6.582830126842309027e-04 2.799465419625004614e-01 -4.935899555654613691e-01 -1.018000505954302351e-03 1.182405789078455838e+00 -4.954317091310041499e-01 inf 0.000000000000000000e+00 -1.000000000000000000e+01
9.622838927527573860e-01 -9.506948446218456322e-07 1.925381988161592828e-06 0.000000000000000000e+00 -4.471396764731460499e-02 3.017271511915288668e-04 0.000000000000000000e+00 -2.042224483891772933e-04 inf 0.000000000000000000e+00 -9.000000000000000000e+01
6.046654208676652404e-09 6.082970450170205929e-09 3.070227351252760844e-04 4.968294260263672835e-05 -1.023599518780455409e+00 -3.058612847784455968e-01 3.382752695398266507e+00 -2.520347159652610501e-08 inf 0.000000000000000000e+00 -3.000000000000000000e+01
7.125224145486840664e-07 5.179578867171076578e-11 1.540439002990522166e+00 1.072661465020183649e-08 -6.404695861111767670e-06 5.058182487471754471e-13 2.822069113802372211e-07 5.129760541539750639e-14 inf 0.000000000000000000e+00 -9.000000000000000000e+01
5.813779278270042464e-05 5.256394725242247504e-03 1.571012356083638026e-02 2.177210507318317223e+00 9.523524151070926393e-04 2.752864411131343137e-09 2.191026610598654708e-08 1.868714768015370889e-05 inf 0.000000000000000000e+00 -2.000000000000000000e+01
3.164305551762401691e+00 4.035278086457520484e-08 1.782440280842941149e+01 6.993304692504062161e-08 -4.797419053758128626e+01 8.582412027997466794e+04 3.616739396527353189e-07 -1.051805684340498814e-01 inf 0.000000000000000000e+00 -2.000000000000000000e+01
8.054354815915859556e-02 4.553184500932601040e-06 8.868706557451264683e-01 4.040180287042665231e-04 -1.069951193258195543e+00 1.778608103376253620e-03 6.162918873167205547e+00 1.535974379655098421e+00 inf 0.000000000000000000e+00 -3.000000000000000000e+01
1.198873934325892648e-01 6.393994316404760792e-01 5.500210164649256273e-01 1.888347300790531498e-04 -3.420443196141256248e-01 1.094402168991490251e-03 0.000000000000000000e+00 -1.493221118918450566e-02 inf 0.000000000000000000e+00 -9.000000000000000000e+01
4.355894812692768787e-04 1.192848104500789042e+00 -1.418777167562787565e-04 5.754028879420292188e-09 -3.313591411084141752e-05 2.618515053115881563e-03 3.240201906109199308e-10 -3.823231104169195760e-01 inf 0.000000000000000000e+00 -9.000000000000000000e+01
1.682884315694784805e+00 1.304235344663458029e-01 9.696306115819560562e-04 3.081453214773165494e-07 4.897193358671823593e-01 7.387862145900104816e-01 0.000000000000000000e+00 -8.414421578473923547e-04 inf 0.000000000000000000e+00 -1.000000000000000000e+01
2.604091648026342076e-01 3.576912957602722959e-02 1.044297684421210238e-04 1.506882880927790797e-02 -7.663752606739121509e-01 3.230360837142943337e-02 5.029956491244798045e-01 0.000000000000000000e+00 inf 0.000000000000000000e+00 -1.000000000000000000e+01
6.528059398853100959e+01 1.188634916115924312e-02 6.115163555580317711e-02 2.716111044846553924e+01 -1.516847210075586633e-04 3.508763358777625952e+06 7.464799262183005283e-08 -5.122256679387852500e+02 inf 0.000000000000000000e+00 -2.000000000000000000e+01
4.686438775520047617e-01 -6.732387883616433588e-02 3.032526507332272692e-01 4.687921164588575995e-01 6.510916918663998444e-03 -3.516557954643069750e-01 -5.751732998850835887e-01 -2.860254043923499689e-01 inf 0.000000000000000000e+00 -9.000000000000000000e+01
7.090814733419978366e-04 9.380922389372579190e-03 4.025090491275074301e-07 7.055736497989632122e-03 -4.650371782765894135e-03 1.047335886420335937e-03 2.264065611039093900e-10 -2.268098568808303295e+00 inf 0.000000000000000000e+00 -3.000000000000000000e+01
9.762951358386094958e-01 6.358464231659168020e-02 3.931715726204607531e-04 7.322213518789570941e-01 -1.556825771518343393e-01 -4.533613510465505508e-02 5.730031264548100189e+00 -6.675732911423506780e-08 inf 0.000000000000000000e+00 -3.000000000000000000e+01
1.662392772489418025e-01 3.408569775440453334e-06 9.016856092008175120e-07 2.767450251453401903e-09 -8.415863410727678628e-01 1.369769435339791407e-03 2.616498419555943768e-08 -2.987112013066922644e-01 inf 0.000000000000000000e+00 -8.000000000000000000e+01
1.190371300358741835e-02 1.426998300490844307e-01 3.068191072049279988e-01 3.278948300760212262e-04 -9.192995136630672803e-01 -6.914875314355748318e-08 4.252786339792145213e-09 -1.423346340904064862e-09 inf 0.000000000000000000e+00 -9.000000000000000000e+01
-1.715768129770992800e+02 1.716067772785216314e-02 -5.936307251908398257e+02 2.132663290009244317e-02 -7.064236939408398364e+00 -3.436721918237118922e-01 4.414383691685801539e-03 5.710571435571628488e-06 inf 0.000000000000000000e+00 -2.000000000000000000e+01
2.137293453060051529e-01 1.735502732934181866e-05 1.463798861367532518e-03 8.918874971900167038e-05 -7.946588873932526331e-01 8.446074390346725044e-09 1.084689208083863666e-06 0.000000000000000000e+00 inf 0.000000000000000000e+00 -8.000000000000000000e+01
5.535356761062010245e-01 1.164287780271456435e-02 6.358563663989181158e+00 3.727608113476784221e-09 -2.228335926889065455e+00 -3.205302739845736770e-01 1.976604933262922486e+03 -2.127090939977333051e+01 inf 0.000000000000000000e+00 -2.000000000000000000e+01
3.110999901704852300e-01 2.484138328451232676e-03 9.200512327597158702e-02 0.000000000000000000e+00 -1.177665577932436314e+00 1.197293337564643512e+00 0.000000000000000000e+00 1.443095696990701526e+03 inf 0.000000000000000000e+00 -3.000000000000000000e+01
-1.204794847328244487e+03 9.017175572519086302e+01 1.070153622226860946e-01 2.412623121538235501e-04 2.069636885496183634e+09 4.103816793893130671e+04 9.312337079575955416e-06 0.000000000000000000e+00 inf 0.000000000000000000e+00 -2.000000000000000000e+01
9.677288353036662683e-01 7.065981576494777955e-04 3.329269570194424028e-05 2.787921450913580314e-07 -3.472175219260839607e-02 -1.345893114234142257e-07 2.798603142296390959e-07 -7.310282540111040573e-09 inf 0.000000000000000000e+00 -9.000000000000000000e+01
6.327624614484941184e-05 2.156433243879815782e-03 1.686568513764522104e+00 7.772730707651510039e-07 -1.386637515182687075e+00 1.621366122768471030e+00 0.000000000000000000e+00 -1.532425986300420045e-03 inf 0.000000000000000000e+00 -9.000000000000000000e+01
4.348783054842410567e-01 -2.020777797623289018e+00 9.195188051283703645e-01 2.357164905724582098e-05 -1.029861061743774675e+00 -5.880532196529288411e-07 2.027236099329833594e-07 1.277373888347740838e+01 inf 0.000000000000000000e+00 -2.000000000000000000e+01
1.053564935764656542e-04 1.278483292838010314e-03 0.000000000000000000e+00 1.114418668887299234e-06 -1.020665299028958417e+00 2.700427758665897775e-09 6.412386985460827832e-10 7.990766806649518550e+00 inf 0.000000000000000000e+00 -3.000000000000000000e+01
1.140933059297149707e-02 3.364289790235185356e-03 1.886342658037954312e+00 1.140475954706085190e-03 -4.260214788721729436e-03 4.844577297938666427e-01 5.870044309081060656e-07 -1.691404164629464460e-09 inf 0.000000000000000000e+00 -1.000000000000000000e+01
-2.139114503816794138e+06 2.199502027671756110e+01 2.885592802790285828e-03 -6.451497551139076525e-02 -3.858912810114504310e+01 4.855035457632128513e-08 0.000000000000000000e+00 8.384462531286343339e-04 inf 0.000000000000000000e+00 -2.000000000000000000e+01
9.421990801731980891e-01 1.282723693854944790e-03 1.801705541722051186e-04 5.718857016275772255e-06 -6.309368840445522819e-02 2.437956049532229062e-09 1.781609867686531292e-07 -1.522951099417884854e-02 inf 0.000000000000000000e+00 -9.000000000000000000e+01
4.223556186859164785e-01 -5.294762607420068132e-05 2.181081187715653172e-07 1.010630291721692758e-08 -5.835868092216189851e-01 8.461090814414171045e-09 4.759938101620061476e-05 -3.610176657647252707e-01 inf 0.000000000000000000e+00 -8.000000000000000000e+01
8.066661755292182524e-10 1.654613648921798264e-05 1.652359686056394106e-02 6.343880937537941687e-04 -1.007152570548659254e+00 1.941001402203638361e-08 4.736818821421572441e-10 1.092563675879573757e-07 inf 0.000000000000000000e+00 -9.000000000000000000e+01
4.165664317327907560e-07 1.752916075231860660e+00 1.433032087663465128e-03 0.000000000000000000e+00 -4.059328248322967292e-02 5.210214718726622340e-01 4.121012752096419311e-05 5.210214718726622340e-01 inf 0.000000000000000000e+00 -1.000000000000000000e+01
1.016631191384912425e+00 8.556815638911087207e-01 1.722236220571151833e-05 5.616357259801992220e-10 -8.149348227534368785e-03 2.113737196516727035e-01 6.926945993404213908e+00 1.636940451073099566e-07 inf 0.000000000000000000e+00 -3.000000000000000000e+01
1.162384628033299311e-02 2.311560339838947395e-04 4.768757448341740535e-01 2.201486037941854739e-04 -9.710924258441363532e-01 1.663815409444517265e-04 0.000000000000000000e+00 -2.252289561894359042e-04 inf 0.000000000000000000e+00 -9.000000000000000000e+01
3.600617519435699299e-01 5.296786078292210764e-03 6.563977591774334394e-09 4.640766404224063292e-05 -6.415993984100847314e-01 3.553109609460454970e-09 3.552538828800300766e-07 1.893713243033496980e-05 inf 0.000000000000000000e+00 -9.000000000000000000e+01
1.609052410562491695e-02 8.891937022900552279e+01 3.253267011569579426e-01 4.508587786259435148e+01 1.972140246675167796e-02 1.417099236641187745e+05 3.571159967029282787e-04 1.567607845058840933e-05 inf 0.000000000000000000e+00 -2.000000000000000000e+01
6.271946564885322005e+03 4.871779580152536369e+02 2.113400524809101455e+00 2.545496548405059493e-05 5.063781618320469856e+09 5.463531727099084634e+01 0.000000000000000000e+00 -5.291328721373898958e+01 inf 0.000000000000000000e+00 -2.000000000000000000e+01
8.302914064299178609e-04 9.812007060117661792e-07 5.047977908742204683e-06 9.464958578891633780e-06 -1.252135145332539224e-08 6.907610971146632473e+00 1.628275754243885655e-03 -3.096515262927800993e+00 inf 0.000000000000000000e+00 -3.000000000000000000e+01
4.354082665643871919e-01 4.627752361745174971e-06 7.346888911684142931e-01 5.332164904741324029e-10 -5.304974282278740461e-01 -1.097754788780311656e-08 6.099469251440768972e-03 1.073890554241609373e-09 inf 0.000000000000000000e+00 -9.000000000000000000e+01
4.340923557677600630e-01 5.333527361271006399e-03 7.586928829430360354e-10 8.700970126622503686e-01 -5.698657357656057298e-01 -2.838571984990171260e-04 1.111324786282756911e-09 4.737378095372009514e-10 inf 0.000000000000000000e+00 -9.000000000000000000e+01
6.760813800184518607e-01 1.997266134700812629e-02 5.804299950640728900e-01 1.831506632365098863e-01 -2.967366828698350112e-01 7.918582783199436910e-04 7.798848716450791640e-02 -7.413720057159325280e-06 inf 0.000000000000000000e+00 -9.000000000000000000e+01
1.393332891582309552e+00 2.207994567035860664e-05 3.396085393634258412e-07 3.990316109211879859e-09 -1.236476957540081911e-01 2.300553699286004061e+00 5.426367447947331168e-01 -1.236471566928346016e-07 inf 0.000000000000000000e+00 -3.000000000000000000e+01
9.872948875468070748e-03 2.035190995812600004e-02 1.948037287109318996e-06 2.860377617936120664e-01 -9.954760523438701547e-01 4.214133272895209013e-11 9.473990839068083258e-02 -1.552906280924006227e-03 inf 0.000000000000000000e+00 -9.000000000000000000e+01
-5.909496183206108212e+07 8.432061068702291232e+04 3.112821292331200877e-05 6.718319335966621352e-06 -8.864541090171757176e+00 -3.150532263835878588e+00 5.435306962778551102e-07 3.086246606957822065e-03 inf 0.000000000000000000e+00 -2.000000000000000000e+01
4.532550799884080966e-02 3.411019362069098171e-01 4.032603421813982995e-05 0.000000000000000000e+00 -8.112166391167195956e-01 6.891218155147208618e-04 3.052601748899961832e-08 -1.599678895848576305e-03 inf 0.000000000000000000e+00 -9.000000000000000000e+01
5.249425422283291454e-01 3.114671511505089866e-03 3.038552357358581535e-02 1.025521129684305187e-05 -4.911394239787776339e-01 6.943931000712095722e-03 1.163856496567570853e-07 4.454057934058550217e+00 inf 0.000000000000000000e+00 -3.000000000000000000e+01
-7.403375188566557296e-05 1.227495565635999153e+00 1.400878179393432387e-04 1.856385245636075446e-06 -1.103856540091660316e-04 1.836446143929029583e-12 3.350523324463322842e-11 -4.837944291040844991e-08 inf 0.000000000000000000e+00 -9.000000000000000000e+01
1.187035112770538220e-02 0.000000000000000000e+00 2.087203406621529755e-01 0.000000000000000000e+00 -9.971094947272520770e-01 5.291720299480150584e-09 3.640821487386064665e-09 5.650287136787762066e+00 inf 0.000000000000000000e+00 -3.000000000000000000e+01
5.101845664667960939e-02 4.594302053604051750e+00 1.720935072548843440e-04 3.874082167958961785e-07 2.996823832273396198e+06 1.369245343826327706e-03 -2.869788186375727855e-04 -2.519951628063761007e+01 inf 0.000000000000000000e+00 -2.000000000000000000e+01
2.092313387300614968e-09 8.972442994190023803e-09 1.231247152242972875e+00 8.733680505549112736e-10 -8.972924451962487336e-01 -5.007212305782638177e-04 1.960365696209585255e-09 0.000000000000000000e+00 inf 0.000000000000000000e+00 -9.000000000000000000e+01
6.676877639544553933e-02 1.288408898125042133e-02 6.374376141204904404e-10 2.385024168712073954e-04 -1.052052507158655059e+00 3.472991867261197574e-01 0.000000000000000000e+00 1.243854525357966004e-08 inf 0.000000000000000000e+00 -1.000000000000000000e+01
3.813533484151542252e-01 2.816988125562662894e-04 -2.302983092788131501e+02 2.205844938999915574e-04 -1.513679444478612135e+00 9.325304970745043706e-10 -2.284147659778267437e-03 6.134302176068224014e-09 inf 0.000000000000000000e+00 -2.000000000000000000e+01
-1.776032771668742960e+00 1.776342939344566088e-04 4.796584857791495460e-01 2.294607805834851532e-04 -2.754795357515385845e+00 -3.557433343114997388e-03 4.569434509895264912e-05 -7.599994251027740733e-01 inf 0.000000000000000000e+00 -3.000000000000000000e+01
6.876165915659571137e-01 6.269580392781384320e-10 3.215399087155024532e-09 8.198505514824873108e-01 -2.404253816664185806e-01 -5.514757191973475997e-02 -7.958080133158454972e-01 -5.911318656051019532e-09 inf 0.000000000000000000e+00 -9.000000000000000000e+01
7.071387996677398480e-01 3.823483044715105250e-01 -1.039329584627934011e+01 1.212825266871995766e-01 -4.426469618075193346e-01 1.096339224291069565e-02 0.000000000000000000e+00 6.738900095523389923e-09 inf 0.000000000000000000e+00 -2.000000000000000000e+01
1.964606234158152165e-01 -1.030868476412276705e-03 4.678888646548856016e-10 6.655455115725962268e-07 -8.229843030652558289e-01 2.162848137003906966e-09 5.170445041322471235e-10 6.427487858618909478e+00 inf 0.000000000000000000e+00 -3.000000000000000000e+01
9.182922845498031100e-10 3.776280764901743072e-06 4.642208116536637643e-05 2.328784280521327243e+00 -3.508858469809070235e-01 8.698636569708239827e-03 3.559425037808375469e-06 7.939037319959069139e-02 inf 0.000000000000000000e+00 -2.000000000000000000e+01
3.080630844631617182e-01 8.879502795907831232e-04 4.274089032358620516e-05 5.591104838841218600e-06 -7.002667470616363854e-01 1.330600120461412255e-03 8.746212539058256812e-10 -2.070779569941191952e-08 inf 0.000000000000000000e+00 -9.000000000000000000e+01
1.516320801280994224e-01 3.050586227429218922e-01 1.241768040812364360e+00 2.727582979819066500e-01 -7.106071447423356613e-01 -9.918611010598218838e-04 1.152044916476210989e+00 -5.024494962824596067e-01 inf 0.000000000000000000e+00 -9.000000000000000000e+01
4.402026192317923248e-01 2.362542652143155906e-09 1.627652914229449369e-08 2.349068532182366480e-03 -5.670406620612917781e-01 6.615862987660014452e-04 0.000000000000000000e+00 8.366180450530469160e-10 inf 0.000000000000000000e+00 -9.000000000000000000e+01
5.527753374637492945e-01 0.000000000000000000e+00 1.103986056009344740e-08 3.053179260391439749e-06 -7.523886537701031108e-01 1.094034522063670467e+00 6.168593589639779488e-07 0.000000000000000000e+00 inf 0.000000000000000000e+00 -1.000000000000000000e+01
5.041418094407222770e-10 1.012055615153519004e-07 0.000000000000000000e+00 0.000000000000000000e+00 -1.004748789022113176e+00 0.000000000000000000e+00 0.000000000000000000e+00 -1.530489434440660768e+00 inf 0.000000000000000000e+00 -9.000000000000000000e+01
1.638570030405584466e-01 6.082217963233707223e-09 7.415627285942634931e-08 1.686402538778202648e-02 -8.438145066759297208e-01 9.605787188211069034e-05 1.871451680994986838e-09 -3.250157620190717578e-02 inf 0.000000000000000000e+00 -9.000000000000000000e+01
4.265764500268660053e-01 2.206599378595194005e-01 -9.209579304097344184e-08 4.177303946115623612e-01 -5.838396574100424008e-01 2.299974407978954971e-01 0.000000000000000000e+00 1.329403944248653115e-04 inf 0.000000000000000000e+00 -9.000000000000000000e+01
6.795991411195120291e-01 3.035673396931538037e-01 6.101183301544610502e-04 1.224061853601426605e-04 -1.703894100213185769e+00 3.758887451740830847e-08 8.743992822500916873e+02 -1.363472218519655419e-07 inf 0.000000000000000000e+00 -3.000000000000000000e+01
9.718621964614413411e-01 9.208394311472156701e-02 -3.891245122550693325e-05 2.246660198423894944e-06 -5.053873238434741907e-05 3.993746213583736042e-03 5.014349304508776791e-10 -5.850610422697877233e-01 inf 0.000000000000000000e+00 -9.000000000000000000e+01
1.438640249990865150e-01 3.462701207770220724e-01 6.576641142815383700e-01 7.749020593651267380e-10 -1.307854772718968217e-01 -3.331915730498324207e-02 -4.371971668803408262e-01 -8.191577832058502559e-06 inf 0.000000000000000000e+00 -9.000000000000000000e+01
1.235185037496240978e+00 3.611724737855769030e-02 3.172170598876750206e-07 7.681387432265133163e-06 -4.343998825599722224e-02 9.948998453144963783e-01 1.404973334451110056e-01 -5.134063422622352675e-09 inf 0.000000000000000000e+00 -1.000000000000000000e+01
1.360899141110182564e-01 7.258128752587639232e-01 3.307131246138723113e-01 1.339720834163722406e-06 -3.385175641327837215e-01 4.715817336256302394e-04 5.061167595729617968e-05 -1.547169162440451646e-03 inf 0.000000000000000000e+00 -9.000000000000000000e+01
1.985763684901066181e-03 1.904780561650998416e-05 2.177439716262172947e-02 4.807548165127857104e-10 -1.004934431302519471e+00 1.450673088914626478e-07 4.630892917684339277e-03 -1.016348585479501417e-09 inf 0.000000000000000000e+00 -9.000000000000000000e+01
1.104853524470992499e+00 6.827308149096882051e-02 9.245660373418399955e-08 1.996378052526097228e-04 -1.691611893399090238e+00 1.228915466837438714e-02 1.987887417045933262e+03 1.927264415867497411e-07 inf 0.000000000000000000e+00 -3.000000000000000000e+01
4.181241979397273267e-01 5.902558581161615186e-06 2.203627529682346819e-01 4.794628439212699628e-03 -5.789411971473147345e-01 1.906725384364005010e-08 2.307966726117126075e-05 1.269965323134242090e-03 inf 0.000000000000000000e+00 -9.000000000000000000e+01
4.079742705545020415e-02 4.924197875811449334e-06 1.338522325864208939e+00 1.019134969636491579e-08 -7.004322307946956316e-01 1.083323532678518803e-04 1.615853150229909843e-02 2.944015897542411937e-09 inf 0.000000000000000000e+00 -9.000000000000000000e+01
1.848631192208941565e-01 3.359340553583990419e-01 7.235502730796287141e-01 7.434746163222704990e-04 -5.764548878931108344e-01 2.584108118141531171e-02 4.776251247872778195e-10 -2.872335562088086380e-01 inf 0.000000000000000000e+00 -9.000000000000000000e+01
4.983241060473101586e-03 4.483143559030605130e-01 4.891733858081495634e-01 7.603432756860648185e-04 -4.539892211676561651e-01 3.585432279390957666e-08 0.000000000000000000e+00 -1.393746908984704547e+00 inf 0.000000000000000000e+00 -9.000000000000000000e+01
7.720521390442190990e-01 2.271012925767304410e-06 3.454494656234786965e-02 9.537068580421435848e-03 -4.850392496917415031e-01 8.748253133975080198e-01 7.167488912595987131e-03 0.000000000000000000e+00 inf 0.000000000000000000e+00 -1.000000000000000000e+01
2.117932017681450281e-05 1.379377453104449254e-06 9.085025265682330852e-09 1.924942885229168589e-05 -3.865968198162694346e-08 8.041213852178403815e-06 -1.540429358355525302e+00 -8.511315585074988074e-06 inf 0.000000000000000000e+00 -9.000000000000000000e+01
6.738056444241259380e-01 1.438606909268413080e-02 4.200085050848524496e-05 1.567740079743806792e-06 -3.289382164860094604e-01 3.780076545763672046e-04 7.714321795008739293e-10 2.513828682285635177e-03 inf 0.000000000000000000e+00 -9.000000000000000000e+01
3.783212317749938269e-01 2.732894839917861988e-06 7.925828506528120206e-10 1.326832131889804645e-01 -6.297617232409917776e-01 8.371275977894402460e-04 0.000000000000000000e+00 6.529729841596403804e-08 inf 0.000000000000000000e+00 -9.000000000000000000e+01
3.667554052900769412e-01 2.185292482267923216e-03 1.445760438244940937e+00 1.001646457690352325e-05 -7.149072755292079639e-01 3.813724685443916074e-01 3.102265344668499998e-06 -5.231270973362568906e-06 inf 0.000000000000000000e+00 -9.000000000000000000e+01
1.132403105728589238e-01 7.310661226688980330e-01 3.603810435280551880e-03 1.744172694872920539e-04 -8.093351608589622881e-01 1.346550108489303656e-03 4.183230296456200037e+00 -4.873643245002253587e-08 inf 0.000000000000000000e+00 -3.000000000000000000e+01
-4.776861373191678524e+07 6.796973066450787883e+04 1.080462228015997971e+05 7.667871699337067571e-04 -1.068445542326766784e+01 -3.023348649990576398e+00 2.295434723078415281e-06 7.375079992259647369e+09 inf 0.000000000000000000e+00 -2.000000000000000000e+01
2.019749140553621022e-02 1.797908396312183373e-05 5.702542395832525075e-04 0.000000000000000000e+00 -9.876735743618778596e-01 2.131050246217088061e-05 0.000000000000000000e+00 0.000000000000000000e+00 inf 0.000000000000000000e+00 -9.000000000000000000e+01
-2.515139567132226972e+00 3.909299327190539852e+00 -2.064863644626906947e+01 8.251918579804609521e+00 -1.030312322678229690e-02 3.076218220567857042e-02 1.676759711421484722e+00 7.258757295654380019e-06 inf 0.000000000000000000e+00 -2.000000000000000000e+01
1.261680558818872033e-01 5.759536110314399382e-01 5.725482541206095049e-05 1.003641936054786354e+00 -5.673998445309729188e-01 1.815447837989725768e-03 0.000000000000000000e+00 -9.694268700529186378e-02 inf 0.000000000000000000e+00 -9.000000000000000000e+01
1.139386610193419969e-01 7.246981972961682450e-01 5.153409402994973965e-01 1.769282708242598254e-04 -3.736221817171356263e-01 8.736639378514916843e-02 1.703817712201937781e-08 0.000000000000000000e+00 inf 0.000000000000000000e+00 -9.000000000000000000e+01
3.939828736690837996e-01 9.067399960178178508e-01 1.188195132561287892e-04 2.220793283477645315e-04 -2.342441832763682025e-03 -1.552574973213416247e-02 4.489437059179903250e-09 0.000000000000000000e+00 inf 0.000000000000000000e+00 -9.000000000000000000e+01
7.011099189125779944e-03 1.120941836155842086e+00 4.593703464994121312e-04 4.927642901279154669e-05 -1.534622751880022062e-01 1.381368985218090449e-02 0.000000000000000000e+00 0.000000000000000000e+00 inf 0.000000000000000000e+00 -9.000000000000000000e+01
1.703545059478573563e-05 1.213493671534473933e-09 1.498001781760342599e+00 1.540177244660729606e-03 -1.176496682373099206e-01 -3.376092068033091018e-07 2.076364008907577234e-08 -3.135557974793169982e-03 inf 0.000000000000000000e+00 -9.000000000000000000e+01
3.024277627988405381e-01 6.105578519545402123e-06 1.520478371630976958e-06 5.831427631403284240e-01 -8.157795037548211114e-01 3.365478180889661108e-01 4.769983218394845409e-08 -4.643041614764250452e-02 inf 0.000000000000000000e+00 -9.000000000000000000e+01
3.143813815904085429e-02 3.738176184746742625e-01 2.874344060255163980e-01 1.127732806562668851e-09 -7.736266460048473181e-01 5.567468779873781907e-10 0.000000000000000000e+00 -5.577151334273562800e-08 inf 0.000000000000000000e+00 -9.000000000000000000e+01
1.469632354728935406e-07 8.647223465234280676e-04 1.295889151903203713e-04 3.585014634426410968e-02 -5.169847328195861337e+03 3.442531038746387939e+11 3.621323418037339630e-03 -1.771374045784938426e+04 inf 0.000000000000000000e+00 -3.000000000000000000e+01
6.506820575599202815e-03 5.839504540627975526e-01 6.183925719967964252e-01 6.262203260727051968e-03 -4.900174051518917939e-01 1.327048933181416198e-03 3.941587593154768143e-07 -4.460413990359799430e-08 inf 0.000000000000000000e+00 -9.000000000000000000e+01
8.332218093760940247e-02 5.262053643844245004e-06 1.466316167827329324e-05 2.156158566258129829e-04 -9.252179082031075641e-01 4.219910336819482680e-04 0.000000000000000000e+00 2.545861867392011707e-10 inf 0.000000000000000000e+00 -9.000000000000000000e+01
2.646082752664987159e-01 1.782430743114609140e-01 2.372091090684020812e-05 2.299189946053069684e-06 -6.707084755018890565e-01 8.434101655765407633e-05 1.228103898013712804e-05 -1.422133098339167171e-04 inf 0.000000000000000000e+00 -9.000000000000000000e+01
2.615711812759772270e-01 7.369628927341233292e-06 8.688837350947447959e-07 2.249316225504283562e+00 -7.940663055179844295e-05 1.153256301621049117e-08 0.000000000000000000e+00 -5.249926327144505660e-05 inf 0.000000000000000000e+00 -2.000000000000000000e+01
5.042864436170372278e-01 1.354077963756356723e-02 1.730218724431463477e-08 3.265440535686125274e-05 -4.979298918067384672e-01 -8.607830576446277339e-04 2.020693400795869579e-09 3.252053441905852436e-09 inf 0.000000000000000000e+00 -9.000000000000000000e+01
9.345576724930896306e-01 9.330760181970242535e-07 1.108921786072156275e-09 1.521543846005981870e-09 -7.066871288913795235e-02 4.698477881819279980e-04 -9.013866439941064742e-05 -3.968985670834849766e-01 inf 0.000000000000000000e+00 -9.000000000000000000e+01
5.204030069578899909e-01 3.538040398426910138e-09 6.449280121942422284e-01 2.904034637041797134e-04 -4.516354667527402444e-01 7.422268702766433441e-09 9.624023784370655586e-10 -1.134388530094451952e-07 inf 0.000000000000000000e+00 -9.000000000000000000e+01
1.004467834624493294e+00 1.311695468578428792e-06 2.385155241384988734e-03 0.000000000000000000e+00 -1.611811391789173256e-03 2.149590634567315818e-05 -1.016998735699420864e-09 1.657397976607452930e-02 inf 0.000000000000000000e+00 -9.000000000000000000e+01
5.264151209745184801e-01 8.342024609763541479e-06 8.592020586533188665e-09 3.416893280159146729e-01 -4.805006175223799914e-01 1.919521043628451751e-07 0.000000000000000000e+00 -1.057768720518017028e-02 inf 0.000000000000000000e+00 -9.000000000000000000e+01
3.060841146692706502e-03 6.246986797156226068e+00 2.622824223976336338e-03 2.005378682315911226e-04 -3.715227874606319425e-01 3.271933639568065481e-03 1.132131257789125822e+00 1.765238511428948186e+03 inf 0.000000000000000000e+00 -2.000000000000000000e+01
5.232089873854460782e-01 6.334592435519024124e-10 1.090423635796929886e-07 3.040024633601643433e-01 -4.925381157111268227e-01 9.831311118032020485e-04 1.732002165138028515e-01 -3.903587571935754970e-08 inf 0.000000000000000000e+00 -9.000000000000000000e+01
1.496680098703298878e+00 7.699456675744005274e+00 1.080280911137551758e+00 2.607434061750016599e-05 -2.406080211170001648e-01 3.957043430637148185e-08 0.000000000000000000e+00 7.774829642646471621e+04 inf 0.000000000000000000e+00 -2.000000000000000000e+01
2.107768998342316943e-02 -1.788104968701065135e-06 1.263095947229432969e+00 0.000000000000000000e+00 -1.445582897112438925e+00 2.061029081031596100e+00 0.000000000000000000e+00 0.000000000000000000e+00 inf 0.000000000000000000e+00 -3.000000000000000000e+01
7.222193286164118208e-06 3.618934682307353387e-04 4.108625513906697876e-03 0.000000000000000000e+00 0.000000000000000000e+00 1.978171804479060835e-06 7.278179280630506183e-06 8.689492891137383638e-08 inf 0.000000000000000000e+00 -9.000000000000000000e+01
7.609427627505556619e-04 5.393151906279173957e+00 -4.430096372542397976e+08 1.752733329931055158e-03 -3.978325042553988311e+01 -8.247319960576270148e+00 8.203413189106620248e-07 6.498005613167618139e+04 inf 0.000000000000000000e+00 -2.000000000000000000e+01
9.934419758721806382e-01 2.661324423494888924e-05 2.480103616927142873e-02 8.583768550083889225e-07 -2.777716050958399865e-02 -1.586082752057772758e-08 2.959784834130462783e-01 8.021717866081662094e-11 inf 0.000000000000000000e+00 -1.000000000000000000e+01
4.467657157520065012e-04 1.223453871378660462e+00 -1.407312004618820436e-04 1.104149554644244611e-04 -2.387154982324476886e-07 -8.819384595271892464e-08 0.000000000000000000e+00 -5.820719039511856700e-03 inf 0.000000000000000000e+00 -9.000000000000000000e+01
1.657464853996004281e-02 5.756984414131075662e-05 2.009599603451830863e+00 0.000000000000000000e+00 4.072378026493612690e-01 6.143553105260123326e-01 0.000000000000000000e+00 -6.997213103940915510e-04 inf 0.000000000000000000e+00 -2.000000000000000000e+01
1.814655920982140569e-01 2.476828415825206020e-01 8.229136042782521088e-01 1.273560529501959501e-04 -1.959086570333682489e-06 4.067370309348043458e-10 0.000000000000000000e+00 -1.095870205205927927e+00 inf 0.000000000000000000e+00 -9.000000000000000000e+01
1.707712998728077463e-04 1.266325855331319250e+00 -1.435943774325527827e-05 9.849225082957647451e-05 -1.958280368744612441e-04 1.517577689872531564e-09 0.000000000000000000e+00 7.105319637145807166e-01 inf 0.000000000000000000e+00 -1.000000000000000000e+01
2.746307251764286634e-04 7.150771524355890030e-01 7.798940873054815981e-01 3.552843582208073283e-04 -9.408909900468276355e-01 1.564067921822634650e-03 5.352624298933063685e+00 1.266195040130054818e-07 inf 0.000000000000000000e+00 -3.000000000000000000e+01
2.286971929620341188e-09 1.776988318290330771e+00 2.030309673129387731e-04 1.176813455821411163e-02 -5.982135067092173575e-01 1.059132110239270119e+00 3.030201273649034418e-07 -1.063843811350548380e-07 inf 0.000000000000000000e+00 -9.000000000000000000e+01
