4.787961929118669246e-01 7.863664466919082635e-03 2.442937630501243185e-01 2.543451785263224196e-04 -5.150241257088793434e-01 3.442265574040453968e-03 -2.308290065925565027e-06 -1.426627843463432752e-03 1.222510665517361849e+04 0.000000000000000000e+00 0.000000000000000000e+00
3.992812473661904726e-01 4.010248335992306346e-01 5.317938010772405716e-02 5.943258863805688114e-10 -4.184606959296319206e-01 4.406455533558227986e-07 3.024241887418500659e-08 6.112768141224685569e-04 2.291553085267309507e+04 0.000000000000000000e+00 0.000000000000000000e+00
4.336211274290649453e-01 4.056816217957489035e-01 3.956277653155103449e-06 1.782030236011673635e-06 -3.866827579650939928e-01 1.078297489736803614e-09 9.180100250461976492e-10 -7.535592495844070895e-10 3.038913419764758873e+04 0.000000000000000000e+00 0.000000000000000000e+00
2.081361684724569727e-01 4.667862834505888681e-01 1.077666942788147653e-06 1.285890618173202495e-09 -5.762331675462178948e-01 4.175067294907724553e-07 -3.354327570267744752e-07 6.551421035679188969e-10 3.237414725671252017e+04 0.000000000000000000e+00 0.000000000000000000e+00
5.887785253216861747e-01 3.287432544136599522e-02 5.253353447208597467e-10 8.481443276404281714e-06 -4.065865690595559800e-01 0.000000000000000000e+00 -1.224606537883604167e-07 1.872099550574854443e-02 4.228287532010754512e+04 0.000000000000000000e+00 0.000000000000000000e+00
6.457526708383680702e-01 1.820932980197003575e-03 3.841210202436626340e-03 5.922641609431107431e-09 -3.611504298913669753e-01 3.170441236851022303e-08 7.417905929855161430e-04 9.797950316836647760e-10 1.238775021876436076e+05 0.000000000000000000e+00 0.000000000000000000e+00
6.821907707666678977e-01 1.864148472692134275e-08 2.557611704533608288e-06 5.971100576591991978e-10 -3.244804239176701244e-01 -2.855696501910971134e-03 1.109541170946358219e-04 2.308561468581938865e-05 1.262187627705897758e+05 0.000000000000000000e+00 0.000000000000000000e+00
6.882127402435357366e-01 3.048582050741209333e-07 6.568081460953488623e-04 4.752484203241205701e-10 -3.196669972438014318e-01 0.000000000000000000e+00 3.696455147792428435e-03 -1.969458587825934168e-08 1.268737232201632432e+05 0.000000000000000000e+00 0.000000000000000000e+00
4.758405701513727659e-01 6.990441365625836567e-02 9.419015326333755391e-07 1.123893009952257101e-09 -5.036388165176042264e-01 3.649088719142547895e-07 -2.892760501713429846e-07 -5.870335556162983304e-01 inf 0.000000000000000000e+00 -9.000000000000000000e+01
4.779865581274503339e-01 7.575233398894860859e-02 1.830605589740610170e-09 3.452294496679448460e-02 -4.999349204904455224e-01 7.994704312514823737e-10 1.333667851918109160e-03 8.085553225157037608e-10 inf 0.000000000000000000e+00 -9.000000000000000000e+01
2.125936469166190309e-04 4.027180465981482346e-04 3.515587687022135423e-12 0.000000000000000000e+00 -1.196055314360165624e-03 1.640092482853989632e-10 -1.539800228984370412e+00 0.000000000000000000e+00 inf 0.000000000000000000e+00 -9.000000000000000000e+01
4.909567930809555399e-03 2.396838421157025580e-03 3.064483468413689579e-10 4.169707014398954444e-10 -1.003321830873080689e+00 0.000000000000000000e+00 0.000000000000000000e+00 2.570743688282487937e-12 inf 0.000000000000000000e+00 -9.000000000000000000e+01
4.527923619024973312e-01 6.181052049525526115e-02 0.000000000000000000e+00 1.520296409985258723e+00 -5.274497748928448360e-01 0.000000000000000000e+00 1.878216608922431142e-09 0.000000000000000000e+00 inf 0.000000000000000000e+00 -9.000000000000000000e+01
6.011280523248291319e-01 3.842995922746558768e-02 0.000000000000000000e+00 1.744450034197543520e+00 -3.879829749482149315e-01 4.430745454389974095e-07 4.738549949982670488e-10 1.581204720298155776e-06 inf 0.000000000000000000e+00 -9.000000000000000000e+01
1.234721673824767378e-05 9.481034530089239576e-01 1.074430424082915142e-01 4.438808519696083726e-02 -3.099568980990712874e-01 8.053646412661757952e-10 1.691515700793415149e-04 -8.312398104634826327e-10 inf 0.000000000000000000e+00 -9.000000000000000000e+01
8.719411106084447027e-01 6.102031314097835796e-04 7.461723074304418257e-06 5.882522423657980836e-06 -1.345428419929944330e-01 9.132645364303587983e-10 -4.559941878741589029e-06 -2.917251045136561860e-01 inf 0.000000000000000000e+00 -9.000000000000000000e+01
2.994203569255637909e-01 4.809754107442356347e-07 1.016636560724007321e+00 5.889339940631587709e-06 -6.366412904729595867e-01 -9.823176161594494166e-03 5.243622150849770705e-10 2.713953560270432750e-05 inf 0.000000000000000000e+00 -9.000000000000000000e+01
1.512038208840899148e-07 7.434714316170145665e-01 7.574148319978411867e-07 8.707982319136292615e-02 -5.737023645548615658e-01 -5.164266475153044553e-04 2.652641672846139335e-03 1.114795530614218086e-04 inf 0.000000000000000000e+00 -9.000000000000000000e+01
2.523928244794330089e-01 8.386720813423165222e-01 2.066855669213127212e-05 8.837256716495380630e-06 -2.294480222540299930e-01 1.626992383448015857e-08 1.644677083268103096e-09 7.046625683448119650e-04 inf 0.000000000000000000e+00 -9.000000000000000000e+01
4.065658413634169331e-04 8.628152069931575019e-01 7.836703898744123596e-04 0.000000000000000000e+00 -4.600675491834144148e-01 4.805873396551260039e-05 1.024959529167496662e-07 1.735454282087955089e-05 inf 0.000000000000000000e+00 -9.000000000000000000e+01
-5.698240100352350792e-07 5.693386197458517595e-01 1.079212140218248356e-09 1.775411066875315358e-01 -7.141880212359624780e-01 2.023522762909215668e-09 3.442059345305364948e-03 1.722601389248712422e-02 inf 0.000000000000000000e+00 -9.000000000000000000e+01
2.921709059465109615e-01 1.815692774880661308e-04 4.713390223771839194e-03 3.711424251674429187e-02 -7.152495554664587418e-01 3.661053939306230037e-09 7.758381117155887055e-05 1.590226131938034260e-09 inf 0.000000000000000000e+00 -9.000000000000000000e+01
9.145565187656439030e-04 4.833398460989599132e-02 3.855543281020604729e-01 1.823839604239312129e+00 -8.426317779389960183e-01 3.160567635256926900e-03 1.227775756099462297e-04 2.544224205694996883e-05 inf 0.000000000000000000e+00 -9.000000000000000000e+01
1.673393132966003235e-07 6.336137909662526990e-01 6.440009022935683225e-01 0.000000000000000000e+00 -3.583553407923888434e-01 2.830263227003811016e-09 1.299046598331827266e-09 -2.092260995930717571e-01 inf 0.000000000000000000e+00 -9.000000000000000000e+01
6.438206297708687353e-01 2.992759958700522724e-04 2.294868455726241247e-05 6.774413695467553995e-08 -3.639732626971311502e-01 6.160418496482578857e-08 -1.571827709401534998e-05 -1.243979856276849595e-09 inf 0.000000000000000000e+00 -9.000000000000000000e+01
6.792036913328013403e-01 1.674849717013302637e-04 1.158998083870701850e-07 9.775661408348676600e-08 -3.282439244066547857e-01 6.029396427846634525e-10 1.208417978802104362e-08 6.956019457810432868e-09 inf 0.000000000000000000e+00 -9.000000000000000000e+01
4.941566837235708554e-01 1.562894880568676259e-01 6.550063425194982969e-01 4.175949394167043321e-09 -3.979785372270369104e-01 4.222403742457185748e-07 6.717965926267247583e-10 5.813569940775807719e-04 inf 0.000000000000000000e+00 -9.000000000000000000e+01
4.704828317660280090e-01 4.312759291188589805e-01 4.205877784564027938e-06 1.894457881409227902e-06 -3.350408044394441731e-01 5.819339520883848938e-06 2.515404975706154924e-03 9.914178506178675341e-10 inf 0.000000000000000000e+00 -9.000000000000000000e+01
4.255877691467674917e-01 8.937343152082116715e-01 1.679859627693715410e-07 6.223372580449200686e-07 -3.625790981653012721e-06 9.632698428869198025e-06 1.876031154686135926e-04 0.000000000000000000e+00 inf 0.000000000000000000e+00 -9.000000000000000000e+01
4.422031162047274089e-01 2.907076041716263326e-01 5.588956052031971572e-02 5.777845620983716149e-05 -4.356519589276203197e-01 0.000000000000000000e+00 6.833389541469440794e-10 0.000000000000000000e+00 inf 0.000000000000000000e+00 -9.000000000000000000e+01
0.000000000000000000e+00 7.021285357035268460e-01 1.316075590108187534e-05 8.150864978419472291e-07 -6.121622052234092504e-01 0.000000000000000000e+00 3.879587907348398579e-06 9.945232672646041692e-10 inf 0.000000000000000000e+00 -9.000000000000000000e+01
1.342153197347500113e-03 1.221657665852302399e+00 2.796152494473958569e-05 0.000000000000000000e+00 -1.217342031515104958e-06 -1.422196703325377828e-09 4.886522006297451541e-10 1.108901502081980186e-03 inf 0.000000000000000000e+00 -9.000000000000000000e+01
2.471441214748627588e-07 8.565313314601712413e-01 8.191725340903900915e-07 0.000000000000000000e+00 -4.659822442460874736e-01 8.459615644970174897e-04 7.657986862601380453e-07 6.445704336230786773e-05 inf 0.000000000000000000e+00 -9.000000000000000000e+01
3.450412173527656143e-03 6.532430530201104313e-01 6.441644019779768811e-03 6.521283107791620430e-06 -6.482051888580016019e-01 -2.472706561500555427e-06 7.892161875048404852e-06 1.389840454878654100e-04 inf 0.000000000000000000e+00 -9.000000000000000000e+01
5.605295291325375073e-01 4.126071243418293587e-03 -7.911828912194298272e-09 0.000000000000000000e+00 -4.450435457434216979e-01 1.537245272727406864e-09 1.641832515610195840e-05 3.073923076346628887e-04 inf 0.000000000000000000e+00 -9.000000000000000000e+01
4.240289364745797318e-01 4.497735504748220925e-01 7.834969181246741293e-08 1.215751626266325388e-09 -3.710253194152572931e-01 1.291145151711444575e-06 9.834655509053973272e-05 1.530656910055768676e-04 inf 0.000000000000000000e+00 -9.000000000000000000e+01
1.572441076738069848e-05 1.124913303200776982e+00 1.287361110535557238e-05 5.506544610332744572e-06 -1.425807945490495388e-01 1.428623391485659166e-09 2.151003366041695508e-03 5.875671589597429071e-09 inf 0.000000000000000000e+00 -9.000000000000000000e+01
1.070955296660179855e-04 -6.328787255147758084e-02 1.654158073404893496e-08 3.113415184064830532e-01 -1.026531779538308431e+00 1.476509796755984955e-04 7.868242995870709583e-04 5.410104809971202001e-09 inf 0.000000000000000000e+00 -9.000000000000000000e+01
8.631857004215977291e-02 3.140178716481096810e-01 1.113600415196537075e+00 1.240212825703281439e-09 -3.140178716481096810e-01 2.348280704039051522e-08 6.275132887933325713e-04 -2.732948146894038861e-05 inf 0.000000000000000000e+00 -9.000000000000000000e+01
9.601665190870073419e-01 7.736490233464567720e-04 2.814148322422736309e-05 3.931047436132355908e-09 -7.129949399160945278e-02 6.753646514205229046e-02 1.273045512049589444e-07 7.555166243617742113e-09 inf 0.000000000000000000e+00 -9.000000000000000000e+01
4.007841500152261593e-01 3.751526055375081770e-01 4.252392466507051082e-05 1.063126560723528652e-01 -4.473869581565315112e-01 6.909637764185493869e-09 5.475488627442189169e-05 1.780227270997865041e+00 inf 0.000000000000000000e+00 -1.000000000000000000e+01
9.965041017353364339e-01 1.909011689148154209e-02 0.000000000000000000e+00 0.000000000000000000e+00 0.000000000000000000e+00 4.082071444284321135e-09 6.940943779828393634e-09 2.097302881144212227e-04 inf 0.000000000000000000e+00 -9.000000000000000000e+01
4.016943586671984368e-01 3.038457328380090861e-01 4.465952905855271465e-03 1.880127609415383178e-09 -4.737933461202853413e-01 8.722768908988376684e-09 3.908127894810473475e-05 -1.038546679486592644e-08 inf 0.000000000000000000e+00 -9.000000000000000000e+01
5.251961104372010469e-01 3.084084302361310859e-03 4.487252482032129397e-02 3.214349102138953113e-07 -4.790250238053591625e-01 -1.247005082968076261e-09 5.108420822641636811e-09 -1.276245202154913911e-08 inf 0.000000000000000000e+00 -9.000000000000000000e+01
3.285213068057323146e-07 7.156441517782579087e-01 6.331631308953400428e-01 9.507163698273283236e-09 -2.626050150169370045e-01 2.939108930746495076e-05 3.877476832439488510e-06 -7.130855723161270195e-04 inf 0.000000000000000000e+00 -9.000000000000000000e+01
1.016679306565452107e-01 3.583174629236776654e-01 1.507661020467792490e+00 8.607986905861473203e-07 -9.150113759089069099e-01 -2.194563694681166888e-06 4.877465108060244055e-08 1.663188157316049001e+02 inf 0.000000000000000000e+00 -3.000000000000000000e+01
6.379589419512947668e-01 1.837869998785468127e-04 4.774723956166721135e-03 3.748008783963856227e-02 -3.700161863317509292e-01 1.277163897461088012e-05 2.402314140785344332e-03 7.243822720153430043e-09 inf 0.000000000000000000e+00 -9.000000000000000000e+01
9.458651073569283030e-01 1.138125913916504788e-03 3.800478130868933376e-08 2.068554942919142239e-09 -6.004026560371127086e-02 1.014614401659959409e-09 1.739662572222918334e-06 1.124270468007956131e-01 inf 0.000000000000000000e+00 -1.000000000000000000e+01
7.327405180016564872e-07 4.655639031004259860e-04 1.402441197502673376e+00 5.711603364741356961e-10 -5.045085495966713518e-01 1.071195046142058219e-09 4.689539315210601383e-04 -1.496655613764678638e-08 inf 0.000000000000000000e+00 -9.000000000000000000e+01
6.563385148851997870e-06 6.423956541360463790e-01 1.332182187841436416e-08 7.959579109744431689e-10 -6.620751708929493162e-01 6.917293171584213379e-07 3.586267963686451057e-05 -2.470921467803105200e-05 inf 0.000000000000000000e+00 -9.000000000000000000e+01
4.799026157788715552e-01 2.789671373054951158e-03 4.419156013372722569e-01 1.210519526872298801e+00 -2.177922161318361638e-01 3.254791096436920365e-09 -4.039285868956729031e-01 -5.830321442313091457e-09 inf 0.000000000000000000e+00 -9.000000000000000000e+01
3.607734671859704617e-04 8.777581263493714706e-04 2.370839576526030945e-01 0.000000000000000000e+00 -9.940387622060949946e-01 2.971092704555853539e-06 1.748678063094575983e-09 6.926850569970632865e-02 inf 0.000000000000000000e+00 -9.000000000000000000e+01
5.748806149999069470e-01 1.620871140601938369e-03 2.146234360702701388e-04 4.725180014468514902e-07 -4.328381284143267838e-01 5.616484427468572256e-09 2.873240104734664126e-08 9.283965427976061580e-05 inf 0.000000000000000000e+00 -9.000000000000000000e+01
2.324418110817294270e-01 1.223626663802630022e-08 1.472793697566285642e+00 2.628823735782424411e-08 -1.500358912342003624e-03 0.000000000000000000e+00 7.045721273831272313e-09 -9.467782102020228961e-04 inf 0.000000000000000000e+00 -9.000000000000000000e+01
5.889274616563461295e-01 2.169476162558559851e-01 7.046715187496694129e-10 5.927958343296187684e-09 -3.285903221493189919e-01 8.182907203295129640e-08 -8.341209262646148573e-04 -1.243801894900859843e-05 inf 0.000000000000000000e+00 -9.000000000000000000e+01
5.900709448015647451e-01 2.795056774976265642e-04 7.390577384938229631e-09 6.572647871980639172e-10 -4.175585091120707637e-01 4.615459394546404341e-08 1.776823335119758054e-05 -9.902789460450829106e-09 inf 0.000000000000000000e+00 -9.000000000000000000e+01
1.973738824818867050e-06 2.258741926301318093e-01 1.852682843563309943e-03 8.223911770078612567e-06 -9.132960847344158140e-01 5.285966016989449432e-09 6.674825843932895688e-05 -3.504507856567590793e-09 inf 0.000000000000000000e+00 -9.000000000000000000e+01
1.290687001932955547e-01 5.082705402960786545e-01 7.003727917465650821e-01 1.128100460991788706e-01 -2.964077707927427127e-02 2.951571050931952808e-02 -1.810963932944689714e-01 -3.691965145064035614e-01 inf 0.000000000000000000e+00 -9.000000000000000000e+01
2.498971415789774753e+01 2.509883954723354549e+01 3.328324374741839620e+00 3.719692351008027367e-08 -1.887869235509305810e+01 6.659966161319486855e+04 2.025640039545750781e+00 -1.268354113130605905e-07 inf 0.000000000000000000e+00 -2.000000000000000000e+01
7.845658477635820693e-01 7.050957336694536186e-10 1.192494296819646875e-03 1.314662367938529695e-08 -2.243797268895847408e-01 9.133548566181935246e-11 5.652138381189007306e-09 4.215653666491329498e-06 inf 0.000000000000000000e+00 -9.000000000000000000e+01
1.234745884956244578e-08 -7.694644972299070851e+00 6.182847045269587727e-02 2.627118904162222443e-08 -2.060785771603518945e+00 4.378531506937037130e-09 4.661092740184707144e-07 1.751412602774814918e-07 inf 0.000000000000000000e+00 -2.000000000000000000e+01
-3.086088277723312475e-07 1.223795645810211052e+00 5.508784473019360128e-09 5.990985766413627950e-10 1.765616566164125676e-05 1.316730998495280102e-05 4.500825958492957711e-04 1.296237876045971786e-02 inf 0.000000000000000000e+00 -9.000000000000000000e+01
1.721411450231721818e-01 5.028333446729503775e-01 0.000000000000000000e+00 7.248048211501987304e-01 -5.821088719862532734e-01 1.856324503350114655e-08 1.594751505150780429e-09 4.505805839949824312e-09 inf 0.000000000000000000e+00 -9.000000000000000000e+01
6.659618867148251610e-06 5.902112574889074002e-03 -1.132341207681556397e-08 1.000289754890704451e-08 -9.814468957375660496e-01 9.259912690808370711e-04 4.050130036727399643e-03 -2.022901487361174330e-04 inf 0.000000000000000000e+00 -9.000000000000000000e+01
3.931392574791615080e-01 3.684824399369144299e-01 0.000000000000000000e+00 1.343106722069992637e-08 -5.369706931422694174e-01 1.773921039844996994e-01 3.531575429228095138e-04 -7.118669746533584985e-10 inf 0.000000000000000000e+00 -9.000000000000000000e+01
2.512813748376279133e-01 6.569701786441695460e-03 2.100809657258795872e-09 1.146177033592666537e-09 -7.530148130447728017e-01 1.915444099265372853e-09 9.925707745354499737e-08 1.670761562714054335e-08 inf 0.000000000000000000e+00 -9.000000000000000000e+01
5.966287869804137722e-01 4.001602275873477610e-01 1.097573954559723924e-03 2.906083131325586341e-09 -2.275279272382934037e-01 3.726782534153645495e-10 3.185239324266550617e-06 0.000000000000000000e+00 inf 0.000000000000000000e+00 -9.000000000000000000e+01
4.876610700077328442e-01 8.328593555188246178e-01 3.030792199943682403e-06 0.000000000000000000e+00 -1.839377335138234768e-05 -1.043428597387507841e-03 1.046772919815031853e-04 -2.547433099090594984e-08 inf 0.000000000000000000e+00 -9.000000000000000000e+01
3.361974845266368361e-01 4.423006265091687650e-02 1.274983627316076838e-03 0.000000000000000000e+00 -6.547519523725755519e-01 7.524823309560354802e-08 1.514312268507798244e-07 4.939125763476693480e-04 inf 0.000000000000000000e+00 -9.000000000000000000e+01
6.556798090188997730e-01 6.345781733741683722e-03 6.651602540187065600e-03 0.000000000000000000e+00 -3.493696892832047762e-01 1.531180604780442470e-09 1.476541081119111534e-04 -2.598282242260572500e-05 inf 0.000000000000000000e+00 -9.000000000000000000e+01
6.880839587201226237e-01 3.048011586090110724e-07 9.850278617153742679e-04 4.678773518881154604e-10 -3.196071796896023942e-01 -1.423657934538935138e-09 1.893355820870194993e-09 -5.352371262844589986e-10 inf 0.000000000000000000e+00 -9.000000000000000000e+01
9.211325796533763599e-01 9.850067366366396238e-01 9.034831415395799467e-03 1.628077423851786490e-09 -8.404494339903069433e-03 1.433108890509289514e-06 4.608711476749672652e-09 2.358099403912643481e+02 inf 0.000000000000000000e+00 -3.000000000000000000e+01
9.210993177963208156e-01 2.324890105014752132e-03 1.440418042480759564e-09 0.000000000000000000e+00 -8.426540462257550712e-02 2.316735197120886503e-07 1.960778487146583753e-08 4.633470394241773006e-08 inf 0.000000000000000000e+00 -9.000000000000000000e+01
6.368680591029821647e-01 3.303591905772048330e-03 2.230931729050331189e-03 0.000000000000000000e+00 -3.700022934464693991e-01 7.868692610928087354e-08 -8.356643764047162715e-09 5.539559598093373328e-05 inf 0.000000000000000000e+00 -9.000000000000000000e+01
4.549646589665882167e-03 1.224255003792628749e+00 5.791728020586936346e-04 5.951276753081768900e-07 1.122118446880208331e-12 1.508404472840978015e-09 1.031482470398609942e-09 1.828541139782757430e-07 inf 0.000000000000000000e+00 -9.000000000000000000e+01
1.632618139704721250e+00 2.901788855479138464e-04 2.494234240945551284e-04 9.402810320660145031e-09 -1.736117449174754634e+00 3.910270685525908618e+01 -2.430044389156511451e-05 3.718935857618979693e-05 inf 0.000000000000000000e+00 -3.000000000000000000e+01
5.902122781679436381e-01 6.908345448974207402e-03 3.943597456375947539e-08 2.112641494487114516e-09 -4.148289143707077353e-01 0.000000000000000000e+00 1.580568821801470922e-09 4.884352019112182629e-05 inf 0.000000000000000000e+00 -9.000000000000000000e+01
5.529287895317839263e-01 1.318240822724782713e-01 8.330549643608002597e-02 1.251584982513221453e-05 -3.973031368489970405e-01 0.000000000000000000e+00 -1.089112908541604199e-07 1.664965622451874266e-02 inf 0.000000000000000000e+00 -9.000000000000000000e+01
6.915225991063271268e-04 9.381451046423874285e-01 2.151831866911275463e-05 5.555935823748129206e-09 -3.773628545917295241e-01 5.866776991306617920e-10 0.000000000000000000e+00 3.990528502440062462e-10 inf 0.000000000000000000e+00 -9.000000000000000000e+01
1.119245600498385285e-01 1.104709943349055479e+00 8.103628860751295460e-02 0.000000000000000000e+00 -3.527451954695727770e-04 2.949893800141673752e-06 1.958906920515132331e-04 -3.318283968086997622e-08 inf 0.000000000000000000e+00 -9.000000000000000000e+01
7.466550997857983596e-01 2.077873892013595847e-01 4.198857200873947204e-01 2.333297186830619874e-02 -1.409677930888891817e-01 2.805917453566585189e-08 2.119855219040689656e-09 -1.126149317041698255e-05 inf 0.000000000000000000e+00 -9.000000000000000000e+01
1.576155139374936509e-01 5.208965950722024840e-03 1.364416007349453933e-09 0.000000000000000000e+00 -8.481755714046421701e-01 1.053937442209562736e-09 5.449215633067478016e-10 1.187785977334709364e-01 inf 0.000000000000000000e+00 -1.000000000000000000e+01
3.314291815256506624e+00 1.879323735969541317e-02 6.830529726783123035e-02 5.819322357177609177e-09 -2.090736055502312674e+00 -2.129827729325049345e-05 1.095112102935337679e-02 8.370583391422227025e+07 inf 0.000000000000000000e+00 -2.000000000000000000e+01
7.794851227858771159e-01 1.120209136719672958e-03 0.000000000000000000e+00 9.285016873071506666e-10 -2.285527366193158272e-01 9.923137723807695475e-09 2.025210310093032739e-04 6.883101311311696058e-09 inf 0.000000000000000000e+00 -9.000000000000000000e+01
8.660705542055931183e-02 9.041776585906392549e-01 3.092353968568554475e-06 1.546176984284277238e-06 -3.291068105981254099e-01 -1.969062997079977112e-06 0.000000000000000000e+00 6.106474024769905067e-04 inf 0.000000000000000000e+00 -8.000000000000000000e+01
0.000000000000000000e+00 8.997003497016756723e-01 4.368107499494884866e-06 1.022904638055343300e-09 -4.177180195043493915e-01 0.000000000000000000e+00 0.000000000000000000e+00 8.896005761811096757e-10 inf 0.000000000000000000e+00 -9.000000000000000000e+01
4.055278893314456234e-01 6.025003576906842739e-03 1.868218163381966945e-01 2.199048463147523422e-04 -5.779021518728217899e-01 -3.182198271627283831e-02 3.325787135740602424e-07 2.420412854902417873e-05 inf 0.000000000000000000e+00 -9.000000000000000000e+01
3.425011506465597821e-01 5.139902365204292167e-02 8.853511637883216823e-01 6.630593306388832264e-02 -5.838738278431604423e-01 1.169151525526204485e-07 1.714294582362220400e-03 5.659967167310048480e-05 inf 0.000000000000000000e+00 -9.000000000000000000e+01
3.503361465583158529e-01 2.142015713809846135e-08 -5.420673900902308606e-01 3.889134675911732152e-09 -6.805957231132898633e-01 2.726462906337627479e-05 3.234994189991612003e-04 -2.358849930202217086e-05 inf 0.000000000000000000e+00 -1.000000000000000000e+01
6.905192676625173664e-01 1.497060742899766761e-02 2.448519872735118742e-06 5.733838589093919021e-10 -3.106401041517016237e-01 -2.733890223850159867e-03 1.062215035169054416e-04 1.890598207127380728e-08 inf 0.000000000000000000e+00 -9.000000000000000000e+01
7.037333861755240895e-07 1.618020782799274487e-05 2.532265313947063001e-01 7.531999001669168313e-09 -9.951011350901348695e-01 1.507136786537519562e-09 5.011506185063635273e-10 -5.365259562832832461e-09 inf 0.000000000000000000e+00 -9.000000000000000000e+01
3.998300097607911940e-01 6.374101604882179140e-02 9.095199664175368345e-08 4.522271427959600658e-07 -5.833268741437630522e-01 -2.587733972300467115e-05 1.003781924962392249e-09 2.357844166105209135e-06 inf 0.000000000000000000e+00 -9.000000000000000000e+01
5.865858929045403292e-01 -1.682112294791839957e-03 1.883352699626617832e-01 8.808597522211993880e-01 -4.119834030433226491e-01 3.448521788867097912e-03 -2.836349301173242659e-06 5.645716098996975077e-10 inf 0.000000000000000000e+00 -9.000000000000000000e+01
1.191753674969457876e-07 1.222308332389794749e+00 0.000000000000000000e+00 0.000000000000000000e+00 -1.156548061036033940e-09 0.000000000000000000e+00 5.892030169048999549e-04 -5.705163192813788448e-03 inf 0.000000000000000000e+00 -9.000000000000000000e+01
5.073422815352734982e-01 9.990029172771799134e-04 3.032235417200055389e-08 2.034193257122998857e-09 -5.004302613508693209e-01 2.636726449739178412e-08 -5.821892001024105923e-06 1.207641313405932326e-09 inf 0.000000000000000000e+00 -9.000000000000000000e+01
3.494844291996423991e-01 3.742705589301135172e-01 1.184972617307227234e-09 0.000000000000000000e+00 -4.874605513659314715e-01 8.617982671325288879e-10 1.298853102606882730e-09 1.502739798925859801e-05 inf 0.000000000000000000e+00 -9.000000000000000000e+01
5.673270740869010842e-01 9.445262170951099906e-03 1.840144927803418276e-02 4.901036328840884890e-10 -4.362549569702721675e-01 6.743886622867593375e-04 5.575156567380336816e-10 1.098415160569365254e-07 inf 0.000000000000000000e+00 -9.000000000000000000e+01
2.144070962661281388e-01 4.808500720754963487e-01 5.513920205777495248e-08 9.281765679725451029e-07 -5.781764393693342718e-01 1.730279647906740089e-09 1.292325048229100500e-09 2.158525373645514556e+00 inf 0.000000000000000000e+00 -3.000000000000000000e+01
3.886227298309794520e-01 4.125731289037510717e-04 5.653045275844666270e-05 2.208220810876822762e-07 -6.215255504962354793e-01 8.676306183086930656e-10 7.075100220790479788e-02 -1.083268933326771988e-01 inf 0.000000000000000000e+00 -9.000000000000000000e+01
4.931750488306274605e-01 3.665085089333994794e-01 2.716182119659934775e-06 6.776159603783205539e-07 -3.500193735621626723e-01 6.808324918358125392e-08 3.242492440277830392e-04 3.350553601554195614e-08 inf 0.000000000000000000e+00 -9.000000000000000000e+01
2.464597789463371047e+00 6.220739612828220765e-03 3.823877699945890729e-09 0.000000000000000000e+00 -7.626711401240497956e+00 -7.769312335324361112e-05 3.994815098306013501e-02 5.583490234833796501e+09 inf 0.000000000000000000e+00 -2.000000000000000000e+01
9.263029464227383603e-01 1.800295096078437023e-03 6.543294768956689836e-03 5.574610324772834020e-10 -8.164893907350304070e-02 0.000000000000000000e+00 -1.844072616940062986e-09 1.222422596102642514e-05 inf 0.000000000000000000e+00 -9.000000000000000000e+01
5.139661091112514013e-01 9.965514491843571049e-03 3.116293905881102838e-05 8.246363738658490849e-10 -4.902185001094113703e-01 1.565911804865504569e-06 3.923838506076206354e-05 -1.971544434070075950e-08 inf 0.000000000000000000e+00 -9.000000000000000000e+01
5.095765374168198525e-01 -1.972560136198362856e-03 2.208548424018722534e-01 1.032956502483756811e+00 -4.854205390291150835e-01 0.000000000000000000e+00 1.761374882436806798e-03 6.641979285106490271e-10 inf 0.000000000000000000e+00 -9.000000000000000000e+01
7.289735851180386694e-01 3.164294586086006944e-02 1.190823288018165865e-01 2.913378351803484290e-05 -2.606330215285042051e-01 1.558017450166873682e-06 9.132728549433820628e-10 2.657391132607362031e-05 inf 0.000000000000000000e+00 -9.000000000000000000e+01
5.922200797482731757e-06 5.390518770330948728e-03 1.259225184749309667e+00 1.099665829147513513e-01 -7.885558886884130869e-01 -1.216717093874699826e-02 6.540749113663266481e-10 4.481831320475160307e-02 inf 0.000000000000000000e+00 -9.000000000000000000e+01
1.007426112094210957e+00 2.231273166899495940e-04 2.237840750587133656e-09 9.250902775967979274e-08 -5.182734687741096591e-08 0.000000000000000000e+00 9.929450921752232522e-04 0.000000000000000000e+00 inf 0.000000000000000000e+00 -8.000000000000000000e+01
9.049994147958656532e-01 2.262498536989664133e-01 8.774284083639426196e-08 0.000000000000000000e+00 -8.980080030077431275e+00 4.756836893958544255e-10 -2.268812243262965172e-07 3.970353681066423893e+09 inf 0.000000000000000000e+00 -3.000000000000000000e+01
6.825069063028349481e-02 2.405420681969747676e-01 1.308415678912264069e+00 7.001028890831882441e-07 9.428687253611953969e-04 -8.359363436119417804e-09 4.276422125777411491e-08 -5.949826784175819621e-04 inf 0.000000000000000000e+00 -9.000000000000000000e+01
8.318875878820164438e-01 2.345500175585390774e-03 2.402399101677758927e-04 5.618275037332341672e-07 -1.751981155413001312e-01 -1.432351438089124449e-06 3.424601027220091076e-08 -4.757382431611877635e-04 inf 0.000000000000000000e+00 -9.000000000000000000e+01
7.258357888601068009e-01 4.614043100617940050e-04 2.567337646565365382e-05 7.673093075218070047e-08 -2.817260204740037466e-01 6.905638002250305702e-10 -3.455457355696988883e-06 -9.365429902788012627e-10 inf 0.000000000000000000e+00 -9.000000000000000000e+01
6.587571412964958739e-01 1.441260321074202470e-04 2.202101555087052152e-08 4.444283688742884391e-06 -3.489262603009629649e-01 5.188483326718004378e-10 1.039881289902219072e-08 5.985871290613613629e-09 inf 0.000000000000000000e+00 -9.000000000000000000e+01
5.277759333538203368e-01 2.863367693976890185e-03 -5.505131979997072322e-09 1.569253891123504101e-09 -4.789077913766147665e-01 3.805892893244282912e-05 1.336238257189215463e-04 7.179973719943271952e-09 inf 0.000000000000000000e+00 -9.000000000000000000e+01
2.643754205490061034e-05 -1.562320852572230898e-02 4.083445291084975488e-09 7.685759164716829406e-02 -1.013636224662973540e+00 1.626118658138728017e-06 2.071840030424864157e-03 6.273838551390255314e-02 inf 0.000000000000000000e+00 -9.000000000000000000e+01
5.966591689031425227e-01 6.891734569044222387e-03 1.342661556817029665e-02 3.576040651946576724e-10 -4.082404839863606472e-01 3.219446917939829621e-07 3.443102337747819229e-10 1.148927356761613535e-06 inf 0.000000000000000000e+00 -9.000000000000000000e+01
5.099626280853452043e-01 6.947831308764472469e-02 0.000000000000000000e+00 1.939386782611505433e+00 -4.662827455940950494e-01 7.528807870806295552e-04 6.386769517442461556e-10 1.226259747348952751e-07 inf 0.000000000000000000e+00 -9.000000000000000000e+01
8.954952909544003359e-02 8.124981664269192994e-01 4.235338408634404266e-08 0.000000000000000000e+00 -4.222660721573595066e-01 6.964875149444896201e-09 7.566978842270740302e-10 3.242075176854726363e-04 inf 0.000000000000000000e+00 -8.000000000000000000e+01
1.109167265382421863e-03 9.506045710964478035e-01 2.687520321465560244e-05 1.152242941562921215e-05 -3.559623177482369449e-01 1.952455256905835508e-07 0.000000000000000000e+00 1.004128606527420036e-09 inf 0.000000000000000000e+00 -9.000000000000000000e+01
4.452595036848330801e-01 2.018346651318611747e-03 1.486045948295663423e-04 1.910263201126460519e-09 -5.617119892639432788e-01 -1.057206733447850325e-09 4.330902066676021779e-09 -1.184071541461592430e-08 inf 0.000000000000000000e+00 -9.000000000000000000e+01
2.770998377004675883e-01 2.064683373694002546e-04 1.144386342711021909e+00 3.519977646113894160e-02 -6.495652039601870209e-01 3.472205588396740284e-09 6.809062189841923001e-05 1.450725611337675205e-02 inf 0.000000000000000000e+00 -9.000000000000000000e+01
7.766727109192416156e-01 1.720194621255888073e-04 8.141606076366458823e-08 0.000000000000000000e+00 -9.053372853035428491e+00 1.851298968349048002e-03 8.622970479952790169e-04 3.537014475971853733e+09 inf 0.000000000000000000e+00 -3.000000000000000000e+01
8.895637210856037758e-01 3.087484458962433962e-04 3.068307536857077040e-05 6.967933008328356817e-10 -1.180684740182603304e-01 7.351992307999998580e-10 3.921680570545451466e-04 -1.205580430207362868e-08 inf 0.000000000000000000e+00 -9.000000000000000000e+01
1.206601645872305184e+01 3.402449312484238236e-02 7.306312207860890529e-02 2.329445318035577952e-08 -6.821516903715767910e+00 -1.177701973106550261e-07 2.216068960104865693e-03 8.064878660974218750e+10 inf 0.000000000000000000e+00 -2.000000000000000000e+01
2.560462464746775940e-02 4.954741067598928978e-04 1.343258000736385627e-01 5.957872596424307721e-10 -9.769149096264622134e-01 8.123838101922405954e-09 2.485064231109400650e-04 9.831957240404646561e-11 inf 0.000000000000000000e+00 -9.000000000000000000e+01
1.560019489804290280e-04 2.545798676613136228e-04 3.201127991144851332e-08 2.251021987742141302e-03 -1.007477813724700466e+00 1.397280685185854671e-07 3.434786968600679477e-08 -7.287239359403652613e-09 inf 0.000000000000000000e+00 -9.000000000000000000e+01
4.271344158983133021e-01 3.107427199943594773e-02 1.308480843148863420e-09 0.000000000000000000e+00 -5.662693167490167045e-01 -7.145258238617855327e-03 7.267324350452828886e-10 0.000000000000000000e+00 inf 0.000000000000000000e+00 -9.000000000000000000e+01
2.942937979679043146e-04 3.698112769869268263e-02 1.164112542875652822e-04 1.214680782526275711e-08 -6.813969486610184090e-01 -1.367121476095288155e-02 5.557516321597052705e-09 -2.177952371701731060e+00 inf 0.000000000000000000e+00 -3.000000000000000000e+01
3.935033131077074198e-01 3.479321573617780508e-03 1.114771738780422794e+00 9.002437023652970358e-10 -5.351645058264821175e-01 1.709483458971184078e-06 8.861058061708485434e-05 -2.141269311986116338e-08 inf 0.000000000000000000e+00 -9.000000000000000000e+01
3.501177144605504554e-01 5.254203862552132842e-02 9.323468942180674901e-01 7.899591886157267262e-02 -5.656497893791623266e-01 -7.832542880950685293e-03 4.876291287751399143e-04 5.177196178619372704e-10 inf 0.000000000000000000e+00 -9.000000000000000000e+01
7.530183468827987558e-02 7.432388878323727965e-01 5.280907887230017195e-02 0.000000000000000000e+00 -4.860391148061701250e-01 1.932434001205690842e-06 1.675840900538839671e-09 2.375625428509235281e-05 inf 0.000000000000000000e+00 -8.000000000000000000e+01
1.661645808301701055e-01 5.625682764268674640e-02 8.335054504280903220e-03 0.000000000000000000e+00 -8.191729888896946976e-01 9.414453792803362433e-08 1.894585732216328829e-07 6.179436960070325280e-04 inf 0.000000000000000000e+00 -9.000000000000000000e+01
2.833636506674441780e-01 4.444596036708016729e-01 0.000000000000000000e+00 1.620041056721779471e-08 -6.476883443827295972e-01 2.561012586207221386e-01 4.943833498324214132e-08 -8.586463807472956772e-10 inf 0.000000000000000000e+00 -9.000000000000000000e+01
-1.395628832923156231e-06 7.727855297679390523e-04 2.043368603759019263e-08 1.817225042868692940e-09 -1.005425732537531092e+00 5.451675128606079026e-09 9.802731514590568365e-03 4.220000377328408809e-09 inf 0.000000000000000000e+00 -9.000000000000000000e+01
3.393370086631654070e-01 3.964644511990518261e-01 6.129109654700492745e-10 1.008299360758395519e-01 -4.867258104057524126e-01 1.818302530894479487e-08 4.887074185687159374e-04 -8.403145539031146440e-06 inf 0.000000000000000000e+00 -9.000000000000000000e+01
3.426723767476109739e-01 4.641739396941322870e-01 3.439977312064030145e-06 8.581838136412369094e-07 -4.432908585626989528e-01 8.622574709844706875e-08 4.106536284279552630e-04 4.243393065868458238e-08 inf 0.000000000000000000e+00 -9.000000000000000000e+01
3.419510788716017546e-01 1.864495867734623780e-02 -6.778140079710087695e-01 3.931221715536265209e-09 -6.879609242579999284e-01 2.755967863593177379e-05 3.270002319049882477e-04 -2.050283325487375046e-08 inf 0.000000000000000000e+00 -1.000000000000000000e+01
5.793063903353009580e-01 7.397899173876478773e-01 1.390506321674421685e-07 5.151405970230072553e-07 -3.001253913090564304e-06 -7.973480545225678401e-06 1.552887596822978436e-04 0.000000000000000000e+00 inf 0.000000000000000000e+00 -9.000000000000000000e+01
3.238141404550772817e-01 3.596857667929151403e-01 6.616860804209288849e-02 6.840490400413820713e-05 -5.157758165332367861e-01 0.000000000000000000e+00 8.090166928473849046e-10 0.000000000000000000e+00 inf 0.000000000000000000e+00 -9.000000000000000000e+01
1.343185484755143140e-03 1.222597276790459153e+00 2.798303093239881315e-05 0.000000000000000000e+00 -1.218278323178687614e-06 -1.171477610178892981e-09 2.074092685861218116e-03 8.174797030531838817e-10 inf 0.000000000000000000e+00 -9.000000000000000000e+01
5.831115501239942933e-01 1.844237033529747272e-01 7.729163164395226326e-01 4.927676594645136950e-09 -2.759017737163865780e-01 5.822239422596100273e-06 4.883939820136452143e-10 1.592018592116121334e-08 inf 0.000000000000000000e+00 -9.000000000000000000e+01
5.710044516552783556e-01 9.050714890927737122e-02 1.472928538976596750e-09 2.777760057987984157e-02 -4.012728878470942506e-01 0.000000000000000000e+00 3.892332448805251307e-06 6.946316370175525826e-05 inf 0.000000000000000000e+00 -9.000000000000000000e+01
2.591891760636187638e-04 6.332766466709035657e-04 1.006915212313459707e+00 0.000000000000000000e+00 -9.412468289017122958e-01 5.218854221641808559e-09 1.075369375748458647e-09 1.244174846439407135e-05 inf 0.000000000000000000e+00 -9.000000000000000000e+01
6.558919056336530717e-01 6.256058521552334412e-03 1.273390884888097371e-03 0.000000000000000000e+00 -3.494827019570360127e-01 1.531675904800944658e-09 4.493196065295839347e-04 1.294040466805201732e-02 inf 0.000000000000000000e+00 -9.000000000000000000e+01
6.948236639305189755e-01 1.368170744924493551e-03 4.175325759657267916e-08 0.000000000000000000e+00 -2.792547423153993180e-01 6.083139303554718447e-10 -6.039475443973720825e-01 -8.717403106311458241e-09 inf 0.000000000000000000e+00 -9.000000000000000000e+01
-2.526406782040252914e-07 1.223416177350361123e+00 7.732335908668652135e-07 4.904482862862232613e-10 1.445410910452120332e-05 1.077933560337174576e-05 3.820233285569957679e-07 1.833558861511031878e-07 inf 0.000000000000000000e+00 -9.000000000000000000e+01
1.559888853910914414e-04 2.574295102466478760e-04 1.871866624693097406e-03 0.000000000000000000e+00 -1.007393447622153548e+00 1.598093570377003477e-07 7.319484668781733727e-10 4.691041296451136229e-10 inf 0.000000000000000000e+00 -9.000000000000000000e+01
3.824953583862467088e+00 3.266252498579185648e+00 1.248794239647571219e-07 2.641680122331400324e-09 -6.820081607461934352e-05 6.154307339428149248e+01 -3.910070825431902517e-05 5.983965833470207481e-05 inf 0.000000000000000000e+00 -2.000000000000000000e+01
1.975317567898279550e-06 2.245837907403029909e-01 8.324018160177408526e-08 8.230489866242831316e-06 -9.140266068557308943e-01 5.290194125674546744e-09 6.680164865983271520e-05 -2.688938450619106580e-09 inf 0.000000000000000000e+00 -9.000000000000000000e+01
3.355855799148671492e-01 9.772471693226397749e-01 1.817875857775508953e-05 4.780751387832854879e-10 8.947930405034754645e-11 -1.333667449575396357e-04 1.311048717704456881e-05 -3.190576327280964214e-09 inf 0.000000000000000000e+00 -9.000000000000000000e+01
9.794216376575288763e-01 2.821576006923544756e-04 7.330358819343067711e-03 5.766344891708700959e-02 -2.785230282088597617e-02 -1.426614300623885492e-09 1.882693041232544335e-09 5.215420220526341410e-02 inf 0.000000000000000000e+00 -9.000000000000000000e+01
1.628087138895388808e-01 1.743554311866692963e-01 5.505903862538536248e-10 5.815610954806329468e-09 -7.743998400608799182e-01 5.035607907613369839e-09 8.000766550251310712e-10 1.879348518413153847e-06 inf 0.000000000000000000e+00 -9.000000000000000000e+01
9.556652288302219717e-07 8.865654573333511812e-02 1.233013113604676457e-07 3.993281106560599422e-09 -9.725354410747670819e-01 5.508526117922190839e-08 -1.131425643569506663e-05 2.346928369645264689e-09 inf 0.000000000000000000e+00 -9.000000000000000000e+01
1.725006739836537351e-01 8.612140656739252829e-09 1.092995723474774694e+00 7.499006830357988757e-09 -7.607722032099600851e-01 0.000000000000000000e+00 5.015335768143422727e-05 -1.218588609933173152e-08 inf 0.000000000000000000e+00 -9.000000000000000000e+01
6.189170794504914335e-07 3.932435072518206684e-04 1.184586888175115593e+00 1.219745514965612270e-09 -9.206937695222433549e-01 9.619313644471494436e-07 -5.199392822002669529e-09 1.603517214036550306e-04 inf 0.000000000000000000e+00 -9.000000000000000000e+01
5.928251320359221310e-01 3.410532889478009233e-04 2.603277905834054797e-05 8.466437426692963823e-08 -4.147819405663877301e-01 6.693849976476255334e-08 1.403055444764459067e-09 6.960612725974328864e-10 inf 0.000000000000000000e+00 -9.000000000000000000e+01
6.734805335435740670e-01 6.264935195754177677e-01 0.000000000000000000e+00 0.000000000000000000e+00 0.000000000000000000e+00 1.097648342793113144e-09 -1.768513505881534904e-05 -1.418555499490103043e-09 inf 0.000000000000000000e+00 -9.000000000000000000e+01
5.598507804060842696e-01 3.000343597355396635e-04 5.291272619691650414e-02 1.590583938330148863e-07 -4.476855543665377857e-01 6.249553120266484129e-10 5.096202661362004421e-02 2.220492384550720142e-05 inf 0.000000000000000000e+00 -9.000000000000000000e+01
0.000000000000000000e+00 6.912292769334140718e-01 1.295645928460487603e-05 8.024337737205684346e-07 -6.045849385991420855e-01 6.312050565593716607e-10 1.034166364666874380e-03 -6.854529877111292802e-01 inf 0.000000000000000000e+00 -9.000000000000000000e+01
5.613412996621255369e-01 3.873585024617509556e-03 1.238665786128028440e-09 6.758014803727919586e-10 -4.449656643663190692e-01 9.435718782563510170e-10 5.042536718436994598e-04 6.105893698678163143e-09 inf 0.000000000000000000e+00 -9.000000000000000000e+01
1.234843747046815291e-08 -7.695254825753424122e+00 3.606308908633032331e-04 2.627327121376202901e-08 -2.060949103027648110e+00 4.378878535627004836e-09 1.477917046110884783e-04 -2.600703539879590780e-05 inf 0.000000000000000000e+00 -2.000000000000000000e+01
3.599559594277539354e-01 9.537686568276793064e-01 2.187667749122138296e-05 4.327451112877363854e-10 -1.873277970250427976e-04 6.064125572650516991e-10 1.029929720695454417e-04 -1.744646080244242695e-08 inf 0.000000000000000000e+00 -8.000000000000000000e+01
1.155349205720445846e-03 8.612108902876169925e-01 1.496756179142231840e-07 9.678792844337757950e-09 -4.581525948331430231e-01 1.582525838945849704e-09 1.672495403501564489e-05 2.930849088040836793e-04 inf 0.000000000000000000e+00 -9.000000000000000000e+01
7.843700517535937555e-01 1.554054244506918208e-06 2.508160049212073209e-02 1.309239962285737503e-08 -2.234542589298028903e-01 -5.929180839583298199e-07 0.000000000000000000e+00 -5.153150370588326347e-10 inf 0.000000000000000000e+00 -9.000000000000000000e+01
1.390942630332932772e+01 2.489206666249104306e-07 4.578238833193294388e-01 1.577032868552658365e-05 -2.034211498114022731e+01 4.110885477301260107e+04 2.092307770204199890e+00 5.130784899268347500e-03 inf 0.000000000000000000e+00 -2.000000000000000000e+01
1.244413821054230301e-05 1.220643402381941023e+00 2.525809302844447160e-08 3.710874548078382962e-07 -8.214757903691323698e-06 1.354246811745214617e-08 6.067534055597749952e-05 -1.473388759992594122e-08 inf 0.000000000000000000e+00 -9.000000000000000000e+01
4.446289261973473961e-01 3.353718182642385637e-01 4.943290345343105165e-03 1.107787139489050779e-09 -4.142269483376997408e-01 8.795051251214987624e-10 3.850348148118222080e-04 -3.548814859410168697e-05 inf 0.000000000000000000e+00 -9.000000000000000000e+01
5.834985528757955509e-01 6.461828986761099236e-03 6.042451033365657077e-08 0.000000000000000000e+00 -4.263272255018439316e-01 4.702367719158713831e-10 1.346670288443896368e-09 2.310418512397089508e+00 inf 0.000000000000000000e+00 -3.000000000000000000e+01
2.654232761853104750e-01 2.838285398623940359e-01 2.383905451595939428e-03 3.233378704964110883e-09 -6.199667764912361045e-01 4.120248292611409462e-07 1.457907362506139304e-09 4.505297505248278693e-05 inf 0.000000000000000000e+00 -9.000000000000000000e+01
1.355791591323018963e-01 8.160250330220051307e-01 4.312647556937801253e-07 0.000000000000000000e+00 -5.185159063993991513e-01 1.640550326804656178e-01 7.989747052853189956e-06 1.402875066942534023e-04 inf 0.000000000000000000e+00 -9.000000000000000000e+01
5.908565119904926437e-03 7.620476382782324087e-01 1.982626889093573423e-03 0.000000000000000000e+00 -5.506872555859678720e-01 1.526550701972562596e-09 1.953984898524880123e-07 3.308473518007600716e-05 inf 0.000000000000000000e+00 -9.000000000000000000e+01
1.871864647657451586e-01 5.467815154999398075e-01 3.096668728991901285e-10 6.009831162932430664e-10 -5.455500256001651893e-01 8.418387986740697771e-05 1.407073420640945311e-04 -7.027850685359422151e-06 inf 0.000000000000000000e+00 -9.000000000000000000e+01
6.794307705776982953e-01 7.701416030892576899e-04 2.603393339769876567e-08 2.226349042875136686e+00 -5.497626212821778158e-02 3.054648185329988420e-05 1.249628803089540752e-06 1.722036219535282751e-08 inf 0.000000000000000000e+00 -2.000000000000000000e+01
0.000000000000000000e+00 7.376131286283987842e-01 3.762475110800310718e-06 1.153050407970830138e+00 -5.327205928982879923e-01 2.695182744126297012e-09 3.395298574143479820e-10 -1.992403278479008000e-01 inf 0.000000000000000000e+00 -9.000000000000000000e+01
2.544110467008255019e-03 1.344553274019828215e-01 7.274577251344273021e-01 -5.550061989856165330e-06 -8.891149973865222211e-01 0.000000000000000000e+00 5.419982411968911455e-09 2.191942431002338963e-03 inf 0.000000000000000000e+00 -9.000000000000000000e+01
2.833063827882693619e-01 3.791104735862348418e-01 3.332613729900656407e-01 3.275814244666952137e-10 -5.118675708348441322e-01 1.391902395010237952e-09 1.682519378583804159e-09 -8.938195552614315082e-06 inf 0.000000000000000000e+00 -9.000000000000000000e+01
2.275801923027468976e-01 4.202821942142682121e-01 2.519949255766048002e-01 7.016294751786370399e-09 -5.493314986618028639e-01 8.997748362244558324e-10 7.690274828387597662e-06 0.000000000000000000e+00 inf 0.000000000000000000e+00 -9.000000000000000000e+01
1.394264487534093031e-05 1.070611298936668287e+00 1.213261430800482432e-01 4.816280225298884970e-02 -1.022080841704648829e-01 1.455085909820904030e-08 1.905295334038005310e-04 -2.205929874182695483e-01 inf 0.000000000000000000e+00 -9.000000000000000000e+01
1.169794764077433380e-01 4.220052927611283589e-01 1.137069816606373740e+00 2.540093452939311785e-09 -4.395888466261754085e-02 4.163883241653494605e-02 7.848815987535111372e-08 4.672607440650539324e-09 inf 0.000000000000000000e+00 -9.000000000000000000e+01
1.571422439195414023e-01 6.188237202412947280e-01 8.527098507261935412e-01 5.876694708479412070e-10 -1.980694616990949074e-04 1.394069972544305536e-07 1.179876929887758495e-08 2.788139945088610806e-08 inf 0.000000000000000000e+00 -9.000000000000000000e+01
9.777399349335905709e-01 5.071778508638311034e-03 3.448190876299827689e-03 1.108369157009738287e-01 -2.931735381822633477e-02 2.919365190338149910e-02 -1.791203726953237707e-01 -4.750153530041735239e-01 inf 0.000000000000000000e+00 -9.000000000000000000e+01
5.827367571611667962e-01 2.448888109685634466e-03 1.284022708518054888e-07 1.649334359618609192e+00 -4.207485611271962189e-01 2.169296177476791966e-08 2.037633692716640032e-09 0.000000000000000000e+00 inf 0.000000000000000000e+00 -9.000000000000000000e+01
1.981599080214187429e-07 5.131234303910034988e-01 7.484066193024676260e-03 7.576592915147578806e-06 -7.531013084826134740e-01 -6.782911315470429268e-04 1.929128569357811771e-04 9.921078141477281932e-10 inf 0.000000000000000000e+00 -9.000000000000000000e+01
5.598496396440418854e-01 3.590538947063504072e-02 0.000000000000000000e+00 1.765264802847408829e-09 -4.345238216191501524e-01 0.000000000000000000e+00 3.850324159495347939e-04 7.156478930462467864e-10 inf 0.000000000000000000e+00 -9.000000000000000000e+01
1.514217196821434942e-09 1.075685101217276258e-04 1.236803359235828615e-09 2.277470797285984005e+00 -1.373013553490361347e-05 1.368669751271760122e-13 5.960062916878262475e-11 5.016566896339716299e-09 inf 0.000000000000000000e+00 -2.000000000000000000e+01
3.974258584165085706e-01 5.956318668869866467e-02 1.485119348953590397e-05 9.765433219030771052e-07 -5.920834217225535712e-01 1.820443537891719923e-09 1.329452542194783071e-09 2.133122464562076548e+00 inf 0.000000000000000000e+00 -3.000000000000000000e+01
6.413913916753812838e-01 9.529271674538259199e-03 2.954812922337444747e-01 3.085624952753425118e-04 -3.411823987658969548e-01 -6.845316603415080650e-03 2.782705078895784816e-09 -1.084219354969686355e+00 inf 0.000000000000000000e+00 -9.000000000000000000e+01
3.900746732764764197e-04 4.157915076919338829e-03 1.341044310546691376e+00 4.319782812839701172e-09 -6.771609884938738499e-01 5.054475645435644621e-07 3.693249427771347906e-07 6.564276011508570754e-05 inf 0.000000000000000000e+00 -9.000000000000000000e+01
5.827879543517899830e-01 4.758602522338376993e-04 2.278180957569497935e-05 1.662780727562695643e-09 -4.249089433066561838e-01 -6.418769271464729252e-09 2.878002805510250246e-03 -3.664123942200549981e-05 inf 0.000000000000000000e+00 -9.000000000000000000e+01
3.720341444609777507e-07 3.264029414559348002e-04 -6.262156070887414749e-10 4.692052799469579126e-10 -1.007610666241354425e+00 1.259003739499697103e-08 2.760460635329962175e-09 7.740974268385608343e-09 inf 0.000000000000000000e+00 -9.000000000000000000e+01
2.241381858115978015e-07 8.427145121864418886e-01 4.148783603420086403e-05 0.000000000000000000e+00 -4.799895157854380257e-01 2.810497617661887691e-03 1.091785158794759687e-04 -7.950136907419262655e-02 inf 0.000000000000000000e+00 -9.000000000000000000e+01
1.674495927346101118e-07 6.742411167409402273e-01 8.387936522213700176e-07 6.397089671978212551e-06 -6.353425907751167889e-01 -5.719130065504645548e-04 2.937649096377293809e-03 4.946203354622328934e-05 inf 0.000000000000000000e+00 -9.000000000000000000e+01
8.469148532604884316e-01 4.492511671091649512e-03 1.176750797611193320e-09 2.646608916439026349e-02 -1.594077610640411147e-01 1.454361976490366527e-08 4.699716807797026367e-10 1.652755314099567385e-01 inf 0.000000000000000000e+00 -1.000000000000000000e+01
0.000000000000000000e+00 1.222514491391941016e+00 0.000000000000000000e+00 0.000000000000000000e+00 -1.149468014653061953e-09 6.332259240215349102e-07 4.330147862794319684e-07 3.070475256996656730e-04 inf 0.000000000000000000e+00 -9.000000000000000000e+01
4.156590217121430286e-01 1.536281267956010332e-01 7.690809066356686953e-10 1.260095871469536777e-01 -5.302759612540296486e-01 8.189811393739027243e-09 -1.251633648017619567e-05 -9.259837002971261734e-09 inf 0.000000000000000000e+00 -9.000000000000000000e+01
4.387430191472465046e-01 8.457570172737870207e-03 7.961804219289338050e-05 1.021997863602801337e-08 -5.648185993619725398e-01 1.410757835247788579e-07 2.002763123202678651e-04 6.956318634894549549e-05 inf 0.000000000000000000e+00 -9.000000000000000000e+01
1.274671080632250875e-01 1.111513182311322678e+00 3.812187680113543384e-06 9.045930238829694159e-10 -3.027343816501595897e-02 -2.898040634372030263e-06 5.091215546665923530e-04 -1.492934628392680247e-08 inf 0.000000000000000000e+00 -9.000000000000000000e+01
3.120008486983417706e-01 1.082887879424345969e-04 1.076161867750902816e-05 2.411823643889066509e-10 -6.970085185049047505e-01 1.081542677089657352e-03 0.000000000000000000e+00 2.097516839233310223e-10 inf 0.000000000000000000e+00 -9.000000000000000000e+01
4.048050024176035877e-01 1.340044145934136122e-01 8.468334533333776726e-02 2.137440206730881111e-03 -5.416011756483799511e-01 -6.266916524496664830e-03 3.261474924821290758e-08 -6.919540763120000311e-09 inf 0.000000000000000000e+00 -9.000000000000000000e+01
2.713992288164064200e-07 5.811900573877728515e-01 1.402872552315313603e+00 1.276663405799007031e-09 -9.940354084977080618e+00 9.484638542263499826e-08 1.210975713930106479e-04 4.407070524452806473e+09 inf 0.000000000000000000e+00 -3.000000000000000000e+01
2.599232942836409155e-01 5.107867622040298920e-03 5.218459985233098175e-01 7.835698402454939345e-09 -7.377822737743345849e-01 2.044074509489081959e-05 3.005094614696635027e-06 8.381526535669404865e+00 inf 0.000000000000000000e+00 -3.000000000000000000e+01
