5.929299095143172327e-01 3.844243030112421463e-04 6.125633502267118224e-01 3.386768522888070065e-02 -3.808887498204554523e-01 2.438601797468446800e-05 5.851221296904865081e-10 4.908360178098652646e-04 6.175305979389084314e+03 1.000000000000000000e+00 0.000000000000000000e+00
5.411807831407300373e-01 2.719366124239488980e-01 1.719797140453439288e-01 5.502677739024214310e-02 -3.358821029691844151e-01 0.000000000000000000e+00 1.268655394246551572e-04 2.457381107867187819e-09 9.765350108667407767e+03 1.000000000000000000e+00 0.000000000000000000e+00
4.046254588087456749e-01 4.196513379157016943e-01 3.474734543483591620e-02 9.793653346498154208e-03 -4.035521817296773839e-01 -3.098511098628549908e-05 0.000000000000000000e+00 9.354490166684078459e-05 1.445636024639933930e+04 0.000000000000000000e+00 0.000000000000000000e+00
4.211789229554376845e-01 3.928397378841901322e-01 2.907209502998671022e-02 1.765473207900322014e-05 -4.035890839456978130e-01 0.000000000000000000e+00 -4.694663896113741785e-08 -8.358365621492827623e-09 1.480058511185695897e+04 0.000000000000000000e+00 0.000000000000000000e+00
2.607541599340424954e-01 7.122313625626990330e-01 3.084814838505413933e-03 2.473439459945774854e-01 -3.367453722576777553e-01 6.047764939876474874e-06 5.683989605147062510e-09 0.000000000000000000e+00 1.550203716145567887e+04 1.000000000000000000e+00 0.000000000000000000e+00
4.390481596527154307e-01 4.099721225896216792e-01 2.527116502554045620e-04 3.028753860738930999e-05 -3.702348719367269392e-01 -3.916084093377289775e-05 -7.608229698176194322e-02 0.000000000000000000e+00 2.170393428268986463e+04 0.000000000000000000e+00 0.000000000000000000e+00
1.204443733606627154e-01 2.238022285507678623e-08 3.643335137244245736e-01 5.572159621667670260e-02 -8.641133690216940000e-01 -3.348653618790667041e-06 -5.872198985911313701e-02 3.934668002079033883e-04 2.573444730215994787e+04 1.000000000000000000e+00 0.000000000000000000e+00
5.959649037209455713e-01 1.627921870155391116e-05 5.129206138581909186e-02 1.872408304867372782e-05 -4.093594994411085541e-01 2.161909034080202844e-09 -4.054896965954820417e-05 6.735899430503772007e-04 2.608368030452157836e+04 0.000000000000000000e+00 0.000000000000000000e+00
2.144183000484982116e-01 7.892114813315012078e-01 9.082589892900209936e-06 8.728869154967687782e-01 -2.843063047206251248e-01 -1.671927427619285237e-09 5.242484306941826467e-10 -3.226785930001607923e-05 2.864431611802936823e+04 1.000000000000000000e+00 0.000000000000000000e+00
5.480175405378243658e-01 3.628254061491802407e-01 6.846146570364901631e-10 2.531923712344743248e-03 -2.966853581532359341e-01 -2.277947035295584978e-05 0.000000000000000000e+00 7.312498331024814017e-05 3.137856097053051417e+04 1.000000000000000000e+00 0.000000000000000000e+00
2.866297038006735964e-01 6.157403252912286358e-08 7.004329963183696384e-01 2.923311158909920105e-04 -6.828243455729356981e-01 3.202267648583677611e-03 0.000000000000000000e+00 1.880456959341110152e-09 4.636910922987017693e+04 1.000000000000000000e+00 0.000000000000000000e+00
4.520731907481616019e-01 5.840448675504199549e-01 2.500793077702369131e-03 5.229728681791621231e-02 -2.618374225917147191e-01 3.556492648287010184e-10 5.159530981364888330e-02 5.138608863149981103e-10 5.098846054569037369e+04 0.000000000000000000e+00 0.000000000000000000e+00
3.967426325033504009e-01 5.706898527600745563e-01 2.153148274790700829e-07 8.348079685774268050e-05 -3.193003769096033340e-01 2.959641491385128195e-05 9.531354534615024687e-03 1.896497545339659470e-04 5.662478870426460344e+04 1.000000000000000000e+00 0.000000000000000000e+00
1.339758315538580047e-01 1.850240914282571863e-05 1.578922491006919698e-05 1.182938678604571026e+00 -8.692994047365533161e-01 1.458196685424494623e-09 5.759186908995165321e-09 -9.116299022061910041e-04 6.333846638862154214e+04 0.000000000000000000e+00 0.000000000000000000e+00
4.321185540357195820e-01 1.295378018319747471e-01 8.055784808267713037e-01 4.216088833210498987e-02 -4.575372925084089659e-01 4.400709797459159013e-07 5.390170236559482907e-10 -8.520967580707360892e-05 6.729064744068957225e+04 1.000000000000000000e+00 0.000000000000000000e+00
1.516014397761583921e-01 2.434933266780245646e-04 1.454929568547747298e-01 1.137288456635796363e+00 -8.463025429262468480e-01 9.888460813670657481e-10 2.581757132941627367e-09 1.556405005714767327e-04 6.866009212588185619e+04 1.000000000000000000e+00 0.000000000000000000e+00
4.198139193884619647e-01 6.038861763510953162e-01 2.779462243946419524e-07 3.626697771159338929e-05 -2.906404057304736721e-01 2.633928676932417376e-02 2.622588163003460349e-09 2.800635432785346572e-08 7.510959734800268780e+04 1.000000000000000000e+00 0.000000000000000000e+00
2.949511606518545603e-01 7.485657042750515355e-01 8.187437390508375823e-02 1.708682585845226198e-01 -1.739194774878176641e-01 -6.626741901178919477e-06 -1.642572842940500377e-01 -1.149292453574467660e-01 7.749744552403953276e+04 1.000000000000000000e+00 0.000000000000000000e+00
3.720159233467243975e-01 6.854265984949922119e-01 3.248769193610093198e-02 2.197696807442121869e-02 -2.471612641413168943e-01 -1.890550824803859118e-06 1.243483682365166816e-09 2.171071630993264641e-04 8.072764823330723448e+04 1.000000000000000000e+00 0.000000000000000000e+00
5.797466271555989925e-01 5.034255521882796680e-01 2.481423922723325471e-05 8.240852518633561930e-08 -1.808956248023482760e-01 5.877731195283360001e-10 -5.664454782730733717e-03 4.414605448079620548e-04 8.946227224793126516e+04 1.000000000000000000e+00 0.000000000000000000e+00
2.601190018957483252e-01 7.983231829953597591e-01 1.890354308071204026e-01 4.472092156454768785e-05 -1.327934844512829449e-01 2.554950454397815629e-09 -1.245915339410566397e-01 3.600558631721366529e-04 9.448451774425308395e+04 1.000000000000000000e+00 0.000000000000000000e+00
1.205256204027536360e-01 5.059837190901979032e-01 5.343426885967281770e-01 2.288424245746942926e-04 -5.209094925146875443e-01 2.442929322211385978e-03 0.000000000000000000e+00 4.116248452222526222e-03 1.002394956742618233e+05 1.000000000000000000e+00 0.000000000000000000e+00
1.701179556990737585e-01 4.954891913565255268e-01 5.879805070764102526e-01 9.777653376102103389e-01 -3.154614518303212600e-01 4.233916430048435966e-05 6.606522551420340034e-03 4.129076594637712521e-04 1.025569200085508492e+05 0.000000000000000000e+00 0.000000000000000000e+00
3.387264763890081021e-01 0.000000000000000000e+00 1.215376300105817764e+00 3.648882774109233479e-02 -5.507747583561107829e-01 7.608742995450561489e-10 -2.151463899828557486e-02 0.000000000000000000e+00 1.027585361500390281e+05 1.000000000000000000e+00 0.000000000000000000e+00
3.200103752158601766e-01 1.668073561963759604e-04 1.273391934625188959e+00 0.000000000000000000e+00 -5.253157328218794886e-01 5.858475027034106490e-09 0.000000000000000000e+00 7.244553061083482657e-05 1.046665136074901966e+05 1.000000000000000000e+00 0.000000000000000000e+00
1.657111682616981274e-01 4.215760809144755150e-01 8.105250924302747073e-01 3.692010484587056329e-02 -4.018281178573819834e-01 3.815754925522844987e-07 -2.425565027664752446e-02 0.000000000000000000e+00 1.047007190418902173e+05 1.000000000000000000e+00 0.000000000000000000e+00
3.616584787543301038e-01 0.000000000000000000e+00 1.297658064690333513e+00 3.895914506906401897e-02 -3.528375402481269685e-01 -1.331013195549998643e-05 -2.297119402657076329e-02 4.804359427757719889e-07 1.047100842514241813e+05 1.000000000000000000e+00 0.000000000000000000e+00
4.109504032832166365e-01 1.993156754205228744e-06 1.393317557798334549e+00 3.368210964409734995e-05 -1.301342943730185997e-01 0.000000000000000000e+00 0.000000000000000000e+00 0.000000000000000000e+00 inf 0.000000000000000000e+00 -9.000000000000000000e+01
8.695665471384105283e-01 2.852114466613119652e-06 8.177582598673137360e-02 1.706625933636132797e-01 -1.340920376428390015e-01 -1.602144300375717633e-04 -3.923594969355684563e-08 1.066641208522583067e-01 inf 0.000000000000000000e+00 -9.000000000000000000e+01
1.248465685344657849e+00 2.532194524061430300e-03 1.836622571464309028e-03 8.995355322611509052e+00 -4.176557881661815963e-02 -3.913959931018408389e-02 0.000000000000000000e+00 1.048967271214711445e+03 inf 0.000000000000000000e+00 -2.000000000000000000e+01
1.186071037060594108e-01 6.506446831875258852e-01 1.227700373468045505e-09 4.540428188747587003e-03 -5.337319666772672999e-01 1.338161846659257832e-09 -8.160262430948530380e-08 1.232732871944953415e-04 inf 0.000000000000000000e+00 -9.000000000000000000e+01
4.524237284014728799e-01 1.429940281476157760e-01 -8.462433469063819214e-01 1.025571923189867313e-01 -5.426740576421812401e-01 4.464589235874752070e-10 3.186598475625659205e-02 4.104365654496104881e-10 inf 0.000000000000000000e+00 -1.000000000000000000e+01
7.127138444303100506e-01 3.028197320232068335e-01 4.043717826082511346e-05 1.719045716319585748e-01 -1.463907544311082720e-01 -1.186810759137913590e-02 -1.066561210855217490e-01 -7.549580335661441877e-02 inf 0.000000000000000000e+00 -9.000000000000000000e+01
8.715153138573538771e-06 3.941414010421266108e-05 1.126145038164372090e+04 2.560724738891877184e-02 -4.977743134228031496e-01 3.359159667972670248e-06 3.962748091590501717e+05 -5.991412213721480839e+03 inf 0.000000000000000000e+00 -2.000000000000000000e+01
4.919298112732896078e-01 5.281011209257373551e-01 2.852366132593023851e-01 -2.603042462488651398e-02 -2.015258680636375366e-01 6.213159181023480730e-06 2.097335459584068396e-06 0.000000000000000000e+00 inf 0.000000000000000000e+00 -9.000000000000000000e+01
0.000000000000000000e+00 5.991412213738411992e+03 2.446065422231989347e-02 0.000000000000000000e+00 -3.917461832059731023e+03 4.809673282441105694e+07 3.724213740456743632e+06 -6.462309160303136650e+02 inf 0.000000000000000000e+00 -2.000000000000000000e+01
3.232829274613405746e-01 6.785938848878912966e-01 4.154026103275860419e-04 5.880146126425312217e-03 -3.392969424439456483e-01 -1.595940175707086146e-06 -1.626423396670831009e-02 2.049793917773453433e+00 inf 0.000000000000000000e+00 -3.000000000000000000e+01
1.921987298658883736e-01 4.889615355655502205e-01 9.400808341626871734e-01 8.838154028807043705e-02 -7.219900474236740084e-02 1.112947249346263363e-09 2.783852053031453463e-08 8.737377872201064679e-08 inf 0.000000000000000000e+00 -8.000000000000000000e+01
1.003484926268553012e+00 1.299202957413072140e-08 9.459079223023245109e-02 1.872577992414481971e-04 -9.256208239984454219e-06 4.267268883518256777e-06 1.253070956854302181e-03 1.064146412590115109e-01 inf 0.000000000000000000e+00 -1.000000000000000000e+01
4.418695176180003625e-01 4.643082040595394311e-01 1.657010691067501429e-01 5.414100215921008510e-09 -1.021823259491625890e+00 9.639516082298048332e-06 -7.016468118305230431e-08 4.821680176247619784e+03 inf 0.000000000000000000e+00 -3.000000000000000000e+01
9.587903569103130019e-01 2.743121214610041818e-03 2.832364091458688254e-02 1.343617345865526502e-01 -4.213434185641024010e-02 -1.132360437391025099e-02 -4.478667754566565456e-09 -9.235174755853806485e-04 inf 0.000000000000000000e+00 -9.000000000000000000e+01
9.829326894003498349e-01 0.000000000000000000e+00 4.474105966692827341e-01 4.620958460129134249e-01 -8.222209918959910680e-05 0.000000000000000000e+00 4.362073576192394208e-06 6.862423113230757582e-08 inf 0.000000000000000000e+00 -9.000000000000000000e+01
8.520734276306898280e-01 2.059391970104386405e-02 -1.534366585392047659e-07 6.812685838602156648e-04 -2.381171965433196910e-02 -2.767307959827769448e-01 -1.419289091487644261e-09 0.000000000000000000e+00 inf 0.000000000000000000e+00 -9.000000000000000000e+01
4.402723988044792147e-01 5.190139809396352592e-08 3.057447213919994459e-05 0.000000000000000000e+00 -5.674622029035509829e-01 0.000000000000000000e+00 -4.811084654777518040e-10 0.000000000000000000e+00 inf 0.000000000000000000e+00 -9.000000000000000000e+01
1.513621451770177095e-01 5.076592094421496226e-03 1.896185115404397936e-01 0.000000000000000000e+00 -8.449667005486264371e-01 9.872852417932335819e-10 -9.649783785895370438e-09 1.553948305352996560e-04 inf 0.000000000000000000e+00 -9.000000000000000000e+01
2.313012512738879534e-01 1.965507317064401824e-04 1.174436585925555110e-01 1.405737837199443119e+00 -3.971567996679549184e-01 -6.311476003752601871e-01 2.084025301600988264e-09 7.871414675134636996e-01 inf 0.000000000000000000e+00 -9.000000000000000000e+01
1.005794938568341790e+00 1.291725299776340987e-08 9.466017539541544956e-02 4.837059289600398646e-05 2.461286860249012678e-03 1.075222808786739910e-09 3.044156236944695417e-08 2.030179472304775509e-02 inf 0.000000000000000000e+00 -9.000000000000000000e+01
5.626604412728758220e+00 2.049494072464318598e-07 3.207233357285855152e-06 4.638666834856545149e-07 -3.009865150683648525e-05 1.938483788477279575e+02 -4.240332563719279699e-08 1.882450668439013642e-07 inf 0.000000000000000000e+00 -2.000000000000000000e+01
5.045009933355201759e-03 3.990144220017295684e-02 2.646719226400361200e-03 8.677829142290219953e-06 -6.282375059055008912e-04 0.000000000000000000e+00 9.219027088798641278e-06 4.708675937798188077e-02 inf 0.000000000000000000e+00 -1.000000000000000000e+01
9.448945160803054466e-02 7.911655637231986837e-01 2.728460899088313151e-09 2.602980879130241167e-08 4.122285919894389528e-01 -8.357328844055486334e-04 -8.773321102673095062e-01 -2.084551130439468930e-04 inf 0.000000000000000000e+00 -1.000000000000000000e+01
5.349472729858207876e-01 7.694887200006250705e-01 2.903193918600827962e-07 4.627951551086744835e-05 -1.480944496347758217e-02 6.726217720435395415e-05 0.000000000000000000e+00 -1.024544028002271122e-08 inf 0.000000000000000000e+00 -9.000000000000000000e+01
8.609221499368371333e-01 8.689599270312970086e-05 3.868588829556842677e-09 7.851308517176895532e-05 -9.650566719029933646e-04 -3.308017988570531864e-01 0.000000000000000000e+00 1.333086758645660327e-04 inf 0.000000000000000000e+00 -9.000000000000000000e+01
5.838863433979894602e+00 1.700639835139774902e+01 2.018092604365866194e+01 1.913283877865270068e-07 -1.138188639663859775e-01 2.457991441722021477e+02 1.512002783113772968e-03 2.615243658221137160e-06 inf 0.000000000000000000e+00 -2.000000000000000000e+01
4.012606075669650219e-01 7.695749499817118503e-10 4.029608643786894984e-01 1.543833185045780709e+00 -5.814878296097544252e-01 -5.500098328942546864e-06 0.000000000000000000e+00 3.246095768477790249e-04 inf 0.000000000000000000e+00 -9.000000000000000000e+01
2.612809386875295514e-01 2.831555915827421107e-09 6.378070052136664350e-03 0.000000000000000000e+00 -7.583305358540419761e-01 3.408968476142010262e-02 7.181664782068955400e-07 -3.870828721296734054e-01 inf 0.000000000000000000e+00 -9.000000000000000000e+01
4.576865317790165810e-01 3.023095542009002767e-01 9.390173862329639354e-01 5.319972601859417755e-02 -2.094211436922437664e-01 -2.035851060398133469e-05 4.073790921701293504e-10 3.259032737361034803e-09 inf 0.000000000000000000e+00 -9.000000000000000000e+01
5.828612918946529664e-01 1.244097942805188453e-09 -1.174089013816501881e+00 1.519901454940602026e-01 -4.699144865275072802e-01 -1.344702091773441522e-04 -1.322016394337872442e-09 8.311301496819629609e-10 inf 0.000000000000000000e+00 -1.000000000000000000e+01
2.783590806590536815e-01 4.684002660381810235e-01 1.188989522113964364e-03 1.286917902650355883e+00 -5.157134242238557986e-01 -1.292538493977048258e-09 1.726930273777131930e-01 4.145523460682751732e-08 inf 0.000000000000000000e+00 -9.000000000000000000e+01
8.380401843175200316e-01 2.191619073547784952e-04 2.027065614869446447e-02 5.351627970291102695e-05 -1.662659796288318281e-01 4.275477475040728725e-03 -2.404519212120998298e-02 -7.262923673966496612e-05 inf 0.000000000000000000e+00 -9.000000000000000000e+01
5.994160551407773389e-09 6.077904413147671159e-01 3.526784008155425254e-01 1.183185802055756834e-04 -5.981937501361128673e-01 -1.909497878565231217e-04 -1.282249851553631044e-08 0.000000000000000000e+00 inf 0.000000000000000000e+00 -9.000000000000000000e+01
1.841860717451148377e-01 3.977011358063307633e-01 1.372293172367772741e-09 5.763146990113863360e-02 1.311807384133473313e-07 3.741028520849724467e-09 -1.095731152929536600e+00 1.048282342548144326e-04 inf 0.000000000000000000e+00 -9.000000000000000000e+01
1.087732393447462653e-03 1.455310926405570769e-03 9.682068568801322286e-03 5.204236882442601816e-05 -4.250908204277440740e-03 6.238362852203023541e-09 -1.469063864713527255e-05 -2.268644694732687039e+00 inf 0.000000000000000000e+00 -3.000000000000000000e+01
7.798368450686639086e-01 1.880445006837257926e-09 0.000000000000000000e+00 4.560360645323889120e-10 -2.282080690026516423e-01 -2.758070085812715276e-05 6.035440261465689925e-09 3.617323104469875199e-10 inf 0.000000000000000000e+00 -9.000000000000000000e+01
6.322015034016945846e-09 2.450248430343845878e-09 1.476134847981027232e+00 -5.407961941425345838e+07 -5.161451101103727623e+00 1.344546705080773312e-05 8.865784396816663780e-09 1.799470826720068551e-03 inf 0.000000000000000000e+00 -2.000000000000000000e+01
2.935780785790862990e-01 1.196417075288176272e-07 8.147360630334333775e-01 1.329066650311522491e+00 -1.289026810621593912e-03 4.349423707714295201e-06 2.000810868537482834e-09 -3.502596988861434325e-03 inf 0.000000000000000000e+00 -9.000000000000000000e+01
3.375570282681302214e-01 3.497873553792943402e-01 0.000000000000000000e+00 6.076346599418705908e-05 -2.953623997346139229e-01 0.000000000000000000e+00 8.024659206849028819e-07 2.269948711832063815e+00 inf 0.000000000000000000e+00 -3.000000000000000000e+01
7.849460726176768488e-02 5.570969846693846206e-02 0.000000000000000000e+00 1.416601004914120514e-03 1.330113785666731975e-02 5.824839658363982110e-06 -1.469686263624586431e+00 -6.025068521620244085e-07 inf 0.000000000000000000e+00 -9.000000000000000000e+01
1.413087002248900326e-01 7.651394331919268751e-10 2.701452292122963259e-09 5.762010024890670760e-09 -8.544246990342186931e-01 -7.980278764517317013e-04 -2.327759596727839442e-01 -4.305713408469463921e-05 inf 0.000000000000000000e+00 -9.000000000000000000e+01
6.697421069858965348e-01 6.952001402923779771e-01 2.558598564579272631e-07 -3.691414829439809697e-01 -1.506980937913715438e-03 6.620461329139171373e-10 2.359763856485395661e-01 9.389944676594343597e-04 inf 0.000000000000000000e+00 -1.000000000000000000e+01
5.940397470914231537e-01 4.930725953580624710e-01 1.166513694783487820e-01 1.144457763579598275e-01 -1.548816502317572064e-01 3.853086939915587641e-05 -5.281915084074890861e-08 -6.263509922708277658e-08 inf 0.000000000000000000e+00 -9.000000000000000000e+01
1.534160965774266916e-01 8.004318082300523329e-01 3.364910503348062486e-03 3.449479935467606451e-01 -3.554298386545351462e-01 4.721248012151257339e-10 7.270011976605845440e-09 1.163201916256935279e-04 inf 0.000000000000000000e+00 -9.000000000000000000e+01
2.812217575308893491e-01 5.664043848861574082e-01 7.929475722633185289e-05 6.634456955834361347e-02 -4.475782901547956660e-01 1.015359696190834793e-05 7.278098302295903099e-02 7.248585303224800675e-10 inf 0.000000000000000000e+00 -9.000000000000000000e+01
7.430352267807908140e-01 3.092000702702841011e-02 1.172333857163779802e-01 3.222005979857956135e-08 -2.387645330272464006e-01 4.571861400306398246e-10 -1.523317720713832091e-01 4.402221077689855632e-04 inf 0.000000000000000000e+00 -9.000000000000000000e+01
8.648844521766369711e-09 2.817169650670917416e-02 1.707723035209047779e+00 6.736260600613556060e-04 -3.112532496587045859e-08 2.302853434974875240e-08 2.672727684237301005e-01 -1.053634311344668943e-07 inf 0.000000000000000000e+00 -9.000000000000000000e+01
2.305184982837648611e-01 6.096242213648962460e-01 2.312182555851251340e-04 1.017631548334767787e-02 -4.568709996105942417e-01 0.000000000000000000e+00 1.385953414709664927e-03 0.000000000000000000e+00 inf 0.000000000000000000e+00 -9.000000000000000000e+01
6.889552090055949263e-01 8.146429836214805903e-03 2.630133061406494249e-02 1.241625920209915542e-05 -3.193400495796203664e-01 0.000000000000000000e+00 1.303428773794368944e-01 0.000000000000000000e+00 inf 0.000000000000000000e+00 -1.000000000000000000e+01
2.648531861349323058e-01 4.971646838710332972e-01 1.724120691025589406e-09 -1.237262110997230588e-02 -1.184155883401915715e-01 -3.154735903108920603e-01 -2.033855524926954372e-01 -6.291393090440712266e-01 inf 0.000000000000000000e+00 -9.000000000000000000e+01
7.253641447178753310e-02 7.297756656015924952e-10 6.452172761364205657e-10 6.014675007174838297e-09 -9.316241532158833216e-01 6.972199503671581428e-06 -7.599052944663454989e-02 0.000000000000000000e+00 inf 0.000000000000000000e+00 -9.000000000000000000e+01
4.639397181481589305e-01 7.118290773547732986e-01 4.591882799264521180e-09 7.967523259691522419e-05 -1.401484565239230207e-01 4.553758311078745488e-10 -4.459592113020369175e-03 6.804797535736647301e-08 inf 0.000000000000000000e+00 -9.000000000000000000e+01
8.801048826798441027e-02 4.944065433104221148e-07 2.724002993445852022e-09 1.985145293184557014e-01 -9.197363804394638187e-01 0.000000000000000000e+00 -9.661698117378256159e-09 1.051038031800726608e-02 inf 0.000000000000000000e+00 -9.000000000000000000e+01
1.137187740066426324e-07 1.759016122890525585e-02 1.736389147616955289e-09 1.287723241683786712e+00 -1.064050454688865305e-01 -2.284358246215423393e-05 -8.453152568108294185e-01 0.000000000000000000e+00 inf 0.000000000000000000e+00 -9.000000000000000000e+01
4.404410894227347301e-02 8.184001843155398521e-09 9.053337126354861208e-01 2.061138906017424138e-02 -9.686569155275803755e-02 1.387169627479125110e-06 -5.893446605798871030e-01 2.384197797229746216e-08 inf 0.000000000000000000e+00 -8.000000000000000000e+01
0.000000000000000000e+00 5.147515136020156586e-04 4.600193890284776654e-01 6.412115745053517292e-09 -1.019709645679792276e+00 8.745160260176788880e-02 1.123094211495306800e-04 4.638528839370483214e-01 inf 0.000000000000000000e+00 -1.000000000000000000e+01
2.754292539158059474e-16 1.032540201210510724e-08 8.060496000721036082e-12 1.075562709594282004e-10 -8.731975775669133042e-09 -1.227591122350755848e+00 -2.573383371844096997e-09 -1.900160786949898242e-09 inf 0.000000000000000000e+00 -9.000000000000000000e+01
1.099070652855101971e-01 7.557246141945825002e+00 0.000000000000000000e+00 5.435403955937958997e+00 -4.260034183380519424e-01 1.434716917299052015e-08 7.347968556476556046e+01 6.972087528603678483e-04 inf 0.000000000000000000e+00 -2.000000000000000000e+01
5.540362157008589950e-06 7.364143253848866033e-01 1.038778887804202083e-03 4.634551960972593809e-03 -5.318547905557514666e-01 0.000000000000000000e+00 5.486714284009386458e-07 -1.385890848467390857e+00 inf 0.000000000000000000e+00 -9.000000000000000000e+01
7.859133616703726233e-01 3.741549257713017718e-01 6.554908747858174609e-04 -5.001266846993279724e-01 -2.214094676323039934e+01 1.112053117429728627e+04 3.973454401165778984e-06 -7.520702025553804501e-03 inf 0.000000000000000000e+00 -3.000000000000000000e+01
7.765373295071470610e-11 1.227591139918309926e+00 7.573947002198829188e-18 1.651863637463235367e-12 -1.029643731807702642e-10 -6.119194986532591172e-19 3.930652712523241161e-18 0.000000000000000000e+00 inf 0.000000000000000000e+00 -9.000000000000000000e+01
8.008964152022709504e-01 5.199441419878069182e-01 -3.584878031600142179e-01 -3.329377793790138827e-05 -2.365973891720831671e-03 1.573515166542047150e-02 1.063619504647973501e-09 1.189222569822029438e-04 inf 0.000000000000000000e+00 -1.000000000000000000e+01
4.613507687208223129e-01 0.000000000000000000e+00 9.759343184478933564e-01 9.167867839965058163e-01 -3.361551541320521586e-01 6.881713107175132863e-07 4.098356294616337955e-09 3.080600752676430990e-05 inf 0.000000000000000000e+00 -9.000000000000000000e+01
5.211400023370718060e-01 7.875655091498445781e-01 3.723735620631816318e-02 9.368809030778819935e-02 0.000000000000000000e+00 3.503786750530935961e-10 1.428781523173704500e-09 2.494594079392859192e-04 inf 0.000000000000000000e+00 -9.000000000000000000e+01
2.379144321382505312e-01 3.407628585313484115e-01 6.331993480346147507e-01 8.678357357856022744e-10 -1.854834195869498742e-02 3.668101615494140505e-06 -5.068073059611690745e-01 2.469823574865577798e-07 inf 0.000000000000000000e+00 -9.000000000000000000e+01
3.751340356132504272e-01 7.717043018329723392e-01 4.462709585597972599e-04 8.992026776951137727e-05 -1.724642189702476069e-01 4.258129082207020633e-05 6.112627742862486300e-09 -7.868071006693500014e-02 inf 0.000000000000000000e+00 -9.000000000000000000e+01
4.141687251131729794e-03 1.690584760229839242e-09 2.447229023099252337e-06 2.277315598567809296e+00 0.000000000000000000e+00 1.097439254865108635e-10 -9.455507803132090620e-12 3.493793203395717195e-06 inf 0.000000000000000000e+00 -2.000000000000000000e+01
3.980109037345068388e-06 5.277002461860800242e-01 3.842380119567845309e-01 1.452680525622517038e+00 -5.758554017315778983e-01 -3.386022749994959477e-09 0.000000000000000000e+00 8.527475461181902028e-02 inf 0.000000000000000000e+00 -9.000000000000000000e+01
4.459646509758321158e-06 5.777966341590076160e-01 5.522346857814923761e-10 2.328171232101519073e-09 -7.782566909080510520e-01 -4.955733988941811750e-05 -1.006071191187373469e-07 8.570930829740614598e+00 inf 0.000000000000000000e+00 -3.000000000000000000e+01
4.951925328334774723e-02 5.404323444750544492e-02 0.000000000000000000e+00 1.242260773725464423e-01 2.103563777856693266e-07 4.955735064241101006e-09 -1.424198178381319790e+00 -8.337295461017381887e-09 inf 0.000000000000000000e+00 -9.000000000000000000e+01
7.502904737627797971e-01 7.560796107699113949e-05 3.362794318220929653e-09 6.797561169382483658e-05 -2.618201132401366538e-01 2.641508419330210731e-05 9.354207404008614557e-02 7.784996370829623275e-04 inf 0.000000000000000000e+00 -1.000000000000000000e+01
0.000000000000000000e+00 1.289989076890744272e-03 1.549156066658824232e-04 3.404502045876084244e-09 -6.724467531209563642e-01 4.370845421343095565e-09 -1.336911942406649345e+00 -8.801158127330315082e-09 inf 0.000000000000000000e+00 -9.000000000000000000e+01
3.990281492714281564e-01 2.407516290200344616e-07 3.362801002879655938e-04 5.879221347939938918e-05 -6.328609714392329222e-01 5.351397920258219726e-02 9.161360570007279214e-02 -1.022473277902598117e-05 inf 0.000000000000000000e+00 -1.000000000000000000e+01
1.720375574747625917e-08 3.982478653668267143e-02 -1.037021669222528975e-01 0.000000000000000000e+00 -9.968025778686514515e-01 7.814547521906907512e-10 9.377457026288289842e-09 4.343514001912327210e-04 inf 0.000000000000000000e+00 -1.000000000000000000e+01
5.924333783748555460e-01 3.088095050122585780e-04 3.439191170565720213e-01 1.944147431190314105e-05 -3.939297269193844930e-01 1.502722652127778980e-06 -5.270348885542546630e-02 3.531398232500280792e-04 inf 0.000000000000000000e+00 -9.000000000000000000e+01
8.174386650935140653e-05 4.691807722726086186e-05 1.475994340417846051e-01 7.884171740251052498e-05 -1.743456402104301417e-01 0.000000000000000000e+00 -1.343253909803086676e+00 6.347270283719775948e-10 inf 0.000000000000000000e+00 -9.000000000000000000e+01
2.816902460273289026e-04 -2.723681227775036351e-02 6.282300450969206308e-05 2.032881496734995151e-05 -9.412089685077062685e-10 6.899622212674561047e-10 -1.556389273014306518e+00 3.072940985476905071e-10 inf 0.000000000000000000e+00 -9.000000000000000000e+01
3.681434829178438783e-01 5.158722876269943621e-05 1.622881034164459779e-01 3.403693444136870165e-05 -6.317255032318030983e-01 0.000000000000000000e+00 -5.355924780679546494e-10 5.213911623616073628e-10 inf 0.000000000000000000e+00 -9.000000000000000000e+01
1.401480354394118132e-02 3.226596592311096329e-02 6.393330360381343197e-07 8.342144966631656513e-05 -1.987026390660646402e-01 1.759539724440151720e-01 -1.589621112528517122e+00 6.442033015481200972e-08 inf 0.000000000000000000e+00 -9.000000000000000000e+01
4.553618305560067636e-01 2.501695266771534311e-09 2.253811080529730670e-01 -1.259926390160620002e+02 -6.608112759920502510e-01 2.999331922643731427e-02 -3.106835932251269736e-05 -3.794681921300056548e-01 inf 0.000000000000000000e+00 -2.000000000000000000e+01
6.977068059358582097e-01 4.904544152427342540e-01 1.066030348091573030e-02 7.064965278625755154e-04 -2.518245275114432830e-02 -6.050225069923493432e-02 5.275048772797181136e-09 0.000000000000000000e+00 inf 0.000000000000000000e+00 -9.000000000000000000e+01
5.562830099121387484e-01 3.497913830399143774e-10 1.237045596443425108e-09 2.882915378606045058e-09 -4.465401031947780486e-01 3.341869867925841522e-06 -1.064316983250265386e-01 -3.292287201520820994e-01 inf 0.000000000000000000e+00 -8.000000000000000000e+01
6.866109000464920564e-02 1.908875693746275859e-01 1.179087843484094345e+00 5.307843128018981810e-02 -4.755957298194377764e-02 -1.235302454443633412e-07 1.360058714354060911e-04 -3.545054859814512627e-01 inf 0.000000000000000000e+00 -8.000000000000000000e+01
1.203469868203405741e-04 0.000000000000000000e+00 0.000000000000000000e+00 1.330333038446418731e-09 -1.927948031351916502e-01 0.000000000000000000e+00 -1.485396324155226377e+00 7.187389490659228157e-07 inf 0.000000000000000000e+00 -9.000000000000000000e+01
3.284780667384209215e-06 5.879984138334659605e-01 6.987094122539930785e-01 3.805690570705617948e-02 -4.182415495886578349e-01 -1.800030477327730522e-08 4.823146836526060654e-10 0.000000000000000000e+00 inf 0.000000000000000000e+00 -9.000000000000000000e+01
1.352480597261349624e-03 7.122549248206055950e-01 4.118918182568655348e-04 2.100792303511281212e+00 -3.393496771310295333e-03 0.000000000000000000e+00 6.861204328639151718e-09 7.644150076988823206e-02 inf 0.000000000000000000e+00 -2.000000000000000000e+01
8.676454610803117085e-01 3.512038636053118473e-03 0.000000000000000000e+00 7.252789578387668697e-05 -1.391062016405934521e-01 3.424928412016399069e-05 5.035722550821774619e-10 2.288965041119934637e-02 inf 0.000000000000000000e+00 -8.000000000000000000e+01
1.007735906974190465e+00 2.429985151975449067e-09 0.000000000000000000e+00 5.893077763772796243e-10 -1.309572836393954606e-09 -7.628814702747929975e-06 0.000000000000000000e+00 0.000000000000000000e+00 inf 0.000000000000000000e+00 -8.000000000000000000e+01
4.228408947522139250e-01 2.310041869463899000e-05 7.278408844095485275e-02 2.589277699838656241e-05 -5.808863439382873084e-01 3.036788815776610108e-09 1.152905511774565030e-06 2.664937124048861839e-09 inf 0.000000000000000000e+00 -9.000000000000000000e+01
8.709153836964555613e-06 8.363874743553721958e-01 1.929988267656658348e-09 1.431298250077959633e+00 -3.984365527440946186e-01 -8.742650582491342476e-06 3.565571545331792772e-09 2.093546595424171914e-09 inf 0.000000000000000000e+00 -9.000000000000000000e+01
6.413322200235906934e-01 6.656542004236869481e-01 3.979816241229899606e-07 3.878715821699560418e-01 1.806167802633512960e-10 1.640758597611345095e-05 3.640296408567037737e-03 1.830549051165138996e-01 inf 0.000000000000000000e+00 -9.000000000000000000e+01
7.574485681248654598e-05 8.526624294938349724e-01 5.392456701378089967e-01 1.350752363554590108e-01 -7.017580638779706559e-02 0.000000000000000000e+00 0.000000000000000000e+00 1.049632209670600493e-09 inf 0.000000000000000000e+00 -9.000000000000000000e+01
6.332492997978056426e-01 2.465261577571059015e-01 9.987066071438028825e-01 7.359357145504659067e-03 -6.419131583771288396e-02 4.687090573308843550e-07 3.230487041295941505e-05 -8.191284474996490816e-02 inf 0.000000000000000000e+00 -9.000000000000000000e+01
5.216998908356993390e-03 2.169457285572989834e-07 1.682893010496520958e+01 8.465679547260615556e-03 0.000000000000000000e+00 8.599448750038999213e-04 2.923048179568811800e-01 3.794728053435876518e+02 inf 0.000000000000000000e+00 -2.000000000000000000e+01
2.790537456368159530e-01 1.402886351324026215e+01 8.598975100577371106e-03 1.216487776940437249e-01 -6.989557885142755111e+00 2.069506106917712529e+01 2.534858433974778454e+05 -1.577484563107993468e-06 inf 0.000000000000000000e+00 -2.000000000000000000e+01
8.282151014285422663e-01 1.439097162056686974e-01 8.889117164268515170e-01 4.001571190412726853e-02 -3.585505684375929480e-02 -9.312917872523257090e-08 1.025345255570921538e-04 -2.760717004761807924e-01 inf 0.000000000000000000e+00 -9.000000000000000000e+01
4.656065599867040272e-01 2.065148435372038613e-05 8.305947531966202391e-01 8.064266160786663640e-02 -4.922408335452654327e-01 0.000000000000000000e+00 2.836968499644134404e-09 3.535186135566913939e-09 inf 0.000000000000000000e+00 -9.000000000000000000e+01
1.005253031464777624e+00 3.977766662654863040e-03 1.474132276825219750e-05 2.743639057061943859e-02 8.997389384919554140e-10 1.117427127069792896e-06 1.104003994798237108e-08 -2.163264215357955276e-07 inf 0.000000000000000000e+00 -9.000000000000000000e+01
3.432481356159972630e-01 9.011240917937057837e-02 3.742888724839195565e-10 7.177717277801491935e-01 -4.003258438163794786e-01 -2.638866646250548429e-03 -9.945595182313177185e-01 8.674052402027265449e-04 inf 0.000000000000000000e+00 -9.000000000000000000e+01
3.819987653362625912e-01 1.893525324370244369e-06 1.261484294831378916e+00 1.979094030303754292e-05 -4.797193797246088742e-01 1.588527956686446510e-09 2.336459869626315259e-08 1.037838265035145158e-07 inf 0.000000000000000000e+00 -9.000000000000000000e+01
8.783883201508313476e-01 1.565140679150743841e-01 8.511091797734763320e-01 8.756604061130958128e-01 -3.048681509944239101e-09 0.000000000000000000e+00 6.580070925629648942e-10 2.236889510943111059e+00 inf 0.000000000000000000e+00 -3.000000000000000000e+01
2.354456161106655010e-01 4.177904888591629610e-03 1.560511641663713256e-01 6.663265148234119310e-10 -4.042728989807163886e-01 -6.424562548135989148e-01 -7.941524176670867801e-09 8.012451587021872657e-01 inf 0.000000000000000000e+00 -1.000000000000000000e+01
1.867291234487095664e-01 6.446943827216250803e-06 2.041751049148934937e-06 2.244191492876657090e+00 -4.543455169627587664e-01 -2.764701613561412990e-04 -2.019542492972249743e-09 7.462173352104969209e-04 inf 0.000000000000000000e+00 -2.000000000000000000e+01
1.982335235080061211e-06 2.551416642608341558e-07 5.218592255252717527e-01 1.827608258168673450e+00 -3.875410282381764882e-01 6.623807030948546522e-10 -4.252361071013902818e-08 1.156017271733196933e-01 inf 0.000000000000000000e+00 -9.000000000000000000e+01
8.806498572847464556e-08 1.414595273091736388e-08 7.784414307350407958e-01 1.165073094780826046e-02 -9.458667495405818082e-01 -3.063710730719950218e-02 0.000000000000000000e+00 6.590618924469083227e-04 inf 0.000000000000000000e+00 -9.000000000000000000e+01
4.086498951862226149e-08 9.436376525431683371e-02 4.598770098250080651e-01 1.263911697679792441e-07 -9.366130546334177076e-01 1.484984591796929226e-08 2.227476887695393756e-08 5.593814139024522755e-08 inf 0.000000000000000000e+00 -9.000000000000000000e+01
4.365069605979234879e-01 7.122869245778695507e-05 -3.688988773690677486e-02 7.088624682097068017e-06 -5.745284417124340015e-01 6.848912736325669307e-08 2.125025852525238082e-02 -1.545114713315071065e-04 inf 0.000000000000000000e+00 -1.000000000000000000e+01
3.822755200779125694e-03 -3.467431479958504870e-01 4.909077721863840810e-03 -8.923795737761227587e-01 -1.112394261590748723e+00 2.767372245168342047e-04 -4.078946620098426871e-07 6.751700732311333338e-03 inf 0.000000000000000000e+00 -1.000000000000000000e+01
5.749011326260227150e-01 4.771869137143389672e-01 1.128931267037899255e-01 5.046986840875314906e-01 -2.234335226998033974e+01 1.109784592748936484e+04 -2.815687395435701568e+00 0.000000000000000000e+00 inf 0.000000000000000000e+00 -3.000000000000000000e+01
6.989508037381561012e-01 3.100122040340456259e-05 1.246857154126117528e+00 9.477299033737709988e-02 -1.508593498534420603e-02 8.812300260442988689e-07 9.267743663326460778e-10 -1.573379722397862113e-01 inf 0.000000000000000000e+00 -9.000000000000000000e+01
8.007168437289548824e-06 7.961413189076464855e-04 0.000000000000000000e+00 4.357363797828333052e-01 -1.005785765520231578e+00 0.000000000000000000e+00 -2.113126901116917048e-08 2.298743670225296409e-02 inf 0.000000000000000000e+00 -9.000000000000000000e+01
2.553421034196574171e-09 1.299806939260882421e+00 6.958936744623583047e-04 5.106757568840485095e-02 -9.310644990546044375e-09 0.000000000000000000e+00 1.797160719878390656e-01 0.000000000000000000e+00 inf 0.000000000000000000e+00 -9.000000000000000000e+01
6.875220644988941920e-01 3.140816995563495565e-08 2.283810318058610289e-01 -3.256213930044502686e-02 -3.068870114891257828e-01 5.086989151956677712e-09 7.486913650824043855e-08 3.323735908623401600e-07 inf 0.000000000000000000e+00 -9.000000000000000000e+01
5.350768111134304554e-03 2.484285194455212922e-03 9.734098237889416067e-05 5.283678227765415416e-07 -3.216576030236164563e-01 0.000000000000000000e+00 9.368323074042344238e-06 9.368323074042344238e-06 inf 0.000000000000000000e+00 -9.000000000000000000e+01
2.998513463333451196e-05 1.227700818727257337e+00 1.208447215209947864e-13 2.052979692949793213e-09 -1.173522644768898653e-10 1.297560317067249962e-04 7.981780478817256199e-10 1.476891947149574682e-12 inf 0.000000000000000000e+00 -9.000000000000000000e+01
1.083478376860580177e-06 8.924313569459014772e-01 4.376117857364377091e-03 7.738558696921186107e-03 -4.303924274632716096e-01 3.278882568379491788e-10 2.882837763771856616e-11 -4.563284974410019765e-06 inf 0.000000000000000000e+00 -9.000000000000000000e+01
8.046576812976944382e+01 3.284511675361395330e-05 1.601408456118021476e-02 3.663227576335807356e+01 3.863616805623090089e-08 3.693435114503745455e+06 1.021029618320591003e+08 -6.354037131971863005e-04 inf 0.000000000000000000e+00 -2.000000000000000000e+01
5.221786521013263948e-06 6.940698620777752126e-01 4.368061197972109531e-03 0.000000000000000000e+00 -6.193609533124591060e-01 1.613421715559556084e-06 1.063871490461446207e-09 1.835715374147761680e-04 inf 0.000000000000000000e+00 -9.000000000000000000e+01
1.781141499777676987e-09 0.000000000000000000e+00 2.298661205256464623e-03 6.563561841470766378e-01 -1.179743658574702314e+00 1.396457093020959774e-09 7.152019110016420989e+00 6.786161761311527898e-05 inf 0.000000000000000000e+00 -3.000000000000000000e+01
7.044692186895956665e-01 2.815828999122657050e-01 5.232322249278827941e-01 1.254196295564187769e-08 0.000000000000000000e+00 0.000000000000000000e+00 -4.187905675058787858e-01 2.040891684849948356e-07 inf 0.000000000000000000e+00 -9.000000000000000000e+01
7.029983423964262235e-01 3.296443004501377061e-01 4.401920988076715746e-05 7.284956916025142441e-03 -1.593584325380499878e-01 1.302651807551111368e-09 1.915983700273093199e-08 8.510658476000594545e-08 inf 0.000000000000000000e+00 -8.000000000000000000e+01
5.360980355440564393e-01 1.410418004540360425e-09 2.735356130017668867e-09 1.437616147878604389e-09 -4.818624366174203977e-01 -3.068373305410365616e-05 -6.229151914267509163e-08 5.323432633106739864e+00 inf 0.000000000000000000e+00 -3.000000000000000000e+01
9.916368542251585705e-01 5.708720143714873769e-06 1.729833051995205651e+00 8.701808253473339002e-04 0.000000000000000000e+00 9.974914229609321876e-08 3.004579210950975021e-02 3.887699212670155191e+01 inf 0.000000000000000000e+00 -3.000000000000000000e+01
8.343492717835752082e-01 4.191706867812219905e-01 6.676244429992956567e-05 4.105646665889828588e-05 -1.536023536010058246e-03 6.748051129883934511e-10 2.255537505060861148e-01 -6.377001266102988388e-08 inf 0.000000000000000000e+00 -1.000000000000000000e+01
6.452036879599690744e-01 6.697289743444122534e-01 4.461927431063967594e-07 -3.027929588233188030e-01 -1.711314468031873882e-09 1.268551381847035861e-09 3.986948059370061763e-06 -9.373847440207883422e-03 inf 0.000000000000000000e+00 -1.000000000000000000e+01
1.663148405645744066e-01 1.864545282891908462e-01 1.130421181962341759e+00 1.466640873435711385e-09 -4.859511747746158572e-01 -1.570240899647985973e-04 -1.092253225387463701e-02 0.000000000000000000e+00 inf 0.000000000000000000e+00 -9.000000000000000000e+01
6.905732807216592439e-01 3.638077628322917700e-01 3.191090801004779740e-10 3.270200282916330164e-05 1.684677992660896500e-03 -2.308525622335814986e-01 -5.093308679652084475e-02 0.000000000000000000e+00 inf 0.000000000000000000e+00 -9.000000000000000000e+01
0.000000000000000000e+00 5.629117793595123966e-03 6.253631239375111450e-01 9.754305248373135173e-01 -3.058841367085652352e-01 -6.202650549923683920e-01 7.965732726785552638e-04 6.950367328544621026e-01 inf 0.000000000000000000e+00 -9.000000000000000000e+01
4.837558753896245012e-01 4.785987430244145109e-09 2.788039753142047177e-04 3.316216599042624987e-09 -5.273732084165578815e-01 5.994285469255401268e-03 -6.040752798474435369e-04 2.522866194398759032e-01 inf 0.000000000000000000e+00 -1.000000000000000000e+01
9.363062556863340768e-01 1.734876140962218760e-01 0.000000000000000000e+00 2.530811724071783259e-02 5.966632504472895692e-09 0.000000000000000000e+00 0.000000000000000000e+00 0.000000000000000000e+00 inf 0.000000000000000000e+00 -9.000000000000000000e+01
1.961150151826874659e-05 1.710400428468939471e-01 6.929034323637748294e-01 5.105927796647493321e-03 -4.371630488099525688e-03 -1.844281612166987373e-03 -6.950892476078245341e-01 6.062221965919264511e-04 inf 0.000000000000000000e+00 -9.000000000000000000e+01
3.976103539851845170e-01 8.890996281389202048e-10 -8.390674637983090989e-01 1.016447521465885240e-01 -6.517222343516557714e-01 -1.640843572598758782e-09 2.182372619617929943e-01 5.060628864630380317e-08 inf 0.000000000000000000e+00 -1.000000000000000000e+01
3.387092862012960892e-01 7.248037470474712933e-04 1.151241399001126542e+00 3.479636382832987374e-01 -2.770521654549535848e-02 7.478492527204269439e-05 -1.452933276874412150e-01 0.000000000000000000e+00 inf 0.000000000000000000e+00 -9.000000000000000000e+01
3.215107625954424231e-01 3.801647530689353151e-03 1.237381961988945900e+00 5.794224228903624645e-06 -5.717677886156786737e-01 0.000000000000000000e+00 0.000000000000000000e+00 0.000000000000000000e+00 inf 0.000000000000000000e+00 -9.000000000000000000e+01
7.650463824080242503e-01 3.710563007589839284e-06 2.572923845598414777e-02 9.567923836723272819e-10 -2.404431487568076120e-01 0.000000000000000000e+00 3.635962624725636201e-03 0.000000000000000000e+00 inf 0.000000000000000000e+00 -8.000000000000000000e+01
3.097960387640348867e-01 6.487493517646847341e-01 3.234635110624481825e-03 1.299121715864806152e-05 -3.148985617554425076e-01 -1.034172070579939852e-02 -9.293881162921045769e-02 -6.578609999636270134e-02 inf 0.000000000000000000e+00 -9.000000000000000000e+01
4.246808111335301228e-01 2.194402551092528766e-06 1.286911548889485335e+00 3.405791306143071098e-04 -1.190393182722773897e-02 -1.383429915056196557e-01 -7.095296279923760279e-10 0.000000000000000000e+00 inf 0.000000000000000000e+00 -9.000000000000000000e+01
2.026563560224860505e-01 6.317287787735427207e-01 2.172878399492616463e-09 4.397875864028202852e-01 -7.825272367965966378e-05 4.512367283291376041e-10 -7.006785274892390891e-01 -1.665145166671827635e-04 inf 0.000000000000000000e+00 -9.000000000000000000e+01
9.840213601712065605e-01 0.000000000000000000e+00 4.488862380063870505e-01 9.629491896097713832e-02 2.191864721899943933e-07 6.192368350783423669e-09 -4.708536689369282782e-08 -8.383064701296427404e-09 inf 0.000000000000000000e+00 -9.000000000000000000e+01
3.242797881838536123e-01 8.480473636577993968e-05 2.488356915556705698e-03 -6.073033399706510849e-02 -6.831801943232788110e-01 1.387585802662678447e-05 4.683982531830868820e-06 0.000000000000000000e+00 inf 0.000000000000000000e+00 -1.000000000000000000e+01
9.027330947302488265e-03 6.406935489954804913e-03 0.000000000000000000e+00 1.629172568377158618e-04 2.233509845320433285e-02 4.710164318010648421e-09 -1.927293999205248465e-01 -2.100267538086084240e+00 inf 0.000000000000000000e+00 -3.000000000000000000e+01
4.452249973172217046e-01 2.394544509387044504e-07 1.677359292218370213e+00 6.698141686051732429e-07 -7.334132707744931423e-01 1.076310727930671546e-06 -6.296029364920741056e-03 3.914114457034998509e+02 inf 0.000000000000000000e+00 -3.000000000000000000e+01
2.800099593295371503e-01 1.978916539492401871e-01 1.277994173350195162e+00 9.339274484849344540e-03 -2.033325525980713300e-03 6.860830337529211638e-06 3.156101780144582029e-09 -5.496990387478893798e-03 inf 0.000000000000000000e+00 -9.000000000000000000e+01
4.950879932704464748e-02 5.403182543840428370e-02 0.000000000000000000e+00 1.241998521389564569e-01 2.252343267272437298e-07 5.479302979389469497e-09 -1.423897517435595228e+00 -7.793051745923694181e-04 inf 0.000000000000000000e+00 -9.000000000000000000e+01
0.000000000000000000e+00 1.608380549663407919e+02 5.766124590812066446e-04 6.874205473032178300e-04 -1.280449019454352015e-02 -1.378945097873917648e-03 8.847706782897570520e+03 -1.260270168427630328e-09 inf 0.000000000000000000e+00 -2.000000000000000000e+01
4.270406906624476528e-01 2.264980727424105965e-03 2.200919832381397803e-08 4.698304617021625135e-03 -5.798350662205711270e-01 6.706675605940980558e-07 6.626111431705268757e-09 -3.334656255321629472e-07 inf 0.000000000000000000e+00 -9.000000000000000000e+01
5.891426961023001896e-01 1.766095186279519891e-01 1.098311270561754149e+00 1.182950549300433168e-01 -9.696862249195099814e-02 -2.181301001534844035e-06 1.521412958165510740e-08 0.000000000000000000e+00 inf 0.000000000000000000e+00 -9.000000000000000000e+01
5.444706629752242439e-09 6.325625018663225685e-01 3.612264813289263188e-01 1.451564477966929667e+00 -2.804915304328298720e-01 1.173699954634778182e-03 -1.262576617104278568e-08 0.000000000000000000e+00 inf 0.000000000000000000e+00 -9.000000000000000000e+01
4.418987956444195841e-01 7.457042176499580899e-01 2.005688558888578908e-03 1.476343703630220050e+00 -6.998823254879656119e-02 -1.204516509234736260e-04 -6.032953614340473399e-10 -3.057265185653052322e-05 inf 0.000000000000000000e+00 -8.000000000000000000e+01
1.257535033318441797e-01 5.676373414284633517e-02 0.000000000000000000e+00 1.633048966878810071e-01 -8.173977716569872376e-01 1.415815324678256206e-08 1.336696233005059690e-07 -2.783606193543426005e-02 inf 0.000000000000000000e+00 -9.000000000000000000e+01
8.557788656133296090e-01 3.315259035175605606e-01 1.337154477520827514e-02 8.050726693492844604e-05 -3.979497946682957305e-06 1.726697414153961221e-06 3.794012872896887414e-07 -9.583308784347617237e-01 inf 0.000000000000000000e+00 -9.000000000000000000e+01
7.498402877345836165e-06 5.096641761516367275e-01 4.220045448314383579e-02 1.179657492115680911e-01 -7.482026524579015181e-01 -4.409134235010943599e-09 8.177293008544526045e-09 -3.248538846554749945e-03 inf 0.000000000000000000e+00 -9.000000000000000000e+01
1.992549474745443916e-01 4.031080860446552006e-01 2.935178649336557810e-01 1.130388644326742187e-01 -1.184034207108350251e-01 1.695601676577578910e-06 -7.203832716387373880e-01 9.442747267837207437e-07 inf 0.000000000000000000e+00 -9.000000000000000000e+01
6.887483987265682894e-02 3.522456096344449006e-01 1.094126027691348479e+00 6.198735588539114327e-02 -2.287628610056101630e-01 8.063904287551398067e-10 -4.773831338230427507e-08 3.797365837228749078e-09 inf 0.000000000000000000e+00 -9.000000000000000000e+01
8.256948694888347314e-06 3.803865967962827277e-01 7.847345540206777104e-01 -7.288052132167131781e-05 -6.629309718444401645e-01 -5.808047398387789930e-08 2.328277197355761336e-09 2.603223972292473850e-04 inf 0.000000000000000000e+00 -9.000000000000000000e+01
3.268726145038170898e+02 1.190635482318529795e-05 4.941697111566562732e-05 4.210613333826305683e-07 -1.748554579174247227e-03 1.482503816793894395e+06 -2.435390759287901892e-06 1.619295309518131276e+00 inf 0.000000000000000000e+00 -2.000000000000000000e+01
3.614811764119310600e-01 4.374612962946936023e-01 -8.718526887557402905e-01 4.748757492672660979e-02 -5.218836517199854086e-01 1.323896028260257082e-02 1.572488908195714480e-09 0.000000000000000000e+00 inf 0.000000000000000000e+00 -1.000000000000000000e+01
4.210342515033286825e-01 8.479985628869859404e-01 1.172692505631382765e-04 4.068229556573068587e-04 -1.450084955111596331e-02 -3.511707335382076994e-02 1.162549112745714010e-09 1.809710656838553673e-04 inf 0.000000000000000000e+00 -8.000000000000000000e+01
7.869141061965324651e-04 4.095532400754875681e-09 1.332589221284133041e+00 0.000000000000000000e+00 -4.070643636891375094e-01 -6.942051526321961159e-06 -7.303864262165231554e-03 -2.686000149150830629e-01 inf 0.000000000000000000e+00 -9.000000000000000000e+01
8.696491140445680070e-06 6.324546755725191360e+01 2.181121034419718567e-07 1.363681472894799629e-01 3.295339336832061150e+01 4.809673282442748547e+07 3.693435114503817167e+06 -1.666382068896111665e-02 inf 0.000000000000000000e+00 -2.000000000000000000e+01
1.260316425605323698e-01 6.824192664679810345e-10 9.084365275221762857e-09 3.289006094516187232e-07 -8.714746136743789506e-01 6.514654564548776128e-06 -2.076102639078537260e-01 -4.054506330435731637e-02 inf 0.000000000000000000e+00 -9.000000000000000000e+01
2.822046064233175167e-01 2.011365129632030069e-01 1.093761952845653029e+00 1.125312778408508407e+00 -5.293527399990179960e-01 -6.397635120506291455e-05 5.579041391798115608e-08 2.881642068074124374e+00 inf 0.000000000000000000e+00 -3.000000000000000000e+01
6.786800662443986942e-01 6.337343664931139875e-01 3.906413357289391180e-04 4.809862888422799067e-05 8.455506851672665618e-10 3.721699991612317863e-05 1.015777060728993566e-09 7.760624157055154848e-01 inf 0.000000000000000000e+00 -1.000000000000000000e+01
1.012366506534000177e+00 1.360659474670568433e-04 6.077164186330233048e-09 1.229395854761172367e-04 -1.149357062133491894e-04 1.405609260610273838e-02 0.000000000000000000e+00 -8.363428526525208431e-09 inf 0.000000000000000000e+00 -9.000000000000000000e+01
9.460124917873072858e-01 1.193567162535387749e-01 3.381658506894002418e-04 1.609105359862522677e+00 -7.690035345038956187e-03 -2.815050831536762487e-05 -4.006186077954426716e-02 0.000000000000000000e+00 inf 0.000000000000000000e+00 -9.000000000000000000e+01
1.209331253914712523e+00 0.000000000000000000e+00 1.356337117349299293e+00 1.289768424473259900e+00 -3.629640643468935637e-03 1.056530954715952676e-09 0.000000000000000000e+00 5.339696751230026166e+02 inf 0.000000000000000000e+00 -3.000000000000000000e+01
2.634599716462240337e-01 8.048406585747028275e-04 -1.239612943514925902e+00 1.477740225579782241e-01 -7.920687609107632809e-01 5.894829042295186725e-07 3.510624365608685741e-09 2.803748195854497555e-05 inf 0.000000000000000000e+00 -1.000000000000000000e+01
5.249817378100153364e-01 5.437310855889445627e-01 5.321506060784294417e-02 9.408769891048987537e-10 -1.858391235735033509e-01 1.207938143217642890e-09 -8.685359632886284487e-02 -9.693481733132012774e-06 inf 0.000000000000000000e+00 -9.000000000000000000e+01
9.400482655094219986e-01 5.671733978970601988e-07 1.057190304061764597e-04 4.114539158851441647e-09 -5.344297719368433786e-01 7.652920318168628420e-06 -5.570453015060412950e-08 3.827986163774251054e+03 inf 0.000000000000000000e+00 -3.000000000000000000e+01
4.654830951330649058e-01 4.341628868758517501e-01 3.213021364317559386e-02 1.951184848997992663e-05 -4.449629586886838517e-01 9.936066067805562896e-02 7.236048114597528613e-01 -4.731448163051377365e-09 inf 0.000000000000000000e+00 -1.000000000000000000e+01
0.000000000000000000e+00 5.964984984263733015e-04 5.334246390761525737e-04 9.325920632496924486e-05 -1.007567058804166304e+00 0.000000000000000000e+00 4.111064046934030570e-06 6.511531238722565597e-08 inf 0.000000000000000000e+00 -9.000000000000000000e+01
4.675008056506694820e-01 1.004289137965393885e-07 6.622221709735446379e-04 9.373949601357281156e-03 -5.393012706823422375e-01 1.783183838716963649e-09 2.624846610591370531e-08 1.749897740394247131e-08 inf 0.000000000000000000e+00 -9.000000000000000000e+01
7.080202549250570465e-01 7.134832407990872392e-05 3.173339624727924589e-09 2.655868214961901663e-05 -1.359804526060493790e-01 -3.641510425721322108e-01 -3.448127207899689484e-04 7.857793356469145734e-09 inf 0.000000000000000000e+00 -8.000000000000000000e+01
