4.234011204760045888e-01 4.017734328795162021e-06 1.744895755267386670e-06 2.126088366418108045e-05 -5.840824321247930495e-01 1.223384443797246321e-09 5.933003495243528757e-04 2.979814966677578491e-09 3.036857776985841610e+03 1.000000000000000000e+00 0.000000000000000000e+00
4.499983147505646763e-01 1.054074502979590395e-08 1.212433113755866840e-09 7.575875939537066990e-06 -5.579314898752388840e-01 -4.945856131764667367e-05 6.698569235836495869e-07 5.381718413100021527e-10 6.906610564490677461e+03 1.000000000000000000e+00 0.000000000000000000e+00
3.546693507611066165e-01 4.650318880990041426e-01 2.490231611726918537e-01 6.153359954403341686e-04 -3.933434023068655416e-01 2.485067493046996474e-08 7.736318711386124524e-08 7.369293358566876128e-04 1.397424532930970781e+04 1.000000000000000000e+00 0.000000000000000000e+00
3.723039604899186505e-01 4.259079338588860342e-01 7.614200762637407427e-06 8.994274650865437194e-05 -4.366287285326794776e-01 -1.371150996709314417e-05 2.672220116282049193e-09 1.111197423797396637e-04 1.418136423143729371e+04 0.000000000000000000e+00 0.000000000000000000e+00
4.321031385756622378e-01 3.688447962166125360e-01 2.898707094277365144e-04 0.000000000000000000e+00 -4.097194174332292604e-01 6.139556665256321174e-04 4.856522377625356168e-04 3.274410421558191690e-06 1.566912312998024390e+04 0.000000000000000000e+00 0.000000000000000000e+00
4.495456458282127699e-01 3.449774195159980850e-01 0.000000000000000000e+00 4.776501520549920369e-09 -4.045910812453915040e-01 1.416640450972854379e-05 -4.258868555766812878e-05 3.844501223857252887e-08 1.578407813058302781e+04 0.000000000000000000e+00 0.000000000000000000e+00
2.406939290027915734e-01 4.337453483472986093e-01 3.443154273073075736e-08 2.847287437361872693e-06 -5.637696976230334167e-01 4.827060915084978917e-04 1.046405347164605263e-09 2.695835977927730672e-06 1.715767128988804325e+04 1.000000000000000000e+00 0.000000000000000000e+00
3.747425941608336641e-01 4.609333908178253614e-01 3.337951497518716815e-06 8.943136860161496088e-05 -4.131537100623191017e-01 7.817739722507702175e-10 4.279654088092787354e-07 3.682468118890028160e-05 1.829931094444636256e+04 1.000000000000000000e+00 0.000000000000000000e+00
4.557041794686244596e-01 3.696484545904292762e-01 -7.998010207906657064e-06 -1.365630399678390157e-04 -3.852949500228284307e-01 -4.488155798221872955e-08 -3.426013327864492984e-05 1.260472326448675330e-09 1.849373422230349752e+04 1.000000000000000000e+00 0.000000000000000000e+00
5.249589819149090841e-01 2.116240895844477277e-01 3.385675092936256755e-09 3.314783701098602171e-08 -3.953597332546659460e-01 6.316667465810315603e-08 1.501919694657065738e-06 1.183152884462922964e-08 1.855716797164669697e+04 0.000000000000000000e+00 0.000000000000000000e+00
3.887442454240859213e-01 4.622904540178319199e-01 7.312833240855425368e-03 1.658118642222457081e-09 -3.973405555194588490e-01 2.220313374993161448e-08 8.681994607345053998e-09 -7.939647518643032365e-03 2.026184389654657934e+04 1.000000000000000000e+00 0.000000000000000000e+00
5.546715354668961817e-01 1.500263453438618333e-01 1.790935800126505398e-05 2.160677384668751436e-05 -3.928134594176824201e-01 3.256903410713926784e-06 4.557065029483185216e-04 6.064944509626994873e-09 2.185835483833282706e+04 0.000000000000000000e+00 0.000000000000000000e+00
4.862188464949465661e-01 3.814748928617266999e-01 3.630628697621372608e-06 1.757352545553823311e-08 -3.491465121107328873e-01 6.225738949312475609e-04 1.048245378049649096e-06 2.515788907319157577e-06 2.353692058022090714e+04 1.000000000000000000e+00 0.000000000000000000e+00
5.590344947717440505e-01 2.734206487980227540e-06 6.831852784362761610e-03 1.625576423792492891e-09 -4.486295632024027702e-01 9.662060671537707992e-09 2.156346319713697314e-03 1.033677124688153455e-03 2.513780045855181379e+04 0.000000000000000000e+00 0.000000000000000000e+00
4.872040349249381341e-01 3.983492006865785307e-01 7.438428133923653967e-10 1.945892799834427818e-08 -3.374486963209612500e-01 1.178990859226899199e-09 6.565811252676801815e-06 -8.579732940852841452e-03 2.627907825644309196e+04 1.000000000000000000e+00 0.000000000000000000e+00
5.181308083938034326e-01 3.861070927934592834e-01 1.628088556891312778e-06 5.165726627113653535e-10 -3.138677012385540088e-01 2.187546030356153382e-08 8.037499441851567860e-08 3.034452991248788996e-06 2.877016522589197484e+04 1.000000000000000000e+00 0.000000000000000000e+00
5.726662990273050369e-01 9.910934153804183949e-04 1.965250253469137155e-06 -6.630676862772663268e-10 -4.344746245516040162e-01 -8.834038428973516903e-10 -8.766534349552284342e-04 9.581649304467551348e-05 2.917094816602929495e+04 1.000000000000000000e+00 0.000000000000000000e+00
6.037678170395716082e-01 2.256489389371273978e-09 3.107987650416079578e-02 9.935832311263835359e-10 -4.025118780263810536e-01 2.627718288912999613e-09 1.267127977102423712e-06 7.341888573211102116e-07 3.007741497489072935e+04 0.000000000000000000e+00 0.000000000000000000e+00
5.742274768455888356e-01 3.091994106091632277e-01 1.402948204932710432e-06 -4.739786562540391609e-10 -3.101596572259618378e-01 2.292588797606761458e-02 2.031848126432409715e-08 5.766442217973669052e-09 3.108748611534878000e+04 1.000000000000000000e+00 0.000000000000000000e+00
5.754411428302619314e-01 3.112079650000396103e-01 2.102549881461549040e-05 2.799915502656537444e-07 -2.965283440094717005e-01 1.800987315510845792e-09 4.757668920529663308e-10 2.456459200997335474e-06 3.179165180103672537e+04 0.000000000000000000e+00 0.000000000000000000e+00
5.754459342674005384e-01 3.112105562874716846e-01 2.102567388439826796e-05 2.949268886483422006e-07 -2.965308130663645292e-01 1.141120897781486255e-09 1.041726569727005164e-04 2.568477207469106818e-06 3.220044185182386718e+04 1.000000000000000000e+00 0.000000000000000000e+00
1.394922572992765009e-01 5.869293594322498864e-01 7.400344802925771224e-05 -2.337943326274638262e-03 -5.637610952441347578e-01 1.231426802397679981e-05 6.444368732643361705e-07 1.470641769753401606e-03 4.957022625051977957e+04 1.000000000000000000e+00 0.000000000000000000e+00
5.632896904339391719e-01 4.254010682964644574e-01 8.543037007896458215e-10 1.894404794927999089e-08 -2.459502728196800159e-01 2.937784666596035563e-08 1.352313576687064124e-07 2.863465709256552766e-09 6.159971138191560021e+04 1.000000000000000000e+00 0.000000000000000000e+00
4.691704961295846688e-01 5.478766577896674317e-01 7.204423954196405372e-09 7.748944369339157085e-10 -2.616724335711844707e-01 5.361431779867092581e-09 -5.148193015895105451e-09 6.991185190224419069e-09 6.424072502378645004e+04 0.000000000000000000e+00 0.000000000000000000e+00
5.165857362192680657e-01 5.305098800526715230e-01 8.584729598567899998e-10 6.245325943610726598e-09 -2.269635444844762540e-01 -1.296039999141861819e-05 1.195118851667700493e-06 4.149718234957293299e-10 7.851565695188501559e+04 1.000000000000000000e+00 0.000000000000000000e+00
6.362880408663466048e-01 1.817091809012547424e-02 6.821741976595927480e-03 1.725211949746071124e-06 -3.641525403112014225e-01 1.137771679520034580e-09 -3.342041753108094572e-03 1.479686656032209146e-07 8.233805965077217843e+04 1.000000000000000000e+00 0.000000000000000000e+00
3.008033186915202717e-01 8.864733564087849960e-01 1.884592398220265286e-05 2.273669538497997278e-05 -1.334690222008732274e-01 1.338758775827462742e-08 4.754036307768539824e-05 1.805561104101350859e-05 1.046625829248012014e+05 0.000000000000000000e+00 0.000000000000000000e+00
6.510666142019805314e-01 2.121661117527259301e-04 1.241705563766204942e-09 2.741770246957225434e-08 -3.559635945039089644e-01 4.251852936819820488e-08 1.997695983013756915e-07 4.144291180977652469e-09 1.100582715863173653e+05 0.000000000000000000e+00 0.000000000000000000e+00
6.623609122787973424e-01 7.095049380252929778e-06 9.267003272167092888e-06 -1.241520518945725543e-08 -3.454145731654473250e-01 6.327795355674398590e-10 6.964732146738079873e-06 1.990957734254648883e-06 1.114333399607255997e+05 0.000000000000000000e+00 0.000000000000000000e+00
6.659269955494534488e-01 1.452247185076951782e-08 1.656865554046646879e-09 -5.287483516739026127e-09 -3.414698645061978732e-01 7.460421948275612943e-09 4.255337761759148320e-09 1.020574133519135584e-04 1.124971826930707030e+05 0.000000000000000000e+00 0.000000000000000000e+00
6.629032122342795041e-01 1.129178463822251132e-06 7.484004834653625050e-06 8.840480710934593971e-05 -3.448629427808390657e-01 2.449522456410526239e-08 7.237225439394736842e-09 8.980805801584349586e-04 1.125611343567311415e+05 0.000000000000000000e+00 0.000000000000000000e+00
7.029834995086845506e-01 3.857173225059818107e-10 8.365144957381097498e-05 7.486976238958215494e-08 -3.051711315696614690e-01 -9.583329585866515833e-06 0.000000000000000000e+00 8.215470395519407698e-05 1.141207179606019054e+05 0.000000000000000000e+00 0.000000000000000000e+00
3.287504421093218054e-01 3.083876515082403531e-03 1.121535870001998099e-09 2.853222369868096960e-10 -2.615863732912883100e-01 -7.258432700334846999e-01 2.449381665209843259e-09 1.472087159936869116e-07 inf 0.000000000000000000e+00 -9.000000000000000000e+01
2.179721384558059493e-05 2.215552421016547932e-04 1.314760164450143320e-01 8.360575173647350527e-06 -8.463386360925574392e-01 1.358593465717694567e-05 4.023993352271674336e-07 4.712154534254366530e-06 inf 0.000000000000000000e+00 -9.000000000000000000e+01
2.236789134642169219e-01 7.019710582121700959e-01 1.467085113643010827e-09 3.233792443848763246e-08 -3.878687541985889053e-01 -2.214864158032556438e-05 2.882954330291557021e-05 1.613350396876301868e-09 inf 0.000000000000000000e+00 -9.000000000000000000e+01
3.090422221490219390e-01 4.069055924962122206e-01 7.949252714166509248e-01 9.542765622468886853e-09 -3.184851789369086972e-01 8.186823054128803996e-09 4.844936299611382153e-10 2.111545402120901265e-05 inf 0.000000000000000000e+00 -9.000000000000000000e+01
4.406099644831758533e-01 1.382765314069541174e-01 3.795494260624099564e-05 8.029663737300230940e-05 -5.109200651985762454e-01 5.226869586642381454e-09 3.981454406559200043e-06 -2.014091426743240543e-03 inf 0.000000000000000000e+00 -9.000000000000000000e+01
4.388381594594977231e-01 5.500302606738974864e-01 1.860136771649611093e-08 2.905082962849451937e-09 -2.913233051817273878e-01 4.784572226327626993e-06 3.148995053923430961e-04 3.589931417969855118e-10 inf 0.000000000000000000e+00 -9.000000000000000000e+01
4.585600247781518313e-01 3.607860322881407678e-01 6.738375354801135169e-10 1.759990795372923630e-08 -3.871850102604437738e-01 2.319458068074250139e-08 4.438440363430524849e-07 1.590985056744397786e-08 inf 0.000000000000000000e+00 -9.000000000000000000e+01
6.001048100327699419e-01 6.826192214122758228e-01 1.926606018537823490e-04 1.716913633440313173e-07 -2.700471645147464739e-02 2.454041886730687697e-04 -1.070835456273320346e-08 5.860398535476268964e-05 inf 0.000000000000000000e+00 -9.000000000000000000e+01
6.534893440736220249e-01 2.020016988050351488e-07 0.000000000000000000e+00 5.600247994135646996e-05 -3.542900077608445164e-01 1.103989105016307611e-08 1.529053217860535202e-06 1.276346375143793017e-03 inf 0.000000000000000000e+00 -9.000000000000000000e+01
6.254553374352915807e-01 2.521366829036019164e-01 4.019254658653877113e-09 6.803607885953230105e-08 -2.746139840926826725e-01 5.999756954222454517e-09 -1.505612701931634441e-02 4.263904942224113442e-08 inf 0.000000000000000000e+00 -9.000000000000000000e+01
4.871653490194416958e-01 1.457629655399440838e-01 1.129782108576009793e-06 -3.816909304277529401e-10 -4.624204424025811777e-01 -8.141510756317981197e-07 4.814110708083675507e-06 2.926224155893999073e-05 inf 0.000000000000000000e+00 -9.000000000000000000e+01
6.474726607113050481e-01 1.119868109966889654e-09 1.258143024939258482e-04 -7.219662540445882537e-08 -3.600740817221033119e-01 -2.096905041565430916e-05 1.087937511549372239e-06 1.763550906752465010e-04 inf 0.000000000000000000e+00 -9.000000000000000000e+01
3.758805002046686217e-02 7.463737880285536974e-01 3.575150034519974929e-01 3.130753082790336465e-09 -3.966947298576958270e-01 -5.826557718647563468e-08 -3.850058564036520323e-05 0.000000000000000000e+00 inf 0.000000000000000000e+00 -8.000000000000000000e+01
4.117861135695491392e-01 3.670719648738657859e-01 0.000000000000000000e+00 5.082419019862712513e-09 -4.305036641863468350e-01 1.507371104427575330e-05 -4.531633551837005642e-05 4.090727503791939719e-08 inf 0.000000000000000000e+00 -9.000000000000000000e+01
5.201572857444296261e-02 1.911292480932131436e-09 1.835849243803869312e-03 8.456141536401285381e-06 -9.556207263747074077e-01 -3.310743753474425482e-05 8.161072993390817043e-07 2.091625115010918848e-06 inf 0.000000000000000000e+00 -9.000000000000000000e+01
4.559271337345862651e-01 3.965505342876433284e-08 5.066224656799855534e-10 3.571007540766278881e-05 -5.518088056358512183e-01 1.651078970885132692e-09 -6.512759363124118708e-07 9.294153147366641544e-10 inf 0.000000000000000000e+00 -9.000000000000000000e+01
3.711972317331909688e-01 6.180242569578385803e-01 7.581799127540048144e-02 1.094136484486632960e-09 -2.984884956205041129e-01 7.413041979583702750e-09 2.325962035183815751e-02 1.317240536372180944e-08 inf 0.000000000000000000e+00 -9.000000000000000000e+01
5.005177530590269042e-01 4.624784038265408737e-01 3.421508077551942161e-05 3.531485122901825658e-05 -2.862961547497633874e-01 2.252405307051928788e-09 2.349363151395223750e-09 2.416487812863658916e-09 inf 0.000000000000000000e+00 -9.000000000000000000e+01
2.389340933379657528e-01 5.399910509438026196e-01 1.319795864690301570e-05 1.359170989935205680e-04 -4.969829141429688013e-01 2.777108442837197879e-08 1.089481004497670001e-08 1.232003918773885882e-02 inf 0.000000000000000000e+00 -9.000000000000000000e+01
3.387031735372741936e-01 7.537241830276740515e-10 8.209487367535767675e-05 -3.359330181872989540e-05 -6.692644438645177773e-01 0.000000000000000000e+00 6.724250965010190273e-07 -1.777393848105500993e-09 inf 0.000000000000000000e+00 -9.000000000000000000e+01
9.966369796436496120e-01 8.159408629965881974e-08 2.423728063335723703e-04 1.172478450638656314e-02 -1.351985810329458474e-03 1.753001559480488576e-06 -7.442859996739417063e-08 3.707561315145970399e-07 inf 0.000000000000000000e+00 -9.000000000000000000e+01
5.371068387285076184e-01 1.978145174249299563e-07 0.000000000000000000e+00 8.077478031657935493e-10 -4.712746775613948502e-01 -2.321555162685727080e-05 1.817701157597341444e-05 6.975826810954708648e-09 inf 0.000000000000000000e+00 -9.000000000000000000e+01
3.071549859971121621e-01 4.086418673353393038e-01 0.000000000000000000e+00 -5.931319627232026478e-08 -5.119249766618535480e-01 -2.992982426772504599e-05 5.064105024694491787e-08 2.039560268930868417e-08 inf 0.000000000000000000e+00 -9.000000000000000000e+01
4.965142802238511899e-01 1.129096696937678712e-08 1.222075075650746129e-05 6.258605508723498024e-06 -5.105462055345252326e-01 2.135955005033101819e-08 -1.129974754585530948e-02 2.717552391945729461e-06 inf 0.000000000000000000e+00 -9.000000000000000000e+01
5.990442156196854606e-01 2.829981628844436225e-06 1.115769441344612945e-03 -1.385026303057982874e-04 -4.086195642968715735e-01 2.667591097125776735e-09 1.327972662733151241e-06 1.610214146037689960e-05 inf 0.000000000000000000e+00 -9.000000000000000000e+01
5.986456923425133025e-01 2.237346235821585369e-09 8.112714681826130314e-03 -2.123351711350791149e+00 -4.126586811293052603e-01 -1.036973894073694849e-07 -4.661783809706060086e-03 1.248583544506884774e-09 inf 0.000000000000000000e+00 -2.000000000000000000e+01
3.282047493396162974e-01 0.000000000000000000e+00 4.759991452766594165e-04 8.220919293795636239e-08 -6.798526950606338382e-01 9.100264220319299966e-04 1.877071090877983792e-07 1.419680566996549674e-06 inf 0.000000000000000000e+00 -9.000000000000000000e+01
1.007432591463961913e+00 5.452960747461942786e-04 0.000000000000000000e+00 0.000000000000000000e+00 -1.020046853109139685e-04 0.000000000000000000e+00 0.000000000000000000e+00 2.699817349971255342e-08 inf 0.000000000000000000e+00 -9.000000000000000000e+01
5.705961422433660779e-01 6.545993522654211262e-09 4.551180500237696643e-06 7.270642252099326826e-09 -4.376731772889455585e-01 7.804285170842381689e-04 1.314029696060476436e-06 8.347953363207732363e-07 inf 0.000000000000000000e+00 -9.000000000000000000e+01
5.082263315388146907e-01 2.082619684534878134e-09 1.546211420321664219e-03 3.299568641456097588e-07 -4.994301065698736330e-01 -2.296648907499385532e-05 1.860434748120443700e-06 9.339457002087597809e-07 inf 0.000000000000000000e+00 -9.000000000000000000e+01
5.999060293290766621e-01 1.139462320086553174e-06 9.794608327974120359e-05 1.010140498193884781e-07 -4.074361782526645381e-01 8.920672909934933048e-09 3.518507080434628826e-06 4.195509797808229485e-07 inf 0.000000000000000000e+00 -9.000000000000000000e+01
5.455007181833216867e-01 2.744134710373417052e-01 2.385444990448009279e-06 -5.216673978653859801e-09 -3.251383853806079083e-01 -1.047052140608672621e-09 -2.261832246125967949e-01 1.674886908186900141e-06 inf 0.000000000000000000e+00 -9.000000000000000000e+01
6.928063275527276410e-01 2.575818397311423480e-01 8.656609511438579860e-03 1.902589996382681840e-09 -2.048441785792920744e-01 2.439550526144389266e-06 8.703604741713054704e-07 1.309767571369965323e-03 inf 0.000000000000000000e+00 -9.000000000000000000e+01
5.065984161176180223e-01 7.812452951258813802e-04 3.402428317708988198e-05 9.512473275615865873e-04 -5.007304807957922987e-01 8.106328603539717221e-10 -2.368567642924432684e-03 3.074123830912507083e-06 inf 0.000000000000000000e+00 -9.000000000000000000e+01
3.071268530499189353e-01 3.795150358505212293e-07 7.011732609147088473e-10 7.749127189671472073e-04 -7.002970267986479147e-01 0.000000000000000000e+00 -4.031634952916573234e-08 2.128005198204640149e-09 inf 0.000000000000000000e+00 -9.000000000000000000e+01
1.813188471060111218e-01 8.199344924279179658e-02 5.361340597309413286e-08 9.222353470154374276e-07 -7.946031829057546014e-01 3.139668865206967221e-06 -1.044719729040925294e-07 5.695099942794090017e-09 inf 0.000000000000000000e+00 -9.000000000000000000e+01
3.381304494443476694e-01 4.978848357035611794e-01 3.567521263702682632e-01 2.871352322047789236e-03 -3.616525676665631184e-01 2.769004314474796707e-08 -1.745232149682163546e-09 6.436614788590461276e-05 inf 0.000000000000000000e+00 -9.000000000000000000e+01
5.355870459553204732e-01 1.847188899371452198e-01 1.207033603751990156e-07 6.576702013956789424e-06 -3.968035413464601202e-01 -2.264935642561649414e-07 1.541423855243931600e-04 2.126289890779326386e-09 inf 0.000000000000000000e+00 -9.000000000000000000e+01
1.005688033155327954e+00 2.859410135252084869e-03 2.008358882842690398e-09 2.476361778477592928e-08 -1.942096551603506369e-05 4.262388577042285526e-09 1.042493278477322631e-04 8.506351843232802597e-10 inf 0.000000000000000000e+00 -9.000000000000000000e+01
1.008315991946577173e+00 7.098078014436871786e-07 1.333657226932725840e-05 2.431145986596115165e-06 -1.910186132325519028e-06 -1.048865839931466726e-05 5.871821274127405609e-10 7.648206193881472010e-09 inf 0.000000000000000000e+00 -8.000000000000000000e+01
5.412588038832388815e-01 3.759134251512833980e-01 7.417963831165370206e-06 1.845865418452778179e-05 -2.967737566983816300e-01 7.423102091904163094e-10 4.717091825777397632e-07 5.225126827102753035e-10 inf 0.000000000000000000e+00 -9.000000000000000000e+01
1.007582567030218534e+00 0.000000000000000000e+00 0.000000000000000000e+00 6.741237072333608107e-07 0.000000000000000000e+00 1.134790425677705041e-09 -3.333284745883338760e-03 1.475809497189056384e-07 inf 0.000000000000000000e+00 -9.000000000000000000e+01
1.003505690811967943e+00 2.931378434352582290e-05 1.995726155565087886e-08 7.168322517948070730e-07 -4.146828029084140965e-05 5.920848209629835056e-07 3.365127113256785553e-04 3.316512853271428842e-09 inf 0.000000000000000000e+00 -9.000000000000000000e+01
2.797957949682625678e-01 1.082409812874388491e-09 1.704394183728216803e-03 0.000000000000000000e+00 -7.278603897076481033e-01 0.000000000000000000e+00 0.000000000000000000e+00 0.000000000000000000e+00 inf 0.000000000000000000e+00 -9.000000000000000000e+01
7.886235863275594671e-01 2.957666167971336347e-03 -9.461132930515563284e-07 3.262109373753177661e-10 -2.186542789219363681e-01 1.381415418633681097e-08 4.300514968416165189e-08 3.963354594892338177e-04 inf 0.000000000000000000e+00 -9.000000000000000000e+01
6.562661384412437071e-01 2.150312323950436932e-03 1.779509293471619958e-07 4.627284638394234999e-05 -3.506616083014406637e-01 7.137303514662255742e-09 8.257670422199013787e-07 7.915406797459904800e-05 inf 0.000000000000000000e+00 -9.000000000000000000e+01
3.388241957123099279e-01 3.971403426867597952e-01 2.310500506709216029e-01 0.000000000000000000e+00 -4.591473850393394396e-01 9.267268645984841085e-10 5.017310904645112596e-04 4.366890982143598672e-09 inf 0.000000000000000000e+00 -9.000000000000000000e+01
6.187322978973142096e-01 8.012212796190488989e-07 1.214385350307803119e-04 1.205499603842136299e-03 -3.882241869159618886e-01 7.954362884304636152e-09 -7.637996178678884442e-09 9.265024950468468621e-10 inf 0.000000000000000000e+00 -9.000000000000000000e+01
6.024641984781160531e-01 1.411210064032846603e-08 1.590095846797573609e-09 9.668942193417538003e-10 -4.046069524834579600e-01 -1.263528322165675087e-03 8.968140575938315004e-07 7.122304313780798843e-10 inf 0.000000000000000000e+00 -9.000000000000000000e+01
6.294653055920602647e-01 7.617960800631183582e-02 3.528070316920428476e-09 1.151152852650774284e-09 -3.490671240101425044e-01 5.702470149705223955e-10 2.305716528568661956e-07 1.718400048557870317e-04 inf 0.000000000000000000e+00 -9.000000000000000000e+01
4.369608557545544558e-01 2.862262969865104756e-01 8.715281933194107304e-09 2.725712702441806471e-03 -4.471227361209394457e-01 7.655315211589417572e-10 2.607854632519472197e-09 6.395280612525274574e-05 inf 0.000000000000000000e+00 -9.000000000000000000e+01
5.019060268958818183e-01 3.739491305469586124e-07 4.692623366726970799e-10 2.629329824158302620e-08 -5.058271677310058889e-01 -1.100812753047609422e-07 9.872257046439706818e-07 4.627620490518612902e-08 inf 0.000000000000000000e+00 -9.000000000000000000e+01
-1.258610464102933424e+00 3.563419442389520811e-03 1.752828825670408372e-08 -2.629026562289261504e-04 -2.256582248991090278e+00 0.000000000000000000e+00 0.000000000000000000e+00 2.208298585362396892e-05 inf 0.000000000000000000e+00 -3.000000000000000000e+01
3.303225898583371789e-01 2.817264235571106390e-01 1.142476542509125480e-09 4.771371902464176685e-04 -5.568857976140555444e-01 9.932451311749569927e-10 2.004104461720504425e-06 -2.546014308169728866e-04 inf 0.000000000000000000e+00 -9.000000000000000000e+01
5.490806508089604021e-01 5.011450384367496236e-01 7.444545860835773653e-03 9.220569377940649201e-06 -2.128050670463298988e-01 4.177551011170713751e-09 4.459563843369371782e-05 2.640731727268534115e-09 inf 0.000000000000000000e+00 -9.000000000000000000e+01
8.010364595582256109e-02 6.933339008120800146e-08 8.010364595582256109e-02 2.182626075944789079e+00 -1.274725891820318559e-05 6.212271751276235999e-07 1.154716096625209556e-07 6.401520391020624571e-10 inf 0.000000000000000000e+00 -2.000000000000000000e+01
5.914384419499184586e-01 8.485850284142534475e-06 5.384881820546332281e-10 2.249423805479052558e-05 -4.159930832371627751e-01 -3.254256235950533710e-04 2.493981296306771602e-07 0.000000000000000000e+00 inf 0.000000000000000000e+00 -9.000000000000000000e+01
5.705879981761340369e-01 7.379239014874040478e-03 2.176620476440940958e-08 2.523540293916758505e-05 -4.345247063033635948e-01 5.183208316044007577e-10 2.764642869768678144e-05 2.223710823287018781e-09 inf 0.000000000000000000e+00 -9.000000000000000000e+01
2.743168617714465333e-10 -5.434813372696206716e-07 3.920942100320131956e-11 1.064119267629887816e-18 -1.009138452868669322e+00 -2.736941414864345900e-17 -2.089231788393903714e-14 4.481474981637620135e-16 inf 0.000000000000000000e+00 -9.000000000000000000e+01
7.097957303552971942e-01 5.757570516615929668e-01 -4.732006243278879816e-05 5.075983121474004985e-05 -3.211618999723538674e-09 2.868894993392616622e-07 3.951085763052110443e-05 3.046333606675095170e-03 inf 0.000000000000000000e+00 -9.000000000000000000e+01
5.736590518654495208e-01 3.309846700196736932e-03 8.735870724759123526e-09 2.442130132847862307e-03 -4.328206020062673187e-01 6.105325332119655767e-04 -5.064075060758804527e-08 6.995521478811016614e-09 inf 0.000000000000000000e+00 -9.000000000000000000e+01
5.568132662988769521e-01 1.827577285091405990e-01 3.042768646445894965e-06 3.260909747694307171e-04 -3.766175620211729136e-01 6.108341768828750765e-10 1.893585948336912830e-07 2.430610995513106888e-09 inf 0.000000000000000000e+00 -9.000000000000000000e+01
3.205897075372774463e-01 3.601483346884067904e-01 2.858926976963540285e-08 2.376740942498349414e-06 -5.258000858837609259e-01 1.312552041657487755e-07 2.818400950228232366e-09 6.435041821000408757e-09 inf 0.000000000000000000e+00 -9.000000000000000000e+01
2.776677087701796554e-01 6.572423292127138605e-01 9.213844717567171595e-04 1.480141480916129200e-09 -3.709869593465492943e-01 1.460629206592490041e-05 1.202881549332416199e-09 1.035439345687767234e-03 inf 0.000000000000000000e+00 -9.000000000000000000e+01
5.456391371448002792e-01 4.290307731582099215e-02 2.568760638790030105e-04 1.940416958372245858e-03 -4.458986497097293111e-01 1.967677214454200831e-07 6.826254601803199347e-07 1.603983321735177876e-07 inf 0.000000000000000000e+00 -9.000000000000000000e+01
7.623796902423940480e-01 8.709829068336645466e-05 2.475739084492950489e-06 1.645793230819979671e-09 -2.453298746805652464e-01 1.139675400988171797e-09 1.040406979121856848e-04 1.392976087299045719e-05 inf 0.000000000000000000e+00 -8.000000000000000000e+01
7.832684178925633511e-02 6.794617600995730422e-01 2.505542887736971071e-05 1.574964099690984129e-07 -5.530063769699302689e-01 1.458951119133389174e-09 3.167927789092722254e-06 8.171813728682362629e-07 inf 0.000000000000000000e+00 -8.000000000000000000e+01
2.938697199322232723e-01 3.894033391328046712e-01 0.000000000000000000e+00 0.000000000000000000e+00 -5.358189946467392106e-01 7.179703289573247250e-08 1.267588994572931855e-06 1.355478465876328504e-08 inf 0.000000000000000000e+00 -9.000000000000000000e+01
1.007562432603469338e+00 3.710816210286416404e-07 0.000000000000000000e+00 1.165327150047426027e-04 -1.708508388365220050e-04 2.215273153244032163e-07 -9.726871835842070630e-09 1.308600174912086442e-08 inf 0.000000000000000000e+00 -8.000000000000000000e+01
6.695761129552872212e-06 5.496520330229969941e-06 1.540431522478744375e+00 3.747627497884070338e-06 -4.657051770703937759e-06 1.947838770243471319e-13 -4.134882339332091013e-07 1.213831172003466677e-10 inf 0.000000000000000000e+00 -9.000000000000000000e+01
3.526149882411205305e-01 7.365200436981766963e-01 3.380372931294637752e-09 3.267217054548565095e-04 -2.310651117484475714e-01 3.956470970646574997e-10 5.876289666454253776e-07 2.783203601787415103e-08 inf 0.000000000000000000e+00 -9.000000000000000000e+01
3.793100436052756486e-01 4.547946293973702536e-01 2.829117032651252397e-06 1.624222723898063135e-07 -4.123345498893170591e-01 1.796813260431940603e-05 1.472795449518023900e-09 6.000434847145024071e-03 inf 0.000000000000000000e+00 -9.000000000000000000e+01
4.213691727562064449e-01 3.975571556225633296e-01 4.815078617483667530e-05 4.489329188990946934e-09 -4.037689861791659007e-01 -2.647661339534982492e-05 7.400813749077259215e-04 5.529125709052767967e-08 inf 0.000000000000000000e+00 -9.000000000000000000e+01
1.007333449223572597e+00 2.826868498744025044e-08 7.670751125684123657e-03 4.551024657482116122e-07 -4.342070014070822129e-05 1.258961071572876230e-05 -3.779873621064407639e-05 0.000000000000000000e+00 inf 0.000000000000000000e+00 -9.000000000000000000e+01
8.320955675642793814e-01 3.844184201027957548e-01 6.682510918581344946e-06 -1.580715473362340815e-08 -1.718890308501756995e-05 -3.541730786848113237e-05 2.888329719253492593e-05 3.053536239185086784e-06 inf 0.000000000000000000e+00 -9.000000000000000000e+01
4.950739929353194513e-01 5.265335443258581938e-01 1.738230764022877277e-05 4.495145603705673104e-04 -2.508485281929795918e-01 1.523547500658791668e-09 1.323885058645330800e-05 5.103526371113679846e-05 inf 0.000000000000000000e+00 -9.000000000000000000e+01
6.004889665257259201e-01 2.236328414133480227e-05 7.149719981011754294e-09 -6.499745437283412694e-09 -4.071111637462548893e-01 1.476686698856393169e-03 -1.230618469458992856e-07 5.424427552139244695e-06 inf 0.000000000000000000e+00 -9.000000000000000000e+01
5.313443494131414591e-01 1.064143108541829724e-01 4.059383806388205430e-07 2.218459619447568532e+00 -4.285660628478257239e-01 4.787431980341944754e-03 1.575610525175829765e-02 3.277097086523872673e-06 inf 0.000000000000000000e+00 -2.000000000000000000e+01
6.770259002418111960e-01 1.134574061451678137e-06 1.201454216653040282e-04 1.075326156104489362e-07 -3.306860611007690354e-01 1.155363311703915227e-09 7.216464849128555311e-09 -9.233283140942330838e-03 inf 0.000000000000000000e+00 -9.000000000000000000e+01
1.009697229977100019e-03 5.698669972219238882e-04 8.607941911964546492e-10 9.704949701010951260e-05 -1.006515153858384304e+00 -3.077616438436354630e-06 5.772771804911686782e-05 1.162681658761509145e-03 inf 0.000000000000000000e+00 -9.000000000000000000e+01
4.324348650396201976e-01 3.340859634420676461e-01 1.928208575870430871e-04 4.343967989365894587e-05 -4.279303351954574786e-01 4.474848354024400358e-10 2.126161547537737590e-04 1.096337846735978077e-09 inf 0.000000000000000000e+00 -9.000000000000000000e+01
1.663420054872733200e-01 6.999026943685964230e-01 2.582090680779498892e-06 2.057690898328726897e-02 -4.466484299589069118e-01 3.798483739582085933e-07 1.070381978639460729e-07 6.278201990096836448e-09 inf 0.000000000000000000e+00 -9.000000000000000000e+01
7.273702955273040338e-01 2.461654685117742835e-05 0.000000000000000000e+00 3.680194736789041310e-10 -2.809234634969234867e-01 4.488317734448557902e-08 5.158091464480819480e-07 8.406910926753491130e-09 inf 0.000000000000000000e+00 -9.000000000000000000e+01
4.951328234469246636e-01 2.873425469062342734e-06 6.222452395072935311e-05 -1.953136649867479556e-03 -5.129900728171415958e-01 3.947492092670473870e-04 1.358529552317998978e-07 2.204610920228866444e-06 inf 0.000000000000000000e+00 -9.000000000000000000e+01
1.668510670250031636e+00 3.638672017106297918e-08 4.151352737721025952e-09 -5.807356835281871882e-09 6.637505950994651016e-01 -3.874668480500064735e-05 4.500701547343450957e-08 0.000000000000000000e+00 inf 0.000000000000000000e+00 -9.000000000000000000e+01
5.134184532023783332e-01 7.290336453572246076e-04 0.000000000000000000e+00 1.160937198665120570e-05 -4.933965636624527140e-01 -1.118384049465929170e-07 3.793299558020872597e-09 1.265853897451909135e-08 inf 0.000000000000000000e+00 -9.000000000000000000e+01
5.092219444898101743e-01 1.862108050958056297e-05 -1.415836413441344309e-06 4.015223578743812440e-09 -4.988296599083855143e-01 -4.385694874275908653e-05 3.628080809443445005e-09 2.986621963969709461e-04 inf 0.000000000000000000e+00 -9.000000000000000000e+01
3.851818230405835153e-01 4.508489531772733039e-01 4.142600682469399914e-06 2.108922109616783149e-08 -4.087043771193977770e-01 1.460472375080874850e-09 3.673006236875395582e-05 2.684465063188654448e-06 inf 0.000000000000000000e+00 -9.000000000000000000e+01
1.755189187450403587e-01 1.429148793645797680e-09 0.000000000000000000e+00 5.118781300116974898e-09 -8.324611574764770872e-01 8.718119002632317188e-10 8.455989574956370618e-04 2.123484699926871486e-09 inf 0.000000000000000000e+00 -9.000000000000000000e+01
3.911898679154516417e-02 4.045461994537647860e-06 1.756937837271361613e-06 2.169592980589455880e-05 -9.683794466133445189e-01 0.000000000000000000e+00 1.157885104325216642e-03 3.088367292078565376e-09 inf 0.000000000000000000e+00 -9.000000000000000000e+01
6.541405011805440095e-01 7.343666731424109616e-06 7.317907696333017669e-10 1.914364653360717440e-08 -3.535894600975913460e-01 2.511505921381491471e-08 6.609300058281698146e-06 9.208058856708107968e-04 inf 0.000000000000000000e+00 -9.000000000000000000e+01
4.755007729381220405e-01 3.887803450867022281e-01 9.515496384680016055e-06 6.170204686940948652e-06 -3.546768060440090853e-01 6.497474109106914194e-10 7.151490251611075350e-06 2.044344926396097358e-06 inf 0.000000000000000000e+00 -9.000000000000000000e+01
5.361133056993154788e-01 4.200024484314132232e-06 2.132038572647479006e-06 -7.193414074995055874e-10 -4.713479399101364042e-01 -3.385640651843635928e-06 9.510539102432977177e-04 1.039483183917397461e-04 inf 0.000000000000000000e+00 -9.000000000000000000e+01
5.029133400130212372e-01 2.707994907762422132e-01 7.879168935105825285e-06 7.206744745855752439e-05 -3.893793920167706313e-01 1.196783122491167034e-09 1.779509983180583595e-08 5.150553542867745243e-09 inf 0.000000000000000000e+00 -9.000000000000000000e+01
4.088558057901555687e-01 4.776352871380322163e-01 1.404180887684034221e-06 1.822034023811463227e-06 -3.693712887200782391e-01 8.065537278738743197e-06 6.471864852578317471e-06 1.091471261624018862e-04 inf 0.000000000000000000e+00 -9.000000000000000000e+01
3.935569637359111472e-01 2.827931500610086912e-03 -1.270236289948252832e-05 1.007576246073602340e-09 -6.121997213669728710e-01 4.266813899540428704e-08 1.320588555332874784e-07 2.311995314343738925e-08 inf 0.000000000000000000e+00 -9.000000000000000000e+01
4.887494807387052914e-02 9.124995961193026074e-09 -1.387201602078319335e-07 6.199132990278856055e-06 -9.601117782146887381e-01 1.996882772671050042e-08 1.718835804324448007e-07 2.120388202770955748e-04 inf 0.000000000000000000e+00 -9.000000000000000000e+01
2.820708208830964026e+01 -2.510430305859557848e+04 7.074797238564906401e-03 5.056954270228376554e-06 -2.925415207961724667e-04 4.176912877747074376e-06 2.373957628529859126e-03 2.339662284115401543e-08 inf 0.000000000000000000e+00 -2.000000000000000000e+01
5.020505273209897590e-01 3.671767640920509660e-05 -2.434444482118829127e-06 7.197594243649778143e-09 -5.049779356435610822e-01 -1.130676623002437936e-07 7.153972460354931679e-09 8.490627654332974028e-04 inf 0.000000000000000000e+00 -9.000000000000000000e+01
4.190062085943340175e-01 7.743234734823292165e-01 1.759498727495738556e-05 1.488413167736220565e-05 -1.307299370814322126e-01 3.371586689963048060e-09 9.833794512392224369e-10 1.042694402266349975e-09 inf 0.000000000000000000e+00 -9.000000000000000000e+01
2.465581295326954581e-01 2.018556978105141777e-08 1.481037556173461053e-08 4.631959023930137115e-03 -7.598211618283844393e-01 1.300911366909121262e-09 1.458164389282751248e-09 9.057774088721089832e-08 inf 0.000000000000000000e+00 -9.000000000000000000e+01
2.587815802541439392e-01 3.390239307205452080e-01 2.089644543395865358e-05 1.033785921942334257e-09 -6.031550010057825650e-01 -2.971213335140996146e-05 4.313026337569066115e-02 3.196515891653984169e-08 inf 0.000000000000000000e+00 -9.000000000000000000e+01
9.803919359089423580e-01 8.757425666016490868e-08 1.005102086882124074e-01 1.711997104745624000e-05 -2.212226354017964372e-02 7.867034314664414320e-06 8.201281368448083719e-05 7.961296060014992262e-10 inf 0.000000000000000000e+00 -9.000000000000000000e+01
4.698178013162049860e-01 5.888594739470001116e-01 1.991452542049279508e-08 3.027386287200805135e-09 -2.325280672054865772e-01 5.002282810491955458e-09 3.371297369426816599e-04 3.858143657028370033e-10 inf 0.000000000000000000e+00 -9.000000000000000000e+01
5.762131542699568953e-01 7.632674244993831181e-02 3.086496242336303817e-05 3.225073624645281023e-01 -4.007691490892535402e-01 1.676240086967161331e-08 -8.895828081313233646e-03 1.044579510586606274e-05 inf 0.000000000000000000e+00 -9.000000000000000000e+01
3.160454509040682147e-01 6.141592450192531194e-01 2.722472916403028472e-05 5.759603506561180691e-05 -3.664782356228025173e-01 3.749185194358510427e-09 1.135503779203273147e-05 -1.444689145588742753e-03 inf 0.000000000000000000e+00 -9.000000000000000000e+01
2.713867109803579925e-01 1.207846533482374308e-09 1.315574195684437097e-04 -5.383342350379416506e-05 -7.358755047736630361e-01 2.201828892022195470e-09 -8.685218566394305787e-07 6.804769202717602039e-10 inf 0.000000000000000000e+00 -9.000000000000000000e+01
3.647016655937301288e-01 3.172056007330720293e-08 0.000000000000000000e+00 7.141231030150666442e-06 -6.433149551889402185e-01 0.000000000000000000e+00 6.478457916148389281e-07 1.708478695124818200e-09 inf 0.000000000000000000e+00 -9.000000000000000000e+01
2.866586872053618618e-01 6.723180550435032821e-01 8.364834575314020207e-06 4.283877545309067014e-06 -3.494576264127220444e-01 1.462014129361235904e-08 -7.734428174435907348e-03 1.860104723621042301e-06 inf 0.000000000000000000e+00 -9.000000000000000000e+01
7.710637108666157369e-01 1.820567095101731647e-01 4.466871278229481157e-02 1.639472335502542321e-07 -1.612019161607106121e-01 1.226244677168909688e-09 1.370357198131914866e-02 7.592638275073249141e-09 inf 0.000000000000000000e+00 -9.000000000000000000e+01
2.703343175698970646e-01 5.024508937785613361e-01 9.913659715895972954e-06 3.215936326523347615e-06 -4.968306376960270332e-01 5.550002881502564579e-03 1.826583226823629003e-02 7.525291004064632588e-07 inf 0.000000000000000000e+00 -9.000000000000000000e+01
1.813139713441890288e-01 1.452496960220784616e-01 6.507958215473166276e-09 5.916325650430151536e-09 -7.676065940118952380e-01 1.676134498937864868e-05 1.344946477460985361e-05 1.145102778647863690e-03 inf 0.000000000000000000e+00 -9.000000000000000000e+01
3.957910534190253182e-01 1.474436571519916250e-07 4.622013080643487286e-10 3.133177714479822080e-09 -6.122392857575548186e-01 1.066662707208939327e-08 -9.192190500569477488e-09 1.401304517572528339e-05 inf 0.000000000000000000e+00 -9.000000000000000000e+01
2.716059872380048312e-01 1.228218251113036424e-01 8.031003004337667514e-08 9.142011325095842828e-06 -6.870033794843650732e-01 -1.495099768791716130e-07 3.075112316384235694e-09 7.541143564167949597e-05 inf 0.000000000000000000e+00 -9.000000000000000000e+01
4.216562430686676688e-01 8.532490574391583989e-04 1.766497133361426145e-09 -2.649527334215741038e-05 -5.861713018397215480e-01 1.045477895254721608e-09 2.109496285203615557e-06 -2.404825765132121820e-05 inf 0.000000000000000000e+00 -9.000000000000000000e+01
3.060119481855847479e-01 8.729053358495478167e-04 2.031468952398173088e-09 2.127140578902551623e-08 -7.004088187353982864e-01 1.751909004820442679e-09 1.113269835687316785e-06 9.865359927854124166e-09 inf 0.000000000000000000e+00 -9.000000000000000000e+01
2.242749037686050939e-01 6.007363493801921583e-01 8.307148996365343958e-08 1.336782597116262347e-07 -4.693753343157234803e-01 1.247265905345083862e-09 2.542178561830240557e-06 1.045554959887362301e-08 inf 0.000000000000000000e+00 -9.000000000000000000e+01
1.091875528586114807e-01 4.693435107952254604e-01 1.591469695350563751e-07 0.000000000000000000e+00 -6.727256988064898025e-01 8.920933643859605845e-08 1.710829922501856125e-06 1.128948815139306265e-06 inf 0.000000000000000000e+00 -8.000000000000000000e+01
6.373471429813408751e-01 2.810388092133980168e-03 4.734892981312684309e-04 2.084880296610262720e-03 -3.695049387223111603e-01 5.212200741525656799e-04 -4.696167660298530150e-08 5.549751484409863386e-09 inf 0.000000000000000000e+00 -9.000000000000000000e+01
3.282120127818062838e-01 4.694237157442231069e-10 7.539891000170778069e-09 8.221101229529836798e-08 -6.798677407623130442e-01 9.100465616683035223e-04 1.718745809459778906e-07 2.780152859136329226e-09 inf 0.000000000000000000e+00 -9.000000000000000000e+01
4.335488853433864809e-01 3.700788908674402244e-01 2.908405696388761627e-04 6.052970359415647341e-09 -4.071844260995318709e-01 1.455040951782607375e-09 3.659346511439957747e-05 2.681931482325702125e-06 inf 0.000000000000000000e+00 -9.000000000000000000e+01
4.455641773346021850e-01 3.224477599131989614e-01 2.803001582460410384e-06 -4.750245523799601110e-10 -3.820517397759417566e-01 -1.230331790838517476e-09 -3.595781080244158101e-01 1.960610149433744598e-06 inf 0.000000000000000000e+00 -9.000000000000000000e+01
1.007711241058880214e+00 2.243645904167442857e-08 4.559088477268244199e-05 5.788606432752002182e-06 -4.343698470468169526e-05 -2.506900356923089584e-05 7.007354887895757278e-04 5.235173776390700332e-08 inf 0.000000000000000000e+00 -8.000000000000000000e+01
6.072512871726349903e-01 1.376983591463398890e-08 2.771718468540177374e-05 7.167792876782970533e-04 -3.999937826376269712e-01 2.424474680683770414e-09 3.134297919366654529e-05 3.313573314497523326e-06 inf 0.000000000000000000e+00 -9.000000000000000000e+01
4.611424135267219726e-01 5.814404344467364455e-02 4.865386623876139516e-01 3.915951201823386109e-03 -4.945585304489482081e-01 -2.689667003856557943e-07 9.330977473094788305e-07 1.027427300999234850e-06 inf 0.000000000000000000e+00 -9.000000000000000000e+01
4.728050382217685588e-01 4.329809579414403697e-01 2.217597555503646796e-04 1.426745308104057217e-09 -3.321497759550775530e-01 1.963605578020734194e-07 1.336350765723279634e-04 1.698205698584032792e-09 inf 0.000000000000000000e+00 -9.000000000000000000e+01
6.863413634738387836e-01 1.204739302938060029e-09 2.126640347628154949e-03 -3.263913803356538779e+02 -4.955617302370428634e-01 -1.245301748533384590e-07 -5.798275819601550994e-03 2.343053267619161231e-05 inf 0.000000000000000000e+00 -2.000000000000000000e+01
5.031345751436719915e-01 2.345112405587694966e-06 5.857061227614145246e-05 -4.266876214329110146e-10 -5.048005836706378480e-01 -1.586287415812164309e-05 8.230137033160067589e-07 1.488669728685261843e-04 inf 0.000000000000000000e+00 -9.000000000000000000e+01
4.843738499663173824e-01 1.803894932508299343e-05 4.898970612838758848e-07 1.263889678654748336e-07 -5.230768452420764270e-01 2.035645323143046046e-07 9.926567166425567270e-08 4.518685222801047109e-06 inf 0.000000000000000000e+00 -9.000000000000000000e+01
5.704449029670582982e-01 2.764807126303615568e-06 1.644516221497766906e-03 2.234893729432584575e+00 -2.735009808746169946e-01 9.920515489313674624e-04 -5.021576285454995905e-09 5.694030848898534872e-08 inf 0.000000000000000000e+00 -2.000000000000000000e+01
9.541998702598855076e-01 7.777772302317158548e-01 1.650130814705549737e-09 1.378301875220075629e-03 4.135498443671074553e-01 -2.414112407454517821e-05 7.178655600104561414e-06 0.000000000000000000e+00 inf 0.000000000000000000e+00 -9.000000000000000000e+01
7.978743068843024977e-01 2.832934779622022192e-05 6.097053158621776651e-10 0.000000000000000000e+00 -2.103370568629291115e-01 0.000000000000000000e+00 0.000000000000000000e+00 2.058365146350711923e-06 inf 0.000000000000000000e+00 -8.000000000000000000e+01
9.767616364261480807e-10 1.227591139212063753e+00 2.626248942465386579e-15 2.980839954913781985e-14 -2.615881990683259190e-10 3.919842464884077600e-13 3.100680339869603424e-13 2.090570006547356550e-15 inf 0.000000000000000000e+00 -9.000000000000000000e+01
3.199426960028399214e-01 4.193278804887967844e-03 2.274219536885858581e-02 4.041716485984580607e-08 -6.838178219045772943e-01 1.394676815586228571e-08 6.290277066215439310e-09 1.543566819859783484e-04 inf 0.000000000000000000e+00 -9.000000000000000000e+01
5.062385953603388833e-01 1.975442023811302406e-01 1.297607427525506851e-04 1.163602786906672972e-07 -4.203498117163692038e-01 1.652845962817660677e-04 -3.515802934041254391e-09 1.550868103667020133e-09 inf 0.000000000000000000e+00 -9.000000000000000000e+01
9.268951365007848109e-01 1.581960449316243411e-01 7.171518723987956589e-09 1.283790388862041686e-09 -1.541111705319814576e-02 -1.688492116897838836e-03 4.788095464114428444e-07 3.711482282834261337e-07 inf 0.000000000000000000e+00 -8.000000000000000000e+01
6.500833221778641313e-01 6.534868997808895852e-01 0.000000000000000000e+00 0.000000000000000000e+00 0.000000000000000000e+00 0.000000000000000000e+00 4.665987781857594507e-09 0.000000000000000000e+00 inf 0.000000000000000000e+00 -9.000000000000000000e+01
2.151686743289776387e-07 4.232915385910393340e-03 1.539415218723504237e-09 3.901257746080113846e-10 -3.040623159598438985e-01 -9.962892905918290243e-01 3.362010536390275604e-09 1.942718628608128403e-04 inf 0.000000000000000000e+00 -9.000000000000000000e+01
2.771016712357687872e-01 4.854623095609260673e-10 2.437056887847861024e-08 1.070364625168895675e-05 -7.305407696215723279e-01 -2.857459596030996279e-04 2.189886189269926395e-07 0.000000000000000000e+00 inf 0.000000000000000000e+00 -8.000000000000000000e+01
3.076219991504618445e-01 8.678607393251440705e-01 8.955350157972425828e-10 5.530765971894944719e-04 -1.466806883366440772e-01 6.697539418992089228e-10 9.947420812760692702e-07 4.662853505981574704e-08 inf 0.000000000000000000e+00 -9.000000000000000000e+01
4.327219193966203026e-01 3.473588430530640135e-06 1.326551443728511642e-05 6.362655773440951739e-04 -5.750001015111553260e-01 -1.808661562103884958e-05 1.012535353306197964e-09 1.444599175547326284e-08 inf 0.000000000000000000e+00 -9.000000000000000000e+01
5.983774751840129635e-01 1.215667192696265382e-06 1.748776291878664124e-05 2.521664034264875509e-02 -4.093135823734290746e-01 3.215755723798989120e-07 9.061739395098307346e-08 4.690611898424284609e-09 inf 0.000000000000000000e+00 -9.000000000000000000e+01
3.535491239105991168e-01 1.068026567481642339e-07 6.005404431081964700e-10 4.058979892110725893e-08 -6.548693999707687619e-01 3.584534233630232098e-09 1.153277118607979751e-06 2.191130738219064476e-08 inf 0.000000000000000000e+00 -9.000000000000000000e+01
6.733962556205665972e-01 8.923602941053713081e-07 3.058667585485858438e-05 5.770845483553397253e-05 -3.337618069282168864e-01 1.324305614290790272e-08 -1.226525701779829225e-02 3.285678070346137060e-07 inf 0.000000000000000000e+00 -9.000000000000000000e+01
5.790185096895421601e-01 1.137357033361702845e-05 1.215290715299878650e-02 2.229653365670177578e+00 -1.302191386022819119e-05 1.632890306049183766e-07 3.402181038925441861e-05 3.927693559503163319e-09 inf 0.000000000000000000e+00 -2.000000000000000000e+01
3.196576197449914059e-01 2.052324080910518322e+00 0.000000000000000000e+00 8.524905731592423354e-05 2.015675436608544757e+00 9.587218032465742295e-09 4.446527452019554247e-07 1.031536117417200110e-08 inf 0.000000000000000000e+00 -2.000000000000000000e+01
7.521295446879316948e-01 4.071074252451786194e-04 0.000000000000000000e+00 3.841753651024929946e-10 -2.558115021176977089e-01 1.160725456456662963e-07 2.476098466243629911e-09 5.160015442355847482e-06 inf 0.000000000000000000e+00 -9.000000000000000000e+01
5.333805224518209931e-01 7.870447812014017552e-01 1.103353828175963197e-03 1.634547895673678987e-09 -1.432753150665389116e-04 0.000000000000000000e+00 6.614811015304419323e-10 -1.368933862626706056e-08 inf 0.000000000000000000e+00 -9.000000000000000000e+01
4.269996052432365463e-01 9.251744714660294456e-09 5.738031324466034952e-10 1.914154078895233321e-09 -5.804340037846781319e-01 9.482152150082868442e-10 3.154809500401403074e-09 4.962621686024679012e-09 inf 0.000000000000000000e+00 -9.000000000000000000e+01
1.352680669468157675e-02 1.988143558505884607e-09 1.997193223744162058e-03 -3.518461667826182121e-05 -9.940452392665765080e-01 -3.443865307377570663e-05 8.489221228136272671e-07 1.049011318808601168e-06 inf 0.000000000000000000e+00 -9.000000000000000000e+01
7.623732129550594427e-01 8.709755068378051391e-05 2.483175032337235431e-06 1.878443613651288244e-03 -2.453277903227178425e-01 1.795064533687384352e-09 1.216420201651686368e-07 2.453347104020872227e-06 inf 0.000000000000000000e+00 -8.000000000000000000e+01
7.495827759423482339e-01 5.205979592706648784e-01 7.645059317297122633e-06 7.349223892055034011e-09 -1.152731600186206743e-05 2.529941161253072180e-09 6.187719884937358959e-05 7.564305345245136789e-10 inf 0.000000000000000000e+00 -9.000000000000000000e+01
7.828689997719188998e-02 1.756329494534184857e-08 7.937421803243067675e-01 6.950787390730306904e-09 -8.807276247434088212e-01 -5.110076309410753139e-05 5.269351415158620669e-05 2.948818893037099886e-09 inf 0.000000000000000000e+00 -9.000000000000000000e+01
4.585833751497884192e-01 2.487892800557525708e-01 0.000000000000000000e+00 -5.150635831067813227e-08 -4.445451085635703792e-01 -2.608564619021087967e-05 4.695074178139432749e-08 1.771112140466459180e-08 inf 0.000000000000000000e+00 -9.000000000000000000e+01
6.760047131550558364e-01 1.385072589797082270e-09 1.028327482075561865e-03 2.194419901709279175e-07 -3.321523157906091650e-01 -3.866580264664302420e-08 -2.943746109953961952e-05 6.211324128566943293e-07 inf 0.000000000000000000e+00 -9.000000000000000000e+01
1.006325510516550947e+00 6.217555684375603795e-07 0.000000000000000000e+00 8.364759599400211661e-06 -6.572311113814452382e-06 0.000000000000000000e+00 -6.604985955999609049e-08 3.486288965291313371e-09 inf 0.000000000000000000e+00 -9.000000000000000000e+01
5.440786395166222755e-01 1.876475599792730153e-01 2.298434398687920766e-01 1.103672083601573686e-08 -3.703308987950731934e-01 2.805043258054401581e-08 5.603428976730510272e-10 2.442115635839295419e-05 inf 0.000000000000000000e+00 -9.000000000000000000e+01
3.900923583937833672e-01 4.622594446966332704e-01 1.204418192195771907e-07 6.562451555315340182e-06 -3.969189746656745510e-01 2.380934804649556515e-06 -1.736582697483044541e-09 6.952329629576704719e-05 inf 0.000000000000000000e+00 -9.000000000000000000e+01
5.111884681122909058e-01 1.763629396601614736e-06 8.634808984674022195e-10 2.255318757510533815e-08 -4.961535131678117549e-01 2.509228816303110459e-08 5.687585316953716819e-07 2.038748413246277227e-08 inf 0.000000000000000000e+00 -9.000000000000000000e+01
4.126008280045992960e-01 1.218448074171364637e-01 8.097270630545683971e-05 0.000000000000000000e+00 -5.472019509997030351e-01 1.307646240553201983e-09 5.979522927172197227e-04 4.407980434947510516e-10 inf 0.000000000000000000e+00 -9.000000000000000000e+01
7.841871757263305653e-01 3.514259055330325437e-03 4.184340870526164299e-05 1.080587677441142719e-03 -2.219057268734785093e-01 2.642741602437577274e-06 7.845639132236558061e-07 1.476792453619088991e-08 inf 0.000000000000000000e+00 -8.000000000000000000e+01
4.011800149311632868e-01 4.533334168722145119e-01 1.141663708262053690e-05 2.850180281859582884e-04 -3.911505145578841880e-01 1.288580217636259002e-05 -3.868801413520739488e-05 0.000000000000000000e+00 inf 0.000000000000000000e+00 -9.000000000000000000e+01
2.958928983465835411e-02 4.289334646708369281e-01 1.067297538128224629e-05 1.548837473826343833e-07 -7.777756185110196174e-01 1.694640365882982505e-05 1.389047306363951311e-09 5.659229775707683846e-03 inf 0.000000000000000000e+00 -9.000000000000000000e+01
6.661080958563405652e-01 6.359219283704037329e-01 5.527252347278482876e-06 6.325633241885374564e-06 -1.421732131549965176e-05 -2.929443744057595755e-05 1.609044572207736013e-05 6.202805411945853118e-05 inf 0.000000000000000000e+00 -9.000000000000000000e+01
6.017224963276308963e-11 4.899477423202115211e-19 1.835969753356783881e-19 7.187847202574414381e-15 -1.009138249169341472e+00 0.000000000000000000e+00 5.618762893535542355e-13 6.938257788848311076e-19 inf 0.000000000000000000e+00 -9.000000000000000000e+01
1.812247349858520096e-03 8.402237712980412457e-03 9.872223404633811925e-09 1.016814919309823090e-04 -1.001678535194527431e+00 1.086730162579053734e-09 5.079784238239791342e-04 2.566254359825235233e-09 inf 0.000000000000000000e+00 -9.000000000000000000e+01
3.116507177138577167e-01 1.048671848625306626e-04 1.740067483838836869e-04 6.715469566906537779e-05 -6.964716039344471810e-01 -2.067570679466298790e-06 3.994546552728888886e-05 8.151190646727935959e-04 inf 0.000000000000000000e+00 -9.000000000000000000e+01
4.540104832370379651e-01 1.931850476076335255e-01 9.601754447559547159e-06 8.782321331839482484e-05 -4.745075705163624424e-01 -1.079024522608483457e-06 6.380318916293641056e-06 3.803170491280915666e-05 inf 0.000000000000000000e+00 -9.000000000000000000e+01
