2.426969638856984468e-01 2.592841664534260571e-01 1.385392895382264527e-04 4.419616473637944312e-03 -3.570613605368729293e-01 -4.522195226359417286e-01 -1.811497122528145029e-02 8.325678457826108453e-10 1.762009219098970789e+04 0.000000000000000000e+00 0.000000000000000000e+00
1.463788343324242680e-01 4.292634437901005073e-01 5.868836145567780340e-06 1.171889201546974374e-01 -6.593486496615943437e-01 -8.412708063017431003e-08 1.213067471159768934e-05 -6.181393590577447666e-02 1.905781217065801684e+04 0.000000000000000000e+00 0.000000000000000000e+00
8.336626718581471307e-01 1.824860191332681181e-01 7.216270193607787764e-02 9.393382218119967764e-01 -9.124300956663405904e-02 -3.615951150180387064e-09 1.285995530023831205e-08 -2.422304679660453259e-04 3.063066648910374715e+04 0.000000000000000000e+00 0.000000000000000000e+00
1.662453790839610868e-01 4.923983368762483992e-01 -2.315392558073021967e-07 7.956377086950865429e-01 -6.532809617962107573e-01 1.121303143381555678e-01 -8.166012022452634467e-02 -7.020332723780174644e-02 3.383751499068114208e+04 0.000000000000000000e+00 0.000000000000000000e+00
7.335576896610040976e-01 5.080709591979250261e-02 2.649227144389180305e-02 2.622613903669289148e-01 -3.338752017586364418e-01 2.230673449430889688e-01 8.225910767966405218e-03 1.847616676398704195e-04 3.831978282473323634e+04 0.000000000000000000e+00 0.000000000000000000e+00
6.966076214509194786e-01 1.823580160866281226e-03 2.496025345185722347e-02 2.470951117973811118e-01 -3.145675777494335024e-01 1.313547584623993118e-02 1.607030016763410368e-02 3.457333907892386679e-06 3.998827221556737641e+04 0.000000000000000000e+00 0.000000000000000000e+00
4.172814590704093107e-01 6.872012839935761619e-01 3.082192595406432409e-02 1.065089038886009698e+00 -1.382427211430813929e-01 -2.184554049153569966e-07 -8.535302571894735901e-02 2.021930001704637952e-09 4.156252167986614950e+04 0.000000000000000000e+00 0.000000000000000000e+00
3.509679215333232905e-01 6.188406342300964980e-01 1.924310099372738281e-01 2.744072351844336721e-04 -2.569391325867008691e-01 -6.662650379575354217e-04 -9.402878894662243525e-02 7.158078228313009134e-03 5.833901252970473433e+04 0.000000000000000000e+00 0.000000000000000000e+00
2.907226502626776843e-01 4.755217725261328768e-06 7.090286218636527860e-01 6.817611402847863348e-10 -6.400081365494918462e-01 5.425416196606885406e-07 -4.036652625949409545e-01 1.273919387846429333e-09 6.155997709344836039e+04 0.000000000000000000e+00 0.000000000000000000e+00
3.860744833670665122e-01 7.991878711543443092e-02 8.241731878970710579e-01 1.909836540060488586e-01 -5.394090299525681198e-01 1.497407681499039050e-02 5.112577655403862352e-03 2.104927369421506420e-02 7.658308291062105855e+04 0.000000000000000000e+00 0.000000000000000000e+00
4.457436191153352767e-01 5.996550929802716423e-01 5.836642905007977111e-01 5.512454370365517733e-03 -2.373634743046908469e-01 1.559103241748706348e-01 1.596486219949650850e-07 -3.622916186755807677e-02 8.435955535674620478e+04 0.000000000000000000e+00 0.000000000000000000e+00
3.447077625221238728e-01 1.387238556491474095e-01 1.013104521558925164e+00 1.122523209015854408e-06 -4.897372479735053186e-01 -1.333377968597392396e-02 3.743967695076421721e-03 1.659981307975454083e-08 9.683612398693303112e+04 0.000000000000000000e+00 0.000000000000000000e+00
1.551290114607027926e-01 5.618185820468696301e-01 4.570016824112596021e-01 1.231598570718417558e-02 -4.538571754221912835e-01 2.546723108333961896e-03 -3.388124392518253097e-04 0.000000000000000000e+00 9.687089568967703963e+04 0.000000000000000000e+00 0.000000000000000000e+00
3.023770720966304504e-01 2.485419482183841983e-02 1.206507027125016673e+00 1.602846437876519569e-06 -5.912484685164882681e-01 2.227498592523254745e-02 -2.401009009204013375e-02 -1.024649352560697176e-02 1.036137973885367392e+05 0.000000000000000000e+00 0.000000000000000000e+00
2.539530175625150932e-01 6.244256549478313101e-01 1.181651793575581611e-04 1.130592765458118168e-05 -2.569407001220740949e-01 -1.837424774128785798e-01 1.853142478192499682e-09 -1.460229850984461897e-01 1.104522152498682262e+05 0.000000000000000000e+00 0.000000000000000000e+00
2.381191886635368460e-01 6.792252266795969495e-01 7.014269133275291036e-03 1.056409925115896070e-01 -3.786485459075913940e-01 -4.526872062915439644e-06 -3.745009780722633602e-02 -6.611711078669926800e-02 1.113372227725831181e+05 0.000000000000000000e+00 0.000000000000000000e+00
7.229532876488358184e-01 3.128341735053370633e-08 2.399124344243912521e-01 1.664523163184475753e-04 -2.870266055278407683e-02 -1.503472695622022973e-02 -1.044551725215044025e+00 -3.488714434924714621e-09 inf 0.000000000000000000e+00 -9.000000000000000000e+01
2.299609587855830473e+00 2.122716542636151171e+00 3.444211645159637403e+00 3.394785647230609271e-01 -2.609497588029275825e-02 -4.953005266151019548e+00 -2.510320421132212765e-01 3.477858783455069643e+05 inf 0.000000000000000000e+00 -2.000000000000000000e+01
7.084532625585742149e-01 9.483392091223293019e-03 2.851092398101578995e-01 1.241847663191217408e-04 -3.142681393361967945e-01 9.179653554493720502e-02 -5.062308945492861173e-02 7.783300003695273628e-04 inf 0.000000000000000000e+00 -9.000000000000000000e+01
4.383924436909408264e-04 2.074526182023554988e-01 6.448035477240426916e-01 7.736962400169816734e-02 -9.080303124594904518e-02 -4.761207630873732777e-01 -2.958750456328677059e-01 6.203173370509778017e-01 inf 0.000000000000000000e+00 -1.000000000000000000e+01
2.213209189756129569e-01 5.264823490091974367e-01 9.803930728553119506e-03 -1.640749786295786494e-01 -5.535276751569302434e-01 6.828944852302518131e-02 -1.084066823088287584e-01 -5.792207349972763181e-02 inf 0.000000000000000000e+00 -1.000000000000000000e+01
1.137378253395864534e-02 7.646240358963795059e-01 7.611049055736981659e-09 3.160446015038368417e-01 -3.038106169294947922e-01 -1.972730012612659012e-01 -2.504143717560642843e-02 9.904997972735552330e-09 inf 0.000000000000000000e+00 -9.000000000000000000e+01
2.909718303389615679e-01 2.634242014311308777e-01 4.493706965589879809e-01 3.877668406291779078e-05 -5.406222173161771005e-01 -3.357367273141863978e-02 1.375147057194006061e-07 -3.120629837215194158e-02 inf 0.000000000000000000e+00 -9.000000000000000000e+01
2.020600971917493882e-01 3.948300749723838293e-02 2.526412595105874409e-09 6.405101859616337164e-03 -6.805012468641674639e-01 -3.193478547570751669e-01 5.190854220960458010e-01 -1.644351135767339711e+00 inf 0.000000000000000000e+00 -9.000000000000000000e+01
6.975223397208493714e-02 2.330241297882245100e-01 4.026496145089972765e-04 1.840683952041130556e-02 -4.598480610011526082e-01 -6.344869875386689451e-01 3.596115173671934895e-01 -1.206971989324373551e+00 inf 0.000000000000000000e+00 -9.000000000000000000e+01
1.366098045370801373e+00 9.953397783017556288e-02 5.490155931199861313e-09 8.027682128028146291e-02 7.851351537932730329e-01 -6.273656784447430024e-01 -5.510330940481747430e-02 3.823589637858492707e-01 inf 0.000000000000000000e+00 -1.000000000000000000e+01
7.709618205540584393e-08 9.615268755217095169e-09 8.233758969560287522e-01 1.465725887489100820e+00 -5.457643948662589644e-06 -4.046244317806288985e-08 9.270278272465926062e-02 -8.184943142874280776e-10 inf 0.000000000000000000e+00 -9.000000000000000000e+01
2.778730319656385106e+01 1.843354902194587908e+01 5.886211832060849503e+01 7.075978053434850779e+01 -4.796133525953769345e-06 -3.232720062022780638e+01 3.101303596946449661e+10 7.173205541005759426e-08 inf 0.000000000000000000e+00 -2.000000000000000000e+01
2.256228887894457802e-01 2.322499559360242157e-03 1.100032625170860090e+00 7.867750950275738051e-03 -7.049504851447061515e-01 1.444322144286082996e-06 2.305005161213595301e-05 -5.059569072638859383e-02 inf 0.000000000000000000e+00 -9.000000000000000000e+01
-1.036701234271053713e-02 3.996605703142582233e-01 4.620259044074145199e-02 4.041642514882384118e-05 -1.688721006612789325e-03 -1.104943929692360882e+00 6.608766293431851402e-01 4.242740636192714835e-09 inf 0.000000000000000000e+00 -1.000000000000000000e+01
-1.008062927347459414e+01 3.355409458170829140e+00 1.105381502364820127e-02 1.083667646898518910e+00 -1.966622764512677424e-01 -4.972810422852422946e-02 -1.053065736604042457e-01 2.494610107458960928e-09 inf 0.000000000000000000e+00 -2.000000000000000000e+01
-7.573812122981174455e-02 9.978365062724847689e-01 1.118858609076764377e-02 1.542303559588893647e+00 -1.933175821600089939e-01 -3.485199698106065535e-07 2.780595359835745517e-02 -2.463278534452704430e-05 inf 0.000000000000000000e+00 -9.000000000000000000e+01
1.087555987923043976e-01 3.912127193306214612e-01 2.059823355218203256e-01 2.344201952766985231e-01 -4.088903078268971147e-01 -4.088903078268971147e-01 -2.828414159404100126e+00 3.738425671560202090e+01 inf 0.000000000000000000e+00 -3.000000000000000000e+01
8.849709186195812149e-01 9.808918915933622112e-09 0.000000000000000000e+00 0.000000000000000000e+00 2.960991083544277826e-09 -2.833818913789554195e-01 -1.407040170391556631e-04 -1.856492812497674560e-02 inf 0.000000000000000000e+00 -9.000000000000000000e+01
4.042779317615498580e-01 8.073106542876945513e-02 1.058427850094406791e-01 1.417878249381369971e+00 -5.429112266366603601e-01 -1.727727814124693437e-02 -1.805553391337517410e-01 -7.964150734778992560e-03 inf 0.000000000000000000e+00 -9.000000000000000000e+01
-2.181326572405212889e-04 9.377807455627280853e-03 3.301306181069675810e-11 2.268640333084305905e+00 -8.710131843899772408e-03 -2.191189962123914897e-02 -5.709385202556252568e-04 0.000000000000000000e+00 inf 0.000000000000000000e+00 -2.000000000000000000e+01
3.081912070911591583e-01 5.396963391784148634e-01 2.450698859204933702e-02 2.631703543167198265e-05 -1.243435768046783707e-03 -4.485411934190579597e-01 -2.781834282206937774e-05 -8.124032408974874136e-08 inf 0.000000000000000000e+00 -9.000000000000000000e+01
1.334497468972895048e-10 2.448764035793634264e+02 1.294328648836587322e-10 4.253190133718316376e-03 -1.437698073369571804e-02 -8.170725690573949862e+01 2.902006212839526415e+04 0.000000000000000000e+00 inf 0.000000000000000000e+00 -2.000000000000000000e+01
2.225340707776525817e-01 2.828131571593792692e-01 1.792545082280846188e-05 1.707309286991064505e-08 -6.373493625887453233e-04 -9.717170015219698254e-01 4.786068813466418104e-01 3.147176138203465508e-09 inf 0.000000000000000000e+00 -1.000000000000000000e+01
2.938848147808826861e-01 3.940689160892215979e-10 5.038025396243703824e-01 1.764955302213480515e+00 -1.096537134982066399e-03 4.620247963466958541e-02 -1.074027575026422713e-03 4.547132089253894620e-06 inf 0.000000000000000000e+00 -9.000000000000000000e+01
2.271327349894949610e-01 5.644840760736654639e-01 -9.456138354664688217e-01 2.333750224000905860e+01 -1.971161912362347124e+01 -5.471787248363705913e+01 2.592282282713955641e+07 -1.555369369628373242e+05 inf 0.000000000000000000e+00 -2.000000000000000000e+01
-1.566565929411517510e-01 1.316366191045073686e+00 1.338343195090774956e-02 2.993662410071469852e-04 -7.630904182535119817e-03 -3.213250821022003336e-09 0.000000000000000000e+00 3.565980223761604033e-04 inf 0.000000000000000000e+00 -1.000000000000000000e+01
2.130724030112538566e-09 9.340294866123691753e-01 5.885020675317068273e-06 0.000000000000000000e+00 -3.751860016448561597e-01 -2.562185872246887026e-06 -2.104408663072109692e-02 -4.238282463675058996e-05 inf 0.000000000000000000e+00 -9.000000000000000000e+01
-6.744832696532171212e+03 7.126016817768021205e+00 9.629752456443272379e+00 1.609974238811609504e-02 -2.542722426774721910e-07 -1.608553850324284156e+02 0.000000000000000000e+00 4.619742084206794564e-04 inf 0.000000000000000000e+00 -2.000000000000000000e+01
5.542263164141805198e-01 1.147268128392829323e-01 1.183135611635945494e+00 2.741651458857382040e-01 -6.232033391631748465e-08 -1.335435726778231909e-07 1.631387026789856857e-05 1.016219730684312488e-08 inf 0.000000000000000000e+00 -9.000000000000000000e+01
1.119531142795163019e-02 1.222911270846067716e-03 1.445640815020781018e-02 2.065585387787832516e+00 -2.006414973033493476e-01 -7.951402045963058650e-09 2.840702505130351066e-08 -1.457743854402350492e-01 inf 0.000000000000000000e+00 -2.000000000000000000e+01
4.441993631858676128e-01 3.078609447822844847e-01 7.705319646550892188e-01 0.000000000000000000e+00 -2.559643855189850936e-01 1.449970074755848725e-03 -1.284219941091815365e-01 5.969959727223429394e-05 inf 0.000000000000000000e+00 -9.000000000000000000e+01
5.267067978846101672e-01 6.589261760687053977e-10 2.820239757329908725e-01 1.945670633976731567e-01 -4.824870107487753690e-01 6.239903295834467456e-02 -1.670525291798203860e-01 -2.189099184939365808e-09 inf 0.000000000000000000e+00 -9.000000000000000000e+01
1.445649465010983237e+00 1.948913101294670047e-01 1.692347325934359104e+00 7.297027914716322851e-09 5.348409624818790675e+00 4.968890021039676813e-06 -1.905740975633079259e-01 1.055211553558971357e-03 inf 0.000000000000000000e+00 -3.000000000000000000e+01
3.149745230378594441e-01 4.061209967374598273e-01 2.682475333564187658e-01 6.886462213854299165e-03 -4.349648175284726026e-01 7.239799018544205989e-02 -5.711076516620529064e-01 1.135292786334262782e+00 inf 0.000000000000000000e+00 -1.000000000000000000e+01
1.532423269436661850e-01 4.300514825974632305e-01 4.261596139766717362e-01 1.343910883117072595e-02 -6.285367822578309394e-01 -2.110122517835403763e-02 3.648626831992052288e-02 4.358892855286505608e+00 inf 0.000000000000000000e+00 -3.000000000000000000e+01
7.776730932112135841e-02 7.086133204550054687e-01 3.434973044917484231e-01 1.093947008828293751e-09 2.059782787424295492e-01 -2.732364922093453163e-01 -1.885632056126031464e-01 1.098868651812797347e-08 inf 0.000000000000000000e+00 -1.000000000000000000e+01
6.577693954024983469e-01 4.978060210341864744e-01 4.494970819749562890e-02 2.098719471712251483e-01 -4.776814613254322742e-09 -1.036562665906660824e-01 -1.058957538318224395e-01 2.612469469125118459e-09 inf 0.000000000000000000e+00 -9.000000000000000000e+01
-6.179468882863789481e-03 3.396964461752332576e-01 1.279323363044994068e-09 6.896209787772755728e-02 -8.480013473863486917e-01 -3.448104893886377864e-02 4.354685281717178558e-02 7.094009695440834154e-07 inf 0.000000000000000000e+00 -9.000000000000000000e+01
1.003292180190785476e+00 8.558297611990768963e-05 1.404960292916722639e-08 3.332325650645830530e-05 -3.922553072162435379e-05 0.000000000000000000e+00 2.815924689649328874e-08 0.000000000000000000e+00 inf 0.000000000000000000e+00 -9.000000000000000000e+01
9.753937413944956114e-02 2.170801108667448909e-01 -2.331166595974413447e+00 2.865066328106137816e-01 -9.269907437012349094e-01 -7.623508841435713147e-08 4.351380600707274032e-02 6.629771641539085971e-09 inf 0.000000000000000000e+00 -2.000000000000000000e+01
2.397190207027986766e-03 9.799094936599563876e-01 1.948683652164686086e-01 1.840710411299999143e-06 -2.179703192277463765e-03 -7.237967850897404631e-02 -8.413364339504675327e-01 4.305662926687687353e+00 inf 0.000000000000000000e+00 -3.000000000000000000e+01
-8.731276883316685389e-01 3.710536502306817828e-07 0.000000000000000000e+00 0.000000000000000000e+00 -1.298968911763605183e+00 -6.413676952648761354e-05 -1.421513148722435727e+00 1.342147799800940479e-08 inf 0.000000000000000000e+00 -9.000000000000000000e+01
1.036835863083598671e-07 1.074067227716775985e+00 3.798252182996404675e-09 0.000000000000000000e+00 -1.974960572703854667e-01 7.422538617153278960e-09 1.047418779471336702e-09 -1.366906209186657950e-01 inf 0.000000000000000000e+00 -9.000000000000000000e+01
5.224217982708103669e-01 7.473208683784238193e-01 1.198802823246149099e-03 2.584289444921469836e-02 -5.724969818494587276e-02 -2.338898321180620227e-09 2.467154512573754496e-02 2.185299028446370423e-08 inf 0.000000000000000000e+00 -9.000000000000000000e+01
2.380209378812771573e-02 3.291276467413169482e-01 3.281333033976875924e-01 5.250132854363001034e-01 -1.336148868001947555e-03 -1.710270551042492870e-01 -5.608096458069569135e-01 3.641394080673912120e-07 inf 0.000000000000000000e+00 -9.000000000000000000e+01
2.722205951846151661e-01 3.336534003090935729e-01 1.129461848343620733e+00 4.269298154292877623e-02 -2.198054495279501419e-01 4.773018976127763220e-03 9.834884857083922571e-02 2.222216803057638972e-05 inf 0.000000000000000000e+00 -9.000000000000000000e+01
1.784458822584140403e-01 4.415155849692718459e-01 7.383121726430601495e-01 6.794434279804905108e-01 -8.799650894873681239e-02 -7.373923485077074624e-02 1.633808567137060036e-08 5.134618065132309012e-07 inf 0.000000000000000000e+00 -9.000000000000000000e+01
8.931989859621333183e-01 1.241384553493568072e-06 1.177576343637166956e-01 1.348593654953768040e+00 -1.744376575429330278e-01 1.851873171114050975e-01 2.021668930206961881e-02 1.172690134742406937e-01 inf 0.000000000000000000e+00 -9.000000000000000000e+01
8.582369461394863313e-06 -3.707372825878472722e-01 1.340748528810844942e+00 2.482162285819320136e-01 -5.347029280688448012e-05 2.563556058697367150e-09 -3.351871322027112354e-01 -1.239890847695871999e-06 inf 0.000000000000000000e+00 -1.000000000000000000e+01
1.057658041580712997e-03 8.895383601339313939e-01 2.021678091213480188e-02 4.477419042691685181e-05 3.040766869544550025e-06 -3.234684945941568301e-01 0.000000000000000000e+00 3.631180715265814849e-10 inf 0.000000000000000000e+00 -9.000000000000000000e+01
1.179491878812094323e-02 1.184383136603376838e-03 0.000000000000000000e+00 2.082166516682127710e+00 -8.888114157873128543e-03 -5.175125430955020432e-05 -1.940851091580849119e-01 4.158217378017162097e-09 inf 0.000000000000000000e+00 -2.000000000000000000e+01
5.612531295982405855e-01 8.804941360254655257e-04 -3.772668186840412965e-07 2.273980421856097056e+00 -2.005122067838875366e-01 -8.575093493420698175e-05 -6.166995073206473638e-03 6.019892438432741105e-02 inf 0.000000000000000000e+00 -2.000000000000000000e+01
2.244780593005797353e-01 3.093417158654330756e-01 6.073910903331235234e-02 2.096733714031337011e-08 -6.378461928906716816e-01 -1.497090715609811565e-02 5.111495443296356841e-03 3.367170889508696030e-01 inf 0.000000000000000000e+00 -1.000000000000000000e+01
3.464353791153825246e-01 2.470481801888383677e-01 1.073736702688557650e-02 7.684760202713147859e-02 -5.508890454785591029e-01 -6.586065777079866081e-06 -5.413052798677852467e-02 0.000000000000000000e+00 inf 0.000000000000000000e+00 -9.000000000000000000e+01
2.296617870299079156e-01 3.166119286214780226e-01 1.107669195057827460e+00 5.932564830237253436e-10 -5.587964262610414096e-02 -4.796434441056719039e-02 3.366955211086613067e-03 1.492823435027059807e-08 inf 0.000000000000000000e+00 -8.000000000000000000e+01
1.871408599843158438e-01 9.941858186666778785e-01 3.326136378627488760e-02 9.295387068605216188e-10 -1.108712126209162874e-01 -3.706535593606330189e-08 7.188353345751715209e-03 -2.412933756816816545e-04 inf 0.000000000000000000e+00 -8.000000000000000000e+01
2.761998169978597817e-01 6.626171381658868542e-01 -3.184631303526967166e-07 1.763480066722677098e+00 -6.916523352300250161e-10 -2.020654243119734406e-01 -1.205503951861205091e-02 2.526119624359554174e-08 inf 0.000000000000000000e+00 -8.000000000000000000e+01
6.788528240857881757e-01 2.159808408618761444e+00 1.209802182656896364e-09 7.996573252019191502e-02 -8.862165386209553196e-08 1.541602378615565039e+00 1.707983679115337473e-03 0.000000000000000000e+00 inf 0.000000000000000000e+00 -2.000000000000000000e+01
1.245937497987537501e+00 1.050581444296111666e+00 9.263302459109488875e-04 6.385743400015408803e-05 -6.253259097110525078e-04 1.719133272484546504e+00 2.179305310068794022e+00 3.471088736107960605e-05 inf 0.000000000000000000e+00 -3.000000000000000000e+01
-1.530156460179834361e-04 1.990349839741475519e-07 1.500095156870334012e+00 5.157379806770064079e-03 -1.432025770471252180e-01 -1.354012030401052013e-09 1.217175478918825407e-08 3.772478465479227848e-07 inf 0.000000000000000000e+00 -9.000000000000000000e+01
-2.186564885496183706e+05 1.004015500763900671e-05 1.402671755725191076e+02 4.225076382396786490e-05 -3.606870229007634407e+03 -1.518517414122137765e+01 3.118439885496184161e+02 1.882323781952603562e-03 inf 0.000000000000000000e+00 -2.000000000000000000e+01
-8.325291742646647591e-03 5.348445980371017150e-01 8.488632067331273179e-01 5.188675500657231525e-10 -3.636538081350748075e-01 -8.012697613526358726e-05 1.256311848046725590e-04 2.545070175318594682e-02 inf 0.000000000000000000e+00 -9.000000000000000000e+01
6.521473967600104338e-01 2.877617265724165957e-02 7.426109072836557523e-01 6.237931621182708497e-01 -1.650832485651876650e-03 6.000461280028318558e-07 -3.672548486930079514e-01 1.526228915448919656e-04 inf 0.000000000000000000e+00 -9.000000000000000000e+01
9.952232167542664210e-02 4.058191757638756614e-01 1.156463871410449290e-02 6.841948781800898461e-08 -3.265878128766427912e-01 -5.179025671653270102e-01 9.372490487879985011e-02 3.786684616190311640e-09 inf 0.000000000000000000e+00 -9.000000000000000000e+01
-1.554747783837316319e+03 2.942700782875074861e+00 4.669711348711333421e-01 4.267959646084771741e+00 -3.272450232303629747e+01 9.404352336291543034e-07 -6.608547855363600672e-08 2.915535818542764886e-08 inf 0.000000000000000000e+00 -2.000000000000000000e+01
1.511961226919317225e-01 8.681583819085111342e-01 6.553864189267201261e-03 2.448401728753216988e-01 -3.895505866834973142e-08 -2.424015257351292418e-01 2.938569803931898733e-02 -3.683869428696476290e-06 inf 0.000000000000000000e+00 -9.000000000000000000e+01
4.994167437868727855e-01 5.728249880543409001e-01 7.581507194836863972e-01 8.235863470581712004e-03 7.161428799066396923e-06 0.000000000000000000e+00 1.284644274680690756e-01 2.226469850991796638e-07 inf 0.000000000000000000e+00 -9.000000000000000000e+01
1.048315052812659687e+00 1.410289308716582424e+00 1.250456520395369697e+00 1.361593526511319918e-09 -5.018279456849839004e-01 4.080437066553312064e+00 -1.125880964792071559e+00 -4.318207620480258061e-05 inf 0.000000000000000000e+00 -3.000000000000000000e+01
1.888039906379786192e-01 2.171735021846178948e-01 1.929768767652590691e-03 7.654876822498356270e-02 -4.001079387094987339e-01 -5.067381717641084027e-01 -7.826072150797041410e-03 1.411072507867875778e-08 inf 0.000000000000000000e+00 -9.000000000000000000e+01
1.035651006015003537e-08 8.083031273794531246e-14 2.452231117690698284e-08 1.004402915316275040e-10 -7.638422170800313501e-09 -1.227591115670926936e+00 2.453811138390047499e-17 0.000000000000000000e+00 inf 0.000000000000000000e+00 -9.000000000000000000e+01
1.526601446123140885e-06 1.796559266028618235e-02 4.255517236634950492e-10 6.092435786303802558e-01 -5.002367618656308190e-01 8.586153375305603797e-02 -6.551608336374492580e-02 -1.600757637970018576e+00 inf 0.000000000000000000e+00 -9.000000000000000000e+01
-7.021488980874196484e-02 2.651535970409071505e-02 3.311186382559621055e-01 2.604694968739226241e-09 -2.017674918702013866e-08 -1.102743322048873820e+00 8.296443558980300115e-02 0.000000000000000000e+00 inf 0.000000000000000000e+00 -1.000000000000000000e+01
2.211030269540952553e-01 9.930988969697194246e-01 4.941519457829478268e-02 2.896982431476850545e-03 -1.204079134737964518e-01 -1.581685810289084953e-03 1.150801296917700611e-01 2.264308107361216391e-02 inf 0.000000000000000000e+00 -9.000000000000000000e+01
2.507589859137624999e-01 8.731463969946838821e-01 1.909725865069403184e-03 9.442924941671586954e-04 -2.967774444012266763e-08 -1.813041588800944626e-01 2.976635444300058594e-02 0.000000000000000000e+00 inf 0.000000000000000000e+00 -9.000000000000000000e+01
6.802434710517328293e-05 1.480117654210375333e+00 1.934914762102706715e-02 3.230256694544604454e-05 -5.533089588989748810e-10 2.660968491882198528e-01 1.539489502318219608e-07 1.219641226722425224e-07 inf 0.000000000000000000e+00 -9.000000000000000000e+01
8.598453623856904260e-01 3.310898809186279546e-01 6.717541893638206236e-04 1.035273582872426185e-01 -5.055046791369268480e-05 -4.559551919236432791e-08 -1.009947677802157905e-02 1.310134815036411659e-07 inf 0.000000000000000000e+00 -9.000000000000000000e+01
-1.619403676722465324e+00 2.303601044414605427e-05 1.803726046430713437e+00 7.152618146753264260e-16 -1.960791843347554390e-13 -9.380188692548030828e-10 -8.292168548776229659e-08 3.870094190961402013e-11 inf 0.000000000000000000e+00 -1.000000000000000000e+01
1.799713450823520319e-04 3.274478639692793899e-04 6.977599523705039263e-12 2.272918107493384632e+00 -1.296668545298195941e-05 -2.239643405469269460e-02 1.033168832880169020e-03 6.654792428302315139e-11 inf 0.000000000000000000e+00 -2.000000000000000000e+01
6.601861685348007214e-01 5.122190586941999109e-06 6.066859122923089209e-03 8.479615776996247967e-03 -3.468774783826918950e-01 -1.818309362489917147e-02 5.544037663275439116e-10 3.401637207365753035e+00 inf 0.000000000000000000e+00 -3.000000000000000000e+01
3.109016463467128728e-08 7.521946060116820876e-01 1.933163991401587803e-02 1.528143772123363112e-03 -3.434969025338759918e-01 7.056794004602197877e-03 -4.786692947347068183e-01 6.111871389157331458e-07 inf 0.000000000000000000e+00 -9.000000000000000000e+01
2.199261469875649078e-01 5.906685217080884231e-02 2.153301671356576061e-02 2.000789348275844288e-08 8.624092018430362798e-09 -7.871041050081271084e-01 -4.330434349352671464e-01 1.055183023431479652e-09 inf 0.000000000000000000e+00 -9.000000000000000000e+01
1.246802541839242941e-03 2.908483146876007785e-02 2.089297737683513785e-05 8.567015169804160779e-01 -7.567838454535424919e-01 -4.579559944981705932e-01 -2.226174973254996161e-03 -1.466384346019394824e-01 inf 0.000000000000000000e+00 -9.000000000000000000e+01
8.393093445778147164e-10 4.576414103560138419e-02 3.967606073493766816e-01 1.532373953228281620e-02 -8.266536244982838344e-01 -2.899085857458911231e-01 -5.249416177613099727e-02 2.160233118929383078e+00 inf 0.000000000000000000e+00 -3.000000000000000000e+01
9.418853318600913264e-04 4.342103038719992416e-10 -2.085577416152375907e+00 1.893391101353351313e+00 -1.163794906282981101e+00 3.203105246650406190e-01 1.262334880190351186e-02 6.417031666383133242e-09 inf 0.000000000000000000e+00 -2.000000000000000000e+01
9.408215618615294040e-02 8.572737011556792464e-01 4.155597941195326439e-01 1.323446757286809599e-09 4.344488756704205090e-01 -2.804302107170272840e-01 -3.568946658412944228e-02 1.411676541105930183e-08 inf 0.000000000000000000e+00 -1.000000000000000000e+01
1.619267009523806256e-01 3.851942702899808224e-01 2.065307463776545199e-02 2.044695612840651544e-01 -4.511521932848405192e-01 -1.500542748133058824e-01 -4.722587286431956244e-01 6.034696805304865677e-09 inf 0.000000000000000000e+00 -9.000000000000000000e+01
6.788008789715689975e-06 -2.932253084887128103e-01 1.486210467682517189e+00 2.950839740873514594e-08 1.268920943337089377e-08 -3.042714673701369388e-01 -1.208173627655762319e-03 -7.958255375935099907e-02 inf 0.000000000000000000e+00 -9.000000000000000000e+01
1.532698134076332097e-01 1.625754806502395233e-01 1.737328730380887178e-04 1.460852909041504034e-02 -7.860551859048617862e-01 -1.142681198172979667e-02 4.078071821024526616e-02 -7.216596264659069380e-05 inf 0.000000000000000000e+00 -9.000000000000000000e+01
2.491706126066194592e-03 2.710789113987173967e-07 0.000000000000000000e+00 0.000000000000000000e+00 -1.009412008740696809e+00 1.164544757866726836e-02 0.000000000000000000e+00 4.098200865240451966e-07 inf 0.000000000000000000e+00 -9.000000000000000000e+01
2.669915744728600937e-01 5.367788722386296341e-01 8.383979092509192121e-10 3.931485880654025933e-02 -1.457270766429092368e-01 -8.177490631760374329e-02 -6.486078039550108310e-01 6.123949945832801093e-09 inf 0.000000000000000000e+00 -8.000000000000000000e+01
1.642444696711904406e-01 4.337637078545174552e-01 8.374350147544994926e-10 1.254590286404033139e-01 -5.382469367537807692e-01 -1.590994621875146120e-01 2.780282890217139480e-02 4.529225995291940642e-07 inf 0.000000000000000000e+00 -9.000000000000000000e+01
6.613465758799046135e-02 1.180153513287810929e+00 5.773166580033991385e-02 1.303241781880988678e-03 -4.125580464410523342e-08 -3.462343838430088916e-02 1.344478686024088432e-01 2.645386303519618731e-02 inf 0.000000000000000000e+00 -9.000000000000000000e+01
1.095837302313035266e+01 4.348282415578123619e+03 -5.306983506915985060e+01 5.117469774717137525e-08 -5.850988453421384072e+00 -4.157919821347744801e+03 1.969832048760331154e+09 -1.181899229256198741e+07 inf 0.000000000000000000e+00 -2.000000000000000000e+01
-3.853256847048614625e-02 8.605144937203890567e-04 4.770368938342559560e-03 1.308444051659673479e-01 -1.046755241327738783e+00 2.996200744474600893e-09 -2.229252312591075130e-03 7.035254218198489997e-12 inf 0.000000000000000000e+00 -9.000000000000000000e+01
-5.303767070821305829e-01 8.533076859910084799e-01 1.197624822443520698e-01 9.420935547108782660e-10 -1.224357519373063530e-01 -5.293073992049488474e-01 -7.271293564835661360e-01 3.721191412592367964e+00 inf 0.000000000000000000e+00 -3.000000000000000000e+01
4.064603796628092560e-04 9.481719233409534320e-03 4.859852365533588981e-06 1.532155346504029680e-01 2.549581638736371696e-06 -1.117146339261993138e+00 -1.592476423138046437e-01 -6.212879444574190531e-07 inf 0.000000000000000000e+00 -9.000000000000000000e+01
-1.796526035242296815e-01 6.713334131694899398e-02 1.130865862184098569e+00 1.125368064068436154e-05 -1.252840524576864963e-02 -1.569744171418536571e-04 9.383703058262952306e-09 -7.394122945049874662e-01 inf 0.000000000000000000e+00 -1.000000000000000000e+01
2.710162661540113765e-10 3.442953424102461723e-10 1.437665686550892893e-09 4.405468274928403259e-11 -1.009138248767095014e+00 4.925255373372926560e-12 1.014857048151823625e-10 2.293094853550875244e-14 inf 0.000000000000000000e+00 -9.000000000000000000e+01
9.136489807819015265e-04 6.161616527310120883e-01 3.508324847598046208e-09 2.064862796108609011e+00 -6.018657944238224293e-08 0.000000000000000000e+00 6.160679847259150919e-10 0.000000000000000000e+00 inf 0.000000000000000000e+00 -2.000000000000000000e+01
1.055465906025928644e-07 1.093366250144301333e+00 3.866499823528988923e-09 0.000000000000000000e+00 -1.931217561396184335e-01 -2.591978698187987666e-04 1.628691092443496904e-03 9.631328607475841963e-02 inf 0.000000000000000000e+00 -1.000000000000000000e+01
2.504963537020538773e-06 2.858058368353581513e-01 0.000000000000000000e+00 7.219316985806624454e-02 -2.838279417707536001e-01 -7.140201183222442127e-01 -2.855585999522825685e-02 0.000000000000000000e+00 inf 0.000000000000000000e+00 -9.000000000000000000e+01
-5.933342215973373170e-03 2.477323296360016761e-02 1.057318340031312998e-09 1.335919525740809077e-01 -7.516382386585650499e-01 -9.590241936615055049e-08 1.430649424860686654e-05 -2.098323416255160723e+00 inf 0.000000000000000000e+00 -3.000000000000000000e+01
9.873293532381547841e-10 4.772699087608792644e-10 -2.292399176722953680e+00 2.315870840648444950e+00 -9.760300249016672369e-01 -3.520749588823648968e-01 1.381405220614834520e-02 1.058211410703288743e-03 inf 0.000000000000000000e+00 -2.000000000000000000e+01
3.547294478653813532e-01 7.971876839125235925e-01 1.508583526393223362e-04 1.443397818462651878e-05 -1.955207478386278754e-08 -1.778415108249828402e-01 4.577154166004920172e-02 0.000000000000000000e+00 inf 0.000000000000000000e+00 -9.000000000000000000e+01
9.588020663211396788e-02 4.810799699685136370e-04 -2.059993579458295618e-07 1.243136472195684572e+00 -2.589867650407675845e-02 -1.029334632119476289e+00 -1.387921094566879621e-02 8.155327920432681177e-02 inf 0.000000000000000000e+00 -9.000000000000000000e+01
4.088368118008175317e-02 5.356243219075181861e-01 1.071248643815036372e+00 1.215928776744078510e-01 -8.447290008531597831e-04 -2.178837109794485699e-08 9.196423343096037095e-02 -2.447008564749011093e-03 inf 0.000000000000000000e+00 -9.000000000000000000e+01
3.962136964769651937e-01 5.353421700490293977e-01 2.924108118978079908e-04 2.588765621826494420e-07 -1.980123316124146257e-02 -9.829729111069747394e-02 -6.230535990401132596e-01 8.181595444009375764e-04 inf 0.000000000000000000e+00 -9.000000000000000000e+01
6.077214593742504001e-02 -1.493108757945356586e-02 1.571693429416164856e+00 0.000000000000000000e+00 1.049218559829059009e-08 -2.742277598200079528e-04 1.723132640063034958e-03 1.018981240071480249e-01 inf 0.000000000000000000e+00 -9.000000000000000000e+01
1.649012717212526846e-01 9.631190217922440400e-02 9.941873773339292564e-01 2.308617804097537751e-01 -5.105320594008155778e-08 8.040879935562845681e-07 -3.269346952386575356e-01 6.606005651426569208e-10 inf 0.000000000000000000e+00 -9.000000000000000000e+01
7.752154604703744845e-01 3.307585964673597778e-01 5.166136934348704252e-10 2.422548313969920264e-02 -8.979579083781838444e-02 4.481714380844352939e-03 2.061641602682635255e-10 3.029088985108805950e-09 inf 0.000000000000000000e+00 -9.000000000000000000e+01
9.859552820123535215e-04 7.540975510028311568e-01 3.536691892330699723e-09 2.077403721770884726e+00 -6.067322633670171368e-08 3.573134401445921537e-01 1.312522855447016771e-08 -6.673659456188966999e-02 inf 0.000000000000000000e+00 -2.000000000000000000e+01
3.032898779916995413e-01 9.624398794936598334e-01 8.660610960429641902e-02 1.584900230477457629e-03 -1.952368427700015732e-08 0.000000000000000000e+00 0.000000000000000000e+00 0.000000000000000000e+00 inf 0.000000000000000000e+00 -9.000000000000000000e+01
6.722017502628986341e-01 1.383131173380449871e-03 4.754513408495296412e-02 6.390066021017678510e-01 -1.691093973703440643e-03 6.146804111435791828e-07 -1.114803725744642593e+00 1.023517068301532940e-01 inf 0.000000000000000000e+00 -9.000000000000000000e+01
6.718112169309188308e-01 1.689466078080712960e-02 9.662759794449677828e-10 2.238241694952691015e-05 -2.911844475750876016e-01 -1.366479916094694436e-01 3.458436442188753679e-01 -1.407225862683699757e+00 inf 0.000000000000000000e+00 -9.000000000000000000e+01
1.955438274500010676e-01 5.698933558155602069e-02 3.143452573472489331e-09 4.596342683267688051e-02 9.458369914701139081e-01 -1.305042500590224419e+00 1.855640516095246164e-03 -1.343301075526094346e+00 inf 0.000000000000000000e+00 -1.000000000000000000e+01
1.290084199107066348e-06 3.302069984903517885e-01 3.292093942653053773e-01 5.267350308244886925e-01 -1.340530677406073009e-03 -1.715879267079773451e-01 -5.646439913762510976e-01 5.856991777841354861e-09 inf 0.000000000000000000e+00 -9.000000000000000000e+01
4.066017617499176340e-01 1.609897494173515150e-03 -6.946368915584566340e-07 2.351098622363469171e-02 -5.992996488377470010e-01 -2.523554276927557949e-07 0.000000000000000000e+00 2.863960821849617991e-02 inf 0.000000000000000000e+00 -9.000000000000000000e+01
9.776769687111678264e-01 7.668517623250741672e-06 6.651581968553301749e-01 7.225676840839152099e-03 6.283029145100397097e-06 0.000000000000000000e+00 1.124434094684010621e-01 3.041630519474243841e-05 inf 0.000000000000000000e+00 -9.000000000000000000e+01
1.180475205777863079e-01 3.772093186278688837e-01 4.450527212587805370e-01 1.530547163353367157e+00 -3.188639923652848707e-02 -7.920717257158936542e-02 -1.467113581893464760e-02 2.515555853166433027e-06 inf 0.000000000000000000e+00 -9.000000000000000000e+01
3.273735253877410600e-01 5.135837186337418887e-04 -2.200560886543686564e-07 1.326390799635492668e+00 -2.765514256803699653e-02 1.372856719367946399e-01 -8.744041258743534550e-01 7.616357759490449195e-09 inf 0.000000000000000000e+00 -9.000000000000000000e+01
2.530166897513146940e-01 8.452631635395773113e-01 3.968027946910085771e-03 5.095475001936198949e-03 -2.117843403103597255e-01 -2.782012213700798316e-03 -5.564024427401596806e-02 3.748395403723180919e-01 inf 0.000000000000000000e+00 -1.000000000000000000e+01
1.842802350708374892e-01 6.416664300308297930e-01 5.165791773919749990e-04 2.328360883763729017e-02 -2.803976238667779119e-01 -2.240529476760542149e-01 2.187499193286919844e-02 -3.210239508920767694e-10 inf 0.000000000000000000e+00 -9.000000000000000000e+01
2.855119802516370431e-01 2.461852612087118419e-01 4.436053908041964200e-01 1.686329712560633354e+00 -7.926791807089613763e-04 6.685542237297287249e-02 -3.686879910274239169e-02 2.802028731808421831e-03 inf 0.000000000000000000e+00 -9.000000000000000000e+01
2.923129310725711694e-01 7.596412476280829384e-01 1.232555161592624904e+00 1.214867436464029810e-01 -1.298215022801899607e-03 -1.090936993951176215e-02 7.559175160220629186e-01 -2.897801390182811672e-05 inf 0.000000000000000000e+00 -9.000000000000000000e+01
2.490640373402182306e-01 7.973632850100511593e-01 5.907431641050589662e-03 1.854541573000905441e-01 -3.577841807997188653e-08 -2.221866232387558204e-01 -2.379771040233650062e-02 2.002523399998426450e-08 inf 0.000000000000000000e+00 -9.000000000000000000e+01
5.005508833585231750e-03 1.765182554398280965e-02 5.114663231825408024e-03 2.267417534186795702e+00 -6.580450865336348425e-03 -2.153850179560623491e-04 -5.867048905409481254e-04 0.000000000000000000e+00 inf 0.000000000000000000e+00 -2.000000000000000000e+01
5.274200968663973060e-02 3.244942794550352561e-02 1.182954649886511743e-02 1.731883013114481895e-01 -1.529892337718840312e-01 -7.591179693044118111e-07 -1.382513956041279801e+00 5.796835996802956423e-10 inf 0.000000000000000000e+00 -9.000000000000000000e+01
6.758738518824539687e-01 3.142401293051043654e-01 1.026174323894701423e+00 1.171961137982151513e-01 -1.756653837590829437e-01 5.769654833142899564e-02 5.439960271249020263e-01 3.577155662759861006e-09 inf 0.000000000000000000e+00 -9.000000000000000000e+01
6.179626601291314828e-04 3.232424081926750681e+00 2.739254007960266121e-03 5.363720228920292737e-02 -1.452587268221215533e+00 5.169207106221704429e+00 -8.494296238017740031e-02 8.853150741873070035e-07 inf 0.000000000000000000e+00 -2.000000000000000000e+01
7.115160647995534549e-04 1.090128855644406647e-02 2.914369801418970618e-01 1.269409342881021524e-04 -3.300744585698001110e-01 -7.727495685580604290e-01 -4.757929486407486697e-01 2.172530215603232673e+00 inf 0.000000000000000000e+00 -3.000000000000000000e+01
2.384213645879314481e-09 1.227591133805346235e+00 2.791076042787047329e-09 9.713839726172122419e-11 -6.135484945368611531e-09 1.021224616238409420e-09 -5.075608401423967352e-10 1.501322244589534280e-09 inf 0.000000000000000000e+00 -9.000000000000000000e+01
2.134751833931741172e-01 2.455517653538064893e-01 2.181933444250990211e-03 1.472481025347995021e-02 -6.879873786039082395e-01 -1.154480428324484304e-02 4.120181648391572915e-02 -3.645557116013411748e-05 inf 0.000000000000000000e+00 -9.000000000000000000e+01
-1.425434838949989882e-04 1.857940526576724115e-07 1.481824689942340845e+00 1.763499980425808867e-05 -1.797160146027297091e-04 4.540785609350012769e-02 -7.208309828704145827e-02 -3.851425417831529086e-02 inf 0.000000000000000000e+00 -1.000000000000000000e+01
2.047111283135337467e-02 1.364740855423558274e+00 4.718003846083067393e-09 3.311771142494501219e-01 -1.073596139599865884e+00 1.441166343327277444e+00 1.826933091793669917e+00 2.909847852546974931e-05 inf 0.000000000000000000e+00 -1.000000000000000000e+01
7.693391464216084919e-10 1.861337059266055319e-02 1.415403199739565965e+00 2.298141316303121129e-01 -6.124113738864266901e-04 1.746233234776558196e-04 -1.219903780914327954e-02 3.143031878673644582e-09 inf 0.000000000000000000e+00 -9.000000000000000000e+01
-4.845786870229616165e+08 6.893129770993232341e+03 1.903038898497376286e+00 5.931708648915343662e-01 -2.410842080152974631e+01 -4.208015267176100679e+03 1.878578244275045108e+02 2.379532442748390508e+02 inf 0.000000000000000000e+00 -2.000000000000000000e+01
1.899555586672894369e+00 1.532535894757029892e-05 4.514252619682785216e-09 2.838416393879037436e-01 -3.296895606927487297e-07 5.735056713786363503e+00 1.305987110314686466e-04 7.005903164720911234e-08 inf 0.000000000000000000e+00 -3.000000000000000000e+01
2.455711534172020372e-01 7.558213021601491999e-01 4.132955435033025537e-01 2.972330963551148703e-02 -1.362318358294276610e-01 -5.097636064721277824e-03 0.000000000000000000e+00 5.104031542790631147e-09 inf 0.000000000000000000e+00 -9.000000000000000000e+01
3.410956609985050236e-01 3.570134585117685777e-01 9.740176097401755106e-02 1.776539901033880259e-03 -9.288955781366114718e-08 -6.261000355217003488e-01 1.398492210093870702e-01 1.389277190063268644e-09 inf 0.000000000000000000e+00 -9.000000000000000000e+01
-5.824370383302203066e-03 5.249515365589298987e-01 5.528901337427385432e-01 6.646445224779728989e-01 -4.259585779381732526e-08 -2.529178271376357201e-01 9.290454580544520216e-09 -4.723828602788690545e-02 inf 0.000000000000000000e+00 -1.000000000000000000e+01
4.292482151224881193e-01 7.809932802923047479e-01 1.595242118917666917e-03 1.269783373815338072e-06 -7.448132327006385306e-07 -3.563095535684715834e-03 -2.752355453447435374e-01 1.470068011046390141e-04 inf 0.000000000000000000e+00 -9.000000000000000000e+01
2.058737018578946365e-01 4.890111683085383576e-01 7.596029195222351988e-06 1.279253216295136442e+00 -5.155435228024286948e-10 -1.506154398390298077e-01 -4.371759844678332896e-01 0.000000000000000000e+00 inf 0.000000000000000000e+00 -9.000000000000000000e+01
2.877051595893925229e-01 1.009985944852272999e+00 1.320325251612159724e-02 2.204226029244630189e-05 -3.878663367937250652e-10 -1.060542737320040431e-09 9.533642133364604238e-09 2.954829461208853549e-07 inf 0.000000000000000000e+00 -9.000000000000000000e+01
8.884553827113780596e-08 1.018931114133814481e+04 8.735982692881109331e-08 2.310281137318048306e-08 -9.571622439884279743e+00 -5.439744465035034227e+04 3.205012493840028644e+08 -7.326910284436972086e-04 inf 0.000000000000000000e+00 -2.000000000000000000e+01
8.923561674163102975e-01 4.960852754449011047e-06 1.176465187895682635e-01 5.486916477986503171e-01 -1.742730589538417640e-01 1.815954563888771411e-01 4.855493990467099732e-10 7.504593318479547505e-07 inf 0.000000000000000000e+00 -9.000000000000000000e+01
1.473342918675005144e-04 1.227419510825658477e+00 1.353945955456109046e-06 4.799289698014450011e-07 -1.083781062211783356e-04 -4.167188128032058311e-06 5.166064683065960440e-06 3.040330514384438306e-05 inf 0.000000000000000000e+00 -9.000000000000000000e+01
1.006527055459170567e-01 3.332288601083273072e-01 1.871358554567292831e-01 6.919660278231742616e-08 -3.302972279079607887e-01 -5.276937960659728866e-01 1.084703914135611014e-01 4.878127510958825435e-09 inf 0.000000000000000000e+00 -8.000000000000000000e+01
1.894834763959316881e-01 5.317568036000114295e-01 5.702550337248991630e-01 1.207881970168351859e+00 -1.163969926432151664e-01 -1.304578696614847044e-02 5.067931075034045468e-02 4.316854204085171138e-08 inf 0.000000000000000000e+00 -9.000000000000000000e+01
-2.025453446823292225e+01 2.121461179012164244e+00 2.419549702340515474e-01 1.013791325280676003e-01 -6.388786543231299289e-09 -4.041615822789597523e+00 1.504465490270629961e-07 1.601378911423032583e-07 inf 0.000000000000000000e+00 -2.000000000000000000e+01
2.443181358150974258e-01 1.297940096517705033e+00 4.342373117026145785e-02 6.304726327344145969e-10 -8.366623661376383636e-02 2.226858008731356642e-01 -8.064407217334269851e-02 3.318654678155073423e+00 inf 0.000000000000000000e+00 -3.000000000000000000e+01
8.505368493550196085e-01 3.275055684298063818e-01 6.644819135586090475e-04 4.086181882228228225e-04 -1.280082398993366392e-02 -2.103590435112770097e-08 0.000000000000000000e+00 1.172509842082136231e-05 inf 0.000000000000000000e+00 -9.000000000000000000e+01
5.752272599804331144e-01 4.237837721293261831e-09 3.989271825367657343e-01 8.887389852885606636e-03 -4.208038344823302745e-01 -2.569548663589579954e-09 2.412866023407857219e-02 2.882570609297919972e+00 inf 0.000000000000000000e+00 -3.000000000000000000e+01
8.788910211601264110e-04 7.391871918552922471e-01 1.679970890580209653e-02 2.812451267712404455e-05 -5.675901651745993703e-01 0.000000000000000000e+00 -2.887449968184735427e-02 -5.815328923342836956e-05 inf 0.000000000000000000e+00 -9.000000000000000000e+01
5.995326536216051978e-08 2.669028833974572690e-01 1.297015664774420429e+00 7.203814323030070092e-10 -5.403226685083790872e-05 -8.616441225382788732e-06 0.000000000000000000e+00 0.000000000000000000e+00 inf 0.000000000000000000e+00 -9.000000000000000000e+01
-1.154842175206983029e+03 3.487965654821348904e-01 1.387435227140047633e+00 3.852264289880467096e+00 -2.430724509671055245e+01 6.985404849171478620e-07 -5.567071986277534155e-08 -3.666413550464606869e-06 inf 0.000000000000000000e+00 -2.000000000000000000e+01
6.712173406515782592e-02 1.040732866329869832e+00 6.942832286464778457e-02 6.292374245008610645e-01 -3.309954927268092539e-02 -2.773673031386676702e-02 6.145508249831271356e-09 1.896171136055321902e-07 inf 0.000000000000000000e+00 -9.000000000000000000e+01
4.781659347309580310e-01 6.467840594059575605e-10 8.310979341752365857e-01 1.878509029300192423e-01 -4.648835476550980950e-01 8.977221370989792582e-10 -1.612861287782993425e-01 -5.283836988043204852e-10 inf 0.000000000000000000e+00 -9.000000000000000000e+01
5.777422964436786795e-02 -1.419453055917658905e-02 1.494161111492272376e+00 0.000000000000000000e+00 1.006366047851006867e-08 3.187543704516847959e-02 1.072418096714384136e-09 -1.399530907764428567e-01 inf 0.000000000000000000e+00 -9.000000000000000000e+01
5.739116866516343974e-04 2.984340770588498823e-02 2.587328921469486120e-01 8.642434810754023866e-03 -9.830769597232702495e-01 -2.054077911846737213e-08 3.983622295581933093e-03 0.000000000000000000e+00 inf 0.000000000000000000e+00 -9.000000000000000000e+01
3.531769654176439288e-01 2.902974436590435511e-02 1.412707861670575715e+00 5.369830079015637741e-08 -1.111575720636700019e-07 -4.763895945585857263e-07 2.909821074412582626e-05 1.812578830173566315e-08 inf 0.000000000000000000e+00 -9.000000000000000000e+01
4.090606685527619635e-01 5.274335360094219993e-01 7.132339861945593551e-01 6.297923525680686890e-03 8.121277741963259800e-01 7.544997253552751531e-07 -4.630027347355437639e-01 1.602283053118111499e-04 inf 0.000000000000000000e+00 -1.000000000000000000e+01
1.414216586216014704e-01 1.404517637061065234e-03 2.723025725012201970e-01 8.464292022687889115e-10 -8.526291302403797845e-01 8.734451281473885882e-07 1.393938005022942412e-05 -3.059743959825538678e-02 inf 0.000000000000000000e+00 -9.000000000000000000e+01
1.163978902417047400e-09 1.747926638748609485e-01 2.224530987785633407e-02 2.173587530050084649e+00 -3.957740627632861941e-01 -1.070944689285093648e-01 4.754722721984559752e-02 -4.212121830999156327e-05 inf 0.000000000000000000e+00 -2.000000000000000000e+01
-2.353292702289909668e+11 2.936843988549410369e+02 9.979946922709215684e+00 1.336921517175477732e+02 -5.119125715648492303e+01 -1.629079571206945687e+00 -3.655400166984473742e+01 -7.509420846254238890e-01 inf 0.000000000000000000e+00 -2.000000000000000000e+01
2.453092759863300387e-01 7.699848501784202215e-01 0.000000000000000000e+00 0.000000000000000000e+00 2.140280445817192193e-09 -2.043421333165807707e-01 -1.633749906468314750e-01 4.045203591750706794e-09 inf 0.000000000000000000e+00 -9.000000000000000000e+01
6.431965735062977751e-01 4.759654643946603647e-01 6.951470659818063946e-02 3.245668863231779278e-01 -7.387341979069324597e-09 -1.607991433765744438e-01 -1.019489761191622859e-04 -1.348238971388201167e-02 inf 0.000000000000000000e+00 -9.000000000000000000e+01
1.242448874132801168e-01 4.499679706318793215e-01 3.660187223796630418e-01 9.942739089871867678e-03 -1.085437545761077901e-03 -7.102106402137497998e-01 4.180672562960371375e-01 3.852899143350514197e-09 inf 0.000000000000000000e+00 -9.000000000000000000e+01
3.783457179168556728e-01 3.252072743892074347e-01 3.759544879581114968e-02 3.269259709220547687e-05 -4.601789209494340227e-01 2.607104885575243190e-03 -2.306208449099934887e-01 3.484027855420893145e-09 inf 0.000000000000000000e+00 -9.000000000000000000e+01
1.009079246126477702e+00 7.802480176597744620e-11 1.090054741186009942e-03 3.376240492773150639e-10 -6.957310882988274583e-06 -3.497367471276764515e-08 -1.966248208904643872e-07 0.000000000000000000e+00 inf 0.000000000000000000e+00 -8.000000000000000000e+01
3.340279576907765409e-04 3.354131447191150642e-05 0.000000000000000000e+00 5.734515990232554039e-02 -1.011544304708159370e+00 -4.913852041100333010e-03 1.011139038560439768e-01 4.698292358604976113e-09 inf 0.000000000000000000e+00 -9.000000000000000000e+01
3.142757195030507732e-03 2.746373404666299471e-03 7.079036987532982828e-01 3.791461029300750720e-10 -3.669381373657241291e-02 -7.828013597135448087e-01 7.491181752418814505e-05 1.517583654537254037e-02 inf 0.000000000000000000e+00 -9.000000000000000000e+01
5.479453283728755730e-01 7.553978806786556532e-01 1.515023734570064909e-02 1.640541689323689464e-04 -7.768900778434867371e-03 -1.706603770772965477e-04 -1.734129638043497104e-04 -5.064329486101731166e-07 inf 0.000000000000000000e+00 -9.000000000000000000e+01
-4.692087421606553656e-03 1.032187870207105673e+00 4.153300196768082431e-02 2.924308216938506468e-10 -1.969606278879709182e-01 -3.389720950970514374e-02 -9.134405931036333054e-03 -3.898179093616091322e-03 inf 0.000000000000000000e+00 -9.000000000000000000e+01
4.653565992606552015e-01 1.294601065612349111e-01 -1.338920741732411379e+00 0.000000000000000000e+00 -5.528296442344625694e-01 -4.546433402130605162e-08 5.685747923297478947e-03 3.953798161256547123e-09 inf 0.000000000000000000e+00 -1.000000000000000000e+01
9.886423143928498025e-02 5.057144329384986037e-01 4.380898285339319687e-01 4.307393280551747305e-01 -4.277991278636718020e-01 2.423368126590279888e-03 -2.146346139797116193e-01 9.977730142063060564e-05 inf 0.000000000000000000e+00 -8.000000000000000000e+01
2.746452179073506361e-01 6.449223298906609924e-09 2.278790043317955871e-01 2.593399116462599130e-01 -4.523568294944598778e-01 -8.179835901760722505e-01 -6.462240421349426667e-01 4.124950096322412918e+01 inf 0.000000000000000000e+00 -3.000000000000000000e+01
1.580373087389092268e-01 2.779276808856679382e-01 7.556726486826004230e-01 2.279520718048427949e-04 -5.703875280921550939e-01 -3.542215540699689136e-02 -7.811039397440340537e-02 5.946267273850840314e-03 inf 0.000000000000000000e+00 -9.000000000000000000e+01
-2.258466351660091964e-02 1.449949557429425884e+00 8.988067744532840411e-05 2.514756263666660385e-01 -4.973581855928572298e-03 -1.282852217143359133e-07 5.414655378525511376e-01 -1.508004178381189969e-02 inf 0.000000000000000000e+00 -1.000000000000000000e+01
5.849801590054038991e-01 1.210200226279146696e-01 1.249238943255893242e+00 9.860853803659155246e-06 -1.169372625787089409e-05 0.000000000000000000e+00 8.394699033450249325e-09 7.875623826691064596e-10 inf 0.000000000000000000e+00 -9.000000000000000000e+01
1.465677842823140120e-01 3.197240056464442987e-10 8.219883984492661888e-01 1.138397586301705937e-08 -4.249710240144413762e-04 -6.503378799495664886e-01 -7.885573445601300538e-04 3.163304280315828646e-06 inf 0.000000000000000000e+00 -8.000000000000000000e+01
9.968823957329541186e-01 2.051745710240256352e-05 3.368218055435496424e-09 2.332820722572755967e-01 -5.158843380632828349e-08 8.125178324496704650e-07 -2.105817463854496308e-01 4.947969899811759744e-10 inf 0.000000000000000000e+00 -9.000000000000000000e+01
4.638257465000920066e-01 1.278870396143978908e-08 6.889021858448078628e-02 4.640886862656816436e-02 -1.287897716587348062e-06 -1.001274627365277947e+00 -5.074737475879691900e-02 6.125444779175818866e+00 inf 0.000000000000000000e+00 -3.000000000000000000e+01
4.527884317300193089e-08 1.096512603410866982e+00 2.504158509699827301e-03 5.559668273043350196e-05 -2.105372945420551922e-01 -2.381749103557228199e-08 5.456782940171634594e-02 -5.009996434229922569e-10 inf 0.000000000000000000e+00 -9.000000000000000000e+01
-1.523851891244217605e+00 2.513360500192204894e-04 8.996978604077859876e-03 7.965187319641610350e-06 -2.495162066197593287e+00 -1.101902682570141991e-03 -7.924611457329185094e-02 7.735584028071792462e-01 inf 0.000000000000000000e+00 -3.000000000000000000e+01
