4.680273954911613465e-01 1.241414128284482887e-01 2.541688409203143872e-02 3.734254225231489603e-10 -4.894310873581351751e-01 -4.239242341099093197e-10 0.000000000000000000e+00 0.000000000000000000e+00 1.132701255343214325e+04 0.000000000000000000e+00 0.000000000000000000e+00
1.201608676251075258e-01 4.324452394753173223e-01 3.974680509883431558e-04 0.000000000000000000e+00 -6.854859523571593671e-01 -1.281804650758494732e-09 7.182096097635145058e-10 1.311730051165307845e-09 2.539613894393111696e+04 0.000000000000000000e+00 0.000000000000000000e+00
3.330628742655303287e-02 3.123691830062553902e-04 2.930378877907405670e-05 3.607133770347441537e-01 -1.027933951936105597e-04 -1.176403208726552352e+00 3.942970532053420107e-05 3.008563227445710045e-02 inf 0.000000000000000000e+00 -9.000000000000000000e+01
1.069582368863918775e+00 2.661091529407138001e+00 -2.548470662496584772e-04 0.000000000000000000e+00 -2.360386348813738391e-02 -9.906731026043062022e-03 4.387125482735304161e+01 -6.752549906791126613e-05 inf 0.000000000000000000e+00 -2.000000000000000000e+01
4.567892797426005689e-08 9.687111573674488385e-01 1.650044435660641474e-09 3.961887269077259341e-10 -1.828282982038071658e-01 -6.691754705498824396e-02 -8.324861508626513196e-02 -2.891793997733420607e-01 inf 0.000000000000000000e+00 -9.000000000000000000e+01
-1.077391903479654051e-02 4.176214955676605944e-01 6.270827441234031463e-01 1.665281976095344396e-01 -4.798142345198403551e-09 -5.008855943724278559e-01 1.248961482071508367e-01 9.169783148601394666e-09 inf 0.000000000000000000e+00 -1.000000000000000000e+01
3.941987153570618019e-01 4.070530212926181529e-02 1.206590850484223765e+00 2.256198489730465873e-03 -1.158841712923586194e-09 -1.919576353043083439e-01 2.677980403240908815e-05 4.166083843981487772e-10 inf 0.000000000000000000e+00 -9.000000000000000000e+01
5.007171313383147471e-01 6.599919386803662635e-02 9.975376313043469167e-01 4.943851053583555449e-02 -4.841564480061136821e-01 4.251238145724583155e-06 1.048193839144020867e+00 5.385466810751134250e-09 inf 0.000000000000000000e+00 -9.000000000000000000e+01
1.547423496697125297e-02 3.233026706249162441e-01 -1.061448282198552762e-07 2.482128210923486436e-09 -1.438583311914147164e-02 -1.764157429873664529e-01 -1.053951563254996282e+00 -8.687448738232202940e-09 inf 0.000000000000000000e+00 -9.000000000000000000e+01
2.999456764157509281e-01 3.690575834239884223e-01 5.598064467667240862e-01 0.000000000000000000e+00 -1.437527665771340668e-01 -2.792121043132796410e-01 3.707451600278245305e-10 0.000000000000000000e+00 inf 0.000000000000000000e+00 -9.000000000000000000e+01
-1.717123440787883965e+03 1.286092794475979701e+02 2.050530603437467764e-02 1.177460239840536893e+01 -3.791203249022162254e+02 4.320805179808642606e+03 -8.049016128693206440e+01 1.415635955335382682e-04 inf 0.000000000000000000e+00 -2.000000000000000000e+01
3.901008591838285300e-01 1.650879442814101111e-07 7.197360851941635440e-01 8.211623085819590440e-01 -5.734482630002278869e-01 -1.213745167815437788e-07 1.187517111315518063e-05 7.762016607295415453e-05 inf 0.000000000000000000e+00 -9.000000000000000000e+01
1.108796072080598435e-03 1.540990370842852948e-07 0.000000000000000000e+00 2.009977571529456775e+00 -7.268907439023511996e-01 -8.521996837781626081e-05 -1.545197228828536630e-04 -2.291911448452004507e-01 inf 0.000000000000000000e+00 -2.000000000000000000e+01
2.406356925395897461e-01 1.818242769294207666e-05 8.455755474555710638e-01 1.262271278334253122e+00 3.545568938178259022e-01 -8.041496560816670247e-02 5.636924413599220626e-05 6.536052899590950171e-09 inf 0.000000000000000000e+00 -1.000000000000000000e+01
5.233713016837717598e-10 1.949907020770137852e-03 -2.230555858259864937e-07 3.593224887331134248e-03 -1.004631340512513793e+00 -1.003159712572309833e-02 -3.625588905518865863e-10 2.413940484190625556e-08 inf 0.000000000000000000e+00 -9.000000000000000000e+01
-1.277746243217239389e+05 -2.780455486219275940e+02 4.570102781358186235e+02 5.421411510776136342e-04 -3.227867310004003798e+01 -1.063021864858065906e-05 3.628834999831838672e+02 1.459883361071743829e-03 inf 0.000000000000000000e+00 -2.000000000000000000e+01
-2.716813305673978274e+00 0.000000000000000000e+00 0.000000000000000000e+00 0.000000000000000000e+00 -1.062667080292820328e-05 -8.022474072914101972e-01 1.787984300184555873e-03 -2.131123480718899454e+00 inf 0.000000000000000000e+00 -2.000000000000000000e+01
9.682606481581142878e-09 9.751293657695158171e-03 2.377798288704796592e-01 1.231742356761493656e-01 -1.450956793588031868e+00 0.000000000000000000e+00 4.167787703156803758e+01 5.796455129404390970e-06 inf 0.000000000000000000e+00 -3.000000000000000000e+01
4.502037344968783800e-02 1.863501533930116832e-02 8.177751379785068442e-03 1.991382189653027490e+00 -2.553054089298753548e-01 -6.966190443658026865e-01 5.648694502995593611e-06 1.433423621425769651e-09 inf 0.000000000000000000e+00 -9.000000000000000000e+01
3.452392462396186579e-01 3.947874713943787944e-02 1.002370553224939912e-06 9.685878852833745833e-02 -6.470039207305446904e-01 -3.208622284882144893e-08 8.335939724678969940e-10 5.007267713472478505e-04 inf 0.000000000000000000e+00 -9.000000000000000000e+01
6.130694642983389739e-04 8.328293940418035103e-07 0.000000000000000000e+00 1.669003484445220596e-06 -2.160415692558455003e+00 -7.880940802052207191e-08 4.902179607841731013e+02 5.618044669897958885e-10 inf 0.000000000000000000e+00 -3.000000000000000000e+01
2.850829256831770081e-04 5.681408677148646058e-01 9.896647373097641198e-01 4.740156571667044095e-09 0.000000000000000000e+00 -7.854482042140984582e-03 1.532455556667337209e-07 2.045438031807548181e-05 inf 0.000000000000000000e+00 -9.000000000000000000e+01
4.918812300985634933e-01 3.146593163130516624e-01 6.351958899710309636e-02 5.941827684900189359e-09 -3.707193094492849950e-01 7.760754527216573451e-08 -6.398310954660775839e-07 -2.428253860960208012e-06 inf 0.000000000000000000e+00 -9.000000000000000000e+01
8.057624182763047094e-03 3.570895788768649881e-01 1.214299167406887037e+00 0.000000000000000000e+00 -3.978463075296258292e-08 -5.781385390941629288e-10 0.000000000000000000e+00 0.000000000000000000e+00 inf 0.000000000000000000e+00 -9.000000000000000000e+01
3.355029559245720217e-01 3.560964877460291444e-01 0.000000000000000000e+00 1.548805205738753299e-01 -5.096899125810634423e-01 -4.531649580502930888e-03 -1.429757229425504140e-05 -3.003223390629161573e-03 inf 0.000000000000000000e+00 -9.000000000000000000e+01
4.317537508650366451e-01 1.780244917950356554e-01 1.797988222780426693e-01 3.903527062615400056e-01 -2.637837984737073649e-01 -3.666949664881133386e-01 1.253120903623693855e-02 3.313761262151758255e-08 inf 0.000000000000000000e+00 -9.000000000000000000e+01
5.111680152933352206e-01 9.868108403346240523e-03 3.469256860551412616e-05 5.011337017804978541e-08 -1.708416267329317811e-02 -7.697124554610067504e-01 -4.576335272051818698e-02 -1.942783841908790957e-03 inf 0.000000000000000000e+00 -9.000000000000000000e+01
2.174550719847943363e-08 2.677087642236395906e-07 1.529739054988651370e+00 4.328696808276402320e-09 -1.789048933386964151e-09 0.000000000000000000e+00 1.202415780076778376e-09 1.090190307269612406e-08 inf 0.000000000000000000e+00 -9.000000000000000000e+01
3.609845188346177151e-13 1.227591139686750044e+00 1.711895108335708353e-10 5.883061360504720804e-11 -3.868175967507825182e-10 4.499977779188370017e-15 0.000000000000000000e+00 4.530799544799249361e-15 inf 0.000000000000000000e+00 -9.000000000000000000e+01
3.460552322015703064e-01 1.755658799907374501e+01 -5.734742173727617326e-02 6.435091865134275735e-07 -5.549496206603770077e-01 -2.364842133495924648e-01 4.149005163919036363e+02 -1.962101608411268572e-07 inf 0.000000000000000000e+00 -2.000000000000000000e+01
8.846715542139547972e-02 2.925331084065039742e-04 3.155002725237556432e-07 1.805101061703079587e-08 -9.348715214763281267e-01 3.847292572976966640e-02 4.789827818963636030e-04 1.795290729845997888e-08 inf 0.000000000000000000e+00 -9.000000000000000000e+01
3.436659049700575252e+01 5.808658348241063862e+01 1.961987868636006160e+00 6.826347816261736057e+01 1.782816592248496017e+05 -1.113886236254502826e-04 -1.224984984275959050e+03 2.346860155290331421e+11 inf 0.000000000000000000e+00 -2.000000000000000000e+01
2.287131460009438344e-01 2.967406458371220079e-01 -1.084996500362080959e-06 6.876055479130939452e-02 -6.357052570898028554e-01 -3.984845394371044336e-09 -1.624449780570806079e-01 1.275515621928340615e-01 inf 0.000000000000000000e+00 -9.000000000000000000e+01
6.786626552412641233e-01 -1.640759035685032952e-01 1.519099548069108574e-01 7.200926429158761854e-02 -3.827341718511780289e-01 -5.856917900428786766e-03 7.644819154243891191e-02 3.079327166759326996e-07 inf 0.000000000000000000e+00 -9.000000000000000000e+01
5.542144733478269076e-05 5.082096830451287017e-01 8.760397683260435775e-01 6.407850652355891195e-09 -1.637020490625002485e-06 -1.612588417354735293e-01 -5.379459467329201008e-04 8.658541997191637015e-09 inf 0.000000000000000000e+00 -9.000000000000000000e+01
5.972914296264166811e-01 9.493691597404745543e-06 1.546558165996971823e-01 2.346502044960922795e-01 -2.719809188477433359e-01 -2.702032657833789986e-01 -9.466002567740086637e-02 2.006548935556387917e-09 inf 0.000000000000000000e+00 -9.000000000000000000e+01
9.358091003233114102e-02 7.463366405047644481e-01 6.904841452038322459e-04 1.664382697720086929e-02 -5.730386589634104411e-01 4.245800547763172589e-02 2.801650701585222669e-01 0.000000000000000000e+00 inf 0.000000000000000000e+00 -1.000000000000000000e+01
1.541558615698069568e-01 1.052038609598961033e-01 1.239672010374254128e-05 5.756690861198396521e-03 -8.124314487188711853e-01 0.000000000000000000e+00 -2.530778615259279021e-07 2.647079768452424347e-06 inf 0.000000000000000000e+00 -9.000000000000000000e+01
2.955330455641815360e-02 5.934102625945945064e-01 1.017985554914856714e-09 0.000000000000000000e+00 -6.469913246798852935e-01 -3.030678824199255564e-02 -6.033756075888754139e-05 4.730638755192569352e-09 inf 0.000000000000000000e+00 -9.000000000000000000e+01
1.101516617519880226e-07 4.390236291145103046e-06 3.817803512457211279e-01 1.002865053091115261e-01 -9.172434408614272642e-09 -9.904156938113635178e-01 1.338969301536141717e-07 3.998769157912738575e-09 inf 0.000000000000000000e+00 -9.000000000000000000e+01
9.538038646225536210e-01 -8.310420324703923778e-02 2.677521442001872254e-01 2.493259765041942750e-08 -6.403317788183722492e-02 4.252696570986169299e-04 -1.838901518657889422e-01 -5.314738508815252341e-09 inf 0.000000000000000000e+00 -9.000000000000000000e+01
1.926090386754687189e-01 4.372823025227208824e-05 1.039337646575742444e-05 1.686237621611650583e+00 -8.493487527575924734e-01 0.000000000000000000e+00 9.033415830062414553e-01 0.000000000000000000e+00 inf 0.000000000000000000e+00 -9.000000000000000000e+01
0.000000000000000000e+00 8.928118874479740869e-03 0.000000000000000000e+00 1.392123638131559086e-09 -9.828073257027298837e-01 0.000000000000000000e+00 -4.068365208722928839e-01 0.000000000000000000e+00 inf 0.000000000000000000e+00 -9.000000000000000000e+01
2.453587518339801221e+01 -1.538249154355075370e+04 1.827623435466160795e-02 1.379122199421580148e-03 -7.163030814170257389e-04 -1.828065155699701133e-06 4.681648049015697111e-10 -1.776034332471731148e+00 inf 0.000000000000000000e+00 -2.000000000000000000e+01
4.675689904313156675e-01 3.208490658476959578e-01 7.552936229564242427e-10 3.207370136451137570e-09 -4.030767158890652402e-01 6.361054422624311082e-03 -5.432088553973731128e-05 0.000000000000000000e+00 inf 0.000000000000000000e+00 -9.000000000000000000e+01
6.534047183076947540e-01 3.512676227492276398e-02 1.289285172139704172e-01 5.256301426161188051e-04 -3.504852895137059998e-01 4.193306142396124869e-02 3.852991184944200634e-03 -7.040999119694986430e-02 inf 0.000000000000000000e+00 -9.000000000000000000e+01
3.891741051666068874e-01 1.510312297666919212e-01 2.109911936441051794e-01 1.071925769317906979e-01 -5.441649551893543713e-01 -4.369589134495640246e-08 2.106034071737158232e-06 0.000000000000000000e+00 inf 0.000000000000000000e+00 -9.000000000000000000e+01
3.337095878773457347e-11 2.679493096592933874e-17 9.007115928118024447e-11 4.219549804163398997e-11 -3.797594823747058774e-10 1.376222397665600741e-09 -1.540440415081625103e+00 4.992330935665079272e-13 inf 0.000000000000000000e+00 -9.000000000000000000e+01
9.358246807529167766e-02 2.135921841705364956e-03 1.479680908834454800e-01 2.108790275372017575e+00 -4.684023009422976225e-01 -2.663398003848623141e-08 6.023309630414237536e-10 1.998120432563083373e-03 inf 0.000000000000000000e+00 -2.000000000000000000e+01
3.377228540826868393e-08 1.177355624527013832e-08 3.809607281347955909e-08 0.000000000000000000e+00 -1.007733330566091157e+00 9.823469695960506596e-10 -5.879474427693835187e-10 2.070182665967340642e-05 inf 0.000000000000000000e+00 -9.000000000000000000e+01
1.001548497819322536e+00 1.208332781578244562e-08 1.306375161052056538e-04 4.999997716875494682e-09 -1.175757038877388957e-06 -7.894105486262308633e-04 6.041663907891222810e-09 4.383028301629524486e-06 inf 0.000000000000000000e+00 -9.000000000000000000e+01
8.717989622421186136e-01 2.450563430409134062e-07 6.309517781207550913e-01 1.268687983963238786e+00 -1.721055768947405063e-06 2.014126979888163083e-02 -1.725788801714699672e-01 3.429171268955355850e-06 inf 0.000000000000000000e+00 -9.000000000000000000e+01
1.621373927062754600e-02 2.681609088551919432e-03 1.345630061916027465e-01 0.000000000000000000e+00 -5.466406701639216314e-06 -5.739053833925408651e-07 -1.390631460707973277e+00 0.000000000000000000e+00 inf 0.000000000000000000e+00 -9.000000000000000000e+01
9.964029073028407076e-08 4.005082670557270075e-01 2.106903716147810586e-05 4.394323441608871672e-01 -3.882164532330448226e-01 -5.008914132742979808e-01 -6.212254645714707872e-09 2.823141570691382005e-07 inf 0.000000000000000000e+00 -9.000000000000000000e+01
6.088937866631168871e-01 5.193265426158139833e-05 1.126764438853751706e-09 1.899074269478613908e-01 -3.986568440367638244e-01 -3.370175045786541219e-03 3.173387813227970811e-02 6.317565021623028455e-07 inf 0.000000000000000000e+00 -9.000000000000000000e+01
6.418849110140639747e-01 0.000000000000000000e+00 1.232189784535926425e-01 0.000000000000000000e+00 0.000000000000000000e+00 -6.323330522192118774e-01 4.679223267447414501e-10 1.394871118509039235e-08 inf 0.000000000000000000e+00 -9.000000000000000000e+01
0.000000000000000000e+00 0.000000000000000000e+00 3.014611861039139830e-05 7.101146027342486990e-09 -1.276481310178163666e-08 -1.839973059716271869e-09 1.108219553907764343e+01 -6.359142844150403207e+00 inf 0.000000000000000000e+00 -3.000000000000000000e+01
0.000000000000000000e+00 0.000000000000000000e+00 0.000000000000000000e+00 0.000000000000000000e+00 -1.007727849235318995e+00 -4.710928938101951386e-10 0.000000000000000000e+00 1.928364685946791169e-09 inf 0.000000000000000000e+00 -9.000000000000000000e+01
9.998585131912403057e-01 1.092476672005643704e-02 1.420592532539761976e-02 2.479511900627143391e-03 -5.077767901450079383e-08 -9.512636337506480155e-07 -8.173067798758945623e-02 -2.350502710008046947e-01 inf 0.000000000000000000e+00 -9.000000000000000000e+01
7.680645425811070126e-01 1.897364026717557692e+02 -1.718360959118559461e-01 3.849037119564210326e-08 -1.420674797232824815e+01 -8.101368678435116877e+00 3.442531038778626709e+11 1.470565454650471533e-05 inf 0.000000000000000000e+00 -2.000000000000000000e+01
-7.173898622177303985e-04 1.220896504668912641e+00 2.007284259852175711e-06 1.736639191108062087e-05 -1.108562201575889229e-02 2.199803118752155420e-03 1.150133284134985216e-02 7.075580105309772766e-10 inf 0.000000000000000000e+00 -9.000000000000000000e+01
8.603148364271270832e-03 6.282367791778848722e-03 0.000000000000000000e+00 5.716492751710533304e-05 -9.952453145526737321e-01 -5.820428983559815727e-04 -5.150617711642218021e-05 0.000000000000000000e+00 inf 0.000000000000000000e+00 -9.000000000000000000e+01
-1.947611416927558423e+02 7.098045807301591771e-03 0.000000000000000000e+00 3.202887869865284287e+00 -6.259540395999480672e-04 4.477228893836388349e-03 -1.350383714713283649e-04 -1.175315812450085585e-09 inf 0.000000000000000000e+00 -2.000000000000000000e+01
1.806091632957398385e-01 8.891092103201844873e-05 2.102297523047048558e-05 1.722423203427694688e-07 -8.270517969498907274e-01 2.022141312084255729e-09 -6.071965338771991277e-04 0.000000000000000000e+00 inf 0.000000000000000000e+00 -9.000000000000000000e+01
9.924784112510698402e-07 9.840956807251618477e-01 -2.626619601981683478e-06 3.175516413841576457e-01 -2.177272392658704814e-01 0.000000000000000000e+00 1.376876394098160981e-05 -8.206037465471797132e-01 inf 0.000000000000000000e+00 -9.000000000000000000e+01
2.654852484811798252e+00 -4.671254478989902287e-08 1.334925825696328117e+00 1.997575928515418741e-09 -2.057698165311404592e-01 2.333870319981445363e+01 2.640152800625273984e-09 -3.345590453702397103e-09 inf 0.000000000000000000e+00 -2.000000000000000000e+01
5.205131580935806745e-01 7.449039894978805032e-01 1.127091178168209909e-04 0.000000000000000000e+00 -1.552346384273633371e-07 -5.678743376727669184e-02 8.880221171097418126e-03 0.000000000000000000e+00 inf 0.000000000000000000e+00 -9.000000000000000000e+01
5.348607367344210273e-01 4.736577668593380253e-01 -4.811528698596015720e-06 1.923120565350629255e-09 -2.201976416157877536e-01 9.646120252051125846e-03 -2.175366429255667644e-01 -2.020029981056133245e-06 inf 0.000000000000000000e+00 -9.000000000000000000e+01
0.000000000000000000e+00 8.554576441033874132e-10 1.393527451720879329e+00 5.201307379470016239e-04 -5.134048506340082030e-01 5.036101919671275117e-06 1.616587259009062952e-09 0.000000000000000000e+00 inf 0.000000000000000000e+00 -9.000000000000000000e+01
2.080513960492036407e-01 2.915369880944254644e-01 0.000000000000000000e+00 9.034043825024884012e-10 -6.811364176387940672e-01 -1.925634935566872740e-03 9.508081316261375593e-02 0.000000000000000000e+00 inf 0.000000000000000000e+00 -9.000000000000000000e+01
2.142372378677112332e-01 3.681477444946951172e-01 6.922105700057817890e-02 1.438560514201959961e+00 -8.725140215505838154e-03 -2.111435593425457224e-01 -3.372109592430400649e-01 -2.784310672648954502e-02 inf 0.000000000000000000e+00 -8.000000000000000000e+01
3.558074103547805289e-01 5.234191656458754283e-01 4.300564773916252387e-02 2.254427117950399961e-02 -3.744309387204577400e-01 1.026064837989700810e-09 -6.346702429882104812e-02 4.838206086606241045e-10 inf 0.000000000000000000e+00 -9.000000000000000000e+01
6.888999062657455985e-01 2.645059812023206613e-01 7.278849296145950554e-02 1.372494888468198289e-02 -1.717314952582231213e-01 -5.465305488462129241e-02 -2.930045267516378452e-03 7.059306739043494715e-08 inf 0.000000000000000000e+00 -9.000000000000000000e+01
-1.885685337089428870e+01 1.429727940218474685e-02 2.200637245584276258e-01 5.515063831897437039e-06 -1.797110831737013914e+00 -5.680480673840826000e+00 -1.475479234305465855e-02 1.123766161011721144e-02 inf 0.000000000000000000e+00 -2.000000000000000000e+01
2.179934392739404092e-01 3.677263063604309101e-01 5.768815096957347066e-01 2.352887788717260287e-01 -5.419972707014659719e-01 -3.802692908954440343e-01 -9.311100993469001441e-02 -7.321832514753850996e-01 inf 0.000000000000000000e+00 -9.000000000000000000e+01
5.696503413082440979e-03 2.420630121987818839e+01 -3.260448561130908712e-05 1.891117282802983413e+00 -1.696936580362594782e+01 5.046889029596046385e+03 9.359104339693933071e+03 -7.673647036198498306e+00 inf 0.000000000000000000e+00 -2.000000000000000000e+01
5.283325473225974900e-02 3.724190263644603371e-01 2.534518373869243946e-01 1.226618221755960553e-01 -7.566608789627130571e-01 3.708459320982245237e-08 1.124693791218558464e-06 -1.465766344445238953e-07 inf 0.000000000000000000e+00 -9.000000000000000000e+01
1.459496488386906494e-02 1.215598754320118004e-04 1.142662829060910843e-04 3.923524888183820281e-01 5.162323101610386544e+00 -3.067120978580245350e+00 4.103861394584718404e-04 -5.840572139897441603e-08 inf 0.000000000000000000e+00 -3.000000000000000000e+01
3.150223638809027893e+00 2.094426615447964046e+00 2.823237721258942470e-02 0.000000000000000000e+00 1.380261474442756686e+01 -6.548855313935714852e-06 -1.484982805215154800e+00 -1.795818918118309210e-07 inf 0.000000000000000000e+00 -2.000000000000000000e+01
4.918673115255253192e-01 7.800478041128044125e-03 1.401969103509880465e+00 9.820071429713426529e-10 -2.916550418032388178e-03 -3.056050117514213680e-04 3.326754924568838716e-08 4.224539868328471912e-06 inf 0.000000000000000000e+00 -9.000000000000000000e+01
1.361442657056637917e-01 2.574522973280180538e-01 2.330412888990662539e-06 7.336299574283566133e-03 -1.107944870651560859e-03 -7.278481897341256834e-01 -2.879974851465965102e-01 2.460458251099516782e-08 inf 0.000000000000000000e+00 -9.000000000000000000e+01
3.549585158003858987e-01 8.188022866217118528e-03 -3.620882753338938069e-04 3.058921750020734964e-02 -7.534216964899556057e-01 3.074988813758217643e-01 3.047576317393606268e-06 8.898681454605775198e-03 inf 0.000000000000000000e+00 -1.000000000000000000e+01
1.640581781258993732e-01 2.304764783428821056e-07 5.930261622907864183e-01 2.974425892367580856e-02 -5.669999357325701261e-01 -3.922524145559747044e-01 5.139980046243721275e-05 -1.659317178725566895e-03 inf 0.000000000000000000e+00 -9.000000000000000000e+01
2.692309996641494840e-01 2.058824307028041359e-07 3.799148550816331404e-01 8.970952478119082079e-10 -6.940176880231407885e-01 -6.020304298045564551e-02 1.162305125864904545e-02 8.551015320460113848e-06 inf 0.000000000000000000e+00 -9.000000000000000000e+01
4.566432299865845756e-01 4.474075643307600948e-05 1.327870445092568241e+00 8.251369014296805360e-06 -3.905501309095789075e-01 -3.309349066000638606e-03 5.895804860846527717e-02 4.228826619827112599e-06 inf 0.000000000000000000e+00 -9.000000000000000000e+01
5.097393983256053307e-01 1.681308271866507331e-01 4.544879250805222703e-02 2.480375277400236056e-02 -4.265651375265555600e-01 2.160085060231191656e-09 -8.852807623898326764e-10 3.713136642814724537e-05 inf 0.000000000000000000e+00 -9.000000000000000000e+01
1.553696461853652733e-11 1.094345470556690034e-04 1.092594517803799237e+00 6.848170766861420011e-01 -6.003700845415174767e-04 -5.228539470437518948e-04 2.490243915222334695e-02 -2.926036600386243136e-01 inf 0.000000000000000000e+00 -9.000000000000000000e+01
1.637079104038587918e+00 0.000000000000000000e+00 0.000000000000000000e+00 5.086132859465411383e-09 -9.796895263230924300e+00 -4.041539038095264047e+00 2.709012308097390458e+06 2.753896761377993455e-08 inf 0.000000000000000000e+00 -3.000000000000000000e+01
1.050729137022339554e-01 9.572192712394901326e-01 5.812945285560191730e-03 3.746993109746231745e-03 -2.257308050349428052e-01 -6.897962944435868699e-05 -1.251943452548858729e-04 -3.217543768872235810e-01 inf 0.000000000000000000e+00 -9.000000000000000000e+01
5.614876962923464054e-01 2.922245637463644335e-03 1.706122851642025706e+00 4.831793232189330878e-01 -4.765147808297063858e-01 8.330677986533329138e-01 7.944753634007767544e-09 4.096513592535255243e-10 inf 0.000000000000000000e+00 -9.000000000000000000e+01
1.046900265412463495e-09 4.420291423959361032e-01 7.960804101573941399e-10 -8.142557619874715845e-10 -3.211313055916944180e-04 -7.806254170347657340e-01 7.547062137347832975e-04 0.000000000000000000e+00 inf 0.000000000000000000e+00 -9.000000000000000000e+01
2.650753901069159424e-01 3.697361529904583666e-01 -9.384011158074629169e-03 4.992071614033330439e-10 -5.692762990488009489e-01 -1.315429089537249890e-09 -7.115953738110011861e-02 6.646378557661894251e-08 inf 0.000000000000000000e+00 -9.000000000000000000e+01
3.659905910598290069e-01 -3.062969385072900619e-01 4.726562980799395852e-01 5.256068920321532983e-04 -7.163238306304674508e-01 -2.152885829763699979e-02 -1.702736974449471918e-01 6.801162053117143502e-02 inf 0.000000000000000000e+00 -9.000000000000000000e+01
3.129153346446347924e-04 7.427595701177014398e-01 5.634389878861191352e-03 1.729512719337391868e-01 -5.624590939941432888e-01 -1.209556522907701513e-02 -1.822274293282438246e-08 1.337555162547048038e-01 inf 0.000000000000000000e+00 -9.000000000000000000e+01
-2.831633587786081061e+07 1.369007633587699966e+05 2.050781249999870681e+01 1.196028148854886410e+02 -6.637643129770573580e+01 -2.030425399314228258e-04 8.404616793892599642e+07 3.382449841681114174e-03 inf 0.000000000000000000e+00 -2.000000000000000000e+01
1.303263656965649098e+01 1.206311560769117750e-04 5.771185605580571656e-03 5.389585067297667209e-05 6.152343750000001421e+01 1.747077767175572944e+02 4.053152724389585136e-08 8.121701597257426075e-03 inf 0.000000000000000000e+00 -2.000000000000000000e+01
1.260178019991098179e-02 1.151468687182227585e-01 7.923559086540413990e-05 3.162325199150818924e-08 -9.014827703249573046e-05 3.780889908435265145e-06 -3.653605285911540879e-01 -1.865670784295254903e+00 inf 0.000000000000000000e+00 -9.000000000000000000e+01
8.016109598853734337e-05 4.140056604198410789e-05 1.529631153613892902e+00 1.710960892812975681e-07 -2.292218839960397393e-07 -4.125056399110735609e-06 -3.225044093850211441e-07 0.000000000000000000e+00 inf 0.000000000000000000e+00 -9.000000000000000000e+01
9.786984043482587214e-01 4.111199079490134300e-01 6.205081039813450161e+00 0.000000000000000000e+00 0.000000000000000000e+00 1.363519953813084307e+01 3.888998048894638703e-07 4.743691245565540004e-02 inf 0.000000000000000000e+00 -2.000000000000000000e+01
4.874964218640910896e-01 9.172765654525180667e-02 7.922193031683177771e-07 2.803362087675111414e-01 -4.069830089554982501e-10 2.706820955788927004e-10 -1.228532209010563703e+00 0.000000000000000000e+00 inf 0.000000000000000000e+00 -9.000000000000000000e+01
1.031843134727808420e-02 5.392090362761098321e-01 7.855891951738079859e-01 0.000000000000000000e+00 -2.181070259094376740e-01 -1.188986217631309572e-01 3.231215198658336091e-02 0.000000000000000000e+00 inf 0.000000000000000000e+00 -9.000000000000000000e+01
5.988467576206343290e-01 5.107574145174845621e-05 2.974727379060154164e-01 1.867738665868916570e-01 -3.920788217646498652e-01 -3.291706526009186874e-03 4.777857641050198549e-10 1.424273912769336843e-08 inf 0.000000000000000000e+00 -9.000000000000000000e+01
2.737732873539648892e-01 2.514205321984144850e-07 7.260061990571808899e-01 6.299320546987062508e-02 -1.143890702948857814e-02 -2.768152127690089448e-01 -4.420931603197358339e-01 -3.764382701117016672e-02 inf 0.000000000000000000e+00 -9.000000000000000000e+01
2.255088087221171766e-01 3.875169420639991702e-01 6.492537002017632897e-02 2.890094841023523320e-01 -5.666214110851752750e-01 -4.945725678652930501e-02 4.501860155506079772e-05 -1.453315737618563180e-03 inf 0.000000000000000000e+00 -9.000000000000000000e+01
2.759899612916682588e-05 3.758378649456041465e-08 1.648837084922650646e-07 6.375921995725250535e-02 -1.004501084970702118e+00 3.823660660736915408e-09 -1.876857824325132495e-09 0.000000000000000000e+00 inf 0.000000000000000000e+00 -9.000000000000000000e+01
3.336018776406761144e-01 7.738469784615684133e-02 2.228569920304517005e-02 3.259708428389480528e-10 -6.453282223213079316e-01 9.942110706587914888e-10 -4.074635535486850144e-10 7.547058871215296394e-01 inf 0.000000000000000000e+00 -1.000000000000000000e+01
8.931403312351039988e-07 5.584953463672675405e-07 2.475509402740815176e-12 2.299822153129683411e+00 -3.148918863015835886e-04 9.365255159651804384e-02 5.064897068269957051e-05 -1.441324994284822077e-04 inf 0.000000000000000000e+00 -2.000000000000000000e+01
2.849143996505089111e-04 1.210694224106342087e+00 -1.630734991315162210e-06 1.696202454470150471e-06 -2.467023507562053630e-02 -1.223446466097747482e-09 1.089884471841565861e-07 1.909269289101839492e-05 inf 0.000000000000000000e+00 -9.000000000000000000e+01
4.194903993306264289e-01 4.717711019178261744e-01 3.578738569957124610e-03 1.098517143647708694e-01 -3.572514676791981869e-01 -6.437839492694609825e-03 1.157435576632357561e-08 4.325605749774263931e-02 inf 0.000000000000000000e+00 -9.000000000000000000e+01
4.913204288743530830e-04 0.000000000000000000e+00 0.000000000000000000e+00 0.000000000000000000e+00 0.000000000000000000e+00 -1.219198080190787348e+00 0.000000000000000000e+00 9.831589295199502779e-07 inf 0.000000000000000000e+00 -9.000000000000000000e+01
3.803975940618232743e-01 7.343582896946395169e-03 2.581728362207717255e-05 1.122099466653409205e+00 -6.227358296610543409e-01 -1.916126518826040097e-06 0.000000000000000000e+00 3.173374445213652205e-05 inf 0.000000000000000000e+00 -9.000000000000000000e+01
2.043811891996355490e-01 4.998672060822975274e-07 3.216088382600871820e-01 6.233706961096568188e-08 -2.140478670671858846e-02 -9.599164561808709584e-01 1.012699586124320289e-01 1.368196246156171531e-08 inf 0.000000000000000000e+00 -9.000000000000000000e+01
0.000000000000000000e+00 0.000000000000000000e+00 0.000000000000000000e+00 3.031837238650580181e-07 -2.754628091273743015e-02 -1.210952572058962229e+00 3.368774682115101976e-02 2.478389131813274113e-05 inf 0.000000000000000000e+00 -9.000000000000000000e+01
9.980949915247128157e-02 1.167575985663202231e-07 2.154527998702071290e-01 0.000000000000000000e+00 -8.934788026113575921e-01 -1.215809763047100492e-02 7.139348027195182959e-03 3.117131268883745480e-07 inf 0.000000000000000000e+00 -9.000000000000000000e+01
2.678552236817675625e-01 6.960325520489726303e-01 -7.070464866535594742e-06 2.825995072084127174e-09 -3.235769307980476683e-01 -3.006039462851953226e-02 5.662915382848991615e-10 -2.968401916541315033e-06 inf 0.000000000000000000e+00 -9.000000000000000000e+01
4.506239517144282059e-01 4.653182110094639112e-02 1.379301139160684642e+00 2.579148636680745742e-03 -1.813731310177034172e-09 3.363249045189445880e-06 3.918469145342854017e-03 5.415648419120158175e-09 inf 0.000000000000000000e+00 -9.000000000000000000e+01
-5.367330274769166422e-04 7.232353351492578630e-01 4.921096699410087982e-02 3.341082100114106126e-05 -5.816846885145408041e-01 -1.645837291498633862e-03 8.812357151331266791e-03 1.738499060734484576e-09 inf 0.000000000000000000e+00 -9.000000000000000000e+01
2.659686371692210893e-01 2.542709424789081282e-02 1.544431190159407414e-06 7.117123716843046233e-02 -2.758193274347477963e-01 -7.525927362862404602e-01 6.102569958196782163e-06 0.000000000000000000e+00 inf 0.000000000000000000e+00 -9.000000000000000000e+01
2.103616263116803164e-01 6.089724475180921814e+01 5.366056020014519506e-02 2.139074427477432437e+03 -1.534923664119637579e+04 -6.332061068691977198e+03 3.442531038773019409e+11 -9.417938931282371868e+02 inf 0.000000000000000000e+00 -2.000000000000000000e+01
8.020539157225319710e-03 6.928060927425127141e-07 1.538682303184651268e+00 3.302375708739310837e-05 -2.917483434993470144e-05 -3.764246437234319397e-05 -4.668568236069590616e-13 2.121617643595655099e-11 inf 0.000000000000000000e+00 -9.000000000000000000e+01
6.918816459949186926e-02 6.303074899398685149e-01 3.807004272220844941e-03 3.840108657196678044e-01 -5.945547541659684798e-01 -7.112270209651714247e-05 6.373355595585226483e-09 1.721492675745244487e-05 inf 0.000000000000000000e+00 -9.000000000000000000e+01
2.963823641084058491e-01 6.251562434199161578e-01 1.692456669362208121e-01 7.384869197122726800e-09 -3.490185763134505681e-01 2.844379928772610561e-02 -2.016561615427646067e-04 -5.312208493309131807e-01 inf 0.000000000000000000e+00 -9.000000000000000000e+01
3.038999522427198417e-03 4.136644448572723661e-06 -9.541439841363606039e-03 0.000000000000000000e+00 -7.888495743578622932e-01 -4.433204219531788337e-01 5.699284686159814936e-07 3.189656486288305558e-09 inf 0.000000000000000000e+00 -9.000000000000000000e+01
2.848729154026957389e+01 1.127721534862810848e-01 0.000000000000000000e+00 8.938584272453027761e-08 0.000000000000000000e+00 -5.688785681349547551e-04 2.052885663038176000e+08 5.697902325069659213e-09 inf 0.000000000000000000e+00 -2.000000000000000000e+01
1.926088030905240833e-01 2.825222273716650836e-07 7.274159873063448245e-01 1.462653651895553519e+00 -1.976723175009669686e-06 -1.518123398407426265e-04 1.143667226107451930e-09 2.207204901341133465e-09 inf 0.000000000000000000e+00 -9.000000000000000000e+01
5.053324462710408795e-05 4.633853042496191010e-01 5.638394611149211144e-01 2.138701404229011449e-01 -3.912851432737168289e-01 -1.466306644566102435e-01 -8.728980163093787159e-02 8.189401801726139500e-07 inf 0.000000000000000000e+00 -9.000000000000000000e+01
1.790681894813580532e-01 3.777066728951049557e-01 1.037225578416609423e-01 7.485637429138737586e-02 -8.434796684859597882e-01 4.305464665125548485e-01 9.419329375269414574e-09 2.293393820201819280e-05 inf 0.000000000000000000e+00 -9.000000000000000000e+01
1.021563279018053549e+00 1.970683969740355534e-02 2.474865966671591436e-04 1.061182436587846020e-09 -1.807669391980675494e-09 5.316549276620398390e-02 2.750362674279374642e-02 5.452282174192726094e-10 inf 0.000000000000000000e+00 -9.000000000000000000e+01
5.118593824299304540e-01 2.261447702546028754e-02 2.094731050694206238e-05 3.782485782967823966e-04 -4.902867647796268491e-01 7.737338006678485744e-03 -6.607380228475439406e-05 0.000000000000000000e+00 inf 0.000000000000000000e+00 -9.000000000000000000e+01
-1.861468601928698092e+02 1.101033603266456633e-04 9.269846025315588191e-10 3.186684210098223780e+00 -6.227872892485156273e-04 4.454578243347637884e-03 -1.527866013343320980e-04 0.000000000000000000e+00 inf 0.000000000000000000e+00 -2.000000000000000000e+01
8.397899169958276955e-08 3.537989026717558261e+01 -1.064038458671278775e+00 0.000000000000000000e+00 -2.927634552234912452e-02 3.583103645848864541e-04 4.119847328244275559e+04 -2.194650983082429619e-05 inf 0.000000000000000000e+00 -2.000000000000000000e+01
1.716985030744729707e-04 2.304947709565607905e-02 3.724672976520637113e-01 4.423049159618256398e-01 -3.744582823845788583e-02 -1.069376565315750729e-05 -9.213664731393155227e-01 -6.835503613523974588e-08 inf 0.000000000000000000e+00 -9.000000000000000000e+01
4.174706654042939502e-02 1.590616991178689199e-06 0.000000000000000000e+00 5.530922391388728058e-07 -9.659321264204742130e-01 2.048765702629175816e-09 -5.409776118871137797e-04 -4.708436087496869660e-09 inf 0.000000000000000000e+00 -9.000000000000000000e+01
1.818074102570185757e-01 6.770059404255777437e-03 1.317030058554780336e-01 1.091560238747847807e-02 -7.997617312093521225e-01 -4.318522474608971901e-02 -8.574414443716017362e-05 1.386568497802587918e-09 inf 0.000000000000000000e+00 -9.000000000000000000e+01
1.879666464433534157e-10 4.798624549446618643e-15 5.530557097275590369e-10 4.964094361496502045e-15 -1.009138249016247046e+00 -1.990932778584196885e-12 3.546966765818086969e-11 2.585465813279428247e-15 inf 0.000000000000000000e+00 -9.000000000000000000e+01
2.655862932159391288e-01 1.100182124226027236e+00 5.915576549183147444e-05 1.266414133147903103e-07 -6.595068450102833482e-06 -3.842815372730626171e-03 -1.221308972241265391e-05 1.397056665683844123e+00 inf 0.000000000000000000e+00 -1.000000000000000000e+01
3.374101239895330844e-10 9.758689884675755821e-02 0.000000000000000000e+00 4.489713165005504199e-09 -8.070577511183984073e-09 0.000000000000000000e+00 -1.454044792816687526e+00 0.000000000000000000e+00 inf 0.000000000000000000e+00 -9.000000000000000000e+01
9.655148994268354656e-02 4.102626562709861478e-10 1.159615828004523272e-06 4.103438322564050833e-01 -5.957238570510210001e-10 1.701720010239797576e+00 7.120672383272911965e+00 -4.972401732048203016e+00 inf 0.000000000000000000e+00 -3.000000000000000000e+01
2.604166519813496006e+00 1.689369562853370255e+00 -2.652991303384973435e+04 3.614115714997576112e-01 -1.963140914936327697e+00 1.920594001123844801e-05 7.996126685837592341e-01 0.000000000000000000e+00 inf 0.000000000000000000e+00 -2.000000000000000000e+01
2.649484884526688844e-01 3.771718927972706470e-01 6.733404260676106867e-01 2.809869954293145477e-04 -4.573314673291291044e-01 -2.979890165211408697e-09 6.865063418588308549e-09 3.951057744793388220e-07 inf 0.000000000000000000e+00 -9.000000000000000000e+01
1.404166745009735075e-02 4.095961233667804548e-05 1.521119853988035064e+00 1.352498271708510967e-02 -9.022987065471105316e-05 3.702689593478685824e-06 -3.190694439270210235e-07 0.000000000000000000e+00 inf 0.000000000000000000e+00 -9.000000000000000000e+01
-2.032765858207584841e+01 1.652214097679398710e-02 7.250014100264823291e-02 3.210142111895517225e-08 -1.937282679308859112e+00 -6.123549324414153006e+00 -4.685383262075906718e-02 7.055257388781356959e-08 inf 0.000000000000000000e+00 -2.000000000000000000e+01
3.605646578509771557e-06 5.032184184561340201e-01 -1.289663605501004812e-02 -1.155528791803445049e-09 -7.747966125435714613e-01 -1.785366373601889496e-09 9.684957656794643266e-02 0.000000000000000000e+00 inf 0.000000000000000000e+00 -9.000000000000000000e+01
2.284068475077317972e-02 1.158787541615535766e+00 2.256096652562565122e-10 4.247353918006445660e-08 -1.753373749660720043e-02 -4.162311571894884710e-02 4.024109820484312542e-05 3.535326713293916390e-09 inf 0.000000000000000000e+00 -9.000000000000000000e+01
3.385516834692527967e-04 7.153263288355413141e-02 9.301683661649871870e-02 3.247044427820033885e-02 -3.324795086887193514e-07 -6.228635725798753616e-06 -5.351519838933469497e-01 -1.539050231050939299e+00 inf 0.000000000000000000e+00 -9.000000000000000000e+01
1.027419195619665415e-04 2.769654544530363305e-01 1.658856697165712324e-01 2.850395357224269968e-02 -6.889882683213341963e-01 -2.857735431105534185e-01 0.000000000000000000e+00 3.897622239196695932e-06 inf 0.000000000000000000e+00 -9.000000000000000000e+01
4.766711595858975636e-01 -2.295935411518946756e-01 2.125695711666840404e-01 5.279731231899782024e-02 -7.674589712251709273e-01 -2.527444868211828708e-07 8.627932031423505066e+00 1.005334443721222076e-01 inf 0.000000000000000000e+00 -3.000000000000000000e+01
1.770875738137715418e-07 6.597692734770176370e-01 -7.724579756077810521e-05 2.773250764886951640e-05 -6.037511276157614404e-01 -9.206686009604609158e-03 -1.436761704034071330e-01 3.887616369042439310e-05 inf 0.000000000000000000e+00 -9.000000000000000000e+01
9.863180082814718697e-01 2.280366477580367761e-09 6.296412382633422705e-03 1.308172618800022868e-09 -3.800334616660887548e-03 -3.982106045564293021e-04 -3.367681137225647658e-01 1.027734722053725482e-05 inf 0.000000000000000000e+00 -9.000000000000000000e+01
2.873452680176331875e-02 1.910415405893800891e-02 1.005935526214712360e-06 3.850100250181569684e-11 -9.072236225882389675e-09 9.297615961061018487e-04 -7.868719192308483087e-03 -2.264938395971142437e+00 inf 0.000000000000000000e+00 -3.000000000000000000e+01
6.766696930961981771e-01 4.445143994541514432e-02 6.651519110860500961e-01 1.474276097298950816e+00 0.000000000000000000e+00 3.606876545503999051e-10 4.424792788164757225e-10 1.473466253251362254e-03 inf 0.000000000000000000e+00 -9.000000000000000000e+01
1.651669797185470467e-01 3.769763362358853620e-03 2.646130669836408433e-01 8.665672292628439380e-10 -8.266996471776490996e-01 -3.958504874788782897e-08 1.010243431586720668e-07 1.232266733502248961e-02 inf 0.000000000000000000e+00 -9.000000000000000000e+01
8.124008786591192799e-02 6.499555480803890399e-08 0.000000000000000000e+00 1.276803527988535996e-09 -9.264827041729530865e-01 -7.629912955726306063e-08 3.677429651747592364e-06 0.000000000000000000e+00 inf 0.000000000000000000e+00 -9.000000000000000000e+01
0.000000000000000000e+00 6.711696303582590992e-03 1.903388843938152719e-01 1.539001340031073972e-01 -8.608118915828403273e-01 0.000000000000000000e+00 -3.060855032819462251e-01 -1.557006369635894449e+00 inf 0.000000000000000000e+00 -9.000000000000000000e+01
2.703215821507592553e-03 3.756894217199619266e-07 0.000000000000000000e+00 7.715124074356805028e-01 -5.213553541156265014e-01 -7.387815780293183199e-01 -3.767150426932033705e-04 -5.587620162943262025e-01 inf 0.000000000000000000e+00 -9.000000000000000000e+01
4.032975703996368733e-01 4.280524084804329665e-01 0.000000000000000000e+00 2.137167687642065328e+00 3.001524117296530125e-01 -9.015128614222221932e-05 1.086247452243267395e-02 -3.626196984491619670e-03 inf 0.000000000000000000e+00 -2.000000000000000000e+01
2.192819588051136634e-04 8.167699223170268017e-06 1.182921216279459831e-09 3.751604219456174208e-06 -1.008863576193443468e+00 -1.377710892694754578e-04 1.365429061076862246e-09 3.986944705547520998e-06 inf 0.000000000000000000e+00 -9.000000000000000000e+01
2.920617464927039580e-02 2.750167521816644992e-04 3.698385641071947596e-08 8.433041157007875599e-02 7.369240093623855015e-02 1.376057699870161042e-07 -1.513305367257560041e+00 1.687791950913133262e-08 inf 0.000000000000000000e+00 -1.000000000000000000e+01
4.352355678685300711e-01 5.736811230173718273e-02 8.670840885162933720e-01 4.297316161347840974e-02 -3.073745352845844714e-01 -2.269321637913736533e-01 2.606438681605679434e-03 -4.763035154203271865e-02 inf 0.000000000000000000e+00 -9.000000000000000000e+01
6.719797252792828468e-01 5.775014336015523673e-05 9.558332299231179219e-01 6.963256683054431722e-09 -1.127011726288743730e-06 -2.944738738652029619e-01 -5.845728797272855930e-04 9.236385930828399106e-09 inf 0.000000000000000000e+00 -9.000000000000000000e+01
6.149848895859384434e-01 4.167052786332307579e-01 1.094779135340485376e-01 4.771594257574488083e-09 -2.968892570414875531e-01 3.790639621154707345e-02 1.140903002059430627e+00 5.154743796469128371e-10 inf 0.000000000000000000e+00 -1.000000000000000000e+01
1.420072372642293250e-04 7.709015741753923647e-11 7.011100171216808237e-03 1.853646996834529270e-02 -6.104251317161984297e-02 1.672767122341970925e-10 -3.994928872488209826e-02 -2.214149378287865400e+00 inf 0.000000000000000000e+00 -3.000000000000000000e+01
3.921481145018491099e-01 2.061573487464373849e-07 6.921414220957636809e-01 6.297849891863955718e-06 -5.764577283177182432e-01 -1.220114921152384663e-07 1.166822545285958507e-05 1.204017257806458581e-02 inf 0.000000000000000000e+00 -9.000000000000000000e+01
4.335555411477126512e-04 4.132872137404581281e+01 0.000000000000000000e+00 0.000000000000000000e+00 -7.261756722253698976e-03 0.000000000000000000e+00 1.297471374045801895e+03 0.000000000000000000e+00 inf 0.000000000000000000e+00 -2.000000000000000000e+01
5.121851132365576875e-01 9.240609758095759130e-01 1.573989996656322614e-09 2.831884029741260460e-03 -4.346734195420044466e-01 7.614384027641406538e-01 7.295218230075599386e-02 5.356095456247774513e-09 inf 0.000000000000000000e+00 -9.000000000000000000e+01
4.125526419210539751e-08 2.523832728374479813e-03 1.485025425778865538e+00 0.000000000000000000e+00 -2.460520564471982525e-09 -5.755912503018858345e-02 4.496806642983483082e-04 0.000000000000000000e+00 inf 0.000000000000000000e+00 -9.000000000000000000e+01
-3.056470598882174236e+05 5.606297973493118661e+03 5.177438963146756848e-05 5.817528217430214776e-07 7.130903701420692168e-08 2.450186891627188779e-02 -2.745899102685642745e-01 0.000000000000000000e+00 inf 0.000000000000000000e+00 -2.000000000000000000e+01
4.554718820907079913e-01 6.488203448585584399e-01 1.560412929384832892e-01 5.125680724382611908e-01 -1.128947400053891686e-01 -3.592842659654266885e-02 -6.488203448585584156e-04 1.007841661172504342e-05 inf 0.000000000000000000e+00 -9.000000000000000000e+01
4.933206841621353145e-01 4.169065462964742785e-01 1.129356008161608166e-01 9.859450681968038573e-08 -3.643367097225337376e-03 -1.550757503744297772e+00 5.555757317762179959e+00 1.075978485387800859e-01 inf 0.000000000000000000e+00 -3.000000000000000000e+01
3.033465071764315790e-01 6.880023874104633785e-01 -7.227771292930708737e-05 0.000000000000000000e+00 -9.473584389070138556e+00 3.856983080937446129e-01 5.896232581500657037e-03 3.125081109002285004e+09 inf 0.000000000000000000e+00 -3.000000000000000000e+01
1.014654294328094706e-05 1.004477097176525779e+00 1.443813210358104425e-05 4.118356098423756051e-02 -2.571461368771906231e-01 2.329001371870449405e-08 7.072321003912515643e-10 -5.243370447261465062e-01 inf 0.000000000000000000e+00 -9.000000000000000000e+01
1.019395261346494719e+00 8.110062572784587814e-08 -1.418613181661201787e-08 1.647143862450192861e-03 -4.659124714018265034e-04 2.859577592130025867e-02 3.230745773303764134e-09 -4.210495744656535022e-10 inf 0.000000000000000000e+00 -9.000000000000000000e+01
7.779179786140885677e-02 1.188353231134405275e-01 9.029575555446966995e-01 7.203496619451779139e-03 -2.351889447000140354e+00 -8.579414400952327090e-08 9.559056121209920320e+02 6.115961857442806763e-10 inf 0.000000000000000000e+00 -3.000000000000000000e+01
3.329812700240198970e-04 6.513651189908432615e-01 1.763830157918715286e-05 4.887224713665214646e-09 -7.094681108257072655e-01 2.809585460435855622e-02 1.915105191399134321e-01 2.356439761240611702e-06 inf 0.000000000000000000e+00 -1.000000000000000000e+01
1.498065283425037142e-01 1.272395192652675810e-01 -3.516717255636449334e-04 2.369662994520654199e-08 -5.437688889355303534e-02 -8.008887476772313940e-01 -3.168984253399116935e-01 2.564272998901577602e-08 inf 0.000000000000000000e+00 -9.000000000000000000e+01
9.919219078096011444e+00 4.875139303589767437e+00 8.897185793941141292e-04 0.000000000000000000e+00 -9.484800724310785469e+00 2.664432569882724522e+01 1.407052704526200518e+07 -1.252087404776485152e-03 inf 0.000000000000000000e+00 -2.000000000000000000e+01
9.828237295095317849e-01 -4.181283297892890091e-05 2.758986105085020069e-01 3.207972051431403487e-02 -1.541355739721731464e-03 4.382086568733946428e-04 -1.723064907138003310e-01 5.449292060401717352e-10 inf 0.000000000000000000e+00 -9.000000000000000000e+01
2.331655880926294666e-01 2.745322933954748024e-01 4.290927900420298813e-01 -3.420000013520505672e-02 -2.694834155359992489e-01 -2.239266851768555167e-01 -3.219385816714884774e-01 -1.709749132512872749e-01 inf 0.000000000000000000e+00 -9.000000000000000000e+01
8.856842277216751477e-03 5.290487120257473252e-01 3.589973403031856414e-01 2.088902652641343449e-01 2.720821947560986054e+00 -1.511567748644992326e+00 -3.583836913207552362e-07 -3.078295672657324619e-08 inf 0.000000000000000000e+00 -3.000000000000000000e+01
6.543984617150578679e-06 4.934521628339909782e-10 2.112100027522260948e-03 2.275707197525671965e+00 -3.832343641682019979e-10 -2.186850555604750263e-06 1.532937456672807991e-09 1.797201060526590369e-13 inf 0.000000000000000000e+00 -2.000000000000000000e+01
1.512866167749527868e+00 -1.266115268731556887e+00 1.953781708617705837e+00 4.206900573421147316e-01 -2.961010788215653555e+00 -8.899212751467810989e-02 -8.939663718519937907e-01 2.137762026673585549e+07 inf 0.000000000000000000e+00 -3.000000000000000000e+01
6.729803827145720563e-01 2.611711659662656060e-01 3.648570970240339606e-01 5.253838266672740571e-04 -9.390423944854493499e-01 3.317949793848587348e+00 -6.808057360019507120e-01 1.335200904658998267e-01 inf 0.000000000000000000e+00 -3.000000000000000000e+01
-1.963740458015267222e+03 -1.231145038167939056e+06 1.462747122495229091e+00 1.103787021782562106e-01 -4.632236393353411641e-02 -1.463100655388286232e-04 0.000000000000000000e+00 0.000000000000000000e+00 inf 0.000000000000000000e+00 -2.000000000000000000e+01
6.750519200934963771e-02 3.526605760488443764e-01 1.199238144166097531e+00 0.000000000000000000e+00 -1.174153328104517643e-08 4.410234451904773852e-08 2.041033594032688313e-04 -1.290308593928710954e-06 inf 0.000000000000000000e+00 -9.000000000000000000e+01
8.035049502016246986e-03 3.114567112630599044e-01 4.676702019588625525e-01 1.295310621608052881e-01 -2.401418568149761013e-01 -3.881080514181431962e-01 -1.013932284329899097e-01 -3.522080566619649744e-01 inf 0.000000000000000000e+00 -9.000000000000000000e+01
2.174260900682150967e-08 2.676730846094487067e-07 1.529535174852515444e+00 4.196964741263133718e-09 -5.864558731791685321e-06 0.000000000000000000e+00 6.758133329030479652e-10 -4.889818333927479187e-04 inf 0.000000000000000000e+00 -9.000000000000000000e+01
4.744462854210085116e-03 3.464599163297742580e-03 0.000000000000000000e+00 1.241905950079154072e-05 -1.001717518084768610e+00 3.209849224819967301e-04 -2.764036832483860874e-05 4.995020613768632815e-10 inf 0.000000000000000000e+00 -9.000000000000000000e+01
2.720581328632848252e-07 7.410049215532886176e-04 9.979166342849195615e-06 4.789501302665980837e-10 -1.814588418066658289e-09 -6.311008388189123557e-07 -1.529221900921757582e+00 -1.821817853995210765e-09 inf 0.000000000000000000e+00 -9.000000000000000000e+01
2.864670334386913431e-01 1.331955883239198390e-01 1.013058619599900290e+00 2.477051868655853806e+00 -9.869020946464350519e-03 0.000000000000000000e+00 1.346626701663282244e+00 -8.100158423620683969e-09 inf 0.000000000000000000e+00 -2.000000000000000000e+01
2.861305942419828940e-01 1.090358267176620884e-02 1.947334835632487771e+00 3.190090094663923344e-09 3.310057521878478237e+00 -1.570505892757623775e-06 4.650169791837026833e-08 5.905102156768665667e-06 inf 0.000000000000000000e+00 -3.000000000000000000e+01
-1.563452422526504737e+00 1.793590149960314420e-03 7.565092367063733225e-02 1.696892246223323519e-01 -5.463677820657140138e+00 6.226911583912014692e+01 -1.206211949637384206e+00 1.705860196973124892e-05 inf 0.000000000000000000e+00 -3.000000000000000000e+01
2.491805051214647515e-01 -1.177271537959032685e-05 1.314196441825799200e+00 1.966556588387569996e-09 -5.112814808788572751e-01 0.000000000000000000e+00 -3.233272070758300376e-05 -8.234096204874527951e-10 inf 0.000000000000000000e+00 -9.000000000000000000e+01
-2.373828879498468769e+00 1.549097890113890541e+00 1.773800607284075042e-04 2.352283327857800435e-02 -2.241828284636651347e-01 -7.112759326438427010e-01 1.397733571625649554e-03 6.783255888403346071e-07 inf 0.000000000000000000e+00 -2.000000000000000000e+01
1.854590252737985112e-01 7.802370286812982947e-01 1.326506318620194442e-09 0.000000000000000000e+00 -2.893604469539149426e-09 -3.124439108142111343e-01 3.342275724366568293e-09 6.164352892411491188e-09 inf 0.000000000000000000e+00 -9.000000000000000000e+01
4.122121461529631115e-08 1.953196054266025626e-03 1.832320463481389465e-04 2.255484801556517649e+00 -6.350765166621360775e-04 -7.183463680915520323e-03 3.123578758688693151e-03 -1.804739723520609542e-05 inf 0.000000000000000000e+00 -2.000000000000000000e+01
0.000000000000000000e+00 0.000000000000000000e+00 9.575339473319154086e-10 2.870485089245348315e-02 -1.006226443431774920e+00 0.000000000000000000e+00 -2.479790241276328114e-07 0.000000000000000000e+00 inf 0.000000000000000000e+00 -9.000000000000000000e+01
4.248220262080555920e-01 2.089850290217047657e-01 -6.861273358229027631e-08 1.774170328345854239e-02 -1.794082957189988075e-09 -3.934987431696735927e-01 -6.656197645656170003e-01 -5.601039476105328948e-09 inf 0.000000000000000000e+00 -9.000000000000000000e+01
1.010069316048958443e+00 1.948511120503098812e-02 2.503927841768000982e-04 1.591954448552450100e-09 -8.801685746820851752e-03 5.256730935687487644e-02 -2.719417389362580387e-02 4.649230605431587056e-10 inf 0.000000000000000000e+00 -9.000000000000000000e+01
0.000000000000000000e+00 9.712399352825679969e-16 1.540287396348815507e+00 2.377885255393154273e-06 -6.648339935897856247e-04 -1.327720231338976215e-05 -2.404140067040305453e-13 9.750190789996208176e-16 inf 0.000000000000000000e+00 -9.000000000000000000e+01
-2.584122137404580717e+05 -5.610687022900764305e+02 0.000000000000000000e+00 1.067233019515530961e-07 -8.046576812977100701e+01 -2.274840842676527086e-01 1.213248449427481113e+00 6.115163555582062409e-04 inf 0.000000000000000000e+00 -2.000000000000000000e+01
