6.195370037225451654e-01 6.810977630776395009e-02 -5.532128578182825003e-05 3.550795129025554383e-03 -3.628155391778963845e-01 1.084241240485615024e-06 8.800241530149788965e-03 -5.771960741976878102e-05 3.821528705045704555e+04 0.000000000000000000e+00 0.000000000000000000e+00
4.360015333788911374e-01 5.387733233896297991e-01 2.074170241102146674e-03 1.941569328327874544e-02 -2.857367191965232700e-01 3.741535079125112562e-10 -9.284496938470136740e-02 -7.603263347148631660e-07 5.647252024924153375e+04 0.000000000000000000e+00 0.000000000000000000e+00
5.690685958534529298e-01 2.231641552366482040e-01 7.940924523837399329e-01 7.940924523837399329e-01 -2.264186325005159983e-01 -1.520995931076602294e-04 -9.966836620595095897e-03 1.401103994345284248e-07 9.198244964816280117e+04 1.000000000000000000e+00 0.000000000000000000e+00
2.864403436381193768e-01 3.434631898253375781e-01 7.956676212169981888e-01 2.529359249169026154e-08 -4.243560646490657229e-01 2.302112129126496654e-09 0.000000000000000000e+00 -1.197645534019335829e-02 9.419559691755252425e+04 0.000000000000000000e+00 0.000000000000000000e+00
5.511437743636352637e-01 6.810562354636350291e-01 -6.019004406655039448e-05 1.125661949872156821e-02 -7.799668592556802116e-02 -6.766274015624985970e-04 -1.147575685593551298e-09 1.006771595364655254e-04 1.017862950980539608e+05 0.000000000000000000e+00 0.000000000000000000e+00
9.215968272976296505e-02 6.755055663868031468e-01 1.251628123559618555e-02 3.125154201181370461e-09 -5.400059247516921790e-01 3.373088049921175251e-08 -3.876675843289688568e-07 2.727428448353795554e-02 1.114525002438211086e+05 0.000000000000000000e+00 0.000000000000000000e+00
6.550778068511695640e-01 5.278911636193912447e-10 6.864557869116823472e-07 0.000000000000000000e+00 -3.520552884125297544e-01 4.694395468864482774e-10 -1.277916567444506435e-02 0.000000000000000000e+00 1.166072462323620421e+05 0.000000000000000000e+00 0.000000000000000000e+00
3.536213778830775145e-01 9.352609119967734141e-01 3.998224547418089005e-05 1.971004401315514243e-01 0.000000000000000000e+00 2.404905528383391554e-07 -3.188389472716272877e-02 5.452933242787413238e-10 inf 0.000000000000000000e+00 -9.000000000000000000e+01
7.369787387786173871e-06 1.065900990335900023e+00 -6.544318580371150107e-01 1.082555693309898426e-01 -3.389721899413799533e-01 8.419197275458768434e-03 -3.252565521980871344e-01 -7.034162785488751179e-01 inf 0.000000000000000000e+00 -9.000000000000000000e+01
8.471298146373439086e-02 1.069440182178011067e+00 1.338942535779761515e-04 8.740616873570282441e-02 -1.801987120153425159e-01 4.382550197112270590e-02 -5.929602658453229837e-04 6.402817181978174593e-10 inf 0.000000000000000000e+00 -9.000000000000000000e+01
9.328259451942142455e-01 -1.966354691290076451e+00 4.902976029777460919e-07 2.681874592433366011e+00 0.000000000000000000e+00 -3.325842503462326238e-01 2.179685624779094111e-01 -4.430591980459024949e-03 inf 0.000000000000000000e+00 -2.000000000000000000e+01
4.137069094051835977e-08 9.995896204861515200e-01 3.923427012457460215e-09 1.357725378356780195e-09 -3.021547713399828083e-01 8.919457073816776859e-07 -1.213659534445304001e-04 -5.446746967254531384e-05 inf 0.000000000000000000e+00 -9.000000000000000000e+01
1.763158128662219463e-03 2.177319296103020228e-07 9.731539438817831886e-03 1.915373603008633779e-06 -9.972094346294226863e-01 -5.146815758328426047e-05 -1.504561603125093849e-01 -2.861381297177532028e-07 inf 0.000000000000000000e+00 -9.000000000000000000e+01
5.760861314316100268e-01 3.522688844227074845e-01 2.569640947316883996e-03 0.000000000000000000e+00 -2.685806964106830508e-01 4.821447874570675971e-10 -9.974464268875005146e-02 7.220539012200246631e-01 inf 0.000000000000000000e+00 -1.000000000000000000e+01
3.711703644931531066e-05 9.776937703948264113e-01 -3.701633709399663014e-07 3.787880842427236740e-08 5.572555470109300462e-10 0.000000000000000000e+00 -4.409398904480667514e-01 9.566886307965001297e-04 inf 0.000000000000000000e+00 -9.000000000000000000e+01
5.047960379254510758e-10 9.666360488951740715e-01 2.478420980428207447e-09 1.049684179946064150e-09 -5.845799992053304223e-02 -2.167104097472480340e-01 1.018893444000979633e-06 7.280497505793374338e-04 inf 0.000000000000000000e+00 -8.000000000000000000e+01
6.162654481968417031e-01 0.000000000000000000e+00 5.908638257801260285e-02 7.083142767881852481e-08 -4.296187443522785920e-01 1.468876426705733873e-01 -2.904620302433142953e-01 5.492562497166747868e-10 inf 0.000000000000000000e+00 -9.000000000000000000e+01
8.054570419808788628e-01 0.000000000000000000e+00 1.146817407391822696e+00 9.450695959242311872e+00 6.372076519179106981e+04 -7.397589555023417187e-04 6.328040906937555744e-07 7.376379873118029979e-10 inf 0.000000000000000000e+00 -2.000000000000000000e+01
2.980764971340485806e-03 0.000000000000000000e+00 2.267238207883259481e-05 3.527548853631925252e-08 -4.659043862794898239e-01 9.630958912724438713e-07 -1.410305169278455617e+00 -4.741678931307307353e-03 inf 0.000000000000000000e+00 -9.000000000000000000e+01
7.253908452469594037e-01 5.117011313912988787e-03 -4.093609051130391030e-02 1.317926224331471996e+00 -2.789964789411382151e-01 2.293285310306822277e-07 -4.622046857458170285e-06 -6.244206909634998359e-01 inf 0.000000000000000000e+00 -9.000000000000000000e+01
-8.139610963025573813e-05 4.844346824319241684e-01 1.087460765182056033e+00 1.627111304348521257e-08 -1.201821752929950428e-03 6.231036076980566562e-07 2.237573590909580461e-03 1.862823717041423087e-04 inf 0.000000000000000000e+00 -9.000000000000000000e+01
1.108024100298155568e-01 5.806319309981299304e-01 6.625392566875213385e-01 6.393321810755270285e-02 -1.961225409562648847e-01 -1.123381723864916477e-03 -2.688472875546971585e-05 -5.496891635154710354e-01 inf 0.000000000000000000e+00 -9.000000000000000000e+01
9.825284255862996906e-06 3.481505601687259234e-03 -3.534705921316565857e-06 2.157413282053568131e-09 -1.009053817384176766e+00 3.392419030416110985e-06 5.619487455763047534e-02 8.757635272064908112e-10 inf 0.000000000000000000e+00 -1.000000000000000000e+01
5.463955971036179227e-10 2.036299482628764305e-03 1.453640485147690731e+00 0.000000000000000000e+00 1.114741680258522010e-05 -6.446092125654925842e-02 -2.323862922111105678e-02 4.677424729345621081e-09 inf 0.000000000000000000e+00 -9.000000000000000000e+01
2.700842406741087165e-02 5.079552862197758940e-10 1.522960456150702413e+00 2.281891439633454754e-08 -1.692123655922434878e-03 8.422367527326548857e-07 -9.162731893733650094e-10 2.371226551731499287e-04 inf 0.000000000000000000e+00 -9.000000000000000000e+01
4.153662291915282134e-01 2.323077344471634591e-03 1.504192580545383323e-02 2.700577412948275066e-02 -2.852738979011167353e-01 5.884259631077442874e-07 -1.063040192830219999e+00 -6.950647414659130163e-01 inf 0.000000000000000000e+00 -9.000000000000000000e+01
0.000000000000000000e+00 1.261171049134989675e+00 8.263835757145184631e-04 2.288361185202275801e-09 8.199423846746879685e-02 0.000000000000000000e+00 -4.220395777471362946e-04 3.348003694329483668e-03 inf 0.000000000000000000e+00 -1.000000000000000000e+01
2.680129688712331454e-02 7.317919323962366329e-01 3.087975510907686183e-01 1.549814124342348276e-01 -4.428040355263851979e-01 0.000000000000000000e+00 4.767441278779362641e-07 1.031278672892132525e-05 inf 0.000000000000000000e+00 -8.000000000000000000e+01
1.098470421614490711e+00 1.283602589359881543e-04 7.892322206578471222e-02 -7.334871939199323100e-04 -1.052955249084277764e-05 5.456161606383774235e-09 3.239079448350421053e+00 3.055450499574913571e-07 inf 0.000000000000000000e+00 -3.000000000000000000e+01
2.759901485565055915e-06 3.509032901244957814e-01 2.334837551916852175e-02 2.065992404777930336e+00 2.291713903200709793e-02 -2.158646644305184936e-01 4.497180508969134995e-03 7.490791881163671936e-09 inf 0.000000000000000000e+00 -2.000000000000000000e+01
4.248342805497851704e-01 5.094077715851590415e-01 6.549528491809187836e-01 1.500568674404657077e-07 -1.573460298332537699e-01 3.414379893909033970e-09 1.303021809556632708e-02 1.733456932672259763e-04 inf 0.000000000000000000e+00 -9.000000000000000000e+01
9.245974761152667698e-01 1.016470798266255193e-01 -8.256152724048892294e-05 5.299209239759473597e-03 -4.324887771469403119e-02 -1.618122417917819404e-06 2.814936464350123574e-07 -8.709525272479321954e-05 inf 0.000000000000000000e+00 -9.000000000000000000e+01
4.004985102940242792e-01 2.031623101204122906e-09 -6.885165879097268515e+00 2.145901900646854400e-09 -7.737290369084554031e-01 2.129141010061920679e-07 4.015137367371731698e-05 4.476982183722262349e-04 inf 0.000000000000000000e+00 -2.000000000000000000e+01
8.213404845728743409e-01 1.121830192749290146e-03 1.324636628246311548e-04 3.854007431320087216e-06 -5.328423006978465537e+01 9.367678969859560311e+04 -7.405387181310751490e-10 -2.362055493788733224e-02 inf 0.000000000000000000e+00 -3.000000000000000000e+01
3.910537434478864285e-07 2.927237632932871262e-05 3.595178430335149028e-02 2.164484197253236399e-09 -3.857798517185827281e-02 6.936792638883436390e-02 -2.526948587407355173e+00 2.961630110470546917e+00 inf 0.000000000000000000e+00 -3.000000000000000000e+01
4.419044252462278280e-05 1.316983556166380630e-07 5.317302293970959867e-03 -1.373066164537057432e+00 -1.010071661268640009e+00 -1.204099251352119462e-04 0.000000000000000000e+00 -4.960888915570732424e-05 inf 0.000000000000000000e+00 -1.000000000000000000e+01
-6.887175454991958934e-02 3.569690940052170358e-01 1.434608588562784022e-09 1.358034596758977974e+00 -9.079431304045738615e-01 1.245977434096846200e-08 9.306381800103404090e-07 1.089383221451468140e-04 inf 0.000000000000000000e+00 -9.000000000000000000e+01
2.240342016811455450e-01 1.556964598154296367e-03 1.450374028554243466e+00 1.222728198390916206e-07 -5.510881467056290978e-02 -6.649609525300065500e-03 0.000000000000000000e+00 3.271334214993240666e-09 inf 0.000000000000000000e+00 -9.000000000000000000e+01
1.916972749989955850e-03 8.048218393557830808e-02 4.208138580777951582e-02 6.622354592860809818e-08 -9.716751475149089101e-01 1.132001425546437021e-08 -9.324155455951145532e-03 -2.959805925984492023e-03 inf 0.000000000000000000e+00 -9.000000000000000000e+01
4.407627532728381481e-01 9.583914171605861787e-02 -6.050757995398370857e-03 1.304876192336953284e-09 -5.312504708321624802e-01 -8.670409344850837354e-05 -1.852854599721548868e-04 6.266031194430634610e-01 inf 0.000000000000000000e+00 -1.000000000000000000e+01
4.538557850061334387e-01 0.000000000000000000e+00 -3.314602744724093886e-01 1.649858402126887919e-02 -5.689737246432576834e-01 5.047587236300247818e-09 -1.761607945468786487e-06 -6.460911662464317206e-07 inf 0.000000000000000000e+00 -1.000000000000000000e+01
1.070786601842989849e-01 5.549278600076735621e-08 1.377325511390198765e+00 3.366829021200997557e-02 -4.403122497214311259e-01 6.905312046648321898e-10 1.112144082324657077e-06 2.467769914359897599e-05 inf 0.000000000000000000e+00 -8.000000000000000000e+01
1.083644379859514226e-06 1.187926041509729204e-03 2.136712901698096089e-05 1.102054190829166825e-12 6.298770638702750821e-03 -1.230580874256032020e+00 -4.313781439534113279e-08 0.000000000000000000e+00 inf 0.000000000000000000e+00 -1.000000000000000000e+01
1.155172683437224838e-02 4.020261994335200817e-01 1.788233419558190110e-02 6.373436856887937344e-07 -8.061408466563052544e-01 4.415517054451963326e-04 -2.962985301019774656e-02 4.610783226154867482e-07 inf 0.000000000000000000e+00 -9.000000000000000000e+01
-1.658963004277613914e-03 1.385582839533667882e-05 2.970440514415997836e-04 1.605485734010219024e-07 -6.555344983629596278e-01 -6.529837804704967663e-01 -5.740827776157753019e-07 0.000000000000000000e+00 inf 0.000000000000000000e+00 -9.000000000000000000e+01
6.455862649503488708e-11 2.077609622810730786e-04 2.449314661962887705e-05 7.115628336418565338e-07 -9.808554542445335755e+00 1.040739260924726068e+03 0.000000000000000000e+00 4.573098342266471161e-10 inf 0.000000000000000000e+00 -3.000000000000000000e+01
1.039577804448950545e-02 1.314760164450143494e-02 3.779171077349714469e-01 3.965674608035852602e-08 -1.828433903119036641e-01 1.056735645553083083e-06 -3.674080886856745787e-07 1.739298228089136353e-05 inf 0.000000000000000000e+00 -8.000000000000000000e+01
2.918565561310364440e-05 5.319264469348095048e-01 -3.405626641960671219e-02 2.135119396755751353e+00 -2.287793407439566232e-03 7.125404202417881933e-09 -9.457057400214979100e-05 -4.539048184014665906e-06 inf 0.000000000000000000e+00 -2.000000000000000000e+01
2.709998503822964575e-06 5.099380277259611960e-01 5.897374900800237407e-01 5.916520706120342162e-08 -6.092007735810146540e-01 2.352130208249630775e-04 1.308595167941911010e-07 1.284813074907505801e-08 inf 0.000000000000000000e+00 -9.000000000000000000e+01
1.627996724854188146e-06 6.964103493864695071e-01 3.623032711311865978e-05 0.000000000000000000e+00 -6.285151899755323512e-01 9.885917611863144944e-09 -1.633916712944566895e-04 5.528605837747737617e-01 inf 0.000000000000000000e+00 -1.000000000000000000e+01
6.373159067072424744e-01 0.000000000000000000e+00 4.750756032140781432e-02 1.811007578358881842e-08 -2.067703704796649319e-04 -6.606065212380718421e-01 5.284734658103008799e-09 1.506543760742797902e-09 inf 0.000000000000000000e+00 -9.000000000000000000e+01
6.482073368917186107e-01 1.190635482318565709e-05 8.077146076661508685e-08 -5.839247375954379748e+01 1.775843496541085642e+00 3.678882395038282027e+01 -6.375058006694496460e-02 -5.598599446639023798e-08 inf 0.000000000000000000e+00 -2.000000000000000000e+01
0.000000000000000000e+00 1.259198840120186791e+00 -1.435984047837008194e-09 7.990453457297485832e-08 5.581270369155164751e-02 3.983932873666287894e-04 2.210777218536620751e-07 1.236541818970757148e-09 inf 0.000000000000000000e+00 -1.000000000000000000e+01
1.565016407844553870e-01 1.018649732916573347e+00 1.035470476020487030e-04 -2.194727151829344580e-01 -5.799358138536401391e-02 1.218740837292126296e-07 -3.673885422561771674e-06 -9.519744776711249745e-01 inf 0.000000000000000000e+00 -8.000000000000000000e+01
3.497410177114560632e-08 1.810241886680242551e+00 6.176277546819330019e-07 -4.985669826950543331e-07 -2.367047322169475621e+01 1.309087032115601323e+04 -2.172859088760535547e-07 4.104341065563297592e-09 inf 0.000000000000000000e+00 -3.000000000000000000e+01
1.005964554139261669e+00 3.871599729036574455e-09 2.719252814814611588e-06 -5.496163954734376023e-02 -3.344020209201549812e-03 1.265715296031187834e-09 -2.914619693449072497e-07 3.455921274567827495e-02 inf 0.000000000000000000e+00 -1.000000000000000000e+01
9.787986945921840487e-01 1.206770851486945630e-05 6.929894757712662390e-01 0.000000000000000000e+00 -6.423366433261207525e-04 2.587699048828086615e-02 -1.299967016255244336e-02 2.279721568947616194e-04 inf 0.000000000000000000e+00 -9.000000000000000000e+01
4.815163634615397537e-01 1.567384897390114162e-01 9.673319801682718141e-03 8.510064709340682265e-01 -4.510530833241770399e-01 -1.959231121737642703e-02 0.000000000000000000e+00 0.000000000000000000e+00 inf 0.000000000000000000e+00 -9.000000000000000000e+01
4.882490132327199084e-01 1.147267813545634063e-03 4.386729595813976257e-01 2.632603459916108474e-08 -1.798070885270497410e-02 -5.539748419371244917e-03 -5.363227622279416185e-01 -9.915210730264466532e-01 inf 0.000000000000000000e+00 -9.000000000000000000e+01
3.194900969450384376e-02 9.515015471098040717e-04 1.269383472425924531e+00 2.911931863885500192e-06 -8.182377247934675690e-01 6.118328747714477931e-07 8.899387269402876991e-07 2.948314653016294307e-04 inf 0.000000000000000000e+00 -9.000000000000000000e+01
9.791817580724152537e-01 0.000000000000000000e+00 1.605185923099076948e-05 -2.876493174193546221e-01 -2.715057332784724664e-02 -8.670870388169121150e-06 -9.315811160842857560e-06 5.709875640738145807e-04 inf 0.000000000000000000e+00 -1.000000000000000000e+01
2.487515123488574439e-02 5.006673548901384718e-01 6.907272546972353127e-08 2.172840065464224646e-01 -1.555795677941617175e-02 2.795158336640871446e-02 -1.018211137473203021e+00 8.446454289672445260e-05 inf 0.000000000000000000e+00 -9.000000000000000000e+01
6.807896930223855214e-05 2.316913168997694328e+01 -1.320875328609327215e-01 5.015412006572535628e-07 0.000000000000000000e+00 0.000000000000000000e+00 0.000000000000000000e+00 8.643664126087310724e+05 inf 0.000000000000000000e+00 -2.000000000000000000e+01
2.533782322638805044e-04 0.000000000000000000e+00 3.103848616856403036e-07 5.578245416308361087e-07 -9.650065558894962425e-01 -2.478216920826550309e-04 -7.465145054994216656e-01 3.719989020557656291e-10 inf 0.000000000000000000e+00 -9.000000000000000000e+01
4.281626577167401361e-09 2.279662662139786584e-03 1.538402810335507409e+00 5.071726564852276856e-04 -1.364333660325918636e-05 5.661603466023471147e-12 -3.838787900557771909e-13 6.450629456880279451e-07 inf 0.000000000000000000e+00 -9.000000000000000000e+01
3.004074541964069436e-02 4.769828280370430607e-01 0.000000000000000000e+00 0.000000000000000000e+00 0.000000000000000000e+00 -1.621839457957338766e+02 1.101207350386001777e-03 2.803728049175446630e+08 inf 0.000000000000000000e+00 -3.000000000000000000e+01
5.426766333812518076e-06 4.076773054808930929e-01 5.302655861499728784e-01 1.604104277028750390e-06 -7.355296840144784909e-01 -2.028240323158386018e-06 0.000000000000000000e+00 -1.486855129661182676e-08 inf 0.000000000000000000e+00 -9.000000000000000000e+01
1.069407676255284852e-09 4.193112566214989845e-01 7.434711127019655308e-01 1.202735177106168549e-06 -6.257414137274677213e-01 -3.162178419603941843e-06 -2.852526096727986057e-02 3.598731300255878732e-04 inf 0.000000000000000000e+00 -9.000000000000000000e+01
3.653620498271562544e-01 2.245069834796498687e-01 -3.784230511348978622e-05 1.862081680187592687e-05 -5.486581623667059482e-01 6.690829499949511366e-10 -3.075438129858217495e-04 -1.777603239058049844e-01 inf 0.000000000000000000e+00 -9.000000000000000000e+01
4.014284333148739480e-06 7.167729733967879817e-03 1.444833710154155293e+00 4.808299669639687249e-08 -3.274956409682752145e-01 -4.078586370521831280e-06 6.638324170771210110e-10 6.817738337548810439e-10 inf 0.000000000000000000e+00 -9.000000000000000000e+01
3.512412272265057335e-13 9.440353876003867437e-08 1.540435997628074150e+00 5.916386162016122394e-09 -2.039323349082610614e-05 1.486115445252596229e-14 2.273879960319065827e-16 -4.151750236430157484e-12 inf 0.000000000000000000e+00 -9.000000000000000000e+01
0.000000000000000000e+00 3.319372564540180592e-01 -5.229501838989839306e-04 2.002626983689435036e+00 -6.510371604484884722e-01 -9.352928220527580161e-02 -9.857252781438381739e-02 1.853607672381672321e-04 inf 0.000000000000000000e+00 -2.000000000000000000e+01
1.645390802592516452e-02 1.070291311293858680e-05 2.341123522581462502e-01 1.396938659545880620e-06 1.462063522857294795e-01 2.650844144245936285e-01 -1.442933719754488919e+00 -3.933668066183922316e-06 inf 0.000000000000000000e+00 -1.000000000000000000e+01
6.340721902440865643e-01 6.769793309372954537e-01 1.969370715410953803e-03 0.000000000000000000e+00 0.000000000000000000e+00 1.764082441220287940e-05 2.401175358941918975e-08 3.099150148930213146e-09 inf 0.000000000000000000e+00 -9.000000000000000000e+01
2.372519083969466010e+04 4.760427480916031450e+07 1.307116210005665816e-02 0.000000000000000000e+00 1.242601234494275175e+00 1.129580497099236908e+11 6.619177470765725133e-08 -1.920543554174991520e-03 inf 0.000000000000000000e+00 -2.000000000000000000e+01
4.957165506428721460e-08 7.216976602924604833e+01 2.395222169734196527e+01 0.000000000000000000e+00 3.776193724014820109e-08 -8.015383992836004268e+01 3.693488943898830912e+05 2.756754485700418091e+10 inf 0.000000000000000000e+00 -2.000000000000000000e+01
4.865133361604515372e+00 2.992455798809859502e+01 8.198946058572856188e+00 3.150373242350465119e+00 -1.670894162714993580e+00 -1.551259735790292416e+00 3.234149243711602594e+03 2.488844450724390447e+08 inf 0.000000000000000000e+00 -2.000000000000000000e+01
8.204137389071417541e-01 2.873044221853803815e-01 1.016777757838783263e-09 6.983063150911502585e-08 -7.322272426530179734e-02 1.581654289971440654e-09 1.290059078015803560e-07 2.081360925165200104e+00 inf 0.000000000000000000e+00 -3.000000000000000000e+01
6.409408235887791294e-01 4.455416957412811077e-10 4.728554779214047543e-01 8.358089990602955710e-02 -3.417119664666401491e-01 4.879421270796250677e-07 -1.040003725010146838e-05 2.185390618802021274e-08 inf 0.000000000000000000e+00 -9.000000000000000000e+01
1.769089669669528520e-01 1.015692715814482803e-09 -8.577158095134892243e-04 2.081281964317092253e-02 -8.325127857268368459e-01 -1.341451266063750799e-04 3.889395670817566431e-02 3.038590367826223774e-04 inf 0.000000000000000000e+00 -9.000000000000000000e+01
1.830072540246793500e-01 4.946142000667009576e-03 -6.043286226269509065e+00 4.777073874098754835e+00 -2.100705196306016601e-03 0.000000000000000000e+00 -1.937575601735012283e-05 -9.770211249541988120e-06 inf 0.000000000000000000e+00 -2.000000000000000000e+01
1.647711736042216826e-09 5.819554796893897259e-11 1.957730415544951508e-10 2.276023959408289610e+00 2.038768654729569503e-05 -5.615190689329661866e-03 5.179269678111216335e-12 -2.847245879880950554e-05 inf 0.000000000000000000e+00 -2.000000000000000000e+01
1.815444442590677833e-08 1.171911793708069860e+00 3.218043678576460506e-03 9.387288597116495331e-07 -1.261835718472797963e-01 2.260326307392136798e-05 4.774186865869303048e-03 5.202050701443412528e-01 inf 0.000000000000000000e+00 -1.000000000000000000e+01
0.000000000000000000e+00 2.172961985814622285e-02 2.317212287132824813e-03 -1.728548291540671356e-01 -5.342785628398438735e-01 -7.719539529266862266e-01 3.649117807823124424e-06 4.573041467321733305e-03 inf 0.000000000000000000e+00 -1.000000000000000000e+01
8.387494722351554466e-02 1.853003700217812910e-01 3.968451367049894036e-10 6.629290406259592805e-10 -7.983425633537537536e-01 -1.053028534485012657e-01 -3.507544173732782093e-03 8.636323281549194458e-10 inf 0.000000000000000000e+00 -9.000000000000000000e+01
-1.352567861823504103e-03 1.668763690477306201e-09 8.727183083982668802e-10 8.839937387393297809e-10 -9.806589924046217321e-01 1.666324589385927629e-05 -5.230181292824649386e-01 -2.364629129062070028e-06 inf 0.000000000000000000e+00 -9.000000000000000000e+01
3.695528420273764555e-05 1.712881853886122916e-03 1.376407092982659612e-06 2.940258122697238588e-02 -1.412485482350554911e+01 1.465851052401521609e-09 6.236203693226170726e+06 -4.216547944845817852e+00 inf 0.000000000000000000e+00 -3.000000000000000000e+01
5.806378114683828917e-01 7.421169661371047610e-01 8.611684750035726002e-05 0.000000000000000000e+00 1.050591094622078271e-10 1.300386459455063838e-08 -1.143564630767731222e-04 1.119919440967697566e-10 inf 0.000000000000000000e+00 -9.000000000000000000e+01
6.273397461480224424e-05 1.728552125807435516e-02 -7.697293595829354242e-06 2.602041498330371017e+00 0.000000000000000000e+00 3.072681020897403137e+00 -3.843281392191043137e-04 -5.747752789970934223e-03 inf 0.000000000000000000e+00 -2.000000000000000000e+01
2.998937682819401061e-10 7.981699601104160768e-01 1.357402775509666815e-01 5.412482991306684088e-01 -4.222079295433853185e-01 -2.199891722139089151e-02 3.345334127340464252e-06 -2.848761092813364279e-06 inf 0.000000000000000000e+00 -9.000000000000000000e+01
0.000000000000000000e+00 6.167953193443724457e-08 -5.116516104343844969e-03 1.239908472033446563e+00 -6.572447163786313551e-01 -6.059703058810076426e-01 -1.973773472280685934e-02 3.095401201916205122e-04 inf 0.000000000000000000e+00 -9.000000000000000000e+01
5.549371680604322510e-01 1.014195514041479618e-01 -1.710870660770860935e-09 8.668411347905695550e-07 -4.584220906513496262e-06 1.075429960172285870e+00 0.000000000000000000e+00 -2.441723539465901816e+00 inf 0.000000000000000000e+00 -3.000000000000000000e+01
7.041253298120899633e-04 1.104238784227629111e+00 1.938774510136503371e-01 1.820001806066519944e-09 -2.769677871623576343e-02 7.621003845179658535e-08 -5.399113164464992315e-09 8.521667935973617277e-07 inf 0.000000000000000000e+00 -9.000000000000000000e+01
1.899693174521721443e-05 9.506264923036721326e-01 2.352438654812386704e-02 1.409012735955335804e-03 -7.436783357623793364e-06 -2.587682520293625443e-01 5.479220411615612025e-08 0.000000000000000000e+00 inf 0.000000000000000000e+00 -9.000000000000000000e+01
4.111294318531338865e-01 5.123792834368969817e-01 5.031254688377058137e-01 6.561519104537016922e-01 -7.065000596237388519e-01 -6.983251451935481580e-01 -6.379634417759681986e-01 -7.495093552649100266e-01 inf 0.000000000000000000e+00 -8.000000000000000000e+01
1.196278870560731240e-02 3.717080152671726410e+03 -4.437637667175537109e+10 6.046487402369909750e-06 -1.416761092557240609e+01 -9.267652671755651284e+01 2.808630722397133882e-06 -1.518517414122125331e+01 inf 0.000000000000000000e+00 -2.000000000000000000e+01
3.061734907122529185e-06 3.648251979512401322e-02 2.435622770413108876e-03 2.147493778849345336e-01 2.616998934167276674e-03 1.292855519923898588e-07 1.717382619164964693e-09 -2.049654293944239924e+00 inf 0.000000000000000000e+00 -3.000000000000000000e+01
4.043878848839741469e-01 8.884436695015206724e-09 6.420586458738627587e-05 3.556458797853519633e-09 -5.944231715443717423e-01 2.074287818099018787e-07 4.155790550347947146e-05 0.000000000000000000e+00 inf 0.000000000000000000e+00 -9.000000000000000000e+01
2.579914122137371351e+02 5.655303256202216744e+00 2.564885496183173018e+03 2.504770992366379900e+01 0.000000000000000000e+00 5.129770992366345599e+06 9.220520048650957673e-04 1.012059568448818031e-01 inf 0.000000000000000000e+00 -2.000000000000000000e+01
2.603822635579470494e-06 6.717139735420717273e+01 -2.770673350219974851e-01 2.194578800271719501e+03 -6.780788113488204191e-08 3.606154359813288274e-05 -5.323607249517584705e+01 3.443157689739525757e+11 inf 0.000000000000000000e+00 -2.000000000000000000e+01
1.749740712130694522e-08 0.000000000000000000e+00 1.755807846271155437e-01 7.001076081030727094e-01 -5.461282449285045359e-01 -6.912454864815148481e-01 5.529840929847006959e-09 1.576417339702654172e-09 inf 0.000000000000000000e+00 -9.000000000000000000e+01
2.048026235857937083e-01 1.255763455144471852e-01 1.194322668068733773e+00 -9.899512079010154508e+00 -6.736928407427424798e-03 -8.860408241448548550e-01 0.000000000000000000e+00 -1.147383119389983253e-04 inf 0.000000000000000000e+00 -2.000000000000000000e+01
7.668869048866153726e-01 4.712352193326845295e-01 -1.102561307698938675e+00 1.102561307698938675e+00 -1.065120701231410255e-01 1.658334956858150247e-08 7.446578055928049642e-06 0.000000000000000000e+00 inf 0.000000000000000000e+00 -1.000000000000000000e+01
6.259844007940418287e-01 2.454840787427614857e-01 6.292926823239735994e-05 3.190164292336810655e-05 -2.782152892417963375e-01 -7.803728699454037140e-06 -5.913353459298290688e-04 5.791829894126043041e-10 inf 0.000000000000000000e+00 -8.000000000000000000e+01
2.341266239624177625e-02 1.226881199901622421e-01 1.399952215561725832e-01 1.350915427791363199e-02 -4.144089319416922185e-02 -3.255219489168417812e-09 -3.262921980354055782e-06 -2.098389914314498839e+00 inf 0.000000000000000000e+00 -3.000000000000000000e+01
6.686030779151457271e-01 2.479190724893889086e-01 -4.682097269461898276e-02 1.608296710473456070e-01 -6.487693682712402099e-01 5.196996508202245124e-02 -1.495623574862556815e-01 -3.249562846878264466e-01 inf 0.000000000000000000e+00 -8.000000000000000000e+01
6.666616349991024704e-01 0.000000000000000000e+00 1.980773949195537047e-05 2.182601788511913110e+00 -3.366311226233091869e-01 3.797882254283815742e-07 -7.570585178704975578e-06 1.076466710288232192e-03 inf 0.000000000000000000e+00 -2.000000000000000000e+01
5.647470445234749057e-10 9.749075911338346279e-01 -6.322261447630000054e-07 1.064121440806290214e-09 7.626808961410271570e-10 0.000000000000000000e+00 -4.445578615570285885e-01 -3.671136397863345759e-03 inf 0.000000000000000000e+00 -9.000000000000000000e+01
2.023598699313339035e-05 1.022910632065178183e+00 3.546775558416949692e-01 6.059030989223079256e-06 -2.770918405013241947e-03 -3.533924922335728979e-03 -7.640427047620880226e-09 3.902094391117775660e-06 inf 0.000000000000000000e+00 -9.000000000000000000e+01
9.710249723755443448e-09 6.717977609459191424e-01 1.847443842601277642e-01 9.807984888810050792e-04 -5.176664265101458659e-06 -3.107064644374876172e-01 -2.494049187511724885e-01 7.880318126330189606e-07 inf 0.000000000000000000e+00 -9.000000000000000000e+01
7.605192462298465683e-01 0.000000000000000000e+00 4.877735046503926114e-02 8.923425822430198551e+00 4.556927023626900336e+04 -4.545007876278368553e-01 7.493257779713017588e-05 -3.669264871481891008e-05 inf 0.000000000000000000e+00 -2.000000000000000000e+01
6.615715415757043050e-07 -1.598474744158601091e+01 6.274073741294685703e-08 4.039034749484873898e-08 1.512642460528426031e-08 -2.849827626985173445e+00 -5.635373427797749635e+00 1.576500717437277816e-08 inf 0.000000000000000000e+00 -2.000000000000000000e+01
9.680199955709685167e-01 1.193481683992527026e-05 6.853581568642457267e-01 0.000000000000000000e+00 -1.043646557724950494e-03 0.000000000000000000e+00 -4.514906683768527927e-09 1.510979153753205497e-09 inf 0.000000000000000000e+00 -9.000000000000000000e+01
6.518193139506284206e-01 3.985787021117018214e-01 -6.747133318993139297e-05 0.000000000000000000e+00 -1.849757512562593964e-01 2.195210738495042765e-02 0.000000000000000000e+00 0.000000000000000000e+00 inf 0.000000000000000000e+00 -9.000000000000000000e+01
4.153666569843937500e-10 8.551806899908571680e-01 1.637090517883987763e-03 2.220563334481647786e-09 -3.780351725621835524e-01 -7.220896554558561831e-02 -7.504068968462819511e-02 3.766193104926622293e-01 inf 0.000000000000000000e+00 -1.000000000000000000e+01
9.779881477236564437e-08 1.086383659674237556e+00 2.032963522436119150e-02 -2.820110974965572281e-01 -2.091048194505722435e-01 3.745694605781603931e-05 7.911532919825291221e-03 4.386394201118325870e-02 inf 0.000000000000000000e+00 -1.000000000000000000e+01
7.749265637898909015e-03 5.516996559570820358e-01 5.371412722339199136e-07 2.091460716659600205e+00 -2.245184521057920230e-03 1.297594903594100438e-08 -4.511505459515911888e-09 2.135732362295278881e-07 inf 0.000000000000000000e+00 -2.000000000000000000e+01
2.326059748867230113e-04 1.308255570503104383e-09 -6.238523329665682793e-01 5.236974715760161172e-10 -1.033388048145301719e+00 -1.673312469675089715e-04 -1.137230815303640064e-02 1.598680402287298112e-07 inf 0.000000000000000000e+00 -1.000000000000000000e+01
2.596162664855766397e-02 3.020989282741255444e-01 2.311872125109163886e-02 -1.407506370368084847e-01 -8.822661882551166013e-01 3.339387144171195003e-07 -7.689757376695395769e-05 9.145358465025800854e+00 inf 0.000000000000000000e+00 -3.000000000000000000e+01
8.004326061042762194e-07 8.171955926195491299e-08 5.042306343794058468e-05 2.276255862596910706e+00 1.665033924589016901e-03 8.564838422647197039e-08 1.154092333326887265e-09 3.197036788192828601e-04 inf 0.000000000000000000e+00 -2.000000000000000000e+01
0.000000000000000000e+00 6.362370039755598228e-01 4.988184674026073240e-01 1.082035721046870416e-02 -4.328142884187481942e-01 -7.291061010960357669e-05 -2.146372127320757515e-06 -5.561663606180914377e-01 inf 0.000000000000000000e+00 -9.000000000000000000e+01
1.445518023664129403e+00 8.235843000882550109e-09 -1.140347492429891566e-08 6.345400268987662832e-07 4.644789531920768821e-01 1.074460748422831185e-06 -3.007952946301092889e-01 3.794816962399512848e-03 inf 0.000000000000000000e+00 -9.000000000000000000e+01
7.727378248975101949e-01 4.758549003456057358e-01 8.713163458476666848e-05 4.295327419048830531e-01 0.000000000000000000e+00 8.795090327278715594e-07 8.685404707635503013e-03 0.000000000000000000e+00 inf 0.000000000000000000e+00 -9.000000000000000000e+01
6.860121101212135475e-02 6.505402644271410795e-01 4.824463307437912035e-10 4.886794874717471849e-10 -5.421168870226176217e-01 9.211588392740905924e-06 -1.840520295447158339e-01 3.964287678979990219e-10 inf 0.000000000000000000e+00 -8.000000000000000000e+01
9.831600488167777270e-04 1.209450005546923389e-07 9.582565428564084724e-08 -4.629402482770377729e-06 -1.006755889988380392e+00 -2.776152935809245795e-06 0.000000000000000000e+00 -2.895702417126768316e-08 inf 0.000000000000000000e+00 -9.000000000000000000e+01
5.655761677110631705e-04 7.708822468842668751e-01 9.605143380649319371e-03 1.152385806018990784e-09 -5.475240574024151652e-01 3.088470540401710393e-05 -8.035037645545831330e-08 1.239422229195632638e-07 inf 0.000000000000000000e+00 -9.000000000000000000e+01
1.009101674275139020e-08 6.616525835847971856e-10 2.414809831760247605e-01 3.417699603374444732e-06 0.000000000000000000e+00 -1.095413735276750122e+00 0.000000000000000000e+00 -1.532624665888227583e-05 inf 0.000000000000000000e+00 -9.000000000000000000e+01
4.079645066863553453e-07 9.050589949104698162e-01 1.085474197387129545e-02 1.627854242847156605e-08 -3.811588784718165316e-03 -5.109738588209134132e-03 -5.250049247820498532e-01 5.367599129294857025e-06 inf 0.000000000000000000e+00 -9.000000000000000000e+01
4.670092643419103296e-08 1.204754288351335134e+00 -4.958378299231529576e-03 1.537536067301529252e-01 -1.281555440902419536e-09 -5.188745432602906438e-03 0.000000000000000000e+00 1.576917877244540572e-04 inf 0.000000000000000000e+00 -9.000000000000000000e+01
1.801873359093440485e-01 1.252243188501496853e-03 1.172303149289708246e+00 2.020413822726460307e+00 -4.206180281016314720e-02 6.666565189914104911e-07 9.320533680772495888e-01 1.871297947602688439e-03 inf 0.000000000000000000e+00 -2.000000000000000000e+01
7.812505206626130767e-06 0.000000000000000000e+00 7.042258214423555162e-06 1.509216297564234255e-01 -2.279277172942572455e-02 4.094972547998519674e-02 -1.491703207421850808e+00 4.275656773042873116e-05 inf 0.000000000000000000e+00 -9.000000000000000000e+01
1.534428478554536457e-01 1.101548655572288871e+00 1.856163482122423145e-02 -2.074403309717423038e-01 -2.744872058411340632e-02 4.602456143873500793e-08 4.087496015887654805e-08 0.000000000000000000e+00 inf 0.000000000000000000e+00 -1.000000000000000000e+01
3.447943547837769608e-08 1.362326843897952067e+01 -2.142853680093540283e-02 3.877813004094037800e-05 5.898433257811982466e-01 1.221934382885567594e+01 -2.117464418481057598e-02 -4.874738229596679330e-03 inf 0.000000000000000000e+00 -2.000000000000000000e+01
6.137365291734998562e-01 7.753829734521310302e-08 6.817263113962455995e-10 2.266597563461166686e-08 -3.955644075071726440e-01 -1.991202921166099347e-06 1.905182954971723977e-02 5.677887663160931996e-10 inf 0.000000000000000000e+00 -9.000000000000000000e+01
-3.552638239687955069e-06 1.144983932905635959e-04 1.349832954077141917e-05 6.274349158398774669e-06 -1.009096588572698572e+00 6.779354114018946001e-11 1.275139582972723995e-08 -2.692882827983041774e-05 inf 0.000000000000000000e+00 -9.000000000000000000e+01
8.243783883755420811e-04 1.178400782571333183e+00 1.116781636536663940e-04 2.761636747349943053e-09 -6.441031550191037014e-02 3.985890431105095486e-04 2.211863512790798154e-07 1.237149409940003423e-09 inf 0.000000000000000000e+00 -9.000000000000000000e+01
2.372519083969466010e+04 4.760427480916031450e+07 2.395187261450382366e+01 0.000000000000000000e+00 0.000000000000000000e+00 3.442531038778626709e+11 3.937099236641222378e+05 0.000000000000000000e+00 inf 0.000000000000000000e+00 -2.000000000000000000e+01
8.659197794994950570e-01 3.013596520744005502e+01 1.296433568177210116e+00 0.000000000000000000e+00 2.141610410585869886e+02 -1.634386892289216462e+02 -1.375931853018265557e-03 2.756754485700418091e+10 inf 0.000000000000000000e+00 -2.000000000000000000e+01
4.765539684605930876e-08 5.224138839649004917e-05 9.681361948477443458e-07 2.421364430088825048e-13 -1.008529317350311150e+00 4.281076106710307364e-08 -2.860114771707061866e-06 -3.010659064129629359e-01 inf 0.000000000000000000e+00 -9.000000000000000000e+01
3.083069194276057412e-01 3.801186929847906182e-01 -3.237090074274639323e-02 1.966606412924736258e-01 -3.671204559464346096e-01 -1.801239959545822833e-01 -2.216144577973946095e-01 -3.750510259668576873e-01 inf 0.000000000000000000e+00 -9.000000000000000000e+01
1.006080535592394298e+00 0.000000000000000000e+00 4.338496933278134307e-03 0.000000000000000000e+00 5.292792728075996343e-09 6.551241516822593391e-07 -5.761185862697262849e-03 5.548028925622808260e-09 inf 0.000000000000000000e+00 -9.000000000000000000e+01
1.523234283624490086e-02 7.060209168799554957e-01 6.732914704020767083e-01 3.748374795296097728e-08 -2.273527621409790478e-01 4.508974385728968743e-04 3.857063729880891842e-07 4.572250853927628876e-10 inf 0.000000000000000000e+00 -9.000000000000000000e+01
3.267888228666396833e-01 6.589129734535510430e-01 3.515504637818974946e-10 5.775492257194081436e-01 -3.061144279505869648e-01 -1.763159082558527976e-02 4.551701461356767037e-02 4.962792630428481061e-04 inf 0.000000000000000000e+00 -9.000000000000000000e+01
5.353947996183207181e+01 4.665499538865709567e-08 -1.581136688931298124e+02 1.971173555170762074e-07 -9.518129770992368321e+01 3.442531038778626709e+11 -7.046770503502767526e-05 -1.817678620342080365e-05 inf 0.000000000000000000e+00 -2.000000000000000000e+01
1.159905538515221085e-05 1.099302080150854177e+00 -4.211349339839879925e-06 2.230587574067733018e-09 0.000000000000000000e+00 3.447596154479088331e-05 -2.315551190104990775e-01 -6.357174586093039602e-07 inf 0.000000000000000000e+00 -9.000000000000000000e+01
2.255276197415515427e-03 4.358168867978630748e-03 3.222911592928253115e-03 5.358831932718504171e-10 -1.002561699867307921e+00 3.370592659381692229e-06 -2.425945747490202906e-02 4.882894994965199994e-09 inf 0.000000000000000000e+00 -9.000000000000000000e+01
1.108694964167760699e-01 2.829083701669458106e-01 -1.008040275879900987e-04 6.124105363469405044e-09 0.000000000000000000e+00 -4.162832991133664931e-04 -1.253972235334570584e+00 5.981684308505000223e-10 inf 0.000000000000000000e+00 -9.000000000000000000e+01
4.423613410165721333e-04 1.173260748959720386e-03 -1.385364890872634220e-04 4.030695264392362582e-06 -5.572705752036121396e+01 9.797142308370632236e+04 -7.763112081484855423e-10 1.323262326799033326e-04 inf 0.000000000000000000e+00 -3.000000000000000000e+01
3.658367195191384691e-04 5.808705164884030853e-03 0.000000000000000000e+00 2.219104102375388354e+00 -7.454207079285024573e-01 -6.577241540545609999e-02 1.683190081764508802e-09 8.504726257016874597e-10 inf 0.000000000000000000e+00 -2.000000000000000000e+01
5.518984073057241384e-10 1.938854173263169708e-03 1.475829257239165360e+00 0.000000000000000000e+00 9.017106003490821813e-07 0.000000000000000000e+00 -5.390456925817603551e-02 2.794014188846925123e-03 inf 0.000000000000000000e+00 -9.000000000000000000e+01
1.854312117022556095e+01 4.357187726897953500e-02 7.331664831919953329e+00 4.688613923952171717e+03 -6.828860969419605631e-01 -2.228740525267495498e-01 1.758615570718883225e-04 2.509338749775054016e+11 inf 0.000000000000000000e+00 -2.000000000000000000e+01
2.579914122137404888e+02 5.655303256202291351e+00 2.965648854961832694e+04 2.663440376747656067e-04 0.000000000000000000e+00 5.150290076335879043e+06 8.121701597257426129e-05 2.690671964456107373e-02 inf 0.000000000000000000e+00 -2.000000000000000000e+01
0.000000000000000000e+00 1.319891804418601858e-07 -7.703779255520993519e-06 2.604233951489600685e+00 0.000000000000000000e+00 3.075270030033458113e+00 0.000000000000000000e+00 -5.752595786814347287e-03 inf 0.000000000000000000e+00 -2.000000000000000000e+01
4.333573520578844576e-10 5.494664299394805829e-01 0.000000000000000000e+00 5.605984469174335131e-07 -2.964680628750722122e-06 6.954957964549280947e-01 -7.202465365422920929e-01 -1.579097217573822487e+00 inf 0.000000000000000000e+00 -1.000000000000000000e+01
3.825817972407942382e-03 6.894880741482445688e-03 5.527115781383488968e-02 2.512578226490136462e-08 -3.318511706469599587e-01 6.859873149430092061e-07 -1.004522462498905755e+00 -8.879261052445686087e-01 inf 0.000000000000000000e+00 -9.000000000000000000e+01
2.807803413108802258e-06 3.579964959122340917e-01 -2.375361903899452301e-02 2.101850575439895064e+00 2.331489784302364851e-02 -1.308642653124553190e-01 -3.660188263528443842e-02 7.023094793943380940e-09 inf 0.000000000000000000e+00 -2.000000000000000000e+01
9.566207913958681142e-02 3.743748394435721938e-01 5.027692594929353105e-10 8.398750848234475252e-10 -7.425445710510630848e-01 8.753193544581985535e-09 -4.083179861923314760e-07 2.080488629936115335e-04 inf 0.000000000000000000e+00 -9.000000000000000000e+01
1.085525568214491246e-03 1.339293727472484605e-09 -5.541494159416633647e-04 2.114330527717803054e+00 -9.502827463731670088e-01 -1.253440432332705023e-01 -6.558699936624619309e-03 -4.240334250837856428e-06 inf 0.000000000000000000e+00 -2.000000000000000000e+01
5.146480622330516694e-07 0.000000000000000000e+00 3.227836530672210101e-07 1.103784659789308142e-06 -1.008288948994473300e+00 -2.184997036147341897e-06 -2.347517476852516052e-06 1.011238297721083921e-04 inf 0.000000000000000000e+00 -9.000000000000000000e+01
9.450759230496610930e-05 4.457974306421806365e-01 6.935014888908530573e-02 1.066195761563245709e-07 -1.669993509772431939e-01 -6.190854601081066111e-01 5.877404135617391845e-07 6.509764841800553658e-04 inf 0.000000000000000000e+00 -9.000000000000000000e+01
-6.436452257247887720e-02 3.336076662911581225e-01 1.333968027383569622e-09 6.181506524868065330e-08 -9.246734228722317539e-01 4.647801269607093123e-06 7.666094739647349088e-10 -2.224304893311966188e-05 inf 0.000000000000000000e+00 -9.000000000000000000e+01
8.428591208689364125e-10 1.232414884074119810e+00 2.222501699774256706e-04 0.000000000000000000e+00 1.950602661415909087e-02 -1.120348810061642941e-03 1.276862156188837683e-06 2.439333455691274711e-09 inf 0.000000000000000000e+00 -1.000000000000000000e+01
4.256763538091944965e-01 2.122248104005494129e-01 3.532991063315504832e-01 5.550966861632867372e-02 -4.661585430763512949e-01 0.000000000000000000e+00 5.018887142877947400e-07 1.081926999937884821e-05 inf 0.000000000000000000e+00 -9.000000000000000000e+01
1.165400824344955122e-01 0.000000000000000000e+00 -1.342744428049622130e+00 6.739056940777349292e-01 -9.399210996347354685e-01 0.000000000000000000e+00 -6.823108357865194689e-06 -3.440547557223809358e-06 inf 0.000000000000000000e+00 -1.000000000000000000e+01
1.873082513467001502e-07 0.000000000000000000e+00 4.994042845943204127e-03 4.044651196102560449e-10 -2.797680592780803499e-01 -1.018225611093478422e+00 0.000000000000000000e+00 -8.910133298016113021e-06 inf 0.000000000000000000e+00 -9.000000000000000000e+01
9.674768088909103061e-06 1.399273051530476097e+00 -8.591124985499615230e-01 1.388984279092752017e-01 6.180497093435411956e-10 1.105239226708642358e-02 -4.269840561655496858e-01 -3.691097112033517313e-01 inf 0.000000000000000000e+00 -9.000000000000000000e+01
1.749093718443201296e-07 1.334458422790453416e-07 5.387856818324701300e-03 -4.047920253071775609e-01 -5.437206463385297894e-01 -7.895943209695561738e-01 3.713607153708290130e-06 4.700709861784739020e-03 inf 0.000000000000000000e+00 -1.000000000000000000e+01
0.000000000000000000e+00 1.960460626048692034e-02 2.940690939073038225e-03 8.241166632319150423e-07 -2.352552751258430580e-02 4.230177012826191740e-02 -1.540977276317259337e+00 4.443825802883259106e-05 inf 0.000000000000000000e+00 -9.000000000000000000e+01
2.372519083969413623e+04 8.297053912213558036e+00 -6.176315191137745630e-01 4.164181774809068770e+01 -2.207329437022852403e+01 3.442531038778550415e+11 -6.628837294250808920e-01 1.047221758893404978e-02 inf 0.000000000000000000e+00 -2.000000000000000000e+01
7.148402557507637477e-08 7.495643360141128475e-02 2.538915391114781484e-08 -2.137618861334697655e-06 -9.801199869536261211e-01 -3.204456318882733745e-08 -8.997127356863060791e-09 1.699478786907459543e-10 inf 0.000000000000000000e+00 -9.000000000000000000e+01
1.196278870560769231e-02 3.717080152671844189e+03 -4.437637667175678253e+10 6.233107383924734539e-06 -5.635734732824561632e+01 -9.267652671755945448e+01 2.808630722397223244e-06 4.461623330152777811e+01 inf 0.000000000000000000e+00 -2.000000000000000000e+01
6.739215650734446136e-08 1.268112263718044509e-02 1.466557312620486546e-02 1.471318485391510183e-09 -1.003647935131960711e+00 2.466622166685766828e-10 -4.076763878581275642e-06 -4.694919449643141819e-03 inf 0.000000000000000000e+00 -9.000000000000000000e+01
0.000000000000000000e+00 1.845047964746123204e-01 3.619753208191551142e-08 9.744730707611042434e-08 3.749046453029538598e-03 -1.035874462718451294e+00 -1.078174048905736204e-02 0.000000000000000000e+00 inf 0.000000000000000000e+00 -1.000000000000000000e+01
2.866482916679091754e-05 5.673247439260702325e-06 1.784863362785514551e-02 4.942513573985861047e-08 1.770951365696565194e+00 0.000000000000000000e+00 -9.115415675039512111e-03 7.246468813364743966e-02 inf 0.000000000000000000e+00 -1.000000000000000000e+01
2.485331398173894549e-02 4.233974999768372468e-05 5.080579172679804412e-01 6.487508789729595771e-01 -1.497992281608190345e-04 5.162020576302109099e-07 -7.210514287380183074e-01 2.300313772156287486e-08 inf 0.000000000000000000e+00 -9.000000000000000000e+01
1.104325380674918935e-06 4.723987539109131273e-01 2.457625938083819511e-05 0.000000000000000000e+00 -7.816291359974439912e-01 1.590228548171883165e-04 8.847152197452475574e-08 8.725582286937836142e-09 inf 0.000000000000000000e+00 -9.000000000000000000e+01
4.228382183052514448e-09 2.251313796342091673e-03 1.519271920692360833e+00 0.000000000000000000e+00 1.075742448557956546e-07 -2.417924786774747897e-02 3.177852448132635318e-09 -1.295193908063779591e-04 inf 0.000000000000000000e+00 -9.000000000000000000e+01
-5.694746905249953653e-03 3.389268751426291715e+01 7.608243017058558166e+01 1.138382056221971866e-06 -8.018828521030794896e-08 4.359443415302501654e-05 2.819090816988164550e-01 2.803728049175446630e+08 inf 0.000000000000000000e+00 -2.000000000000000000e+01
3.827209875604070758e-06 1.028643928525502904e+00 3.908054308931437071e-03 6.323341957887937403e-02 -2.585700834033284323e-01 5.585267221025076657e-09 4.555562316818047421e-07 -4.506647134419175028e-05 inf 0.000000000000000000e+00 -9.000000000000000000e+01
3.893583752621970540e+00 7.063581144137203172e-01 3.693305384815641634e-01 5.750547735744618282e-07 -8.527982113043696799e+00 9.935098097023069416e-08 -1.640384816962122023e-03 2.382631146868565750e+10 inf 0.000000000000000000e+00 -2.000000000000000000e+01
3.595082744779464767e-01 5.035913572453725173e-01 0.000000000000000000e+00 1.213995973516276053e-07 -4.308503834210409278e-01 8.037720593885234595e-08 1.229837953939908751e-09 3.659430529316373359e+00 inf 0.000000000000000000e+00 -3.000000000000000000e+01
9.340810071492207101e-01 4.279741456628242957e-02 2.361539388375379356e-01 -2.194739208527304170e-03 -3.150651012241344683e-05 0.000000000000000000e+00 -2.283954071373934140e-06 3.456071263428006045e-06 inf 0.000000000000000000e+00 -9.000000000000000000e+01
8.009377127801949048e-02 5.933094785760742344e-06 1.998921471212110335e-01 1.199610658982764509e-08 -6.530722888823128347e-01 4.491603446966759273e-07 -9.775547468804430817e-01 -4.586566389425048018e-01 inf 0.000000000000000000e+00 -8.000000000000000000e+01
3.349112676511375574e-03 1.685653198620974957e-01 -1.042837480111326494e-02 2.314188573790889635e-09 -9.343823821797485607e-01 -1.524982693271771401e-04 -1.625756892070991111e-02 -5.160708555422718197e-03 inf 0.000000000000000000e+00 -9.000000000000000000e+01
6.971360247350155982e-06 1.244775456449510008e-02 1.392580290175955859e+00 3.190553888947439823e-07 -4.662843914553125302e-01 2.305673708809673599e-09 5.902524694552764414e-07 3.726566942290609748e-04 inf 0.000000000000000000e+00 -9.000000000000000000e+01
9.292608777336534009e-01 0.000000000000000000e+00 -6.732400236641774560e-01 1.549332549428376199e-02 -1.073526597090262852e-01 -9.524585344846574816e-04 -2.914423901092376338e-06 1.005118908569053726e+00 inf 0.000000000000000000e+00 -1.000000000000000000e+01
2.365095230477077311e-03 1.336295500009410944e+02 1.948882989352744346e+02 4.102911556532093584e+01 -7.461458082408624293e+00 -6.927224806818507830e+00 1.444224867899296805e+04 1.111405435311400652e+09 inf 0.000000000000000000e+00 -2.000000000000000000e+01
3.275601546894485033e-09 1.127456346987567609e-13 3.261757431750079510e-12 2.277499016337022564e+00 -1.657098630921262243e-12 5.161085572758030632e-18 -6.325554504901178985e-14 -3.287731535092743615e-15 inf 0.000000000000000000e+00 -2.000000000000000000e+01
7.508642133684582110e-01 8.648145594798253383e-08 2.302344451235521783e-02 1.445272470844551238e+00 -2.533461020669892094e-01 0.000000000000000000e+00 8.123410106981579736e-10 -4.465754323517175453e-03 inf 0.000000000000000000e+00 -8.000000000000000000e+01
2.313354110931919561e+00 2.151898692331026708e-08 2.384530809957603836e-06 6.638375246557872664e-07 6.947854318947849217e-02 1.268362190312598003e-01 5.993110913494524539e+02 1.790668696016465819e-08 inf 0.000000000000000000e+00 -2.000000000000000000e+01
6.775966469571956697e-05 1.981311750378372629e-05 7.036661603567362366e-02 2.752143780489325203e-02 -1.004256652550937767e+00 -1.201955889655520389e-04 9.090988582740644925e-07 2.017226767001545476e-05 inf 0.000000000000000000e+00 -9.000000000000000000e+01
2.093688402607493777e-10 1.227591618197187984e+00 3.717671053794690821e-10 3.222980953894591020e-11 -5.746400150354697224e-12 0.000000000000000000e+00 0.000000000000000000e+00 5.747183659523023279e-06 inf 0.000000000000000000e+00 -9.000000000000000000e+01
8.178094932976688602e-02 4.238241973036751260e-08 3.637763236293272140e-01 4.751637263585017461e-09 -7.880293156705828750e-01 8.438252381883737320e-09 0.000000000000000000e+00 -1.872944094454269015e+00 inf 0.000000000000000000e+00 -9.000000000000000000e+01
1.310213215891694553e-07 8.379480115333718402e-05 1.796409894388397224e-03 5.001796417158469635e-07 -8.696280954570514421e-01 2.567098455276920440e-06 -1.234062042333731624e+00 2.585022539849467227e-02 inf 0.000000000000000000e+00 -9.000000000000000000e+01
8.236506085988748449e-01 -1.736218044262400895e+00 4.329145444203011325e-07 2.470951825796624313e+00 -6.013585409372467216e-01 -7.197985332382079385e-05 2.887462605493410855e-10 0.000000000000000000e+00 inf 0.000000000000000000e+00 -2.000000000000000000e+01
8.935655602636322819e-04 1.399061392157207706e+00 2.142117575184898648e-02 1.820678322714046721e-09 -6.909427076222816877e-02 -5.946938029058303698e-05 5.387010940783890645e-01 5.081612085376968657e-08 inf 0.000000000000000000e+00 -1.000000000000000000e+01
5.032566161121020815e-02 1.015760350258772871e+00 6.224021754036598505e-03 1.269700437823466088e-01 -2.617645720554820921e-01 8.571367101273258404e-02 -1.216351679931723800e-01 9.301013757785924862e-10 inf 0.000000000000000000e+00 -8.000000000000000000e+01
6.550875682294228508e-02 8.270007219728667813e-01 1.316446747932140246e-04 8.291349557946898993e-07 -4.316762010297930940e-01 -1.654803145223687695e-05 -4.614959386009300770e-04 -3.575102814619960588e-07 inf 0.000000000000000000e+00 -8.000000000000000000e+01
5.945790498934107049e-01 3.366953512399766934e-03 2.153187554843307566e-02 3.865761440162695378e-02 -4.083574235285840626e-01 8.423066814030569824e-07 -9.070019234987738121e-08 -9.949555465777878416e-01 inf 0.000000000000000000e+00 -8.000000000000000000e+01
2.674156159499314206e-02 0.000000000000000000e+00 1.507912521783691062e+00 9.037378905743068807e-08 -1.675404268618350782e-03 8.339148535491138400e-07 -1.522062183015993227e-02 2.347797143977894702e-04 inf 0.000000000000000000e+00 -9.000000000000000000e+01
