1.486285114559506570e-01 6.567434658170427789e-08 2.130341997535292742e-02 2.964829160814015738e-03 -8.580819394723551152e-01 3.942232584828021478e-09 1.971116292414010739e-09 -1.137937040834622248e-03 2.649896100438307985e+04 0.000000000000000000e+00 0.000000000000000000e+00
7.641817026967957505e-01 9.503905353159516900e-02 1.687970976210010909e-01 1.013749904337015062e+00 -1.934637222017204505e-01 2.376377813299330971e-06 5.661886191430374574e-08 3.710573734415810281e-03 3.140293624269583233e+04 1.000000000000000000e+00 0.000000000000000000e+00
2.069095302599349151e-01 1.700623942930540016e-07 3.894974067521647068e-04 5.091063441922083488e-01 -3.716204063221199561e-01 -1.568156439864770046e+00 4.105520679368182435e+00 -2.497888079124872263e-01 inf 0.000000000000000000e+00 -3.000000000000000000e+01
1.746217998373394420e-01 2.688092145467397068e-02 2.214029383379154461e-02 4.721092067499667316e-05 -2.010859628198479257e-02 -1.080237959852944574e+00 1.575347024785544170e-01 -5.901299965863309183e-01 inf 0.000000000000000000e+00 -8.000000000000000000e+01
1.603888402345066697e-03 4.805576693577274215e-05 4.114860935404679454e-01 1.487336859007626876e-04 -7.729558100882564411e-07 -1.981724151791214583e-01 -8.870998899703594898e-01 -1.456233253113993764e-01 inf 0.000000000000000000e+00 -9.000000000000000000e+01
5.774250759931910281e-10 2.098479999237828630e-01 4.401357400998822111e-01 2.289250908259449491e-01 -5.575684352682694920e-04 -1.085861200904314657e-02 -9.538545451081038573e-01 3.570141297404617609e-01 inf 0.000000000000000000e+00 -9.000000000000000000e+01
4.086456644676217387e-01 2.119468185111918757e-01 3.697633344529786537e-01 9.577632760959884500e-03 0.000000000000000000e+00 -5.031830943071461393e-01 -9.911182160595304047e-02 -2.025121354929328881e-04 inf 0.000000000000000000e+00 -9.000000000000000000e+01
-5.501798630359414233e+01 1.613448811824502371e+01 1.899891300669595657e-08 1.226700186193198094e-01 -2.626056008828942662e-02 -1.056459313896701102e-04 -9.678374697366806112e-01 4.543620217206932210e+00 inf 0.000000000000000000e+00 -2.000000000000000000e+01
7.159315475881740676e-06 2.005540625180150527e-01 2.067519971069020635e-02 5.492572630077095677e-05 7.498790115461700690e-10 -9.975899493516025007e-01 -1.061475796108649336e-06 -1.320992625810541998e-01 inf 0.000000000000000000e+00 -9.000000000000000000e+01
6.518151934193971542e+00 4.429000673234365637e-01 2.062102847188179566e-07 2.139290891222636937e+00 1.637894588592331502e+01 2.271301686757995111e-06 -2.399259651258298098e-03 -1.995139454216424135e-01 inf 0.000000000000000000e+00 -2.000000000000000000e+01
4.748107240421629155e-02 1.171109086691959345e+00 -1.175462652069996367e-01 7.323573775663389221e-11 -9.550634048068720738e-02 -8.247965657609204401e-03 -1.755881348759072988e-03 -6.700409214635106615e-03 inf 0.000000000000000000e+00 -8.000000000000000000e+01
1.901791646389961732e-01 5.678623394271816588e-02 -5.727748958539179114e+01 5.073461052680005522e-10 -3.562819388697306688e-02 -4.134329666065134079e-02 3.083723539159170524e-01 -1.298082236799368339e+01 inf 0.000000000000000000e+00 -2.000000000000000000e+01
-3.890384826513422212e+01 0.000000000000000000e+00 1.339613643091886130e+00 1.761683695024946150e+00 0.000000000000000000e+00 -8.032846609914801058e-06 6.003459043714975268e-03 -5.677300970295236227e-02 inf 0.000000000000000000e+00 -2.000000000000000000e+01
2.856119810741792331e-01 5.090114514193293943e-02 9.499779692287831307e-04 8.012217290859814656e-02 -3.289722158247147532e-01 -5.693387345505092068e-01 -2.545057257096646763e-01 -9.021108622521390678e-05 inf 0.000000000000000000e+00 -9.000000000000000000e+01
7.051511971351539498e-06 5.391492033135768525e-01 0.000000000000000000e+00 1.024819739836423652e-04 -1.765071796562305353e-02 -1.129645949799875426e+00 5.062867756830350174e+00 -4.487775273295868672e+00 inf 0.000000000000000000e+00 -3.000000000000000000e+01
6.792739505002479694e-01 1.194036241113717242e-02 8.251606492814583118e-08 9.598436257068722055e-01 -1.162887469606402741e-01 1.116164312345431335e-02 -9.561519194541534539e-01 -1.874694581458734776e-03 inf 0.000000000000000000e+00 -8.000000000000000000e+01
1.112723303861456537e-03 4.989259706942024492e-07 5.458838682912546536e-02 1.418743860736661755e-01 0.000000000000000000e+00 -3.052412175962361009e-04 -3.170005813833478570e-01 -1.760129102226420938e+00 inf 0.000000000000000000e+00 -9.000000000000000000e+01
9.792479044485837003e-02 2.760361338594519154e-01 3.255847206187331266e-08 1.039177211049559748e-09 3.262799193104457220e-06 -1.671768134641750947e-01 -1.207658085635101991e-01 -1.998346095827581381e+00 inf 0.000000000000000000e+00 -9.000000000000000000e+01
0.000000000000000000e+00 0.000000000000000000e+00 2.620684983512961229e-08 1.851275706793827025e+00 -5.801750930949892989e-05 -5.128834740576648094e-02 -2.732411740315888737e-01 -6.901258785279722500e-04 inf 0.000000000000000000e+00 -9.000000000000000000e+01
1.710022527871215073e-02 4.842961848999259300e-01 2.500119704523208128e-02 6.732518195414870753e-03 -4.676781785553206228e-01 -2.872541096710344855e-01 -4.273201631469934758e-02 -9.757143725189684202e-01 inf 0.000000000000000000e+00 -9.000000000000000000e+01
2.537374257717466711e-06 -9.296913148238465929e-01 1.964095375496099385e-08 0.000000000000000000e+00 -1.112418472918336176e-01 -2.232422703249721660e-04 -2.116271019270071996e+00 -8.959555999664435067e-05 inf 0.000000000000000000e+00 -3.000000000000000000e+01
4.271366218975027051e-02 5.660001303667500355e-10 6.283781712747154025e-01 1.231780316923377008e-05 1.513480076901592598e-06 -6.407548645661321312e-09 -8.967002371109988879e-01 5.916303249493953166e-10 inf 0.000000000000000000e+00 -9.000000000000000000e+01
6.532264392065461056e-01 1.114989956576690894e-01 6.851369261792797372e-02 4.495624488217465908e-02 -1.220106854839813210e-01 -3.168523647645545838e-01 -1.411569776676214749e-01 -4.084542332509897844e-01 inf 0.000000000000000000e+00 -9.000000000000000000e+01
7.804688232689073191e-01 5.036679351347053690e-02 6.834874901999898889e-01 2.453396818707734017e-01 -2.799758722525296228e-01 2.805531420922255936e-01 -1.082380949429882604e-02 -3.824412687985585119e-02 inf 0.000000000000000000e+00 -9.000000000000000000e+01
1.095837309160252460e+01 5.388651967389632935e-07 -2.055191450381580293e+08 7.874373807251528490e+01 1.054007633587735472e+04 5.613529045162949413e-05 -1.280959553390907126e-04 -1.268040314885435116e+01 inf 0.000000000000000000e+00 -2.000000000000000000e+01
-7.200396592067334254e-05 1.227638817361112356e+00 5.122657640154106232e-09 2.791392987427299209e-16 5.244094230412357043e-18 -4.573310976330609454e-09 7.014058203698405348e-07 -8.297332010390092577e-06 inf 0.000000000000000000e+00 -9.000000000000000000e+01
1.073334015959245428e-09 1.130874556106250539e-01 4.792636164496201457e-04 1.244682313981911426e+00 -3.109304777404658937e-02 -5.717399228721887529e-03 -7.952137005995545405e-01 -4.958080590996618436e-02 inf 0.000000000000000000e+00 -9.000000000000000000e+01
-1.277752956911864801e-01 5.058174322607117129e-08 4.565555966324233959e-03 1.597191196139831001e-02 -1.118636550956802367e+00 -3.007314551804595265e-07 -3.269118885985827783e-01 0.000000000000000000e+00 inf 0.000000000000000000e+00 -9.000000000000000000e+01
2.439073170230864063e-04 3.917821060888477813e-01 2.912130386776480215e-02 7.527813324135718132e-01 -7.766636062844300446e-10 -5.978120515271725179e-06 6.111664955493249261e-10 -1.371237371310967346e+00 inf 0.000000000000000000e+00 -9.000000000000000000e+01
1.465638116814396909e-07 9.883279328336816993e-01 1.012526683766465097e-01 2.545837701251084822e-06 -2.649126417904713593e-01 4.159431378649283360e-10 -2.104040929685375248e-05 -2.114405663329145329e-04 inf 0.000000000000000000e+00 -9.000000000000000000e+01
3.251853101403034962e-01 3.942464044343144819e-02 3.632504802236166119e-01 3.349734967331554625e-01 -9.744683541328158505e-01 1.135429644770825641e+00 -1.716331329649386367e-02 -6.484673617764413756e-02 inf 0.000000000000000000e+00 -1.000000000000000000e+01
1.562523043272971701e-02 7.165774339768422596e-01 6.986130971919074506e-01 1.484784305598907017e-06 -1.546929000924938125e-01 0.000000000000000000e+00 0.000000000000000000e+00 -4.678212704410094486e-02 inf 0.000000000000000000e+00 -9.000000000000000000e+01
1.452543213627666847e-05 2.278349748850740358e-03 6.415954811144894063e-03 0.000000000000000000e+00 -1.006558155264840826e+00 -1.589463270649946747e-05 -5.452990097061241267e-05 -1.680187691042101233e-03 inf 0.000000000000000000e+00 -9.000000000000000000e+01
1.930241794740084610e-07 3.646012278953493210e-07 3.018916816652668453e-08 1.158669655019919781e-01 -6.665803299317547142e-10 -3.399314322810287033e-04 -2.532450975950710781e-01 -1.908627144809184273e+00 inf 0.000000000000000000e+00 -9.000000000000000000e+01
9.710576716955794164e-08 4.310307012118133113e-07 9.766674520474613042e-01 2.409808426085356422e-06 -6.675625935537168876e-02 -9.983067390135676413e-08 -5.382061065538137345e-01 5.012434968294703723e-10 inf 0.000000000000000000e+00 -9.000000000000000000e+01
1.005700836874393565e-02 1.889128015770137614e-02 1.100499770329958297e-09 4.737250666983264076e-10 4.773691056729289240e-10 -1.799715403373249858e-03 -1.400767025803410615e+00 -2.582419656509081229e-01 inf 0.000000000000000000e+00 -9.000000000000000000e+01
5.694772227985346325e-01 2.683033025038701424e-09 1.376794932765869062e+00 0.000000000000000000e+00 -9.200681807909458879e-07 -1.067023515222833167e-06 -7.053856052730585141e-06 -1.030476362485859476e-03 inf 0.000000000000000000e+00 -9.000000000000000000e+01
5.535425338784217830e-01 1.414608697689300199e-01 5.293070290585494367e-06 0.000000000000000000e+00 -3.591875997611092552e-01 -8.672166364095273972e-02 -3.642232992012532037e-03 -3.510163732294167722e-09 inf 0.000000000000000000e+00 -9.000000000000000000e+01
1.349114017207286187e+00 -1.459697133371817834e-01 1.945742123828515143e-07 5.872028263131258335e-06 5.451747626911410682e-01 -5.750322040555645442e-01 1.239740403875804137e-03 -3.627126210196638390e-01 inf 0.000000000000000000e+00 -9.000000000000000000e+01
4.676985569829597900e+00 3.967664351136604983e-01 6.688348477630277067e-01 1.532004275989889086e+00 1.171189738262037849e+01 1.630920703965889621e-06 -1.255314723658593839e-05 -2.068853554521229710e-01 inf 0.000000000000000000e+00 -2.000000000000000000e+01
1.385648155858053906e-06 8.977694203530585114e-07 3.654556327295783581e-07 5.107889887260910339e-15 -2.244423550882646345e-08 1.709389249864156682e-07 -1.540439128990028772e+00 0.000000000000000000e+00 inf 0.000000000000000000e+00 -9.000000000000000000e+01
1.777219408341036005e-02 8.596374045801523607e+03 0.000000000000000000e+00 9.937140777820846482e-02 -4.806029341603051819e+01 3.849314491603052521e+10 -9.455510496183202918e+01 -6.873443836474234514e-01 inf 0.000000000000000000e+00 -2.000000000000000000e+01
1.509837087067341548e-04 0.000000000000000000e+00 3.162958866244768852e-01 1.734906542305899302e-01 -9.890147499675806531e-01 0.000000000000000000e+00 0.000000000000000000e+00 1.072775132403282972e-08 inf 0.000000000000000000e+00 -9.000000000000000000e+01
6.543536321624308927e-02 5.127447948431765878e-01 1.028162320167080747e-05 4.817206727157318500e-05 -6.899236244748502278e-01 0.000000000000000000e+00 -1.656856953231796185e-03 -5.488994059856128419e-06 inf 0.000000000000000000e+00 -9.000000000000000000e+01
3.688893553850597362e-01 1.012208527714260953e+00 3.223742471462259567e-04 2.469998467404253793e-05 -3.741094877725841678e-02 1.548312489465029345e-09 -1.561068161602543747e-01 4.231787322153137687e+00 inf 0.000000000000000000e+00 -3.000000000000000000e+01
6.698483422466949833e-02 2.002493991558541020e-01 4.558384072443586328e-05 2.337559183385519379e+00 -1.410207036308831589e-02 -6.642075141014597284e-02 1.906599913089540299e-01 -1.022400101323902959e-02 inf 0.000000000000000000e+00 -2.000000000000000000e+01
1.219487623433591401e-04 1.870625448777940292e-01 6.018097958534928127e-01 3.009048979267464272e-03 -4.902323410907031019e-09 5.337554074704630611e-07 6.121925820449755971e-08 -1.532608946773561742e+00 inf 0.000000000000000000e+00 -9.000000000000000000e+01
3.793957746831049249e-01 1.278430688108098551e-08 1.563110591694392426e-01 -4.952399272393394748e-05 6.708745945850280716e-10 0.000000000000000000e+00 4.899645915508632564e-10 -2.104381896908955607e+00 inf 0.000000000000000000e+00 -3.000000000000000000e+01
2.723632534264170402e-01 5.539045421488190957e-02 4.692057245931064435e-01 4.757251045420871072e-01 -2.086647779243240020e-01 -5.007329875949424469e-01 -1.113169072888307576e-01 -1.321941805902096534e-01 inf 0.000000000000000000e+00 -9.000000000000000000e+01
9.891581554293251907e-03 -7.513586294422919920e+00 6.566829067686028032e-02 2.131621061395637007e+00 -3.155857422456306849e-01 -2.072520476372514673e-08 0.000000000000000000e+00 -9.203009369677972451e-01 inf 0.000000000000000000e+00 -2.000000000000000000e+01
7.451614255107396056e-01 1.275414146117974499e-06 1.157129769663484939e-08 5.686758247318802750e-01 -2.608064989287589008e-01 0.000000000000000000e+00 0.000000000000000000e+00 -3.333616903600677417e-01 inf 0.000000000000000000e+00 -9.000000000000000000e+01
1.187371596293375908e-01 1.469536175528554654e-09 3.284009481442642930e-02 1.098220107668026024e+00 -5.806681029049333143e-01 -7.569000831853538516e-03 -8.646905445432159221e-01 -7.149870492630378341e-03 inf 0.000000000000000000e+00 -9.000000000000000000e+01
0.000000000000000000e+00 1.356498268935575764e-08 2.856589823096314030e-09 1.099863461299115515e-08 -5.279344614235754342e-08 0.000000000000000000e+00 -6.130379345951274539e-01 -1.627933511934887001e+00 inf 0.000000000000000000e+00 -9.000000000000000000e+01
5.950786356517193676e-01 7.911093740535633800e-02 1.295364543904847787e+00 9.581846745905452757e-06 -4.078496919976219653e-09 3.934585992619700935e-10 -5.251830268125534257e-08 6.430062711674219866e-10 inf 0.000000000000000000e+00 -9.000000000000000000e+01
4.499908485393978586e-01 6.564299491579875800e-01 4.061251932765040132e-09 1.174267356046753384e-02 1.717823157944021187e-08 -1.274541829963496633e-09 -4.929023469825878911e-01 -1.365629443698817003e-01 inf 0.000000000000000000e+00 -9.000000000000000000e+01
-1.309761373425306985e+01 4.503134945143803414e+00 1.329655615888988363e-04 4.721898967644797690e-02 -1.324207270926321400e-01 -5.446269402681296334e-01 -8.717351940267319133e-02 -4.086258722000305627e-03 inf 0.000000000000000000e+00 -2.000000000000000000e+01
1.457992106728026385e-02 -3.665366183985231601e+02 2.927262369914860579e-07 8.783369452677340927e-01 -6.920917349378446382e+00 -9.019481534738560402e-02 -1.027559781130424454e+01 4.557529852778470314e+01 inf 0.000000000000000000e+00 -2.000000000000000000e+01
3.085819519287820792e-02 4.640783261428949036e-02 1.107037752544505649e+00 7.232389498330830113e-01 -9.619078032780004062e-02 -8.076168273136093492e-03 -1.906035982372604205e-03 -8.076168273136093145e-02 inf 0.000000000000000000e+00 -9.000000000000000000e+01
7.812091540912125332e-10 1.432632896057383642e-01 2.652798590836933355e-05 7.392352761090179945e-08 9.900472447888633265e-10 -5.425458901442971625e-07 -1.434017082430385948e+00 6.834420216698870731e-02 inf 0.000000000000000000e+00 -9.000000000000000000e+01
3.812862656285652130e-01 9.293852724696276546e-01 -4.747460826918170618e-02 4.929912262619339236e-01 -3.400087350414611269e-08 3.689716201086351789e-10 -3.564876179245084306e-10 -2.829707161735397945e-09 inf 0.000000000000000000e+00 -9.000000000000000000e+01
0.000000000000000000e+00 1.990351136309888959e+07 -2.468856172379441738e+09 1.001331293318789452e+07 8.438473245437544538e+05 7.919136769751008997e-02 -1.140861063699276559e+07 1.718473274906734005e+06 inf 0.000000000000000000e+00 -2.000000000000000000e+01
-5.811004580153131485e+07 0.000000000000000000e+00 4.461383934040686143e-08 1.134974355916120281e+00 -8.077886450382318628e+01 -2.120002990460745682e-05 -8.145588954897062077e-04 1.502862595419966283e+02 inf 0.000000000000000000e+00 -2.000000000000000000e+01
1.362276775683237962e-01 1.987263970261927692e-01 1.068093350110065526e-04 7.462348629117199683e-05 -4.931539582222474460e-01 -4.619045984933129456e-01 -7.446136497910171848e-02 -3.456044911427569397e-03 inf 0.000000000000000000e+00 -9.000000000000000000e+01
1.280068402771049109e-08 2.077056855232553012e-01 8.602150560821611447e-02 3.472212025917060241e-01 -3.815164454156749729e-06 -9.217429666994273463e-01 -1.347147724502245625e-02 -5.075072882124823104e-02 inf 0.000000000000000000e+00 -9.000000000000000000e+01
2.649540738104537094e-02 -6.661919959314568842e-05 9.935777767892013668e-04 1.149961589319854260e+00 0.000000000000000000e+00 1.030579983648937104e-01 -3.008903734766991273e-02 -1.103183490771249886e+00 inf 0.000000000000000000e+00 -1.000000000000000000e+01
5.103010647924303977e-02 3.347792807332934651e-05 5.053009517928711925e-05 9.835411583988183659e-02 -3.728903870103346119e-01 1.013385930868347792e-03 -1.992319524114454542e-06 -2.066291685818735235e+00 inf 0.000000000000000000e+00 -3.000000000000000000e+01
1.248486386174238010e-07 1.166775307833825084e-09 7.361358409046214900e-09 1.454372506565451806e+00 -7.350904516879730011e+00 4.350470802247960478e+02 -7.271862532827259029e-01 -7.385485384902684691e-02 inf 0.000000000000000000e+00 -3.000000000000000000e+01
1.065552059101369797e-01 3.827988630551837912e-01 1.216332674703096868e-04 1.217671756546806656e-02 -5.781976856893223937e-01 -2.645311546187315010e-01 1.394073471424848443e-01 -3.091047255896860863e-04 inf 0.000000000000000000e+00 -9.000000000000000000e+01
4.312443554101074028e+01 8.475383449832434302e-01 4.894073323612478481e-03 4.400553324592732657e-03 -1.055584442347789510e-02 6.462915406412810262e+04 -1.544169241377337798e-01 -1.458625774880581948e-02 inf 0.000000000000000000e+00 -2.000000000000000000e+01
2.464409811542904102e-02 1.114979715962102991e-04 1.861155519728407858e-06 4.074854830794833252e-03 -1.199517112459229606e-05 -2.355227098373281758e-02 -1.058136465918168456e+00 -9.608078758926764662e-01 inf 0.000000000000000000e+00 -9.000000000000000000e+01
1.010118724296591719e-01 -1.493620674645874946e-02 7.575890432224437199e-02 5.119885302265499323e-03 3.689561376913563078e-09 -8.295754004798610096e-03 -5.273866815115589059e-03 -2.187769334574081626e+00 inf 0.000000000000000000e+00 -3.000000000000000000e+01
3.847935492535388551e-11 0.000000000000000000e+00 3.647221284250719980e-02 -3.434980885269024666e-04 5.955871223106791240e-04 -1.731773107438125707e-04 -1.503496132414933406e+00 -2.485183675828733004e-04 inf 0.000000000000000000e+00 -1.000000000000000000e+01
3.095027827697378584e-06 2.842328231251039767e-11 0.000000000000000000e+00 2.275194585597184460e+00 -3.876953037957465986e-02 4.733632176951182446e-08 3.718842912454142165e-13 -1.429542588606721315e-03 inf 0.000000000000000000e+00 -2.000000000000000000e+01
-1.909250231768539345e-15 2.753677804599850309e-11 0.000000000000000000e+00 4.056561589692757118e-15 -1.637541203233996073e-09 -1.227591138907799584e+00 -2.730275443654242383e-13 -2.315144451863971107e-16 inf 0.000000000000000000e+00 -9.000000000000000000e+01
1.335551720539162490e+00 -1.835568307786315002e+11 6.205114386691579515e-07 1.301306804627901936e+00 -1.203922825005254715e-03 7.374045801526939613e+04 1.968750000000059345e+03 5.807937738549793494e+01 inf 0.000000000000000000e+00 -2.000000000000000000e+01
6.397150554805438922e-10 -1.884241162965075270e-07 1.540483219979587703e+00 1.755435614715509668e-07 2.272513048760380902e-14 -8.797878965260513981e-10 -1.897581737605209011e-09 1.036332639630791391e-04 inf 0.000000000000000000e+00 -9.000000000000000000e+01
1.716999038016653237e-06 0.000000000000000000e+00 5.085275673948645367e-03 0.000000000000000000e+00 3.571357999074638869e-06 -1.196576185815592774e+00 -1.373599230413322674e-06 -1.623825900311090809e-01 inf 0.000000000000000000e+00 -9.000000000000000000e+01
1.362525251114366301e-02 2.023894257302661925e-01 4.552260673695601723e-01 8.773836844297055364e-04 -2.899588860842556345e-03 -2.664994292813223278e-03 -5.116789042201388416e-01 -9.104521347391203445e-01 inf 0.000000000000000000e+00 -9.000000000000000000e+01
0.000000000000000000e+00 1.077060916649505125e-03 2.229286935567316164e-01 1.182695384764133983e+01 -2.049379568837322196e+00 1.449771781704521572e+03 -2.410974126365248425e-04 -1.407970696147778644e-01 inf 0.000000000000000000e+00 -2.000000000000000000e+01
-5.577766688249371496e-01 4.953937519168848808e-03 1.086330252453366192e-09 1.578459729235931390e-09 -6.287219468772317632e-02 -1.155918754472731562e-02 -1.612659561795607654e+00 -8.212365076264910695e-06 inf 0.000000000000000000e+00 -1.000000000000000000e+01
2.146950049076933875e-01 3.517468847528785192e-01 6.070280686705193940e-01 -2.370468136378094393e-01 -5.352669985369890027e-01 3.293936399741958438e-06 5.995502765742855727e-06 -7.270219892216686075e-01 inf 0.000000000000000000e+00 -8.000000000000000000e+01
6.772527981963570587e-02 3.821131577192077994e-02 1.106417202948153822e+00 3.996125680147090886e-05 -7.806229621315905441e-03 -3.604410681769243396e-01 1.796167988637542576e-05 -1.437201727540901031e-01 inf 0.000000000000000000e+00 -9.000000000000000000e+01
-9.217635834786293572e+02 0.000000000000000000e+00 4.312400600464329646e-07 3.929502981383940607e+00 -5.518168993600108507e+01 -8.090666659422196582e-04 -2.190450210082752446e-03 2.883884162303235410e+00 inf 0.000000000000000000e+00 -2.000000000000000000e+01
4.172289641116087161e-02 8.878178229531374921e-01 3.299514767209150989e-02 4.712008656128659230e-06 2.429578185575082261e-01 -4.155259887478878755e-01 -5.719158929829194771e-02 -1.557734626320180361e-04 inf 0.000000000000000000e+00 -1.000000000000000000e+01
3.079906564686536048e-09 1.037781287424194288e+00 3.782824809443605194e-03 1.245915696044088472e+00 -2.131367709798449080e-04 -1.458928254866011243e-02 -3.306301803597276601e-02 0.000000000000000000e+00 inf 0.000000000000000000e+00 -9.000000000000000000e+01
6.882568890376543624e-01 4.478423574642756595e-03 0.000000000000000000e+00 6.599113166455504844e-07 -2.550817311123382281e-01 -2.492844190416032470e-03 -9.535418893944861418e-01 -1.363527799036862442e-01 inf 0.000000000000000000e+00 -8.000000000000000000e+01
1.767426180707225823e-05 7.932123521848695593e-06 1.046657007640018969e-02 1.290966412112958758e-06 -1.558254131459370237e-07 0.000000000000000000e+00 -3.521321613796085699e-08 -2.163091149122705836e+00 inf 0.000000000000000000e+00 -3.000000000000000000e+01
0.000000000000000000e+00 0.000000000000000000e+00 4.729623423507986728e-10 3.593940710048725284e-01 -7.266010565968074708e+00 4.210223412676210728e+02 -2.000106134287986226e+00 -3.273611211979165159e+00 inf 0.000000000000000000e+00 -3.000000000000000000e+01
6.194918935527131687e-01 6.909078491097283559e-01 2.510717187551315174e-03 8.393385946755850806e-05 -4.969533244610613819e-03 -3.799264185756933694e-11 0.000000000000000000e+00 1.934128065991565638e-04 inf 0.000000000000000000e+00 -9.000000000000000000e+01
2.551735448473635515e+01 4.806029341603718308e+01 3.965674608036400527e-08 1.048750549782468539e-01 -3.573548702793761297e-03 5.930015267176392488e+06 -1.613072519084192663e+03 2.617485687023262813e+02 inf 0.000000000000000000e+00 -2.000000000000000000e+01
5.850787300644605437e-04 9.057412733808666294e-01 5.832934519529422751e-06 2.682930720705016814e-01 -3.014041942756311892e-04 -2.807999671595025504e+00 9.973240212906469893e+00 9.834050574012750956e-03 inf 0.000000000000000000e+00 -3.000000000000000000e+01
1.718230333058739845e+00 2.849366019286475193e+01 -1.715380967039453481e+03 1.268516835428709579e-08 0.000000000000000000e+00 -6.956460008023621078e-03 5.244712178356973453e+00 -1.306285589198984964e-01 inf 0.000000000000000000e+00 -2.000000000000000000e+01
2.906014617731036427e-09 1.593970704501725181e-09 3.469868200275864297e-10 1.129365728778653155e+00 7.518047767264372989e-10 0.000000000000000000e+00 -1.640958503047127641e-09 -1.137127692550327751e+00 inf 0.000000000000000000e+00 -9.000000000000000000e+01
5.720081919462821629e-01 6.391025921944544219e-01 1.684467463857714647e-02 7.789773588135254223e-02 -1.847938989886100530e-02 -6.922663754419468296e-02 7.278036637089872751e-02 0.000000000000000000e+00 inf 0.000000000000000000e+00 -9.000000000000000000e+01
2.439646946564886093e+03 4.187977099236642061e+03 1.542137404580152943e+05 3.746979317151522590e-08 -7.694656488549620008e+03 4.228572824427481890e+08 -8.585689632037215580e-01 -2.751823600011928193e-03 inf 0.000000000000000000e+00 -2.000000000000000000e+01
8.508879615303499566e-01 1.111834080715035367e-01 2.772181815585891278e-08 8.305266627027975065e-03 -1.127908790315734766e-01 -1.707937895074301479e-02 9.751990491090913038e-02 -9.157142513419201852e-05 inf 0.000000000000000000e+00 -1.000000000000000000e+01
-9.445137679043662596e-03 2.410891235302111638e-03 1.597339460426501750e-03 2.275722584315461372e+00 -6.845740544685007499e-04 -5.890809345516990532e-05 3.058037334998026572e-08 -3.451646100888861507e-07 inf 0.000000000000000000e+00 -2.000000000000000000e+01
7.534781755268120275e-07 4.712100429389313661e+01 3.849037119564210326e-08 0.000000000000000000e+00 6.825500954198474801e+01 -1.198100281580714181e-05 8.829317748091604301e+01 -3.118733413346851807e-02 inf 0.000000000000000000e+00 -2.000000000000000000e+01
3.810944468122244312e-10 1.227591139309286650e+00 3.359814452442210432e-11 5.725880968246583803e-11 -5.094929897365417959e-11 -1.735115444923207268e-10 -4.845704224367356581e-10 -3.273058680196050444e-11 inf 0.000000000000000000e+00 -9.000000000000000000e+01
1.700758823311370274e-06 7.844414208386319559e-03 8.689591298935405437e-05 2.216729985255437296e-01 -9.965918468923037343e-01 -1.412775096236740073e-02 -4.417849195966822712e-02 1.493411847543958575e-09 inf 0.000000000000000000e+00 -9.000000000000000000e+01
1.681807006698753571e-08 9.224836939728238267e-09 1.343981345527299971e-09 1.470462750956672282e-01 0.000000000000000000e+00 -7.061915988327104133e-08 -5.278224289830154570e-01 -1.544161361386481524e+00 inf 0.000000000000000000e+00 -9.000000000000000000e+01
6.647965047917697712e-01 1.134738861627331147e-01 6.953618613339200560e-02 2.145688029258953300e+00 -1.853024740367864021e-01 6.113071308430066512e-03 0.000000000000000000e+00 0.000000000000000000e+00 inf 0.000000000000000000e+00 -2.000000000000000000e+01
2.805101375868355258e-07 1.099182942776071314e+00 1.072791270213082661e-02 3.575970900710275652e-02 -1.607675931699605598e-01 -2.279051876861126497e-03 -1.070272980846385426e-02 -1.186114291714464655e-02 inf 0.000000000000000000e+00 -9.000000000000000000e+01
-2.001049113940959785e+02 6.558671151071023608e+00 8.884710549049788875e-09 8.143804533480650809e-01 1.077000278750669554e-07 -7.990821987712463337e-09 -1.861441036224148693e+00 -7.543926074541227322e-01 inf 0.000000000000000000e+00 -2.000000000000000000e+01
2.640106828079366239e-02 -4.238964626980879012e-04 5.671070850936459351e-01 2.952064278569663802e-01 -7.224788892288914077e+00 4.186337890620053486e+02 -3.157155060028187776e+01 -4.515493057680571298e-01 inf 0.000000000000000000e+00 -3.000000000000000000e+01
3.348052861507301342e-06 2.285819222715828073e-07 8.984076304998869387e-04 1.265398542122016856e+00 0.000000000000000000e+00 9.318655698426413225e-02 -2.737217424419578771e-02 -9.904651541400745218e-01 inf 0.000000000000000000e+00 -1.000000000000000000e+01
1.709234134484818590e-01 0.000000000000000000e+00 1.385451233457272394e-03 0.000000000000000000e+00 1.147873751955384339e-07 -5.252216148350701275e-01 -6.429437009187927154e-01 -1.029313624475626021e+00 inf 0.000000000000000000e+00 -9.000000000000000000e+01
3.356182743656116828e-07 1.915263822079199540e-01 4.970041941128664278e-03 3.457880244146964779e-03 -9.231165559420594358e-01 -2.791683132889292551e-03 -7.106102520081834795e-02 -3.330985556288360277e-03 inf 0.000000000000000000e+00 -9.000000000000000000e+01
5.008937851521261253e-01 6.641685548978468190e-02 1.927830275239692163e-09 7.938619506886495291e-06 -6.198906512379903644e-01 4.068032398749311662e-01 -5.945519290263928149e-03 -2.239839267168520012e-02 inf 0.000000000000000000e+00 -1.000000000000000000e+01
2.360483399458798148e-01 2.861790074594696559e-02 2.644688758590961197e-01 1.760494307957565230e-01 -3.870310185455680507e-09 3.779140264673669992e-10 -4.720966798917596297e-01 -1.253661417505207876e+00 inf 0.000000000000000000e+00 -9.000000000000000000e+01
2.521447096805043132e-08 2.218184814678806368e-10 1.540440373903990467e+00 1.663307538648705012e-08 -1.409043965861641896e-08 -1.178617603023365891e-09 -2.902842455985638220e-08 1.331352318621150255e-08 inf 0.000000000000000000e+00 -9.000000000000000000e+01
1.312008519750070268e-01 7.769550452894947723e-01 1.088257495222991589e-09 9.301935403696787175e-02 -8.276928747642044171e-02 -2.839268437271636469e-01 -8.103958874432807061e-03 -1.225721599882737921e-09 inf 0.000000000000000000e+00 -9.000000000000000000e+01
5.131722898785824327e-01 8.757670480764189403e-07 2.810631127131051760e-02 9.102055878372751208e-01 -3.409894820903738299e-01 -3.193822277796966591e-01 -4.861632219902359275e-02 -2.424063842979093109e-01 inf 0.000000000000000000e+00 -9.000000000000000000e+01
2.807616561968893087e-01 4.095698712262865193e-01 2.201312268568800527e-04 1.542884045380811043e-04 -5.353591437159322952e-01 0.000000000000000000e+00 1.012179361945520277e-09 -7.075646577542573333e-03 inf 0.000000000000000000e+00 -9.000000000000000000e+01
1.777219408341036699e-02 8.596374045801527245e+03 0.000000000000000000e+00 1.009001986671040074e-01 -4.806029341603053950e+01 3.849314491603053284e+10 -3.324091603053435311e+07 3.746979317151521929e-08 inf 0.000000000000000000e+00 -2.000000000000000000e+01
-6.121135324561639975e-05 2.717186900171264475e-04 1.603053416669669957e+02 2.175022875737408176e+07 -3.706259499340276816e+05 3.849314447312598419e+10 3.555110607710342265e-06 -1.362595404169219546e+04 inf 0.000000000000000000e+00 -2.000000000000000000e+01
2.899992824725020624e-01 0.000000000000000000e+00 9.978518710688037080e-09 2.569923383784420867e+00 2.055938707027536694e+01 -2.043600631948909994e-05 -4.410529558607789068e-05 5.806777201732769150e-02 inf 0.000000000000000000e+00 -2.000000000000000000e+01
8.693765295241121516e-01 5.900200823640096293e-02 8.438734983510609507e-11 8.767517805536622494e-03 -1.167998938557325284e-01 3.031619748175845598e-07 -1.687417925287695018e-04 -4.936902729984570665e-02 inf 0.000000000000000000e+00 -9.000000000000000000e+01
1.091234860912983044e-02 7.158966481799178386e-06 1.059705641380668444e-05 2.078832891459928695e-02 -9.968643824384971763e-01 2.167038502598670185e-04 -4.297612415009382034e-07 -5.258045070041608184e-04 inf 0.000000000000000000e+00 -9.000000000000000000e+01
4.121035444341706322e-01 1.414845237696661386e-07 1.384410344583542020e-03 1.167626709230150245e-01 -4.794137900250852180e-01 -2.074254506985325763e-01 -3.626511191020701519e-01 -1.318006941427645406e-04 inf 0.000000000000000000e+00 -9.000000000000000000e+01
3.114590663328427669e-02 4.804878158302808289e-01 8.751742359765829482e-02 8.786062918039421188e-01 6.597268607159408753e-10 -5.930592469676608802e-01 -6.886525593532227256e-07 6.778310259034318885e-02 inf 0.000000000000000000e+00 -9.000000000000000000e+01
4.536826769115600011e-01 7.505229102373579819e-02 5.659803692164016020e-01 1.093732732344030074e-03 -3.556093589653316813e-03 -2.934414643433246113e-07 -7.666189128010518772e-01 -4.744577499879557014e-02 inf 0.000000000000000000e+00 -8.000000000000000000e+01
7.364026717558288055e+02 2.448413645038512243e+02 9.138500417463117032e+00 4.977743134244497769e-01 -3.573548702793769537e-03 5.930015267176406458e+06 -1.613072519084196301e+03 2.661319179389687406e+02 inf 0.000000000000000000e+00 -2.000000000000000000e+01
-1.908386569624311413e+00 2.128388238508615249e+00 8.014232305832659151e-03 6.635849302483790248e-07 3.421537582939029876e-02 -4.252939238606458228e-02 -8.054203539278208257e-03 -2.139085539859480499e-05 inf 0.000000000000000000e+00 -2.000000000000000000e+01
1.164924988415303869e-01 6.690851215513540229e-01 5.466186484102579513e-02 3.512696888144608565e-01 -5.006190463036023219e-01 0.000000000000000000e+00 -2.949649810410545029e-03 -2.982611680325140599e-05 inf 0.000000000000000000e+00 -8.000000000000000000e+01
2.628188894102367543e-02 9.304130748752850177e-01 1.806095968875553182e-01 5.929102928126816358e-02 -7.432534939386736814e-06 -6.570472235255918857e-03 -3.500451151797947386e-02 -1.112847011125340790e+00 inf 0.000000000000000000e+00 -9.000000000000000000e+01
1.433231616138927744e-01 4.261304715841633672e-02 7.637077040283143381e-01 3.404886559952674634e-08 -1.414036549851352756e-02 -7.780400201897036405e-01 3.419281141360013265e-01 -6.326693848384695729e-01 inf 0.000000000000000000e+00 -9.000000000000000000e+01
1.108282376494495181e-01 6.253045829484731033e-02 9.631557158251107253e-01 -2.188566040319655792e-01 7.057858844442823537e-10 -5.021102472034008057e-01 1.527334561048450583e-06 -1.675256308048521103e-01 inf 0.000000000000000000e+00 -9.000000000000000000e+01
4.540508940015050565e-02 7.279490696557463991e+01 1.705557335422320251e-03 5.112276732461390472e-01 -3.678653076401082987e-03 6.196763358772307634e+06 -7.414122137397021106e+02 -1.928673664120170997e+03 inf 0.000000000000000000e+00 -2.000000000000000000e+01
1.006813154832835844e+00 1.978722142676838172e-02 3.032542750689544580e-05 4.526890202190281438e-03 -6.121095525798157775e-06 -5.702652634795359748e-02 5.755090819942902947e-01 -2.734569420780102230e-03 inf 0.000000000000000000e+00 -1.000000000000000000e+01
2.981635611131678437e-02 8.913521195383122819e-02 2.029032457410743251e-05 1.040496671370920057e+00 -3.295491991250802579e-03 -3.821201427950335090e-03 -2.849815931481646317e-02 -1.177086967998762779e+00 inf 0.000000000000000000e+00 -9.000000000000000000e+01
6.562449960602044774e-01 7.332200552402284854e-01 1.932530617125602368e-02 9.067401039002825902e-02 -1.294877054850403497e-01 1.625265849710017147e-08 1.763903051040549563e+00 -1.735200486600540770e-01 inf 0.000000000000000000e+00 -1.000000000000000000e+01
9.806904644105697847e-09 4.207476989799207167e-14 3.509150039637057960e-10 2.277499014835294044e+00 -1.276331481430492508e-12 -2.485647944742916184e-11 -2.183471135774169397e-09 8.172420536754748895e-10 inf 0.000000000000000000e+00 -2.000000000000000000e+01
4.639153958937305240e-04 5.675667750196616542e-04 1.177318655019508054e-01 1.451074593168164622e-09 -1.607542321076965042e+00 2.984258052460827315e+00 -1.270484137344544051e-04 -7.419426097278300491e-02 inf 0.000000000000000000e+00 -3.000000000000000000e+01
1.480028156169157227e-01 3.394784054579420146e-02 2.100369990603094539e-02 1.587548572623529175e-06 -8.460094938894324734e-01 3.886768897543301158e-09 1.943384448771650579e-09 -1.484454808038887606e-03 inf 0.000000000000000000e+00 -9.000000000000000000e+01
3.605648122859783644e-01 1.077908017758726078e-02 0.000000000000000000e+00 4.461345411107136717e-08 -6.410041107306282404e-01 -5.649093010916836008e-03 -1.068747326389671737e-04 -6.849271806086152688e-08 inf 0.000000000000000000e+00 -9.000000000000000000e+01
0.000000000000000000e+00 1.016030143066775221e-01 4.184232662823444276e-02 8.922260825138226571e-05 -9.230909516854732821e-01 -2.008431678155253308e-01 3.945977532375615215e-01 7.409931461993969570e+00 inf 0.000000000000000000e+00 -3.000000000000000000e+01
1.293483978555065583e-01 5.124542731268278972e-01 1.277723395893621628e-07 3.827971678778714637e-02 -1.489513173395749790e-02 -8.001695638221313356e-01 4.494779648630490843e-01 -4.220608894822801293e-04 inf 0.000000000000000000e+00 -1.000000000000000000e+01
4.703880145822294769e-06 2.278821530897606144e-03 1.848208097801570067e-03 7.804392132572402982e-03 -1.006766585101839917e+00 -1.589792403714623825e-05 -5.454119257687623087e-05 -1.680535610578334782e-03 inf 0.000000000000000000e+00 -9.000000000000000000e+01
1.152281589988685747e-07 1.622680386957030818e-01 9.829473998689352010e-01 4.370633295360164394e-10 0.000000000000000000e+00 -3.852406674070648629e-01 -2.743380510323037771e-02 -3.969146270254607367e-02 inf 0.000000000000000000e+00 -9.000000000000000000e+01
5.692316194078304026e-01 1.398752910938045046e-01 4.936792447423785115e-06 1.011055093232391192e-02 -3.831366669091166299e-01 -1.135833450309532473e-05 -2.568616822268615847e-05 3.115128648896275185e-10 inf 0.000000000000000000e+00 -9.000000000000000000e+01
9.720463839082749136e-01 -1.215057979885343642e-01 4.787883134327240752e-07 0.000000000000000000e+00 -5.215736520799036388e-05 -3.629283329055996447e-05 -2.399238799567556956e-04 -3.504974941976952973e-02 inf 0.000000000000000000e+00 -9.000000000000000000e+01
6.119800252294099587e-10 2.224059702755482870e-01 4.823610004677476026e-01 5.976342450300805941e-05 -2.418867862357298568e-08 0.000000000000000000e+00 0.000000000000000000e+00 -1.681042528576222272e+00 inf 0.000000000000000000e+00 -9.000000000000000000e+01
0.000000000000000000e+00 0.000000000000000000e+00 0.000000000000000000e+00 7.105455907395890319e-16 -1.114821530298320728e-15 -1.227591139370370676e+00 -1.279449670934368682e-09 -2.100301417648286117e-10 inf 0.000000000000000000e+00 -9.000000000000000000e+01
1.965953547880195051e+00 -4.834749893564066481e-01 2.142248295380321021e+00 1.418387028781865750e-05 1.316868341175184920e+00 -1.538572341819282929e+00 4.028067867124095258e+00 -2.557609405020769833e-01 inf 0.000000000000000000e+00 -2.000000000000000000e+01
7.712755448724077922e-01 8.178997837530142812e-03 9.044559051918523275e-05 1.182201040091313549e-01 -8.629435399597021328e-02 -3.287403961751246273e-01 9.800844706430482053e-06 -1.564677847179679615e-01 inf 0.000000000000000000e+00 -9.000000000000000000e+01
1.701875439513775179e+00 3.205372760311220759e+00 -9.151955246951916706e+03 1.089076330014206367e-07 -1.999442617588269577e+00 -1.528596420341368227e-08 0.000000000000000000e+00 5.089964888116352282e-02 inf 0.000000000000000000e+00 -2.000000000000000000e+01
7.731218169806797214e-02 1.282079004013519041e+00 0.000000000000000000e+00 4.454338486750695402e-05 0.000000000000000000e+00 -3.130075693392380472e-04 2.345781913936823282e-01 6.562840025266661933e-04 inf 0.000000000000000000e+00 -9.000000000000000000e+01
9.810741844347445687e-04 3.839776910444228710e-07 7.798509065751170199e-01 -7.329425813675911894e-03 4.974561465336678381e-05 -3.771600366620729821e-03 -7.192609865153961612e-01 -7.304994394296993043e-02 inf 0.000000000000000000e+00 -9.000000000000000000e+01
8.233619790983856110e-10 0.000000000000000000e+00 3.275960582324196230e-08 4.681505058147900231e-10 0.000000000000000000e+00 -2.693217325086386983e-04 -2.669837906604786149e-01 -2.010691112080380982e+00 inf 0.000000000000000000e+00 -3.000000000000000000e+01
1.482143358283721683e-05 1.437835072625555551e-02 0.000000000000000000e+00 6.006955414524542958e-01 2.108641455452992107e-06 -8.927255078067107258e-09 -1.249318918659093836e+00 8.778467493432654547e-10 inf 0.000000000000000000e+00 -9.000000000000000000e+01
-6.083140471570715885e-02 8.060789273120410949e-10 5.244075738437580724e-09 0.000000000000000000e+00 -8.727061122167491192e+00 -9.149756276809884934e-09 -1.506495861751405430e-01 1.644766593333106518e+09 inf 0.000000000000000000e+00 -3.000000000000000000e+01
2.007737565641810002e-09 1.364778721975354536e-08 6.035283263452334563e-10 6.480336059655982146e-03 -5.278861094432975264e-09 5.747520957450927018e-07 6.695140900256456740e-08 -2.246516500680740602e+00 inf 0.000000000000000000e+00 -3.000000000000000000e+01
3.041282231057663234e-05 0.000000000000000000e+00 1.489011780325831813e-01 1.411154955210755686e-02 -1.004353043984482774e+00 -2.635876933655933852e-07 -1.012770742959632071e-05 1.868563802761828319e+00 inf 0.000000000000000000e+00 -1.000000000000000000e+01
1.671323526679209380e-09 2.395563721573533245e-09 1.229280430840993033e+00 0.000000000000000000e+00 -8.733573863882481136e-01 -8.832649081088340612e-03 -8.856015877599156608e-03 -8.534892142908495766e-09 inf 0.000000000000000000e+00 -9.000000000000000000e+01
2.934481795282388172e-01 1.075369105103483880e-01 4.314576785571446089e-03 1.181083356113656890e+00 -3.132696015926462324e-02 -1.298644893874970063e-01 -7.564036925727894989e-01 0.000000000000000000e+00 inf 0.000000000000000000e+00 -8.000000000000000000e+01
0.000000000000000000e+00 7.498411003446054975e-08 1.529820051181078222e+00 1.041445972700841061e-08 -4.998940668964037091e-08 0.000000000000000000e+00 -6.202389348529452619e-08 -7.593876884276965895e-10 inf 0.000000000000000000e+00 -9.000000000000000000e+01
-5.588254648629372712e-01 8.521016031524365980e-04 1.088372895913396830e-09 1.581427731310405265e-09 -6.299041424112933329e-02 -1.158092246262008330e-02 -1.615691870340562719e+00 -1.328416825139332392e-05 inf 0.000000000000000000e+00 -1.000000000000000000e+01
1.070491016708840983e-07 1.753845556142155711e-07 1.540119416764147875e+00 4.821608853340642938e-07 -1.542680204900959716e-07 4.206666526089228543e-13 -5.991464899216868367e-05 -6.246740346050669431e-04 inf 0.000000000000000000e+00 -9.000000000000000000e+01
-4.084978431086186320e+05 1.151892111304820673e+03 -3.778866842416382354e+01 3.566655590332392083e-03 9.075513604219799163e+03 1.090802168043323325e-04 0.000000000000000000e+00 -9.817262312256993084e+00 inf 0.000000000000000000e+00 -2.000000000000000000e+01
7.132733175591098984e+00 4.834205349185783374e-01 8.664620119743575174e-09 2.335012395078416070e+00 1.787743864981912267e+01 2.479100721319573334e-06 -2.289192907467471616e-03 -6.199526317499456755e-03 inf 0.000000000000000000e+00 -2.000000000000000000e+01
1.233956896501984371e-07 1.153196745846489061e-09 1.881202212025666859e-07 1.437446979344842335e+00 -7.265357015166866717e+00 4.209844718637764345e+02 -3.674864451542466526e+01 -1.557559736450423726e-01 inf 0.000000000000000000e+00 -3.000000000000000000e+01
2.056293129457068825e-01 2.327632364066824777e-01 4.262413882954746436e-02 2.412046801856843892e-01 -7.342194192202704528e-01 -6.843595066259849924e-01 -2.600573640804448861e-02 -4.889376910452564728e-01 inf 0.000000000000000000e+00 -9.000000000000000000e+01
1.813388729059908532e-07 7.765691490604060832e-01 5.416809496532462020e-01 0.000000000000000000e+00 -2.205072892393745709e-01 -1.907467945865966644e-02 -4.381683566747083224e-03 -1.404385758572783011e-05 inf 0.000000000000000000e+00 -8.000000000000000000e+01
4.876564799785977687e-04 4.653480832350567198e-01 4.297899240509825969e-01 2.415635814135468759e-05 6.740590175763612191e-01 -1.183195642604805745e-07 -8.719479034703387921e-01 -3.102582248780242930e-04 inf 0.000000000000000000e+00 -1.000000000000000000e+01
1.400302152907346918e-07 -6.970809747607175311e+00 1.446407958193138797e-02 3.017630239483199751e-05 -3.900918432702707439e-01 0.000000000000000000e+00 0.000000000000000000e+00 -3.043592988391865539e+00 inf 0.000000000000000000e+00 -2.000000000000000000e+01
1.772604759864137701e-04 1.870279548152405766e+02 -1.135278966960965408e+04 3.836039104108296885e-13 -2.693844370540416676e-05 -3.125962750797753239e-05 1.022373699672676951e-04 1.614803218121278050e+01 inf 0.000000000000000000e+00 -2.000000000000000000e+01
-2.573089890674273850e+00 2.733698735129937863e-07 -5.634580416459684373e-04 5.990781806531706444e-01 5.048584053147877476e-02 4.737874547635532033e-09 -1.556621174320123702e+00 -6.234003865019226175e-05 inf 0.000000000000000000e+00 -2.000000000000000000e+01
3.368984868539444677e-01 6.180502971168924187e-10 2.500617294082139258e-08 1.614570106809469774e-01 -3.456387777864760452e-02 -1.390500830175478246e-04 -9.611141738172905846e-01 -9.000910516701610131e-01 inf 0.000000000000000000e+00 -9.000000000000000000e+01
-6.081582082490675134e+01 8.746545017514678833e+00 6.235329944126675183e-01 8.904563653085012520e-01 -7.495208254755010291e-01 -6.472891744223967236e-02 -1.377991902249741524e-02 -2.642541371868753833e-02 inf 0.000000000000000000e+00 -2.000000000000000000e+01
-1.307423082080463594e-01 5.163865116707095694e-08 4.904763773429805362e-04 1.720618112737968761e-02 -2.401491349036265784e-06 -1.290648597253770902e+00 -1.557190227477910603e-02 -5.883403869362086036e-02 inf 0.000000000000000000e+00 -1.000000000000000000e+01
6.760205908220759260e-09 1.096920445349430784e-01 4.532558066632553367e-02 2.458757526556837048e-01 -9.603228049851619819e-01 -2.060629187790502986e-07 -1.748863728906167869e-02 -4.273850414427499134e-02 inf 0.000000000000000000e+00 -9.000000000000000000e+01
1.165703052783859236e-03 -3.857347328247679343e+03 3.594346374048973871e+02 9.275480081115057729e+00 -5.277846353346490693e-08 -3.737587965175054538e+00 -4.258110687026659207e+02 1.678196564886977512e+03 inf 0.000000000000000000e+00 -2.000000000000000000e+01
2.089944527411492781e-03 1.009635536370396986e-07 8.359833884908337952e-09 7.992895539975678476e-01 -1.000736514761182416e+00 -9.413211687227878116e-05 -7.012736940561316301e-02 -5.285275099604513915e-01 inf 0.000000000000000000e+00 -9.000000000000000000e+01
6.879852974879905325e-01 4.439845947176566249e-02 6.024960001669976695e-01 1.331190486855460930e+00 -3.498445946915632043e-03 -2.239005406026004508e-01 9.541216218860814821e-03 -3.358508109039007317e-02 inf 0.000000000000000000e+00 -9.000000000000000000e+01
2.268062050561155906e-07 9.968651514433833627e-02 0.000000000000000000e+00 3.078407573615940210e-06 -1.542767496281426676e-01 -2.307030779054687342e-01 -9.361038469744533685e-01 -7.120465367452738503e-01 inf 0.000000000000000000e+00 -8.000000000000000000e+01
6.115143365243236317e-02 4.851347069759634478e-01 8.656660015852860984e-10 1.010854895886256817e-06 -8.900930898298488325e-02 -1.250100922321859594e-03 -9.729872554475904600e-01 -1.814159198355493607e-01 inf 0.000000000000000000e+00 -9.000000000000000000e+01
2.416302529758542622e-02 4.568207214315542913e-02 1.419522653348726848e+00 5.522632942849063000e-06 1.357054247003101989e-09 0.000000000000000000e+00 0.000000000000000000e+00 -1.283798426145268401e-01 inf 0.000000000000000000e+00 -9.000000000000000000e+01
6.561832543510821847e-02 6.587211752952597397e-09 1.322712119992881513e-05 6.197248817177803488e-05 -8.875741914117268871e-01 6.738383116423677685e-10 -8.944813835627909437e-01 -1.753779257106099446e-03 inf 0.000000000000000000e+00 -8.000000000000000000e+01
1.369668457381092140e-04 8.359792830695142455e-09 1.914456373441635544e-07 2.226934534919950970e+00 -2.698016840383786752e-01 1.713026565323039208e-02 0.000000000000000000e+00 4.275619234019653011e-09 inf 0.000000000000000000e+00 -2.000000000000000000e+01
0.000000000000000000e+00 7.917195100126386276e-01 -1.223556152558907699e-05 5.811018198490199849e-01 3.800169147181882773e-09 -8.544448838527824927e-03 -5.431969795258988903e-03 -1.395659392650484776e+00 inf 0.000000000000000000e+00 -9.000000000000000000e+01
1.020359289242400047e+00 -1.508762973422451137e-01 7.621586154402072433e-01 3.094216243383461003e-09 -2.840652754974359152e-07 3.082627418501874807e-09 -2.978327994567601110e-09 -2.364120275843542974e-08 inf 0.000000000000000000e+00 -9.000000000000000000e+01
6.140906835829418320e-01 2.778347386661351830e-03 4.685140103019270569e-05 1.949397838509931910e-02 -7.651841982936181952e-02 -5.460743104012868443e-01 -1.710125954281610239e-01 -4.401631007327099221e-01 inf 0.000000000000000000e+00 -8.000000000000000000e+01
1.847898827728152726e-01 6.638564153232505705e-01 3.398238879744717653e-03 8.545912809198560889e-02 -7.976185288585323219e-02 -4.587545079024850647e-01 2.427534653047707380e-01 -1.647255657425229780e-02 inf 0.000000000000000000e+00 -9.000000000000000000e+01
3.126015076531581949e-01 8.577583148003100622e-01 2.740068597553636689e-04 -4.124502656227508013e-05 5.587239427131759680e-10 -4.960758426706115415e-02 0.000000000000000000e+00 -1.287480063865298341e+00 inf 0.000000000000000000e+00 -9.000000000000000000e+01
7.069766902519215579e-01 3.525431891229501846e-01 1.164432195709047324e+00 4.695782388004275887e-05 -7.183185622880486343e-02 0.000000000000000000e+00 2.967789849453253415e-01 4.385523853969139019e+00 inf 0.000000000000000000e+00 -3.000000000000000000e+01
5.888016427718844037e-01 1.464550921578168241e-01 4.845041199938303515e-10 7.810938248416897656e-01 -2.951461399210965064e-01 3.512313596914563851e-02 -8.764945973414380864e-01 -6.544828386823557491e-03 inf 0.000000000000000000e+00 -9.000000000000000000e+01
8.587945906581359035e-01 2.782089806124196651e-01 2.265014529026366241e-01 3.123883941210656939e-09 -7.025479308394436129e-03 5.522959807868672832e-06 1.315883766335169988e-07 8.571084756241211661e-03 inf 0.000000000000000000e+00 -9.000000000000000000e+01
6.882578316310485093e-07 5.801435840374703501e-01 1.188696261107703434e-01 2.988788152828752160e-06 -3.110048079376129815e-01 7.276520368006487831e-05 -6.897927150411159447e-01 -2.920342622611299573e-05 inf 0.000000000000000000e+00 -9.000000000000000000e+01
1.027294614446295357e-02 -2.297361381455991225e-01 8.282592348933441873e-01 1.623597810188110414e-05 -2.748898692449397441e-02 0.000000000000000000e+00 6.601744330824278500e-10 -1.481193522254520722e+00 inf 0.000000000000000000e+00 -1.000000000000000000e+01
3.843096435922186555e-02 5.125714150556048544e-10 1.161429607049529198e-03 2.272329612811933242e+00 -1.217771298625548865e-01 -1.187162530272464053e-10 -6.400218472889958581e-04 9.426600736654801817e-12 inf 0.000000000000000000e+00 -2.000000000000000000e+01
7.334165275096895005e-06 4.187977099236642061e+03 1.442748091603053617e+05 0.000000000000000000e+00 -5.009541984732825526e+00 4.202308396946566105e+08 1.930098497230588401e-03 -2.178527016676109693e-02 inf 0.000000000000000000e+00 -2.000000000000000000e+01
0.000000000000000000e+00 0.000000000000000000e+00 3.242135345331553406e-09 3.169762321236632152e-01 3.707554571554783645e-06 -1.899648499138330004e-01 -1.408169672326378408e-01 -1.753861521297481296e+00 inf 0.000000000000000000e+00 -9.000000000000000000e+01
7.032833568125344825e-02 3.294786545067159289e-01 4.057403981610776394e-02 7.918481964111353036e-03 -5.500618215069749128e-01 -3.378552304687510999e-01 -5.025945577221090088e-02 -6.799832781681366077e-05 inf 0.000000000000000000e+00 -9.000000000000000000e+01
9.997804835405775803e-01 1.239841023587084904e-08 8.757940022709327069e-05 0.000000000000000000e+00 0.000000000000000000e+00 -2.346600827843992016e-05 1.738613278582296084e-02 -3.271706897965013239e-01 inf 0.000000000000000000e+00 -9.000000000000000000e+01
-8.151912058174721309e+00 3.328502774469621173e+00 -2.822794807707069628e-04 2.189804456887908535e-01 -2.686160133782501402e-01 -3.501406084711395760e-03 -4.000042807915246690e-01 -3.147843906776368831e-03 inf 0.000000000000000000e+00 -2.000000000000000000e+01
2.225703234289189603e-04 7.150180743253741200e-01 2.657377441410151836e-02 6.869280785483058427e-01 -6.468864031951002147e-10 -4.302876625850912129e-01 -1.266375264607819739e-06 -2.225703234289189603e-04 inf 0.000000000000000000e+00 -9.000000000000000000e+01
9.090525502877442321e-01 2.289528263271177477e-01 2.360283979894410231e-02 6.270329364932019115e-05 9.378925879376771361e-10 -1.479921486624580138e-05 -4.187094937767104567e-05 -3.151665549215830475e-04 inf 0.000000000000000000e+00 -9.000000000000000000e+01
7.250509532687988701e-01 4.717839129044366052e-03 4.914264327276018556e-10 6.951900327154554616e-07 -2.794670790227445356e-01 -2.465796179096003352e-03 -1.117624026686237990e-02 -2.191805572314679743e-06 inf 0.000000000000000000e+00 -8.000000000000000000e+01
1.082819608713436476e-09 3.648584474812346379e-01 1.274368489309239292e-03 4.380334007365240256e-01 -7.220428940595573144e-05 -5.462713524266396038e-03 -1.044775721478298669e+00 -3.175996235038602427e-05 inf 0.000000000000000000e+00 -9.000000000000000000e+01
