3.398143806332880601e-01 3.358515307133663197e-01 4.701409626371982542e-06 1.060557135370287466e-07 -5.191333395097461612e-01 9.418644938282897269e-09 8.064161124666195340e-10 0.000000000000000000e+00 3.686704628787691945e+03 1.000000000000000000e+00 0.000000000000000000e+00
4.645225150251078294e-01 3.546692175529539415e-01 1.857043838219744059e-01 5.741142570270899026e-02 -4.184887522748719224e-01 9.782174584425130937e-02 -2.039161652235435098e-08 1.083499501761183202e-09 7.029601904626113537e+03 1.000000000000000000e+00 0.000000000000000000e+00
2.312948334941619666e-01 5.124070157409126303e-01 4.144963749424619702e-08 1.047181004391150860e-01 -5.225738216087878474e-01 0.000000000000000000e+00 1.568706374144814204e-04 5.207716699066933513e-10 1.522356226523484656e+04 1.000000000000000000e+00 0.000000000000000000e+00
3.848749827964083048e-01 3.124074813768150643e-03 6.373388476582724227e-01 4.714344408883712183e-07 -5.984982530641395071e-01 3.972466549896431787e-09 1.977339361155859010e-01 -1.076943759200958972e-01 1.535203921188981440e+04 1.000000000000000000e+00 0.000000000000000000e+00
5.519605035029432338e-01 2.455340318073591099e-01 8.212441981837939264e-06 1.895228452626049672e-09 -3.506225974209087881e-01 -2.774790074269490531e-08 0.000000000000000000e+00 0.000000000000000000e+00 2.370443776627047919e+04 1.000000000000000000e+00 0.000000000000000000e+00
4.771928022589670415e-01 4.184429346441695952e-01 8.736546326546022541e-09 1.600806852471418319e-07 -3.357135292274139871e-01 0.000000000000000000e+00 2.510193780940114629e-09 2.601311135266054669e-07 2.675811382924785721e+04 1.000000000000000000e+00 0.000000000000000000e+00
5.418095071041527655e-01 2.980233427710031055e-09 0.000000000000000000e+00 2.302576438035133770e-09 -4.537899120872326830e-01 9.289584333298201325e-07 -2.444988750470003525e-01 3.016666599197928701e-09 3.144577627553623097e+04 0.000000000000000000e+00 0.000000000000000000e+00
4.333708692926169781e-01 4.939495929571763311e-01 4.266267535721484583e-08 2.140244213753611608e-06 -3.336489703371115501e-01 8.599195501688617311e-08 6.266774822572655604e-10 -8.714562486300418741e-05 3.705993321379292320e+04 1.000000000000000000e+00 0.000000000000000000e+00
4.339668276880027653e-01 5.265189947304678153e-01 2.746010544235463908e-06 2.339012552857707810e-07 -3.115922957096323165e-01 2.164170138634029640e-04 0.000000000000000000e+00 1.494062656601326588e-09 5.105866449766787991e+04 1.000000000000000000e+00 0.000000000000000000e+00
4.456034500588896274e-01 5.185996142494656569e-01 8.462358451676405224e-10 1.325793842873289251e-06 -3.050585966173327557e-01 1.220852480702284254e-07 1.615889172755908637e-05 1.469244009355807519e-09 5.197042739417940174e+04 0.000000000000000000e+00 0.000000000000000000e+00
5.607629749308521427e-01 4.663678741508253678e-01 0.000000000000000000e+00 2.803814874654260870e-03 -2.238378874932318296e-01 5.483637784397181019e-10 8.857380649845351215e-09 8.071691991446490978e-06 7.303227544367489463e+04 1.000000000000000000e+00 0.000000000000000000e+00
4.156675731170550447e-01 3.353154771985165650e-01 7.478925850879355464e-01 4.115854646563175028e-10 -3.237262325948812025e-01 -9.187278343936822391e-09 6.654444715282560391e-09 4.258844617780838650e-07 7.662685700401689974e+04 0.000000000000000000e+00 0.000000000000000000e+00
3.104290641999782330e-01 7.590960710515092247e-01 3.743944280146221937e-02 1.874695032063623864e-09 -2.419163996402174110e-01 8.326356344818485237e-07 4.020430309726807449e-10 1.983111130303447959e-09 9.231215506772923982e+04 1.000000000000000000e+00 0.000000000000000000e+00
4.198605230523300147e-01 7.205844217145251918e-01 5.131114656577225797e-08 9.895721123398935938e-08 -1.618913000785300038e-01 -1.657344169943407788e-02 6.209879972908403156e-10 0.000000000000000000e+00 9.748579812295606826e+04 1.000000000000000000e+00 0.000000000000000000e+00
6.625532756970450299e-01 5.511146513443310191e-01 5.057174937042213582e-10 1.932293707287771073e-09 -6.610336580922353267e-02 3.091669931660433717e-08 -7.729174829151084293e-09 9.225543076074734731e-05 1.006723485588213516e+05 0.000000000000000000e+00 0.000000000000000000e+00
6.630523794122840098e-01 2.528353159143493638e-09 1.358898744035335998e-09 -4.674903132295290110e-08 -3.980270183197633926e-01 1.496268643806481502e-01 6.133099849969840412e-06 0.000000000000000000e+00 1.078842285399893735e+05 1.000000000000000000e+00 0.000000000000000000e+00
6.691535945848359201e-01 2.405894980530155769e-03 4.084189420073461427e-05 0.000000000000000000e+00 -3.381743972633041717e-01 1.784746860556832911e-04 0.000000000000000000e+00 2.995001975762773619e-02 1.083434855144571484e+05 1.000000000000000000e+00 0.000000000000000000e+00
7.026615963494661221e-01 2.667454343536155344e-03 0.000000000000000000e+00 1.939544651539430073e-06 -3.037032075771019524e-01 8.093233764939471717e-07 9.131432848488558523e-07 0.000000000000000000e+00 1.128992157011037343e+05 0.000000000000000000e+00 0.000000000000000000e+00
2.465023866185159784e-01 8.075382844778624669e-01 5.823991619326077023e-06 2.645736933548015564e-07 -2.694739351922845194e-01 -3.666957686242344840e-06 1.078516966541866145e-07 0.000000000000000000e+00 1.134331120868834405e+05 0.000000000000000000e+00 0.000000000000000000e+00
7.111789378937727335e-01 1.043497489378414876e-02 7.082052127099460927e-10 6.898579274065796021e-09 -2.669383548050033306e-01 -6.574957632189658285e-02 1.122853860566028459e-09 0.000000000000000000e+00 1.140892784420623793e+05 0.000000000000000000e+00 0.000000000000000000e+00
7.126888611019410735e-01 4.619094706553359894e-03 2.128740603296797254e-08 3.437987508572760241e-06 -2.924261470440699950e-01 1.795380777277164758e-08 5.583777085828847451e-09 4.145091322392689550e-06 1.177780804764262721e+05 0.000000000000000000e+00 0.000000000000000000e+00
4.987838535518369643e-01 3.975636583322710305e-01 4.832349681416024667e-02 3.261922540778152775e-09 -3.207338715993475198e-01 -4.372975154389162270e-06 1.224811026453746381e-08 1.273512711185141669e-07 inf 0.000000000000000000e+00 -9.000000000000000000e+01
5.139811187278835458e-01 2.912074327070161839e-02 4.443472789108523446e-08 0.000000000000000000e+00 -4.834043382936468736e-01 1.583855046899034323e-09 2.141753884350308326e-05 1.102948151377823871e-01 inf 0.000000000000000000e+00 -1.000000000000000000e+01
4.484095148010874832e-01 3.829482717644323575e-01 0.000000000000000000e+00 8.265560701420914138e-06 -3.854030683783069566e-01 4.328552871572330937e-10 6.291643047130487025e-09 1.261986541430243044e-09 inf 0.000000000000000000e+00 -9.000000000000000000e+01
7.680322058987951728e-01 8.648135921684307892e-02 4.433384285694904649e-03 1.366861802485214652e-09 -2.060005410558509165e-01 -1.807704851080649299e-05 2.817125342071221937e-07 1.171331063282244969e-06 inf 0.000000000000000000e+00 -9.000000000000000000e+01
7.229010210157901239e-01 5.486766742242148442e-01 1.157161706302253928e-01 2.165068747610136518e-09 -5.777174512459681615e-04 1.893389589665907258e-02 1.802986331361043496e-04 1.179405458709324866e-09 inf 0.000000000000000000e+00 -9.000000000000000000e+01
4.639219832952548583e-01 1.031854945051723510e-01 3.451272643361477523e-06 8.302951907037655692e-10 -5.035452131852410362e-01 -9.692927559623219474e-09 0.000000000000000000e+00 2.161453962046823012e-05 inf 0.000000000000000000e+00 -9.000000000000000000e+01
2.329444608959412577e-01 3.753733598437453689e-01 8.386000592253886055e-01 3.986062225414033964e-07 -4.059889175614976309e-01 -5.585564901854060766e-06 7.636514514253597380e-09 3.818495278358412476e-05 inf 0.000000000000000000e+00 -9.000000000000000000e+01
3.113764038760482578e-01 9.971349942306295677e-01 -8.589103516009029618e-03 1.789275375878196793e-09 -3.754165884800458332e-04 4.456180118632011007e-10 6.687943975297727969e-07 4.422163476505049055e-10 inf 0.000000000000000000e+00 -9.000000000000000000e+01
2.881010791597810039e-01 1.127076749240461861e+00 5.056289776598540959e-06 9.532877540593428825e-06 -4.622281050255826473e-01 6.078616175678894784e-01 3.231574533150254451e-09 1.071804609969423210e-04 inf 0.000000000000000000e+00 -9.000000000000000000e+01
1.007257471854791087e+00 5.402182103279973270e-09 8.158025000561311179e-10 2.108077461621555810e-06 -4.765152117503704396e-04 0.000000000000000000e+00 2.934698926376418073e-09 8.322280537485364792e-10 inf 0.000000000000000000e+00 -9.000000000000000000e+01
4.569456368414141489e-01 6.515507198256399457e-01 7.690187962050956594e-10 3.026857981863256297e-06 -1.967554153928912641e-01 1.208000359038837714e-08 3.756977243960310502e-09 1.022154149955939553e-08 inf 0.000000000000000000e+00 -9.000000000000000000e+01
7.080786337533599983e-01 1.613715118360558032e-01 2.872901915263114617e-03 0.000000000000000000e+00 -2.342331944529416066e-01 1.865404439244770989e-09 2.984647102791633582e-08 8.506244242956156364e-06 inf 0.000000000000000000e+00 -9.000000000000000000e+01
1.944142905767456408e-01 3.409577256848453364e-01 6.389293770713148080e-01 8.198943004298385679e-08 -2.969946951524154444e-01 0.000000000000000000e+00 -4.025059684302472185e-01 5.800677639695613758e-02 inf 0.000000000000000000e+00 -9.000000000000000000e+01
1.844737013202687459e-01 3.627736546272447311e-03 8.837454796672226113e-06 1.183587695982887426e-07 -8.425846861218682093e-01 5.487776011815774513e-02 0.000000000000000000e+00 5.060280239260714520e-05 inf 0.000000000000000000e+00 -9.000000000000000000e+01
1.056647322781617548e-02 -1.402660144449909239e-05 1.038451497697784776e+00 2.280128892661691727e-09 -9.284169019152381797e-01 1.728457257957776599e-08 5.806523291239026207e-05 1.301220882133082929e-05 inf 0.000000000000000000e+00 -9.000000000000000000e+01
7.602695872405317301e-01 6.049011429815674967e-01 -1.935631868059596236e-02 -1.321190479255451807e-08 -1.011513308977631908e-04 9.684633025475437862e-02 -2.018828442600620097e-08 1.608306161274434610e-04 inf 0.000000000000000000e+00 -9.000000000000000000e+01
4.813630072255368209e-01 8.419276932461861040e-01 1.786398625491274074e-09 -2.539686106957976273e-07 -1.019365420249799440e-05 -3.697643332632148682e-05 8.779808328521387873e-07 9.375183626146953956e-10 inf 0.000000000000000000e+00 -9.000000000000000000e+01
3.022712092922484883e-01 1.088274175849923836e-01 2.592293542473975837e-02 1.693226357078648116e-07 -6.612794093254368288e-01 0.000000000000000000e+00 6.103981895890873636e-10 1.604600184118608582e-07 inf 0.000000000000000000e+00 -9.000000000000000000e+01
7.416152646947651306e-01 3.251130710391472510e-09 0.000000000000000000e+00 2.067660815563050294e-06 -2.661205171464064989e-01 0.000000000000000000e+00 2.186859222236416659e-09 -1.366298323756897867e-04 inf 0.000000000000000000e+00 -9.000000000000000000e+01
5.706138180918353120e-01 4.480781584374988191e-01 0.000000000000000000e+00 5.148777567445002510e-06 -2.258679696613514476e-01 1.289510644100263798e-03 4.564809041259304564e-10 6.404358953408575842e-10 inf 0.000000000000000000e+00 -9.000000000000000000e+01
8.839385249762992114e-01 4.216797443540144102e-02 -2.482715886142294881e-03 0.000000000000000000e+00 -1.085366994163376175e-01 2.033917245185803079e-04 7.822464822799107820e-03 4.717191655898859693e-10 inf 0.000000000000000000e+00 -9.000000000000000000e+01
4.030393627493761843e-01 2.840956866938277869e-01 4.857240031143737492e-05 0.000000000000000000e+00 -4.826203834196352016e-01 5.084489621184490014e-10 6.965272615854613897e-10 5.801737373389198371e-10 inf 0.000000000000000000e+00 -9.000000000000000000e+01
5.047451370308120300e-01 0.000000000000000000e+00 3.244362995725302845e-02 -2.137523143064985482e-04 -5.011569014595029792e-01 2.397187969789269871e-09 7.806455990837919557e-09 0.000000000000000000e+00 inf 0.000000000000000000e+00 -9.000000000000000000e+01
4.968266911659264817e-01 2.431271862379619855e-07 0.000000000000000000e+00 4.594529503709517945e-05 -5.108783551584981097e-01 3.433932207199561416e-08 1.156596227067142619e-04 4.020213315745827948e-07 inf 0.000000000000000000e+00 -9.000000000000000000e+01
4.935369379263611078e-01 9.265773422793843056e-03 2.270908430863662595e-05 4.318497791761789866e-09 -5.107533427377458635e-01 1.025265535142495477e-06 4.917101446065404941e-09 2.095774104575976550e-05 inf 0.000000000000000000e+00 -9.000000000000000000e+01
5.874765844773263135e-01 8.919529510784878629e-03 3.523656164189262898e-09 0.000000000000000000e+00 -4.156673946773535855e-01 2.560156431793761421e-09 2.450042176662847002e-08 1.150121371991375415e-05 inf 0.000000000000000000e+00 -9.000000000000000000e+01
1.798567169808845401e-01 6.164500809462474251e-01 0.000000000000000000e+00 0.000000000000000000e+00 -5.021881666289795820e-01 4.992294578337211113e-10 -7.920406724705099339e-08 2.927355419610751204e-05 inf 0.000000000000000000e+00 -9.000000000000000000e+01
3.760778415945943715e-08 0.000000000000000000e+00 1.529820576868332394e+00 0.000000000000000000e+00 -1.062738122216847650e-06 7.831676405883738673e-07 5.695409620302752286e-10 0.000000000000000000e+00 inf 0.000000000000000000e+00 -9.000000000000000000e+01
2.009021908420445257e+00 -5.543185448538118232e-01 1.929396040098903198e+00 2.470010818714970955e-09 2.082522709948022577e+00 0.000000000000000000e+00 2.990755270490611193e-06 0.000000000000000000e+00 inf 0.000000000000000000e+00 -2.000000000000000000e+01
4.501544120972615209e-05 7.769894861223013427e-01 4.029159861364377779e-06 3.484991719168613994e-06 -5.432856172495779123e-01 3.178868194069550202e-04 0.000000000000000000e+00 7.434145476515013988e-10 inf 0.000000000000000000e+00 -9.000000000000000000e+01
2.800453572449372874e-01 3.306091023030509335e-02 7.147819620731486311e-05 0.000000000000000000e+00 -7.156714685148396482e-01 6.414935264580462552e-10 0.000000000000000000e+00 1.159166947193184172e-09 inf 0.000000000000000000e+00 -9.000000000000000000e+01
1.247289816980601098e-09 5.519952826461079765e-01 3.014299777005783459e-07 3.451958844832798814e-07 -7.239282395358793698e-01 0.000000000000000000e+00 5.412948858247859715e-09 5.609433122853298139e-07 inf 0.000000000000000000e+00 -9.000000000000000000e+01
4.855540891686812577e-01 6.735582639382621251e-01 2.537119576776377641e-04 2.161772364638326196e-09 0.000000000000000000e+00 4.770237488296306599e-10 -4.367026106852468503e-01 1.528240708389216621e-07 inf 0.000000000000000000e+00 -9.000000000000000000e+01
6.176349929796690619e-01 3.620993884898411619e-02 4.645812290737187925e-08 6.512433300408379561e-08 -3.766703548735164664e-01 -3.610459837372900209e-06 2.612273882334510209e-05 1.773372920121395256e-05 inf 0.000000000000000000e+00 -9.000000000000000000e+01
6.184330437341787334e-01 3.401702638235105652e-09 0.000000000000000000e+00 2.628210351301450896e-09 -3.750785247196462557e-01 1.060333168565567575e-06 -2.790762832735463328e-01 1.102018580846336221e-09 inf 0.000000000000000000e+00 -9.000000000000000000e+01
-4.325252623573690158e+01 1.035365004793135313e+01 3.902680594796483412e-08 9.859707423603267240e-02 -1.957582687501813745e-01 3.523823882085245989e-07 6.187089575997714083e-10 0.000000000000000000e+00 inf 0.000000000000000000e+00 -2.000000000000000000e+01
3.993682928976398649e-01 8.847543719578483401e-01 1.611361584983986647e-08 1.506727715829182326e-07 -5.713009255852316143e-08 -3.028177165927159464e-02 0.000000000000000000e+00 3.465996915752893417e-09 inf 0.000000000000000000e+00 -9.000000000000000000e+01
4.092498393353063424e-01 7.698017572851758583e-01 -2.709992500175155070e-02 5.302867673471004815e-10 -1.503080073531273819e-01 0.000000000000000000e+00 1.444987901686266675e-04 4.797002007251730815e-10 inf 0.000000000000000000e+00 -9.000000000000000000e+01
4.665226024718769349e-01 8.554815448750799911e-01 6.091685805384887872e-08 1.044288995208837770e-07 -3.815802073964585184e-09 7.244924873173292740e-10 0.000000000000000000e+00 6.182619173294510786e-10 inf 0.000000000000000000e+00 -9.000000000000000000e+01
6.139755643716428013e-01 1.777684840932272246e-03 1.648955938657866577e-02 1.695313668345970956e-04 -3.923166545505704650e-01 1.099043057195950244e-07 1.454665329830758963e-05 1.322651551545658169e-09 inf 0.000000000000000000e+00 -9.000000000000000000e+01
6.497574765061104873e-01 2.084949756987998157e-02 9.668229772350627921e-10 1.514717153245547595e-06 -3.497736607245537366e-01 3.969306803420689649e-09 2.945448226089745534e-08 -1.950993680017337512e-04 inf 0.000000000000000000e+00 -9.000000000000000000e+01
1.001193237926189195e+00 1.765426947753859915e-02 6.491376568164713320e-08 -2.459988526552333714e-08 -1.969247940853915046e-04 1.917481551114936852e-09 1.525800868417678547e-09 1.873467398983588543e-04 inf 0.000000000000000000e+00 -9.000000000000000000e+01
1.089679643123005359e+00 4.112548974313270239e-02 2.350437815845241324e-08 1.522916809674875261e-08 -5.127014180078046492e-04 2.817533552614623349e-01 -5.883048497648148548e-08 2.510100692329876855e-06 inf 0.000000000000000000e+00 -1.000000000000000000e+01
2.750851766940436427e-01 1.658687689620135797e-01 8.556258680610911993e-02 1.416309030749587743e-02 -6.284323781800232878e-01 6.113821047492772975e-10 -3.959824836487507160e-01 -8.327203547416228864e-05 inf 0.000000000000000000e+00 -9.000000000000000000e+01
9.672574400011184625e-01 9.840168510902466692e-02 8.366111986127461882e-10 6.493101839979522494e-09 -1.937806907180458392e-03 1.038182766722000445e-09 1.358556692672638520e-08 3.086275479582776545e-05 inf 0.000000000000000000e+00 -9.000000000000000000e+01
2.293136620311042701e-09 4.555947836423883575e-03 4.930646038338971644e-08 1.351743691972825167e-09 -1.004333389718331526e+00 1.846578436355734346e-09 0.000000000000000000e+00 3.837986553994271581e-09 inf 0.000000000000000000e+00 -9.000000000000000000e+01
3.579724259343728954e-01 5.269214227364142355e-06 0.000000000000000000e+00 3.805097520851706246e-10 -6.704077234813343722e-01 5.423345498917398616e-02 4.668465901991581913e-07 0.000000000000000000e+00 inf 0.000000000000000000e+00 -9.000000000000000000e+01
2.759892531948846885e-06 1.561753441405179064e-06 0.000000000000000000e+00 0.000000000000000000e+00 -3.906529524272130106e-04 0.000000000000000000e+00 8.673096401696699834e-07 -1.993892669188495281e+00 inf 0.000000000000000000e+00 -9.000000000000000000e+01
1.884312563693962161e+00 2.783351037560241256e-02 -7.903590735268603215e-03 0.000000000000000000e+00 3.095195958269551188e-05 5.580860161323101032e+00 0.000000000000000000e+00 1.012665238567726677e-07 inf 0.000000000000000000e+00 -3.000000000000000000e+01
9.000362245936342992e-05 1.039628391561759013e+00 9.406679484319262208e-02 2.530522202259019735e-06 -1.843274187967763045e-01 4.893812148323667557e-09 0.000000000000000000e+00 -1.326722424377976828e-01 inf 0.000000000000000000e+00 -9.000000000000000000e+01
1.013533160488581017e-05 1.191944843109849494e-01 1.377285859191538016e-05 6.466714643608124051e-06 -9.698559749064757929e-01 -1.345005721866736344e-08 1.543415758385830727e-01 8.102672731900344123e-10 inf 0.000000000000000000e+00 -1.000000000000000000e+01
7.259549132815515948e-01 6.177824512787935848e-10 7.125455411504669602e-10 2.304638345679095961e-07 -2.817722574462087071e-01 -2.478186010576388255e-05 6.102159830259629966e-07 1.915667643838325990e-04 inf 0.000000000000000000e+00 -9.000000000000000000e+01
7.080278552699121875e-01 2.946074808742956547e-02 1.394681082064699718e-09 6.792747239071594657e-09 -2.628432175043098340e-01 -6.474090320447484226e-02 3.431638094564168846e-07 -1.594647998660007218e-06 inf 0.000000000000000000e+00 -9.000000000000000000e+01
3.362195903295721044e-01 1.350246379321164934e-07 5.345029384726530663e-01 6.438177115451737633e-07 -6.432603601966172535e-01 -6.324339013213887263e-10 2.915125013903276243e-09 1.352214513622077181e-03 inf 0.000000000000000000e+00 -9.000000000000000000e+01
2.274453612253944310e-02 3.737433365404499701e-03 7.780841820334721826e-01 9.337618698905104289e-07 -9.363070420163552843e-01 -1.064434165786844658e-09 0.000000000000000000e+00 1.258838815925396933e-04 inf 0.000000000000000000e+00 -9.000000000000000000e+01
5.782733484053677042e-01 1.327917592672576220e-09 1.298280360635580610e+00 1.115133978419276794e-07 -2.352778819492427620e-01 -2.089152820660404952e-05 5.122857912980677923e-07 2.524630886880052313e-02 inf 0.000000000000000000e+00 -9.000000000000000000e+01
7.113148620320980386e-01 2.294564071071284184e-01 3.008866880152717321e-09 -1.613846781172820964e-07 -2.202781508228432716e-01 0.000000000000000000e+00 3.017351753458738517e-01 1.608376114117998034e-07 inf 0.000000000000000000e+00 -1.000000000000000000e+01
2.874651937724542750e-01 1.494947054473676484e-01 1.650994782905995835e-06 2.344607975724490880e-07 -6.607217816774449970e-01 0.000000000000000000e+00 0.000000000000000000e+00 0.000000000000000000e+00 inf 0.000000000000000000e+00 -9.000000000000000000e+01
1.167002932385925989e-09 0.000000000000000000e+00 0.000000000000000000e+00 1.191657923915206144e-09 -1.005977631863444133e+00 2.066022543509596548e-06 6.850274339783346723e-06 1.273841229012806589e-09 inf 0.000000000000000000e+00 -9.000000000000000000e+01
5.057365842001237954e-01 6.665060180157706237e-09 3.915328769011636179e-02 1.959754910927052884e-09 -5.006538044594189829e-01 6.797603990558569805e-09 4.319508106813854099e-10 6.248493918897849339e-10 inf 0.000000000000000000e+00 -9.000000000000000000e+01
5.051449619332870622e-01 5.125753779382871700e-05 4.285592633589288092e-04 1.204487905651473699e-03 -5.009354205838429941e-01 2.579650103984578135e-09 1.924936475769647188e-09 1.706015292987582400e-04 inf 0.000000000000000000e+00 -9.000000000000000000e+01
-1.021469722276321164e-08 0.000000000000000000e+00 6.529694271673777032e-10 0.000000000000000000e+00 -1.007738777747505754e+00 0.000000000000000000e+00 0.000000000000000000e+00 0.000000000000000000e+00 inf 0.000000000000000000e+00 -9.000000000000000000e+01
7.105550573383997426e-01 5.911504884743711274e-01 -6.147622526042456279e-03 1.542274233426596426e-09 -4.119442333215638636e-04 1.348806733325733087e-02 1.332991630592821886e-08 2.712652552409900264e-09 inf 0.000000000000000000e+00 -9.000000000000000000e+01
1.794775370093732114e+00 3.425838121969455030e-01 1.803870515550288212e-01 0.000000000000000000e+00 -1.216728347743723848e+00 2.768158048288711370e+01 1.320346119719804408e-07 5.308188950743968027e-10 inf 0.000000000000000000e+00 -3.000000000000000000e+01
4.793778652889061909e-01 2.235710217724833637e-01 2.101149015118129192e-08 8.084952066423525818e-02 -4.284244696291309440e-01 -1.355074361615197197e-02 7.586449541311475605e-08 6.136098893707811199e-09 inf 0.000000000000000000e+00 -9.000000000000000000e+01
4.382396008370274543e-01 5.315034060494840951e-01 4.614531200676613969e-08 2.280965163443258799e-07 -3.038594944018748745e-01 9.252971889439634777e-08 1.493482263829347173e-04 7.981560950956839381e-05 inf 0.000000000000000000e+00 -9.000000000000000000e+01
4.450471291437421151e-01 7.178179502318421390e-01 5.841617433527360787e-08 3.523225514596189338e-07 -1.536130413496142044e-01 0.000000000000000000e+00 6.435619792185599205e-10 -7.734301481990225793e-05 inf 0.000000000000000000e+00 -9.000000000000000000e+01
7.213137185989363376e-01 2.324097495983336661e-03 7.092535369981579907e-02 3.551425936905425218e-09 -2.819785317134377300e-01 5.674066152303068021e-07 3.172219223372525778e-06 3.799597869845804242e-09 inf 0.000000000000000000e+00 -9.000000000000000000e+01
4.859196747082586421e-01 3.943819895079352378e-01 0.000000000000000000e+00 1.341275673887053273e-06 -3.413414616348506847e-01 1.174840006324426350e-06 5.672784318732310081e-10 1.733704870444031898e-09 inf 0.000000000000000000e+00 -9.000000000000000000e+01
1.449835366898482913e+00 3.315595726503953872e-02 0.000000000000000000e+00 -5.933299780536158363e-06 6.932546122181251746e+01 1.278871116200943593e-08 -3.932886742391286994e+00 1.159590547279916867e-01 inf 0.000000000000000000e+00 -3.000000000000000000e+01
8.197439350229392963e-01 1.061160507925696633e-09 1.057475922828732443e-10 0.000000000000000000e+00 -1.891108112649444728e-01 6.602776493759890021e-10 1.034631495227554196e-09 -2.534994546711386366e-10 inf 0.000000000000000000e+00 -9.000000000000000000e+01
9.992349467290989606e-01 3.827562582230127628e-07 2.373730016363722875e-08 4.310940331016922306e-07 -8.436863389502292573e-03 0.000000000000000000e+00 -7.891881612845624333e-09 8.275237654071213381e-03 inf 0.000000000000000000e+00 -9.000000000000000000e+01
1.034213800454832974e-09 6.906812443596961360e-10 1.529820186459789122e+00 0.000000000000000000e+00 -3.702919341488632514e-09 0.000000000000000000e+00 0.000000000000000000e+00 1.348817299194589818e-09 inf 0.000000000000000000e+00 -9.000000000000000000e+01
2.836675100537012550e+00 5.041611958261303303e-03 -2.194584028890214644e-02 3.975619389713490184e-06 -7.740609937587855261e-06 2.274861589141117335e+01 -8.277055269146877598e-07 5.139343740874658002e-05 inf 0.000000000000000000e+00 -2.000000000000000000e+01
3.094100509306959568e-01 7.382920987528511503e-02 3.004416436573424942e-01 4.581931969107989111e-10 -2.370221922243426760e-01 -6.021644883537354831e-01 0.000000000000000000e+00 3.878635958063039887e-05 inf 0.000000000000000000e+00 -9.000000000000000000e+01
2.221218033594382678e-08 1.222086515516488614e+00 1.145986118637728439e-07 1.072912104999897573e-09 -6.290285327863096541e-04 0.000000000000000000e+00 0.000000000000000000e+00 2.626024871048398132e-07 inf 0.000000000000000000e+00 -9.000000000000000000e+01
3.365957272061576716e-02 9.028109395900432155e-01 3.059961156419615174e-05 6.182949733890590112e-10 -4.778435341864871178e-01 9.106444401504774910e-02 0.000000000000000000e+00 1.550151220598315830e-07 inf 0.000000000000000000e+00 -9.000000000000000000e+01
6.194950037647383168e-01 3.844855050175252642e-01 2.240274887813245594e-05 4.918766724769365247e-10 -2.134185200637235269e-01 2.779752847930038362e-07 1.355822471696930335e-06 -1.248877222527565022e-04 inf 0.000000000000000000e+00 -9.000000000000000000e+01
6.608029208372093732e-01 -1.298222650082293296e-02 4.069282692655609157e-01 1.687881711214939034e-09 -3.316161716701436779e-01 1.760382321566267543e-03 1.631082002798933838e-06 1.966313838428736596e-02 inf 0.000000000000000000e+00 -9.000000000000000000e+01
6.384769193979419888e-02 3.440069608825117951e-04 8.985489300361120732e-10 1.866357209649044156e-09 -9.354543064282490050e-01 3.652519382945980845e-09 -1.736852922500148610e-01 9.623404362252883540e-10 inf 0.000000000000000000e+00 -9.000000000000000000e+01
2.348823246327859104e-01 2.341559632773134415e-05 3.511001415083830901e-02 7.546916790149281287e-10 -7.711969658776470782e-01 1.047089131464190088e-08 6.635453409696469347e-10 -1.254173611503068832e-09 inf 0.000000000000000000e+00 -9.000000000000000000e+01
3.129017115661240633e-01 1.564508557830620317e-01 8.167849957258690449e-06 1.552261709203653311e-09 -6.320458512931683703e-01 1.176695767576102741e-08 3.952953623629570392e-05 8.858426192712049675e-06 inf 0.000000000000000000e+00 -9.000000000000000000e+01
2.226871805298666906e-01 4.538461559711957048e-03 3.516113376787368683e-01 1.112426989534949636e-09 -3.709754403335078776e-01 8.008866855988410827e-07 1.838929137321610796e-06 -1.895643733572320411e+00 inf 0.000000000000000000e+00 -9.000000000000000000e+01
-8.929924287917727072e-09 1.934603168650991523e-01 1.812801447036752007e-08 6.865046900020835678e-09 -9.286095209524759531e-01 1.434687535746541893e-09 6.564701098144924293e-08 5.309684711734865237e-09 inf 0.000000000000000000e+00 -9.000000000000000000e+01
1.109884963356434495e+00 0.000000000000000000e+00 2.988769053060891608e-10 0.000000000000000000e+00 -6.974433694578012766e-01 4.745395417440454899e+00 0.000000000000000000e+00 1.810224692321950874e-05 inf 0.000000000000000000e+00 -3.000000000000000000e+01
4.953083943857047866e-01 1.998458399494887290e-07 4.083607669688848474e-01 4.900648569390725747e-07 -4.914006358501173954e-01 0.000000000000000000e+00 5.291955109151963011e-07 1.472057935292271300e-06 inf 0.000000000000000000e+00 -9.000000000000000000e+01
3.920727513650968943e-01 4.053793747886526994e-03 9.045595376449935832e-02 1.245441106822642954e-07 -6.096324086507738382e-01 8.876194970673623781e-09 0.000000000000000000e+00 3.730775698611257480e-08 inf 0.000000000000000000e+00 -9.000000000000000000e+01
5.972175541014809186e-01 4.394908667362179555e-01 3.885742419314122675e-02 -7.320191285386874901e-08 -1.975411909720282966e-01 -3.469880198320042899e-06 9.241513312287046373e-09 0.000000000000000000e+00 inf 0.000000000000000000e+00 -9.000000000000000000e+01
6.833487970614570139e-01 2.380993012191527800e-09 1.269405496413350526e-09 1.557594852355841084e-09 -3.748287876064865243e-01 1.409061535719715874e-01 5.775644052351441959e-06 5.950424035079230768e-08 inf 0.000000000000000000e+00 -9.000000000000000000e+01
5.044423304236729244e-01 2.571091722895852416e-01 4.066821888686975583e-01 -3.158211512732305922e-08 -3.568245166756601194e-01 7.556836818403523461e-10 -1.212007370199851866e-07 7.327400327049584656e-09 inf 0.000000000000000000e+00 -9.000000000000000000e+01
4.144181882763380287e-01 4.720848701355453980e-01 2.132230447558014277e-08 1.132383314874560287e-09 -3.665255202915725374e-01 0.000000000000000000e+00 -5.416750853267380731e-05 2.170097928184044766e-09 inf 0.000000000000000000e+00 -9.000000000000000000e+01
2.358400392945680935e-01 9.650110460315441951e-01 5.088231668730313360e-08 0.000000000000000000e+00 -1.113474283882551069e-01 3.488019680158606310e-07 8.267224235312500006e-10 3.787944205378375230e-10 inf 0.000000000000000000e+00 -9.000000000000000000e+01
0.000000000000000000e+00 1.306895471109223994e+00 1.042828584385364910e-02 1.196335421489541657e-09 6.735888568821549933e-10 9.180382182204216424e-02 0.000000000000000000e+00 1.114686673293718399e-04 inf 0.000000000000000000e+00 -9.000000000000000000e+01
5.890653154283441717e-01 2.168369738688818715e-01 4.748069568323291800e-02 2.965639174225457309e-01 -3.239859234855893000e-01 5.732026804585019658e-10 8.717220962220385562e-09 4.994241176272096326e-10 inf 0.000000000000000000e+00 -9.000000000000000000e+01
6.674586493725866987e-01 1.081687835012308434e-09 1.552292282712468585e-09 0.000000000000000000e+00 -3.403284921235929517e-01 1.604971885066964109e-09 1.622531752518462548e-09 6.068690191237886000e-09 inf 0.000000000000000000e+00 -9.000000000000000000e+01
1.552881914400122687e-02 5.092530471524158671e-10 3.309617053084431548e-01 1.047095739057248069e-09 -9.708210022380998616e-01 7.538517528317137144e-07 1.730931451890294174e-06 -1.784315280793345559e+00 inf 0.000000000000000000e+00 -9.000000000000000000e+01
4.820461685264255114e-01 2.308051480226276653e-01 0.000000000000000000e+00 2.634018203103489391e-05 -4.279512119586221242e-01 3.600480248573248725e-09 -1.048089783501190107e-02 1.418696694960205512e-08 inf 0.000000000000000000e+00 -9.000000000000000000e+01
1.588426645978454829e-02 2.024053760812752977e-05 1.488987594981141971e+00 2.031802542126405723e-07 -1.686448513351103129e-01 -1.348715933590006021e-08 8.137346655689180331e-09 5.207901859641075412e-07 inf 0.000000000000000000e+00 -9.000000000000000000e+01
2.559495654508879836e-01 4.846497475077650718e-01 9.420501116215191928e-01 4.694923691350979970e-10 -2.617887190353188620e-01 9.683263027514582566e-02 0.000000000000000000e+00 9.408792396788077678e-04 inf 0.000000000000000000e+00 -9.000000000000000000e+01
3.215296462725539262e-02 2.328729077513958422e-09 1.501468673756484185e+00 3.844074314556534239e-09 -5.214570374528863391e-09 7.389807458844125862e-04 3.231250873105492375e-09 0.000000000000000000e+00 inf 0.000000000000000000e+00 -9.000000000000000000e+01
4.231635803347273406e-01 2.055509552932345274e-01 1.736171742124983716e-05 0.000000000000000000e+00 -4.784462333475776874e-01 -4.774410942018895293e-02 0.000000000000000000e+00 2.091945846963542271e-02 inf 0.000000000000000000e+00 -9.000000000000000000e+01
2.723659043232043442e-01 8.922667976753002606e-01 6.464848260709738718e-06 4.543268938978042326e-07 -1.557073897474949564e-01 4.782273513348588825e-10 0.000000000000000000e+00 0.000000000000000000e+00 inf 0.000000000000000000e+00 -9.000000000000000000e+01
8.839446201257633584e-01 1.890334107608903497e-02 8.884760863635596641e-05 -4.652291839621521150e-08 -1.687885422535949920e-01 1.443971344134800938e-01 0.000000000000000000e+00 0.000000000000000000e+00 inf 0.000000000000000000e+00 -9.000000000000000000e+01
3.997933544491774072e-01 2.402470505854685523e-01 9.979656909579263200e-09 4.953890632123556929e-07 -4.897700490699899434e-01 9.502789647279423554e-10 -2.156657886529785295e-01 3.206724176039751450e-04 inf 0.000000000000000000e+00 -9.000000000000000000e+01
5.177506514394522030e-01 2.462838595241849914e-03 1.135711106383314517e+00 1.177051999712716394e-03 -1.308294656863132066e-01 4.396769392601099255e-08 3.422013914052742460e-10 -6.151768492909620578e-01 inf 0.000000000000000000e+00 -9.000000000000000000e+01
6.072179558251653564e-01 4.675953085752431182e-01 0.000000000000000000e+00 2.913685696595484046e-03 -1.766367047423513525e-01 4.792222694279896524e-08 5.484804995084916482e-08 1.052367635390956852e-04 inf 0.000000000000000000e+00 -9.000000000000000000e+01
5.701483396170321516e-01 6.322437033376989701e-01 4.696563077339484435e-10 1.794507683281952450e-09 -9.902328835757860659e-02 8.832342503653359906e-09 8.916460051307200609e-09 0.000000000000000000e+00 inf 0.000000000000000000e+00 -9.000000000000000000e+01
4.664145452015678317e-01 2.283182312464697716e-01 2.521508755124168692e-06 3.897894451338397257e-07 -4.458805715134484537e-01 -9.157254428742358780e-07 3.036254625253067281e-06 -6.182918509606245361e-05 inf 0.000000000000000000e+00 -9.000000000000000000e+01
5.415791224257547887e-01 4.526193748792860516e-01 2.637269301565933183e-05 5.790411058644888971e-10 -2.512379683455216450e-01 3.272347019406259113e-07 1.596084927983907451e-06 5.644740340188413706e-10 inf 0.000000000000000000e+00 -9.000000000000000000e+01
4.358722297603435103e-01 3.467975234060499123e-01 -1.109722383330574887e-02 -1.647996238015457715e-07 -1.341049859663437787e-05 -5.439495401368864558e-01 0.000000000000000000e+00 3.595463407530081833e-05 inf 0.000000000000000000e+00 -9.000000000000000000e+01
1.005289340248590957e+00 1.786696953186649346e-03 -7.777386737400708919e-03 2.010743197546179941e-06 -4.257083915918536889e-07 -1.024126094490342159e-04 2.346644613377560336e-06 3.762095857311460560e-04 inf 0.000000000000000000e+00 -9.000000000000000000e+01
7.524227212380386609e-01 3.835022784604731894e-01 6.066043644089613718e-01 -3.885078758156152879e-08 -6.479233628635756772e-04 2.114366174021620193e-02 -8.081241943408334276e-05 1.322730253930401536e-09 inf 0.000000000000000000e+00 -9.000000000000000000e+01
7.120505737937413704e-01 7.603374042028311630e-02 6.414220755834310062e-02 1.455168564024180996e-09 -2.630551208853396661e-01 3.463408574891500887e-10 6.686172004523563048e-05 5.401843451691240137e-09 inf 0.000000000000000000e+00 -9.000000000000000000e+01
3.024299839894304398e-01 1.088845816143175910e-01 1.614917390234822669e-02 1.694115762003235889e-07 -6.616267610901455098e-01 0.000000000000000000e+00 6.070727323810666025e-10 -1.534056824885706891e-04 inf 0.000000000000000000e+00 -9.000000000000000000e+01
6.134905757011518412e-01 6.125105588070605496e-05 2.627670297282289763e-02 1.693974514200776739e-04 -3.929867745306100391e-01 3.125125398271345262e-09 2.330700997963115195e-08 1.607541139447241399e-07 inf 0.000000000000000000e+00 -9.000000000000000000e+01
9.949414253147258469e-01 3.167855953242641048e-02 2.701409436271336470e-08 1.750321498649179352e-08 -3.771257087193620786e-04 -3.396422940940435094e-05 8.312029034681034680e-07 3.201640131315417587e-04 inf 0.000000000000000000e+00 -9.000000000000000000e+01
7.004319863150856307e-01 1.240827658423748058e-09 9.982790420651964554e-10 1.614403590482519204e-07 -3.077240331266863360e-01 1.674862024539050676e-09 1.342953391627348613e-09 1.126814489875248139e-06 inf 0.000000000000000000e+00 -9.000000000000000000e+01
5.214748653650498169e-10 1.199062114742088664e-18 0.000000000000000000e+00 0.000000000000000000e+00 -1.009138248707367902e+00 4.102054603065040193e-19 6.321828632415954863e-18 1.119490486990325228e-18 inf 0.000000000000000000e+00 -9.000000000000000000e+01
2.441632709129537004e-01 8.349426362199828811e-01 4.476326633404151267e-02 2.795908827709117084e-01 -2.154381802173120919e-01 1.326915340967312378e-09 1.275550876155674542e-08 4.114270802761168253e-04 inf 0.000000000000000000e+00 -9.000000000000000000e+01
1.592735516958444092e-02 0.000000000000000000e+00 0.000000000000000000e+00 2.155948549816305947e-05 -9.918007111006095222e-01 2.946999440401652275e-09 -5.113263954428240064e-10 2.861961645603992577e-08 inf 0.000000000000000000e+00 -9.000000000000000000e+01
4.618652294428199911e-01 1.102069724498654368e-01 4.484778314879556693e-01 0.000000000000000000e+00 -1.124541428208605254e+00 3.029376908643589772e+00 -1.923960334656219295e+00 2.889038952487554333e-06 inf 0.000000000000000000e+00 -3.000000000000000000e+01
4.638260748963462521e-01 6.752312877750113470e-06 0.000000000000000000e+00 5.128709868082768432e-10 -5.441351832706252667e-01 1.801154060814781818e-09 4.701317379075871304e-09 5.739270566664050103e-09 inf 0.000000000000000000e+00 -9.000000000000000000e+01
2.049453122870037725e-01 3.293138351278350751e-01 7.357011210302698556e-01 0.000000000000000000e+00 -5.430174940937706474e-01 9.983979477558754937e-10 0.000000000000000000e+00 8.499616222840293621e-06 inf 0.000000000000000000e+00 -9.000000000000000000e+01
1.445516218605410610e-09 5.556774493970723094e-01 1.181092520080030716e-09 9.771085240747375785e-10 -7.246791067562792232e-01 4.225041433980173024e-05 0.000000000000000000e+00 0.000000000000000000e+00 inf 0.000000000000000000e+00 -9.000000000000000000e+01
1.711554512431333330e-01 5.182226158748038421e-10 1.147834004932672958e+00 0.000000000000000000e+00 -3.486471525649858553e-10 3.812056415204709129e-10 -3.466808289009849497e-01 2.347128445405335947e-05 inf 0.000000000000000000e+00 -9.000000000000000000e+01
5.656554580628189166e-01 2.082197246489859155e-01 1.605855188388801010e-09 0.000000000000000000e+00 -3.559728313671187694e-01 0.000000000000000000e+00 1.667618849480677940e-09 1.000030695996026090e-04 inf 0.000000000000000000e+00 -9.000000000000000000e+01
2.662443084351813760e-01 1.033769109675063413e+00 -9.173481781019872730e-03 1.911012602334185818e-09 -3.971492839166617891e-04 1.718458100578079817e-09 3.008209951963319265e-09 0.000000000000000000e+00 inf 0.000000000000000000e+00 -9.000000000000000000e+01
5.442174698959751922e-01 4.336121207984118819e-01 5.521091126136664154e-03 1.721075044468502716e-09 -2.593842257597723244e-01 -2.276159668302100031e-05 4.302687611171257204e-09 1.323876594477022060e-04 inf 0.000000000000000000e+00 -9.000000000000000000e+01
2.982545769834284988e-01 9.152992919884888057e-01 6.434820772970408550e-08 0.000000000000000000e+00 -1.735743849657657711e-01 6.429586372675548389e-02 0.000000000000000000e+00 2.019041590359555695e-07 inf 0.000000000000000000e+00 -9.000000000000000000e+01
3.852813098385429180e-01 0.000000000000000000e+00 1.438870484136359318e+00 0.000000000000000000e+00 -5.293819833860218585e-07 2.877371748718740349e-09 0.000000000000000000e+00 0.000000000000000000e+00 inf 0.000000000000000000e+00 -9.000000000000000000e+01
0.000000000000000000e+00 8.876361391211444740e-01 5.349592802739040406e-03 2.848851210267732260e-09 0.000000000000000000e+00 6.286368104289766608e-10 -5.755003539356871034e-01 7.787201061679425724e-05 inf 0.000000000000000000e+00 -9.000000000000000000e+01
1.284411942918098015e+00 3.543880513234386465e-01 1.233505372009758849e+00 1.579132303832736213e-09 1.331402623756565040e+00 0.000000000000000000e+00 4.832217788864608134e-10 6.455113574558759896e-10 inf 0.000000000000000000e+00 -1.000000000000000000e+01
7.171344776245053287e-01 2.530488143116442767e-01 2.375991101411108294e-08 1.652541876763724115e-03 -1.836802204269850358e-01 6.172918057587683028e-08 2.348038264923918660e-06 2.747875638036677845e-04 inf 0.000000000000000000e+00 -9.000000000000000000e+01
-8.756679389312979765e+03 5.291328721374046751e+01 7.184869289853192256e-07 6.718319335966621352e-06 -9.540946556980376156e-07 5.971839409748107822e-07 1.165703052782830589e-02 6.325372302805195961e-03 inf 0.000000000000000000e+00 -2.000000000000000000e+01
1.117349438286247909e-03 1.215473609920451059e+00 6.182218474937189807e-09 3.728650517696492848e-08 -1.625695953268603208e-02 3.728650517696492848e-08 0.000000000000000000e+00 1.999863154123968894e-10 inf 0.000000000000000000e+00 -9.000000000000000000e+01
5.446475455750710015e-01 4.531227514150727997e-01 -5.708577709518327173e-03 1.279983966482441394e-09 -2.490674726321261134e-01 -2.211597659215663449e-05 5.423107614148140021e-07 1.048133595610425484e-07 inf 0.000000000000000000e+00 -9.000000000000000000e+01
8.920096047275807294e-01 2.877450337830905758e-01 9.818913450289926622e-09 2.023810981893818786e-07 -5.999371553973616850e-04 1.982743123411608369e-02 1.959494954926854146e-08 3.987593671951804507e-09 inf 0.000000000000000000e+00 -9.000000000000000000e+01
5.175742154414105789e-01 9.717054674590436605e-03 2.381511005806249823e-05 4.528826385007215382e-09 -4.864796404827211873e-01 3.431744349827249907e-08 0.000000000000000000e+00 6.391510257228084251e-05 inf 0.000000000000000000e+00 -9.000000000000000000e+01
1.142574773469505652e-02 1.877504583002960036e-03 7.536902444328770212e-01 9.078324803438361836e-07 -9.519313509090183700e-01 -1.069439815606419221e-09 1.077556132268235828e-04 2.397105802715355206e-05 inf 0.000000000000000000e+00 -9.000000000000000000e+01
7.416153701215092431e-01 3.251131172566594783e-09 0.000000000000000000e+00 2.067661109498137932e-06 -2.661205549776392010e-01 0.000000000000000000e+00 2.186859533116543382e-09 -6.329879497669389267e-05 inf 0.000000000000000000e+00 -8.000000000000000000e+01
5.762962796245032618e-10 1.858599028698360162e-10 5.693319741305515402e-10 3.652923604653773579e-17 -2.646436087701646478e-10 0.000000000000000000e+00 -1.540440413297597511e+00 5.190583938460876722e-11 inf 0.000000000000000000e+00 -9.000000000000000000e+01
7.447116585247441911e-01 1.697201984206944403e-01 3.021533835519939117e-03 5.173011888787996819e-10 -1.938924691048539706e-01 7.847650628324309923e-09 3.139060251329723969e-08 0.000000000000000000e+00 inf 0.000000000000000000e+00 -8.000000000000000000e+01
3.218656027033470202e-01 1.079807183262841752e+00 7.409516073962681137e-02 8.526326592873556841e-06 -4.134226803051788690e-01 5.550057899987332899e-01 6.913237778005587000e-07 6.399583310938602670e-10 inf 0.000000000000000000e+00 -9.000000000000000000e+01
2.221218103500941566e-08 1.222086553978207313e+00 0.000000000000000000e+00 6.089501328135741118e-10 -6.290285525832047886e-04 0.000000000000000000e+00 0.000000000000000000e+00 3.827686549113894453e-08 inf 0.000000000000000000e+00 -9.000000000000000000e+01
1.728101029195858588e-05 9.778887033462526108e-06 0.000000000000000000e+00 0.000000000000000000e+00 0.000000000000000000e+00 0.000000000000000000e+00 0.000000000000000000e+00 1.239156677522732368e-05 inf 0.000000000000000000e+00 -9.000000000000000000e+01
4.770224364524209282e-01 8.343358204110784548e-01 1.770290221757397574e-09 -1.621639897793036057e-08 -9.122005509334778217e-05 -1.181786810840420102e-02 1.184878218654111612e-07 4.763567199767042839e-10 inf 0.000000000000000000e+00 -8.000000000000000000e+01
6.602158722327998719e-01 6.413973675610811220e-01 5.417517926123463593e-05 2.015501295447030735e-09 -3.294906465600363159e-09 0.000000000000000000e+00 0.000000000000000000e+00 5.028821782958852182e-08 inf 0.000000000000000000e+00 -9.000000000000000000e+01
7.236343192577502359e-01 4.242433597056880640e-02 5.455282529420078008e-08 2.726122533493608062e-09 -2.680504591053356478e-01 -3.654674799219508680e-06 1.023624839874480098e-08 2.077721502875431479e-05 inf 0.000000000000000000e+00 -9.000000000000000000e+01
5.161749758356011242e-01 4.276340128273046215e-01 3.720604296625227431e-02 7.051575027781627237e-08 -2.872871672077706995e-01 -3.909357263809636316e-06 2.828534961462266051e-05 9.836273446396029176e-08 inf 0.000000000000000000e+00 -9.000000000000000000e+01
4.735815582321097220e-08 0.000000000000000000e+00 2.378790674460044482e-02 -1.567247600180688913e-04 -1.006765601577928493e+00 4.499547520156733472e-07 5.723750621017220478e-09 2.296274660100804208e-05 inf 0.000000000000000000e+00 -9.000000000000000000e+01
4.864841209089216800e-01 1.077921295625044107e-07 2.029427007443170526e-03 0.000000000000000000e+00 -5.221772493451740660e-01 9.579102032587994081e-04 8.875515697310304655e-07 1.054269256589307202e-01 inf 0.000000000000000000e+00 -1.000000000000000000e+01
1.231861093746818847e+00 1.819603562313863027e-02 -5.637615661273009948e-01 2.338404354825429914e-09 -4.577407342884354247e-01 3.648462911534294140e+00 -1.167572190462970655e-07 -6.479050834597339936e-02 inf 0.000000000000000000e+00 -3.000000000000000000e+01
9.087749736963220970e-01 3.481056278479252210e-07 2.158838059301726887e-08 3.920674210555240202e-07 -9.901507865583633605e-02 7.517382527925656687e-10 5.506438894115054389e-08 1.056518524107517338e-04 inf 0.000000000000000000e+00 -9.000000000000000000e+01
7.147397840028580918e-01 5.552978321868359268e-01 4.604573608479951147e-02 3.393125005347419814e-09 -8.912770744026024582e-04 0.000000000000000000e+00 5.489079485511721548e-09 1.744352995706772152e-09 inf 0.000000000000000000e+00 -9.000000000000000000e+01
4.612789854067611550e-01 3.004499138664727953e-01 0.000000000000000000e+00 8.926294797094232479e-06 -4.162114983267902191e-01 4.674569623549100600e-10 6.794585706341790352e-09 1.362867481795301027e-09 inf 0.000000000000000000e+00 -9.000000000000000000e+01
5.065435542851551842e-01 1.685374693485534869e-01 0.000000000000000000e+00 2.621406268108904595e-06 -4.804714595793015963e-01 1.124359084189935493e-01 -2.342127043406922876e-08 3.286678574686107010e-10 inf 0.000000000000000000e+00 -9.000000000000000000e+01
9.885826741829693010e-01 5.178290198101268005e-02 1.298201227723569605e-07 -4.919696295263671531e-08 -9.462577525235360153e-05 2.212787359747345976e-03 1.319090969023902458e-02 3.376071434863830553e-06 inf 0.000000000000000000e+00 -9.000000000000000000e+01
8.686160594033609007e-10 3.738858878373788608e-01 1.867676916499577282e-08 4.922157669952378437e-10 -8.672189083317758396e-01 5.297398520234197078e-02 2.259547718092021462e-06 1.731136567512663041e-09 inf 0.000000000000000000e+00 -9.000000000000000000e+01
9.825277237625853477e-01 9.751114626018579941e-09 -6.020027264999854152e-04 0.000000000000000000e+00 -2.631770688649782280e-02 4.931791567096034261e-05 1.267468250755132642e-10 1.185482292184586575e-04 inf 0.000000000000000000e+00 -9.000000000000000000e+01
1.476641424096303452e-02 1.969963234609408890e-05 1.451213158216950072e+00 2.245538116373938706e-07 -7.816688975826397989e-01 1.489655890884948874e-01 0.000000000000000000e+00 9.913363374163477342e-05 inf 0.000000000000000000e+00 -9.000000000000000000e+01
7.075978053435116522e+01 1.868793982585878366e+00 0.000000000000000000e+00 -2.090143793411837716e-05 2.442151717557252368e+02 0.000000000000000000e+00 3.732399631092567653e-07 3.895692114952866972e-07 inf 0.000000000000000000e+00 -2.000000000000000000e+01
2.345990239378335090e-02 6.292372365692582292e-01 5.267814446604080110e-03 7.601771371734383717e-10 -6.811049480435137360e-01 4.436054270824488222e-02 0.000000000000000000e+00 1.737780189969192606e-07 inf 0.000000000000000000e+00 -9.000000000000000000e+01
7.553451925654259824e-01 2.097619724218307658e-09 0.000000000000000000e+00 1.219923008392774247e-06 -2.530896878985453013e-01 -1.111402249977466140e-06 2.960055708391688674e-09 3.169086802860829953e-08 inf 0.000000000000000000e+00 -8.000000000000000000e+01
6.020817512347403921e-01 7.110158578151091202e-01 2.662399247609306512e-03 0.000000000000000000e+00 -4.924573392339004648e-09 9.350108723761695830e-10 0.000000000000000000e+00 7.951705366248949426e-10 inf 0.000000000000000000e+00 -9.000000000000000000e+01
3.197984770126642284e-01 7.165296065142240378e-01 -8.626639341585723431e-03 8.738382381276224731e-10 -2.828406341503515997e-01 5.830271202941532778e-10 -9.350912078741889312e-08 1.680242014148933267e-09 inf 0.000000000000000000e+00 -9.000000000000000000e+01
1.953584483751413388e-05 9.357552581585535378e-01 8.466823204049674090e-02 2.277688331590906215e-06 -2.584094018345796107e-01 1.002760455922610185e-09 -4.959106254744545550e-10 -8.652799667491226643e-01 inf 0.000000000000000000e+00 -9.000000000000000000e+01
1.009138249228860307e+00 3.174023819738354484e-18 6.040483847214865032e-14 1.894712918982504426e-13 -6.095529023760228141e-13 3.635981325535928503e-19 2.713171475437904062e-19 2.404605080665869303e-14 inf 0.000000000000000000e+00 -8.000000000000000000e+01
1.049853686357915539e-02 5.275315480242556512e-10 4.902572563271381800e-01 0.000000000000000000e+00 -9.297308924769632776e-01 -9.228946359146326939e-02 3.306349454099610692e-07 -1.912206251042533286e-04 inf 0.000000000000000000e+00 -9.000000000000000000e+01
8.047306796675787188e-01 2.828508824574162833e-02 5.836289335212885288e-02 8.385931092575511780e-02 -1.896296057038452942e-01 8.637385342648766752e-10 8.049686958509777305e-09 -5.680049081038564534e-05 inf 0.000000000000000000e+00 -8.000000000000000000e+01
1.518704508293457749e-07 5.851013845523967744e-09 2.198242896736819052e+00 -4.630559824306523043e-07 -5.995207900191324990e-01 0.000000000000000000e+00 8.087285657028923103e-01 1.116295220999165977e-01 inf 0.000000000000000000e+00 -2.000000000000000000e+01
7.751919369421404402e-03 0.000000000000000000e+00 0.000000000000000000e+00 1.848201601367331601e-09 -9.999975986553611973e-01 0.000000000000000000e+00 4.692699378471740667e-10 0.000000000000000000e+00 inf 0.000000000000000000e+00 -9.000000000000000000e+01
8.849862270056816360e-01 1.892561605765461646e-02 8.919078132009609667e-05 -4.657773924219590397e-08 -1.689874362825418697e-01 1.479861074959831768e-01 0.000000000000000000e+00 0.000000000000000000e+00 inf 0.000000000000000000e+00 -8.000000000000000000e+01
8.088922952585814174e-01 4.557139691597641984e-02 7.007968666745374558e-08 5.302153037785647867e-07 -1.817159452024559863e-01 0.000000000000000000e+00 1.309240657895841147e-07 1.543731070528701343e-01 inf 0.000000000000000000e+00 -1.000000000000000000e+01
6.543139744182170370e-01 3.201951874669915840e-07 9.700795388010172555e-10 2.842677747000260007e-07 -3.529329922619474091e-01 2.062359553921253011e-06 6.795481033225399333e-09 1.277956981285580150e-03 inf 0.000000000000000000e+00 -9.000000000000000000e+01
2.325720664905027088e-02 3.031160710928827568e-05 1.448844386836652509e+00 6.476839125916298136e-05 -7.612092579278506577e-01 1.407812661037567692e-01 0.000000000000000000e+00 4.844135929591565396e-07 inf 0.000000000000000000e+00 -8.000000000000000000e+01
4.363413241572440038e-08 1.503752310859014230e-01 5.572043446438827985e-01 6.392261436698479205e-08 0.000000000000000000e+00 3.365331099334545361e-05 7.976430575358536749e-08 0.000000000000000000e+00 inf 0.000000000000000000e+00 -9.000000000000000000e+01
8.189429725209250042e-05 4.639578459233340002e-02 1.003083995927996883e-04 0.000000000000000000e+00 -1.004332278234040698e+00 2.620479330583523381e-08 3.007042295503105644e-01 1.537978839620126506e-09 inf 0.000000000000000000e+00 -1.000000000000000000e+01
2.695537228803781212e-05 2.246587299537554094e-01 2.595919548608858644e-05 1.218851616502579337e-05 -9.139962004956202479e-01 -8.673198905412980856e-10 0.000000000000000000e+00 4.774730119062403834e-10 inf 0.000000000000000000e+00 -9.000000000000000000e+01
1.799183639830670700e-01 7.487511713234710209e-01 0.000000000000000000e+00 0.000000000000000000e+00 -3.925491577812372235e-01 4.287782687327920668e-10 -6.773793954886046000e-08 4.766208966124509511e-09 inf 0.000000000000000000e+00 -9.000000000000000000e+01
