4.207016297713029318e-01 7.089007991562612469e-10 1.872672588916591901e-04 6.067077010010387143e-05 -5.870255299134460314e-01 8.218875589189558271e-10 -6.589679408095220592e-09 4.038365477969858595e-09 1.552409887508702741e+04 0.000000000000000000e+00 0.000000000000000000e+00
4.251726576550869940e-01 3.445149877029071269e-06 6.961840677505648186e-09 1.435568599841170051e-02 -5.825354114078893364e-01 4.933731233274139043e-10 1.401835073660917706e-09 -3.624118701809802596e-06 1.556077807393800322e+04 0.000000000000000000e+00 0.000000000000000000e+00
2.371236006605371149e-01 4.684746369099785539e-07 0.000000000000000000e+00 8.746521146563961181e-07 -7.577503492182453559e-01 2.152989820692667263e-05 1.506518743866015753e-02 9.195060692541600053e-07 2.410793905107890168e+04 0.000000000000000000e+00 0.000000000000000000e+00
4.975178637732241560e-01 1.190690176995806290e-09 3.887111858552180931e-07 9.468967200988425564e-03 -5.102246068558408121e-01 6.228327720408213038e-05 4.981469010096608025e-06 2.953086419159066979e-06 2.662528019677813427e+04 0.000000000000000000e+00 0.000000000000000000e+00
6.065644713858268089e-01 9.382084244784579957e-10 0.000000000000000000e+00 3.630297229145802371e-03 -3.706782880691164017e-01 -7.870262695247387530e-02 -6.224418257272293052e-07 2.021773083735268688e-09 7.279070079605732462e+04 0.000000000000000000e+00 0.000000000000000000e+00
8.499882868018485693e-01 -4.379365669154946630e-08 1.080493584917604055e+00 1.279461734713896296e-07 -8.733989811417300353e-02 4.108126650988807270e-03 0.000000000000000000e+00 5.316555289223797494e-10 8.179993954722610943e+04 0.000000000000000000e+00 0.000000000000000000e+00
1.298889743634412952e-01 1.519011594470096410e-06 0.000000000000000000e+00 -2.592435152392696331e-09 -8.741433165189261834e-01 4.436101568671970397e-09 0.000000000000000000e+00 -1.915151300833222159e+00 9.349876190643147856e+04 0.000000000000000000e+00 0.000000000000000000e+00
1.005734672711402711e+00 5.967571238398354733e-04 0.000000000000000000e+00 1.234889408265899435e+00 -1.391162525227481046e-07 2.409240555053046862e-08 0.000000000000000000e+00 -1.790271371519506528e-03 1.019000537519274512e+05 0.000000000000000000e+00 0.000000000000000000e+00
6.368849771327224074e-01 -2.798810934665284071e-04 1.267065901874574019e+00 0.000000000000000000e+00 -2.203957223498763107e-01 0.000000000000000000e+00 1.002498068703208442e-05 1.022957212962457618e-07 1.060935168429034238e+05 0.000000000000000000e+00 0.000000000000000000e+00
2.069629903217763967e-01 5.727407919898827760e-10 1.263741361311744971e+00 1.144615549551438004e-05 -6.555235938355040703e-01 7.507028108769791522e-05 -5.349273120088364890e-07 0.000000000000000000e+00 1.143905686611449637e+05 0.000000000000000000e+00 0.000000000000000000e+00
6.665415426535523657e-01 1.168713340616549181e-09 0.000000000000000000e+00 3.941785092041977072e-04 -3.410894404488120091e-01 -2.815560780029983468e-04 -4.101055161590283583e-06 1.419710732303254425e-05 1.255627377609146060e+05 0.000000000000000000e+00 0.000000000000000000e+00
6.841203238919618679e-01 4.780553383287042954e-06 1.595711738626006019e-09 8.506563712057520557e-03 -3.235704234624143805e-01 3.965508216300399948e-06 8.867691416814680238e-04 2.547016146833260451e-07 1.260851453937274928e+05 0.000000000000000000e+00 0.000000000000000000e+00
8.218951733967098106e-01 4.702047106418561541e-10 7.494115388214389723e-09 -4.653933136027302365e-08 -1.770988409342910408e-01 -2.329926049584422898e-02 8.631354688371437281e-09 4.811397039125970358e-10 inf 0.000000000000000000e+00 -9.000000000000000000e+01
5.778109509681188527e-01 1.720521195248793406e-09 7.120425379471197170e-09 1.468269609402118522e-02 -4.178632828800582510e-01 -3.198953361761211478e-02 -4.051790174092396937e-07 6.982634720977246317e-10 inf 0.000000000000000000e+00 -9.000000000000000000e+01
4.133845241424925487e-01 1.478997964154250999e+00 6.537599696623863643e-01 2.982863591088948932e-04 -1.145228237254016346e+00 -7.756922985030956500e-10 -1.517162877954584145e-09 1.204069696631217448e+04 inf 0.000000000000000000e+00 -3.000000000000000000e+01
4.251812733359313645e-01 2.863559222359451650e-06 0.000000000000000000e+00 4.001346753376940069e-03 -5.825472158809542611e-01 1.292627365032965691e-09 -7.140255092211392952e-07 7.457185474894404787e-09 inf 0.000000000000000000e+00 -9.000000000000000000e+01
8.901427414079519755e-04 2.186751753271698612e-08 8.515658523517416478e-01 1.405497037862097898e-01 -1.821462153847020274e-02 1.680371501637460522e-04 5.683995373707013271e-02 -1.244278259989680668e+00 inf 0.000000000000000000e+00 -9.000000000000000000e+01
7.044613152171942394e-01 2.729295819349147479e-09 8.413280850308205716e-01 1.293189700077277959e-01 -2.500837669021039322e-01 0.000000000000000000e+00 4.929978025335341461e-10 -4.790336943476921072e-01 inf 0.000000000000000000e+00 -9.000000000000000000e+01
1.453253447601411397e+00 4.402817849274164355e-08 1.837697884914433634e-07 2.546706231552887945e-02 4.471731519958455458e-06 1.694124184772916042e+00 4.030570335336511434e+00 0.000000000000000000e+00 inf 0.000000000000000000e+00 -3.000000000000000000e+01
1.287435335074189890e-01 6.564963235413001850e-09 4.887250408585234761e-10 2.247871885422311866e+00 -1.918915024140997738e-01 0.000000000000000000e+00 -2.184670375359823457e-04 2.278188130760209516e-06 inf 0.000000000000000000e+00 -2.000000000000000000e+01
2.174174635364920227e-01 2.025374031521258444e-01 -4.580335711916252994e-03 7.415608852423097863e-01 -3.408795538754410548e-01 -4.554303013516541876e-01 -1.995614205744506986e-01 3.693461543260756486e-02 inf 0.000000000000000000e+00 -9.000000000000000000e+01
1.178665171319800546e-10 0.000000000000000000e+00 4.429882523081130029e-11 5.728572197162011495e-06 -1.022658280194353786e+00 4.445994132385647896e-04 2.158200386938111509e-14 7.773561943802927310e+00 inf 0.000000000000000000e+00 -3.000000000000000000e+01
1.925542700381679850e+01 -6.368406870551693545e-07 7.827409351145039884e-02 4.090709995677453996e-05 -8.297053912213742421e+01 3.513893129770993255e+05 7.460499537810115767e-01 3.200905923624986047e-04 inf 0.000000000000000000e+00 -2.000000000000000000e+01
1.030087070255202946e+02 -9.211460002927986145e+10 6.476335875627604546e+05 6.527633585533566074e+05 -2.010870228313679993e+07 7.890028623231341953e+01 2.950088667397485816e-04 2.225919533463703026e-01 inf 0.000000000000000000e+00 -2.000000000000000000e+01
6.306408669988905480e-01 2.444119781720577398e-03 7.168129952714105170e-03 4.743331275987365710e-03 -1.773677438434379666e-02 -6.553718813910038854e-01 -1.815127246491473822e-05 1.255918995265995179e-07 inf 0.000000000000000000e+00 -9.000000000000000000e+01
2.057485296639777768e-06 1.280362369449994375e-02 7.348161773713491575e-07 -5.255218680578334714e-05 -1.822318739563454637e-01 -2.901940713174471313e-06 0.000000000000000000e+00 0.000000000000000000e+00 inf 0.000000000000000000e+00 -9.000000000000000000e+01
9.802971857499719333e-01 4.178443407154587354e-08 0.000000000000000000e+00 1.899800747577465093e-03 -2.748774206651144816e-02 3.142370621298175060e-05 9.094342442739913523e-10 -3.522122052469818334e-06 inf 0.000000000000000000e+00 -9.000000000000000000e+01
1.602235012243531523e-03 1.465265992438003156e-09 1.533687218676243136e+00 8.821122725256492243e-10 1.795227654211195730e-06 5.542030283895500731e-03 0.000000000000000000e+00 6.348255685121827849e-10 inf 0.000000000000000000e+00 -9.000000000000000000e+01
3.799233161014117029e-04 4.067189152219142915e-06 -1.522304648433355529e-09 7.870250255964760314e-03 -1.007392032763489320e+00 1.468973023213266912e-04 -1.046703090644632368e-06 3.005533160279587228e-06 inf 0.000000000000000000e+00 -9.000000000000000000e+01
1.400327098189127137e-02 6.540805978802717580e-02 1.457376598490193404e-08 9.441758896833354439e-09 -9.685149798430786605e-01 0.000000000000000000e+00 -3.646685151534185252e-05 1.438234041929915526e-03 inf 0.000000000000000000e+00 -9.000000000000000000e+01
4.234140660151970437e+00 6.549190770612253986e-09 8.619998057996246964e+06 1.866751524600991988e-02 -2.061357952968722262e+00 -2.182068103367791612e-01 4.533884855734274445e-05 2.722506952910081863e+10 inf 0.000000000000000000e+00 -2.000000000000000000e+01
4.619973445488951280e-01 8.444737533429931600e-09 1.404471927428641298e-01 3.203181588872339863e-02 -5.396128984331095557e-01 1.556534022161805026e-05 3.186383052613839730e-06 1.068368859269320072e-03 inf 0.000000000000000000e+00 -9.000000000000000000e+01
1.127483280560442804e-03 1.928673664122137779e+03 5.225359483529594460e-05 1.176452363720377226e-04 -1.761167104007633988e+00 2.257099236641221680e+06 1.824764804985687494e+00 -9.330999077731418074e-07 inf 0.000000000000000000e+00 -2.000000000000000000e+01
1.207797923369983810e-03 2.207896492865649867e-04 2.474240370186834084e-02 2.044627346993219241e+00 -4.719487839295428803e-03 -6.058817050967669759e-01 4.277809042545906312e-10 8.056262943938593932e-10 inf 0.000000000000000000e+00 -2.000000000000000000e+01
1.101155960057406286e-07 9.130062073598364409e-06 7.433850362936419209e+00 2.391150634869779884e-03 -2.139713605949058461e+00 2.369608737258340142e-04 4.687075742186143543e+02 0.000000000000000000e+00 inf 0.000000000000000000e+00 -2.000000000000000000e+01
8.395070327174144476e-01 1.319921819767837728e-05 5.061647096454835042e-05 3.330831472727190220e-08 -1.677738218880547305e-01 -5.918233528162576294e-05 1.382219014801128145e-05 6.677822801343753527e-10 inf 0.000000000000000000e+00 -8.000000000000000000e+01
1.341434821088438849e-03 1.235250486292258358e-06 1.208499838818413225e-05 2.050421393195241311e-03 -1.008565625484294959e+00 2.062506391583425382e-03 3.829712158273397353e-11 4.905104936610381221e-08 inf 0.000000000000000000e+00 -9.000000000000000000e+01
2.637836951335878410e+01 -7.648201282442749023e+10 1.910988611119394595e-02 5.300007476151445771e-06 -4.258110687022901431e+01 3.195867184123010934e-07 -1.337692027783576139e-03 9.626605128513949800e-04 inf 0.000000000000000000e+00 -2.000000000000000000e+01
5.482692280394572570e+00 7.913081488667898204e-08 6.792174588435240419e-03 4.785196770433389560e-09 -7.771226781362843353e-03 1.794563507548577945e+02 7.399548176718948386e-08 4.759665994981381622e-10 inf 0.000000000000000000e+00 -2.000000000000000000e+01
1.119727449390965635e-01 2.742554083822797399e-10 1.598036222063877951e-02 3.847642439303854980e-06 -8.957819595127725076e-01 2.200612258875777641e-10 -5.112252192082044841e-07 -9.333358107312736537e-04 inf 0.000000000000000000e+00 -9.000000000000000000e+01
2.096223983078757767e-05 4.199768232574069557e-08 1.523216051887601563e-04 9.971516753318320590e-08 -1.007702078753371477e+00 0.000000000000000000e+00 4.588868547484730608e-05 8.480997891424658637e-05 inf 0.000000000000000000e+00 -9.000000000000000000e+01
7.600533702790818191e-02 1.202076025965665478e-06 1.122881767478001169e+00 6.716870949996583414e-10 1.231770795753219605e-09 2.119272901070140547e-01 1.242714999580396551e-01 -1.229400196013463731e+00 inf 0.000000000000000000e+00 -8.000000000000000000e+01
8.775481788766716917e-01 2.734335126910835637e-03 1.938210112825516207e-05 6.335654562354375331e-03 -1.293273823928168809e-01 7.123378060829664538e-10 -6.463956777484289481e-07 4.945023609192021459e-10 inf 0.000000000000000000e+00 -9.000000000000000000e+01
2.130710866148552152e-01 6.673183988342065969e-05 1.480736440313337177e+00 1.152700580663417867e-05 5.171412277198410046e-10 1.658443855370444593e-06 3.078794285959983463e-09 1.642023619178657957e-08 inf 0.000000000000000000e+00 -9.000000000000000000e+01
2.849200628099596289e-01 3.186850602767633871e-08 1.029436609183492363e-08 4.369433833601811317e-04 -7.203904797960460904e-01 9.455721196369756650e-09 0.000000000000000000e+00 -1.440780959592092181e+00 inf 0.000000000000000000e+00 -9.000000000000000000e+01
3.378074072010391147e-03 6.180085843661394310e-04 2.761463697111143250e-04 1.360178169392263436e+00 -1.005100078856177914e+00 1.145413195277695563e-02 9.643412460862069948e-09 5.909790379776091469e-09 inf 0.000000000000000000e+00 -9.000000000000000000e+01
6.186877487179313073e-01 3.475335166429787877e-09 2.050430761698975382e-03 6.942801375532348617e-05 -3.811993412376230017e-01 -2.207424300297736869e-02 5.110466751261766865e-06 3.709443906100515133e-08 inf 0.000000000000000000e+00 -9.000000000000000000e+01
7.330149334519738824e-01 -1.028197095825460625e-08 1.212427878576056538e-09 -1.426077331773783472e-07 -2.746362617333395484e-01 -2.300216132316740844e-04 -7.661670370706208784e-07 -3.541891412248612588e-08 inf 0.000000000000000000e+00 -9.000000000000000000e+01
6.102606157222445482e-01 2.350367668444786748e-05 1.364111964555605461e+00 5.128980293428242835e-06 -4.691174519255222365e-03 1.567974092033674709e-03 -1.663183900975760161e-05 4.796343513233090362e-04 inf 0.000000000000000000e+00 -9.000000000000000000e+01
5.188071800273089812e-02 1.979092331036792683e-08 1.484677918615293413e+00 1.805836933828314461e-05 -1.796555149123138517e-01 -4.140034974548280220e-05 2.407601161640741114e-10 0.000000000000000000e+00 inf 0.000000000000000000e+00 -8.000000000000000000e+01
2.777721828978231397e-08 0.000000000000000000e+00 2.268376578841266732e-07 2.255519298426729158e+00 4.782330331855712484e-10 0.000000000000000000e+00 4.222599171203498696e-07 6.514797169056273454e-10 inf 0.000000000000000000e+00 -2.000000000000000000e+01
9.276072664519242617e-01 -1.511827778342056685e-08 3.606073248331855829e+00 1.819031182901162485e-06 -8.846352257270091496e-05 2.632674431763578878e-04 -2.617621810500817889e-08 4.823557785550006116e+01 inf 0.000000000000000000e+00 -2.000000000000000000e+01
6.654765104184093838e-01 1.964991859245763528e-07 3.390743689156638510e-10 6.788127130320047442e-01 -3.414067869080416595e-01 7.618826688430952961e-05 2.798046660414679378e-06 9.686328802599181780e-06 inf 0.000000000000000000e+00 -9.000000000000000000e+01
2.405203375975852320e-01 6.656060024603366561e-10 1.464719770186110770e+00 1.160933897917633363e-06 -4.417720486486259590e-02 -3.370453252018935580e-08 1.475509534772734141e-06 -1.497979223119526948e-05 inf 0.000000000000000000e+00 -9.000000000000000000e+01
2.557761110424253450e-06 2.422332834288495190e-03 1.527038618735467423e+00 2.013564168502311735e-03 -2.384483883752737453e-04 2.528191617818192506e-06 1.880619729745462490e-05 1.132511566812126111e-05 inf 0.000000000000000000e+00 -9.000000000000000000e+01
2.210280406537629765e-07 0.000000000000000000e+00 5.980629957359256954e-01 3.172241094458194861e-03 2.489116173664122655e+01 5.112276732466604079e-01 3.943511450381680334e+04 -3.790718375328388857e-08 inf 0.000000000000000000e+00 -3.000000000000000000e+01
5.316046398682837230e-03 1.417441268960596562e-05 9.006293494959511270e-05 6.981481558795120209e-07 -8.003935027230337992e-03 8.257470355441747655e-07 0.000000000000000000e+00 -2.255437213643414651e+00 inf 0.000000000000000000e+00 -3.000000000000000000e+01
1.007733252608890240e+00 3.505773300589604373e-08 1.305082540699490170e-06 2.242234173502101340e-09 1.110161545186708082e-09 9.385247273453420399e-10 -9.255241513556556233e-08 3.961523829666253392e-08 inf 0.000000000000000000e+00 -9.000000000000000000e+01
6.481841310884036700e-01 3.798409376875783624e-07 8.743661841844683059e-08 4.554837796681881441e-08 -9.594830887821764742e-02 -7.965841821533803380e-01 5.195361861840271464e-08 3.984626658480291894e+01 inf 0.000000000000000000e+00 -3.000000000000000000e+01
-2.603715742341178085e+01 3.006303382936771965e-06 6.658992483097271623e-06 5.707707842654804611e-06 -2.700907489108334048e+01 0.000000000000000000e+00 1.278838773252052169e-02 2.601168938709871728e-08 inf 0.000000000000000000e+00 -2.000000000000000000e+01
6.771974430691768410e-01 2.716335147686949059e-01 3.489736127236705426e-02 2.127795865688109966e+00 -1.595286890934853683e-03 0.000000000000000000e+00 2.532932419209496127e-06 3.056822627275309794e-09 inf 0.000000000000000000e+00 -2.000000000000000000e+01
3.395198653804054612e-01 4.846319955957279348e-10 2.379459837009223407e-05 9.759063467215673970e-01 -6.670968209233092416e-01 3.223676697261025783e-08 2.073589358204671962e-10 0.000000000000000000e+00 inf 0.000000000000000000e+00 -9.000000000000000000e+01
6.062724310985428842e-10 3.385780054373474138e-05 1.524863812207064351e+00 2.410822270451432099e-06 -9.043588587243413593e-03 1.138376748447131609e-07 -1.955713136430339976e-05 6.010919110230167860e-04 inf 0.000000000000000000e+00 -9.000000000000000000e+01
3.338144662975686572e+00 1.254012016250125594e+00 1.321072415449882311e-10 2.549618358222341161e-09 -7.925885806933012923e-01 3.535877851717591407e-04 1.562633204519818537e+04 6.291800142064809413e-10 inf 0.000000000000000000e+00 -2.000000000000000000e+01
1.585229982199124921e+00 4.209581783566340742e-09 5.246433240475718851e-02 6.406702130196310560e-03 -4.176968002994130291e-02 3.131717072776275312e+00 1.437724493784211383e-02 1.395175676839130214e-09 inf 0.000000000000000000e+00 -3.000000000000000000e+01
2.770700845611653287e-07 2.808344808286946433e-03 0.000000000000000000e+00 1.823931470885672201e+00 0.000000000000000000e+00 1.654230503511489145e-04 7.878753653933789555e-03 -4.372708277933253229e-01 inf 0.000000000000000000e+00 -9.000000000000000000e+01
2.216984528926068431e-07 2.381022354156477961e-05 8.295851442735690033e-09 2.481816937292022698e-02 -1.007692505191936760e+00 3.851653808194302634e-06 8.613089559383433225e-04 2.473888315539818764e-07 inf 0.000000000000000000e+00 -9.000000000000000000e+01
8.310115563221508461e-01 1.417717037882600013e-09 0.000000000000000000e+00 6.141986428734463244e-07 -3.612067276059349047e-02 4.452489868572314989e-06 0.000000000000000000e+00 -2.236176551557787828e+00 inf 0.000000000000000000e+00 -3.000000000000000000e+01
1.041622749719818275e+00 7.229932783089430618e-06 1.762908568861740362e-03 2.646991919759188259e-05 -3.694077391584471050e-03 -9.216072995567882974e-04 9.476417497450978500e-01 -6.653928220866438779e-04 inf 0.000000000000000000e+00 -1.000000000000000000e+01
8.377701603265157171e-02 0.000000000000000000e+00 1.531922578882771724e-01 9.333880560743476928e-07 -9.574516118017323274e-01 1.228729568478889728e-01 4.679622183307531196e-08 0.000000000000000000e+00 inf 0.000000000000000000e+00 -9.000000000000000000e+01
4.417672682205837642e-01 3.317422127392308240e-01 9.747499699553159233e-05 7.293327541377561674e-02 -4.192621432357615530e-01 3.666520612945993059e-08 4.859506063059349342e-10 5.697887300775658453e-10 inf 0.000000000000000000e+00 -9.000000000000000000e+01
1.093138465679410087e+00 5.495234680422580125e-10 2.986322622118769217e-08 1.513201757085503923e-05 -2.608625884007683138e-01 1.165070580403202181e-04 2.471155440596484709e+01 -7.897712719652942865e-09 inf 0.000000000000000000e+00 -3.000000000000000000e+01
1.003592995148636646e+00 1.188232430442106748e-09 4.756631380430240716e-10 2.050906873254243479e+00 -2.888359833909067139e-06 -2.862584444315128141e-04 -1.536188344652567823e-09 6.676129144707823463e-04 inf 0.000000000000000000e+00 -2.000000000000000000e+01
7.028029330236077454e-01 7.139443060507676651e-03 2.868583400096357816e-01 -4.131992690568484145e-04 -3.534504546547297954e-01 1.762129802916334032e-01 2.532471307022149165e-05 8.754221802051873557e-05 inf 0.000000000000000000e+00 -9.000000000000000000e+01
2.366809026613938063e-02 9.789700917068655528e-01 5.088477821805885408e-09 1.759500299959636749e+00 -6.666339834785982819e-03 1.709531415814068364e-06 1.724907736205384974e-08 1.269317613890935757e-03 inf 0.000000000000000000e+00 -8.000000000000000000e+01
3.231921475866441316e-03 1.926910832571869677e-07 8.113994673619284725e-01 1.069321268352136520e-06 -9.359844249489962520e-01 1.139390753172931589e-06 1.841820887404968174e-02 1.066274769012101897e-06 inf 0.000000000000000000e+00 -9.000000000000000000e+01
4.678061291353322457e-06 0.000000000000000000e+00 1.960899812861200818e-05 -2.144734170316938607e-06 -1.006919184294744474e+00 -2.112032578925625119e-03 0.000000000000000000e+00 -8.815440329428696903e-03 inf 0.000000000000000000e+00 -9.000000000000000000e+01
6.513581499118213936e-01 4.551615115858324377e-06 1.519293915945921976e-09 7.854684897116088679e-03 -3.070967853938617043e-01 -1.244524393037226284e-01 0.000000000000000000e+00 4.681757031152301240e-10 inf 0.000000000000000000e+00 -9.000000000000000000e+01
3.003299151091355923e-01 9.971411565399687720e-09 0.000000000000000000e+00 1.006637738983206642e-07 -7.249342778496377093e-01 4.674099171281103877e-10 3.843148207497796739e-10 1.022236994875445149e+01 inf 0.000000000000000000e+00 -3.000000000000000000e+01
1.751595877392397027e-01 0.000000000000000000e+00 2.223751535616872642e-09 6.464709548966203314e-06 -8.321661280319113674e-01 8.527521778530803987e-10 2.412205055584404222e-09 9.846696418303525046e-10 inf 0.000000000000000000e+00 -9.000000000000000000e+01
2.160364980945737301e+01 1.730591286253520544e-01 1.958730916057468676e+03 -1.354580152690382420e+04 -6.863072519178342645e+02 1.436335877882346325e+07 6.559369036349738735e+01 1.246374045818665400e+04 inf 0.000000000000000000e+00 -2.000000000000000000e+01
1.005100929374584950e+00 9.396363322414981080e-12 5.237596133037380031e-09 2.751209204713455257e-09 -4.026451107667710153e-03 4.915101449789685245e-07 3.931139569515696588e-08 2.336320971703191136e-08 inf 0.000000000000000000e+00 -9.000000000000000000e+01
2.809641173068833119e-05 -1.194962462397343222e-03 3.029783419036842229e-01 8.470680394390112762e-06 -9.929870818520747378e-01 2.634262297297657366e-04 0.000000000000000000e+00 4.092383484443121747e-09 inf 0.000000000000000000e+00 -9.000000000000000000e+01
9.678881329803410427e-01 5.042137764239012923e-04 0.000000000000000000e+00 6.536020184980398130e-09 -3.874384980471055895e-02 8.290616009546169081e-10 5.472853294256294640e-05 8.682536039088352070e-09 inf 0.000000000000000000e+00 -9.000000000000000000e+01
4.155863487295261526e-03 2.500366706363710834e-01 1.121016693688646716e-06 2.754281015544173409e-05 -7.431368776682583110e-01 -2.619906150492653518e-01 1.045970136128245576e-01 -2.016231957641494432e+00 inf 0.000000000000000000e+00 -3.000000000000000000e+01
3.678003059375201428e-09 0.000000000000000000e+00 5.449636366069168097e-02 2.194610484895792801e+00 -3.299964421053576125e-01 6.833005597455956738e-03 1.169365103116572070e-09 9.083068424891801529e-08 inf 0.000000000000000000e+00 -2.000000000000000000e+01
3.284511675361459840e-04 -3.755727128786896506e-07 0.000000000000000000e+00 5.355993470617835440e-06 0.000000000000000000e+00 1.574654615562381260e-02 1.108056140480606240e-06 8.133167528924144241e-02 inf 0.000000000000000000e+00 -1.000000000000000000e+01
7.792549176528278387e-01 1.274970812371565986e-08 2.611979178324066453e-01 2.628353622777829731e-06 -1.028304095120936429e-01 4.655065846387056190e-10 0.000000000000000000e+00 -1.985451282393841943e+00 inf 0.000000000000000000e+00 -8.000000000000000000e+01
1.299520711625755189e-05 8.368167177248693189e-01 5.617483912406628631e-07 1.940702600681079915e+00 -1.283415710695056666e-01 4.242186420391301806e-10 4.518550356573145638e-10 -3.581786981618248922e-03 inf 0.000000000000000000e+00 -9.000000000000000000e+01
5.388362623033763437e-08 -4.213068396414911356e-04 1.537417598971015265e+00 1.440013612055877931e-07 -6.264994286217130724e-07 -9.481648068991299252e-07 7.369039631547535593e-03 5.095421542253321883e-10 inf 0.000000000000000000e+00 -9.000000000000000000e+01
6.008139293507068480e-07 0.000000000000000000e+00 0.000000000000000000e+00 0.000000000000000000e+00 -9.652617280532506117e-01 2.432022758610774164e-08 3.232449210541814534e-06 2.874068971981743723e-06 inf 0.000000000000000000e+00 -9.000000000000000000e+01
8.298535298139239069e-01 4.209627647673444249e-09 9.044030194898792230e-01 1.059387484868838936e+00 1.835865390790918636e-08 6.340020806174848925e-10 7.465073028540907294e-07 1.077664677804401728e-06 inf 0.000000000000000000e+00 -9.000000000000000000e+01
4.669834467210857154e-01 8.532267648034790319e-01 1.745732511106862575e-02 1.225883433012826800e-08 3.089096183984576527e-10 -5.221001772719498918e-04 0.000000000000000000e+00 -1.359591482038791967e-03 inf 0.000000000000000000e+00 -9.000000000000000000e+01
1.593764501673573114e-02 -6.775601219584916901e-01 1.052003816793892099e+02 3.959568402239380808e-02 -4.586861879770987827e+01 3.221496183206103742e+06 0.000000000000000000e+00 -2.348222805343509023e+00 inf 0.000000000000000000e+00 -2.000000000000000000e+01
5.855460494533891100e-03 3.703406543366376258e-02 7.400053474250092131e-08 4.937875391155168575e-02 -9.840480243802086635e-01 2.674110232740374349e-07 -2.964225965537679232e-08 1.865780527953680882e-08 inf 0.000000000000000000e+00 -9.000000000000000000e+01
4.514456865927971574e-01 3.531709096747912560e-10 7.776904361038585733e-01 1.091140697575364231e-05 -5.116384448051701783e-01 -1.242802825258135318e-07 6.877492881687143999e-05 4.114739330923932776e-05 inf 0.000000000000000000e+00 -9.000000000000000000e+01
4.230070393608666990e+00 2.027547600177459231e+01 2.587335042399357531e-04 2.417183082062095423e+00 -1.204081871101827517e+00 2.170413943535159262e+02 3.480924700701429989e-08 9.876177144992517309e-01 inf 0.000000000000000000e+00 -2.000000000000000000e+01
2.316368149611610500e-02 6.056123729544406203e-06 2.157333918444245935e+00 2.544547698677828707e-01 -3.230382820587087388e-03 -5.415482905750092441e-04 6.752472451059965119e-07 2.074359536965621142e+00 inf 0.000000000000000000e+00 -2.000000000000000000e+01
3.765877044472011326e-01 8.231131254345968040e-01 1.319392657498558048e-09 2.510584696314674402e-01 1.837129016770144073e-09 7.164803165403562444e-10 9.172145191788578817e-05 -1.502764268222640753e+00 inf 0.000000000000000000e+00 -9.000000000000000000e+01
4.772254935742160052e-03 1.209294971874958797e-09 1.251738999538927130e-02 1.034966490504191095e-04 -1.001391199631141760e+00 6.142845409832696273e-09 4.536255071876452470e-07 2.412205363694807508e-03 inf 0.000000000000000000e+00 -9.000000000000000000e+01
1.477660430424964678e-02 2.696102828867206016e-04 1.537860500308220872e-08 9.963181840518239248e-09 -9.838520402999340053e-01 -2.390609868330834803e-02 8.751443508563318846e-10 0.000000000000000000e+00 inf 0.000000000000000000e+00 -9.000000000000000000e+01
2.811502860773616513e-09 -8.767316981900748207e-02 1.550430792588763929e+00 4.908670076214806123e-10 -2.522526289529338217e-01 5.223218815971571519e-03 9.045704856402071672e-09 1.570170073512926505e-03 inf 0.000000000000000000e+00 -9.000000000000000000e+01
3.778075738267172890e-07 2.967884048871208182e-09 0.000000000000000000e+00 2.021179712933815598e+00 0.000000000000000000e+00 1.833126511376089829e-04 8.730797896042400211e-03 -2.390055924041606938e-01 inf 0.000000000000000000e+00 -2.000000000000000000e+01
1.634423009849217748e-02 4.273184284510602652e-06 1.522208892755092524e+00 3.268846019698435496e-02 -9.117397013897689598e-03 -3.821149877271084040e-04 4.820360320941838694e-07 2.829747300634466792e-02 inf 0.000000000000000000e+00 -9.000000000000000000e+01
4.680790791985248234e+01 1.154711135869389941e-06 0.000000000000000000e+00 3.464133407608169929e-07 -1.142801765267301484e+01 1.641526717557432712e+05 3.819877747446719469e-08 2.078959923664351095e+02 inf 0.000000000000000000e+00 -2.000000000000000000e+01
5.268857415091067548e-07 0.000000000000000000e+00 2.249872839162209235e-07 2.009691415184228447e+00 -2.773696278307914015e-03 7.705103101026337479e-11 9.496485614710331802e-11 -2.651161184237496582e-01 inf 0.000000000000000000e+00 -2.000000000000000000e+01
1.626284757740386056e-01 8.292843418238889059e-09 2.335264706576071117e-07 3.462811651462418538e-01 2.533924377795216193e-09 4.542635339101969159e-09 1.265100169122099476e-04 -1.899599534516526855e+00 inf 0.000000000000000000e+00 -9.000000000000000000e+01
1.009138192956117619e+00 9.454979279409899582e-08 1.515566919366985326e-16 2.364774774022345231e-07 -2.018710172945904328e-08 0.000000000000000000e+00 -2.323431769922392827e-11 5.582657892858135716e-17 inf 0.000000000000000000e+00 -8.000000000000000000e+01
2.836099670748771737e-06 4.640215429890005699e-09 1.529750467282120718e+00 4.937189217402966911e-07 -2.394796622504512436e-04 4.788702323646486305e-07 8.166779156606410878e-06 3.491762110992229487e-08 inf 0.000000000000000000e+00 -9.000000000000000000e+01
9.361209371321140837e-01 2.954693424657170529e-03 3.324994428269557357e-03 4.966276480739043292e-05 -2.908405799205622012e-03 -1.658948496183493271e-01 1.484157261385909469e-06 -1.506758641000923350e-05 inf 0.000000000000000000e+00 -9.000000000000000000e+01
1.830560824356343452e-05 3.530185959658849603e-09 6.215749776076325006e-02 2.203965657340383633e+00 -7.968127168742244332e-03 8.734480724929112065e-08 2.038045502483459636e-08 1.499748073427060405e-03 inf 0.000000000000000000e+00 -2.000000000000000000e+01
2.430059168382274850e-04 1.448830786982863776e-08 1.529537411880359743e+00 6.816949283890913548e-06 -3.565337776004882009e-05 -4.128285845900389866e-04 4.297243567398976109e-07 -1.145320780223607776e-08 inf 0.000000000000000000e+00 -9.000000000000000000e+01
9.770779725101866875e-01 1.920282636403076900e-05 5.562830590157996635e-01 1.395484897261863303e-05 1.741374316241299411e-05 1.087116528760799810e-09 -9.864805986698001193e-07 0.000000000000000000e+00 inf 0.000000000000000000e+00 -9.000000000000000000e+01
1.684664739904697450e+00 5.249213759734664038e-03 3.440795604704124141e-05 3.192738247155687496e-04 -5.161193407056186212e-05 2.720629082789307571e-05 -1.623910648170820801e-09 1.288788191374251983e+04 inf 0.000000000000000000e+00 -3.000000000000000000e+01
1.649386100670345412e+00 5.315785212894785956e-03 3.495504804548360120e-06 1.793658643754985627e-01 -5.044664935560896901e-02 3.743287604358231047e+00 0.000000000000000000e+00 1.462221720452433926e+00 inf 0.000000000000000000e+00 -3.000000000000000000e+01
4.458529297199587127e+00 2.144657163002615619e+01 4.943358709048582433e+00 6.036601500472787984e-01 -3.172780709894162388e-01 2.318054976181550728e+02 1.354670415460428767e+00 1.257916635514205803e-07 inf 0.000000000000000000e+00 -2.000000000000000000e+01
1.575915712135475153e-03 5.595942753400359029e-10 1.232239417541921123e+00 1.225563197787437192e-01 -2.689562815377877780e-01 1.778959225873970123e-04 -8.157640991623635635e-09 -4.396767581167381200e-01 inf 0.000000000000000000e+00 -9.000000000000000000e+01
4.358655314366629563e-01 1.688674661122744858e-09 5.205479775443574431e-01 1.128732411731732103e-05 -5.466999094305572404e-01 3.993437220589172458e-08 3.440224373125089913e-02 3.266008135797836008e-09 inf 0.000000000000000000e+00 -9.000000000000000000e+01
8.927930909496081258e-01 2.611312190656788770e-05 1.238579474096392907e+00 1.859367555847228484e-06 -7.035995878825378538e-03 9.767976925050417605e-04 8.883230968216016723e-06 4.635973423412600492e-04 inf 0.000000000000000000e+00 -9.000000000000000000e+01
3.341411688846113170e-01 3.204227631239527918e-01 2.392300111721981475e-04 6.634894841103932498e-08 -5.330580524141600440e-01 6.807921918276207376e-10 -1.528081696362415751e-05 1.221795513058650251e-02 inf 0.000000000000000000e+00 -9.000000000000000000e+01
1.922988123788723844e-07 3.320452235459696033e-01 1.227073698086835751e+00 0.000000000000000000e+00 -8.543189759353393650e-09 -2.816342115057381341e-09 -3.298116383250175790e-07 1.424435647250906512e-07 inf 0.000000000000000000e+00 -9.000000000000000000e+01
9.845407532667193040e-01 2.363069525213324157e-06 2.310855022460347186e-01 6.843479901951302105e-09 -5.081710640427398888e-06 -2.287795019610164987e-02 0.000000000000000000e+00 -1.052507077456729556e+00 inf 0.000000000000000000e+00 -9.000000000000000000e+01
3.957591682425617291e-02 7.433304578324683081e-09 4.279721237971888526e-01 1.499870803063169746e-05 -9.461405231473336563e-01 1.046258191275338332e-06 -9.977359927548353157e-10 1.830896976395470881e-09 inf 0.000000000000000000e+00 -9.000000000000000000e+01
0.000000000000000000e+00 3.027938246982539806e-08 4.567975052830548012e-05 2.240604523120235216e-04 -1.007645278603561012e+00 2.047932949662857469e-05 0.000000000000000000e+00 5.101079094067807080e-10 inf 0.000000000000000000e+00 -9.000000000000000000e+01
4.356922176910548589e-02 9.121033342317410586e-01 1.240215141306018373e-08 1.273708231227785665e-07 -1.099410268940045066e-01 0.000000000000000000e+00 6.213210884037978587e-06 -1.837236716095364208e+00 inf 0.000000000000000000e+00 -9.000000000000000000e+01
6.402935352222729470e-01 2.427290084861714496e-09 2.428951098138247523e-04 6.736663558600820020e-08 -3.671350407438864760e-01 2.245403156213442880e-04 -1.978876248876799423e-06 6.832878051387392300e-03 inf 0.000000000000000000e+00 -9.000000000000000000e+01
1.466683759034135334e-03 2.828459095437336408e-07 1.246123568702290356e+02 5.553810651065740770e-04 -2.904702688901479590e-03 -3.149212188734353759e-07 2.384541984732824858e+03 1.700779863896260957e-02 inf 0.000000000000000000e+00 -2.000000000000000000e+01
4.703041254067857335e-01 3.049128492173470464e-08 4.721231213687954317e-05 1.470506148690008173e-04 -5.383744593472415962e-01 7.513682102210589644e-04 0.000000000000000000e+00 0.000000000000000000e+00 inf 0.000000000000000000e+00 -9.000000000000000000e+01
1.584382277695770336e+00 3.386999334867140928e-05 4.353129525352240070e-01 7.487427012820444384e-11 -1.215968665803892403e-04 2.807964630767751046e+00 1.040934974953086220e-09 2.384416893165911766e+00 inf 0.000000000000000000e+00 -3.000000000000000000e+01
2.599875245201083374e+00 3.752358079480985632e-08 2.582465366326969127e-03 8.034357329169976936e+01 -4.070661812486267905e+00 8.519271203474909998e+04 5.936473997602484635e-06 2.274313640540881470e-10 inf 0.000000000000000000e+00 -2.000000000000000000e+01
4.356361302819560244e-01 3.929754602991903651e-07 7.298432964242790311e-01 6.300928566831086455e-06 -5.307951246722029115e-01 8.389160199254851874e-04 -8.898562965418955239e-06 4.356565916482956543e-04 inf 0.000000000000000000e+00 -9.000000000000000000e+01
1.940524111102959467e-10 3.057989591357871002e-16 2.638397421245129271e-19 2.277499016406681065e+00 -2.749940585252856952e-10 0.000000000000000000e+00 2.261328872573700624e-16 3.488869850071397538e-19 inf 0.000000000000000000e+00 -2.000000000000000000e+01
8.182462172494802122e-01 4.681171495697281015e-10 4.784229844904880106e-08 7.773339063870061683e-01 -1.855665528405071041e-01 0.000000000000000000e+00 0.000000000000000000e+00 -1.231265736432551217e+00 inf 0.000000000000000000e+00 -8.000000000000000000e+01
9.099730383532669276e-01 8.732294782635569523e-08 5.303017479745796292e-01 -2.090831145138094018e-09 -6.409532313797812464e-02 0.000000000000000000e+00 -1.581829371960287748e-04 1.990901715407229401e-09 inf 0.000000000000000000e+00 -9.000000000000000000e+01
7.911803530837254739e-01 1.349764462445021726e-09 0.000000000000000000e+00 7.528135451484928407e-07 -2.166755285149748189e-01 1.640756264232523783e-05 -9.746438177952885417e-10 1.788521645026405807e-09 inf 0.000000000000000000e+00 -8.000000000000000000e+01
6.351790658570000137e-02 1.193018339728525826e-08 6.942654905878836713e-01 2.452317432678279246e-04 -9.040222983825209058e-01 6.508333259980267904e-07 1.620039664280802624e-08 0.000000000000000000e+00 inf 0.000000000000000000e+00 -9.000000000000000000e+01
2.027138441904325461e+00 -6.704417605708780168e-08 3.731919510738737752e-04 6.309056380418695542e-02 -7.673872658631719634e-02 8.306323371705529368e+00 6.592320136274229525e-02 0.000000000000000000e+00 inf 0.000000000000000000e+00 -2.000000000000000000e+01
1.591387364635413540e-03 3.906338400899492786e-08 1.523303661731011616e+00 0.000000000000000000e+00 -2.847583960680952556e-02 3.075144665962151804e-05 -2.787225237398556886e-07 6.873483954285424174e-10 inf 0.000000000000000000e+00 -9.000000000000000000e+01
1.416020062093674859e-03 1.874882774891572714e-06 3.220714961905661700e-10 1.033528466875192945e-09 -2.675669810581913534e-03 1.357381194491636279e-07 0.000000000000000000e+00 -2.277307749432419204e+00 inf 0.000000000000000000e+00 -3.000000000000000000e+01
2.244084530678502366e-03 -5.061108265293454870e-09 2.382368658514907311e-01 6.027186492869626537e-04 -9.937048905577454683e-01 1.344808767635118063e-09 7.880868584528380600e-10 0.000000000000000000e+00 inf 0.000000000000000000e+00 -9.000000000000000000e+01
1.051808131560114795e-01 2.214217557251909057e+03 1.712245795562977513e+00 1.176452363720377226e-04 -1.761167104007633988e+00 1.385038167938931612e+06 1.903625954198473664e+03 1.700779863896260957e-02 inf 0.000000000000000000e+00 -2.000000000000000000e+01
1.007374116649394580e+00 -2.695309294546691928e-09 5.002188741307242448e-03 1.516369878041136049e-07 1.997232138023979501e-08 6.877411621778432437e-10 -7.225655123551721543e-07 9.620425505609135569e-10 inf 0.000000000000000000e+00 -9.000000000000000000e+01
1.475366809601919016e-01 1.552319479679306642e-06 1.085152242903780746e-06 2.666163883581898958e-05 -7.193618561849879356e-01 -3.027876981797402167e-01 0.000000000000000000e+00 -1.743439994614555122e+00 inf 0.000000000000000000e+00 -9.000000000000000000e+01
6.427055630490011717e-01 1.406948591697848386e-05 9.920179900784829863e-03 2.550001171724615871e-08 -5.158493548408111563e-03 -6.563801494968521943e-01 1.189348491710681081e-05 1.073096383498358878e-06 inf 0.000000000000000000e+00 -9.000000000000000000e+01
1.000029317084276892e+00 0.000000000000000000e+00 5.331521129468339698e-02 2.178541556902755083e+00 3.451544755815811327e-01 0.000000000000000000e+00 1.581994325525836774e-05 -6.336307803868141547e-03 inf 0.000000000000000000e+00 -2.000000000000000000e+01
4.223759805119512853e-06 -4.829725345342625110e-09 0.000000000000000000e+00 2.254729609446617378e+00 0.000000000000000000e+00 2.029862166707617607e-04 6.074654549266345504e-10 1.744796777678460457e-05 inf 0.000000000000000000e+00 -2.000000000000000000e+01
9.791490076503267131e-14 3.133276824481045381e-13 1.540440366268064132e+00 1.764661507547724784e-10 -1.537134761483649420e-07 1.161926473151553926e-09 3.527489600542153677e-08 1.818419585636321228e-14 inf 0.000000000000000000e+00 -9.000000000000000000e+01
2.647574719821419453e-01 -6.832611185725322210e-04 2.493331628036027592e+00 9.978378374039556595e-07 -4.804179739963117095e-05 -2.220598635360729800e-04 -1.435908362145699718e-08 3.549181246030876036e+00 inf 0.000000000000000000e+00 -2.000000000000000000e+01
3.038352223753892356e-01 1.622118230340887091e-01 9.656916297664912014e-05 6.321762597513905088e-08 -6.388650261034878319e-01 0.000000000000000000e+00 1.675490209374038150e-06 6.437971468791733953e-10 inf 0.000000000000000000e+00 -9.000000000000000000e+01
5.903883202438671906e-04 3.743794548991676116e-05 6.843333230271979491e-03 1.897989367800411351e-06 -9.553775842684991693e-01 0.000000000000000000e+00 1.646192250606987517e-03 7.498362607476853278e-03 inf 0.000000000000000000e+00 -9.000000000000000000e+01
1.861402048616918325e-01 5.829734359571018702e-05 1.233413882719897492e+00 4.888530632731300646e-02 -7.031963294775024353e-01 -7.249456765670181183e-10 4.862893572575234088e-06 -1.637834031098377467e-03 inf 0.000000000000000000e+00 -9.000000000000000000e+01
6.233819190725190529e-01 2.074332195987838284e-03 5.772054806227028267e-01 1.713578770598648757e-02 -3.497865212573578741e-01 3.558212496514464193e-06 6.605592505905564690e-09 4.279873477784646848e-08 inf 0.000000000000000000e+00 -9.000000000000000000e+01
1.581418677277110659e-09 0.000000000000000000e+00 0.000000000000000000e+00 1.447138327546815484e+00 -1.468758243803543427e-07 3.398172482254561933e-08 0.000000000000000000e+00 -8.176555565860489372e-01 inf 0.000000000000000000e+00 -9.000000000000000000e+01
-8.005397496183207512e+09 9.200365090643177772e-06 2.037890198576541934e-05 1.627326239156359387e-05 -8.265744274809162562e+01 0.000000000000000000e+00 1.562424288451216836e-01 0.000000000000000000e+00 inf 0.000000000000000000e+00 -2.000000000000000000e+01
9.921948001938510897e-01 6.818893011687278231e-03 2.749573361483946266e-01 2.019615451282158247e+00 -2.814429767865076640e-06 1.678120396777568746e-01 -2.872659349269181592e-05 1.987644365236277598e-07 inf 0.000000000000000000e+00 -2.000000000000000000e+01
2.564712872851596731e-08 1.596007444722016627e-04 9.159688831612845232e-09 -6.550776825351560736e-07 -6.997658909873725325e-03 -1.217684122983516692e+00 2.411876922061256570e-05 8.337352323174714388e-05 inf 0.000000000000000000e+00 -9.000000000000000000e+01
7.684336391628597829e-01 3.287857875242931368e-09 0.000000000000000000e+00 7.627646575742080826e-03 -2.420464049087257541e-01 1.140165959964787104e-02 0.000000000000000000e+00 1.306031303791649401e-09 inf 0.000000000000000000e+00 -9.000000000000000000e+01
1.423889387332465445e-05 2.158063577762960299e-04 8.317286373790641078e-07 2.252183988019497818e+00 -1.294415185422045367e-01 -4.602106627412103676e-05 0.000000000000000000e+00 5.152100096631565092e-10 inf 0.000000000000000000e+00 -2.000000000000000000e+01
4.904041754889774674e-01 1.900616672774376511e-03 1.230818322795864950e-01 2.512665245280168769e-07 -5.115588654120313272e-01 -1.518832778282948942e-08 -2.776168403701144735e-10 1.367242033379195741e-03 inf 0.000000000000000000e+00 -9.000000000000000000e+01
1.176154113867139639e+00 7.601345364730859311e-01 3.941450633346624265e-09 1.629089008699709240e-02 -2.860498230523561768e-06 1.083705318890683333e+00 2.552613950183268088e+00 1.400860434811196305e-06 inf 0.000000000000000000e+00 -3.000000000000000000e+01
8.483443115459908812e-01 2.077853996866631411e-09 1.210727609981975122e-01 1.617782582303501152e-02 -1.502972205494865765e-01 -1.170565892366543138e-07 6.482546133726227303e-05 3.903797435876014428e-05 inf 0.000000000000000000e+00 -9.000000000000000000e+01
4.744884670816029715e-02 9.933216507128884709e-01 1.350650200658307540e-08 1.353293351735916779e-07 -1.197307346841428033e-01 -1.128573036189420148e-01 0.000000000000000000e+00 0.000000000000000000e+00 inf 0.000000000000000000e+00 -8.000000000000000000e+01
1.007748484637554176e+00 1.222283235896271369e-08 1.717016926616190545e-09 4.976671704860704047e-06 9.744740404128444589e-06 5.729452668263771265e-10 0.000000000000000000e+00 7.602892747092878331e-10 inf 0.000000000000000000e+00 -9.000000000000000000e+01
0.000000000000000000e+00 5.796185034951933619e-08 8.974738118635252238e-05 2.795331766017593073e-04 -1.007728589314134338e+00 8.811136121680963683e-08 0.000000000000000000e+00 4.802156830243065402e-10 inf 0.000000000000000000e+00 -9.000000000000000000e+01
2.278162912556960362e-04 -9.685197149594674745e-03 1.503757974764504679e+00 5.616190585392219362e-04 1.013683475217847227e-08 -1.713265921769455136e-02 0.000000000000000000e+00 -4.363583408914856882e-02 inf 0.000000000000000000e+00 -9.000000000000000000e+01
6.301222938673706198e-01 1.559510677827775584e-09 0.000000000000000000e+00 3.287564952324895790e-03 -3.630289340100941731e-01 -3.842873851007753971e-02 8.500372867946596488e-06 0.000000000000000000e+00 inf 0.000000000000000000e+00 -9.000000000000000000e+01
2.077226145820863790e-01 3.033911040943556570e-01 1.900527700587529012e-01 2.884478903429358310e-01 -5.888046340909414145e-02 -3.950131134562930302e-01 -4.152287665654845750e-01 -6.799984944745157689e-01 inf 0.000000000000000000e+00 -9.000000000000000000e+01
3.799083200766621509e-04 4.560454881272904613e-06 2.854664860684083208e-09 -2.999807411656971722e-07 -1.007352269802871847e+00 7.406066584854051336e-08 4.763858878763080127e-10 4.690849547287783804e-10 inf 0.000000000000000000e+00 -9.000000000000000000e+01
9.047776422568545907e-08 1.556887172934766916e-01 -6.031438514126149933e-05 2.214239534840557244e+00 -4.019622894285705133e-09 1.620701640119674442e-04 -2.887039770164322389e-07 3.299474023044939571e-06 inf 0.000000000000000000e+00 -2.000000000000000000e+01
7.616213777626259507e-01 9.730806271391003415e-10 9.108838588316833240e-01 5.097088999300049605e-10 -9.352825336218177632e-02 -1.172686909629172137e-09 0.000000000000000000e+00 -1.037182881274731905e+00 inf 0.000000000000000000e+00 -8.000000000000000000e+01
4.715341009611948575e-01 1.625534064465074052e-04 1.591033770503808842e-01 1.306170463408654926e-02 -5.292944028606730855e-01 0.000000000000000000e+00 2.709234916716045982e-10 2.206510459245992659e-09 inf 0.000000000000000000e+00 -9.000000000000000000e+01
2.010890516300189848e-07 2.159679153643602996e-05 7.470717180997218213e-09 2.741025012776567627e-06 -1.072385093482268459e-01 5.174887577992206293e-10 4.524831618068643202e-01 -2.606303012007538555e+00 inf 0.000000000000000000e+00 -3.000000000000000000e+01
6.488024430690827460e-01 9.360643300203381665e-06 8.450580757128052539e-07 3.525457098084828849e-04 -1.282457747389470937e+00 0.000000000000000000e+00 2.559260562979429210e+02 2.580617164970550275e-08 inf 0.000000000000000000e+00 -3.000000000000000000e+01
2.271845996530612909e-08 1.883665504466695541e-06 1.533712189594315101e+00 1.301225225624810039e-09 6.463740941621613253e-10 5.446496465563129703e-10 -4.123230942957052660e-08 -1.204434820625635691e-03 inf 0.000000000000000000e+00 -9.000000000000000000e+01
1.030087070255214172e+02 -9.211460002928086853e+10 6.476335875627676724e+05 6.527633585533638252e+05 -2.404836640391488746e+07 1.402665640077589357e-02 -1.236170757391267681e-04 2.097745705382958903e+01 inf 0.000000000000000000e+00 -2.000000000000000000e+01
2.006668793652532923e+00 7.553404232710949628e-01 5.461290738086801487e-08 2.767294692013041316e-05 -1.139636428093230958e+00 3.247017278181910171e+01 1.052201159765690528e-08 -2.787063661792231242e-08 inf 0.000000000000000000e+00 -2.000000000000000000e+01
5.995795562976540083e+01 1.679579833991498425e-07 2.896141459923394113e+00 1.765863549618156014e+02 -7.475787446698373140e-02 3.513893129770664964e+05 2.920229471366552008e-04 6.513037356255921401e-06 inf 0.000000000000000000e+00 -2.000000000000000000e+01
1.032357120143775564e+00 4.837702699357118426e-06 1.179599838362251508e-03 1.771158922161325327e-05 -2.471786212273177890e-03 -6.269023002142117083e-04 6.340873682101362263e-01 -4.465079648464487889e-04 inf 0.000000000000000000e+00 -1.000000000000000000e+01
1.388408192603884541e-05 5.215713316130994824e-06 1.603169816422886917e+00 1.087808925481156574e-14 -5.773555893516483914e-07 4.488067013305903655e-14 6.273665666744968061e-02 0.000000000000000000e+00 inf 0.000000000000000000e+00 -9.000000000000000000e+01
1.867458248478716998e+00 1.517984486660806705e-03 1.030964463857131364e-02 5.468433697606205144e-05 -4.290836148961214014e-01 8.812743269780794544e-03 6.797979806716513167e+02 -4.596119695722998381e-03 inf 0.000000000000000000e+00 -3.000000000000000000e+01
1.744772570670608536e+00 1.748048058592646713e-09 3.864385715143476359e-04 2.825341946824564965e-01 -9.490505346526491692e+00 4.763117591274965493e-03 1.920390824932766840e-09 1.453331613088603592e+10 inf 0.000000000000000000e+00 -3.000000000000000000e+01
6.280149549185027880e-01 5.750338183165788924e-09 1.323685984347585082e-09 7.126355938987580660e-10 -3.809406502860918087e-01 1.619206576201929805e-09 4.358919588414607998e-02 -8.362514926020063744e-01 inf 0.000000000000000000e+00 -8.000000000000000000e+01
1.311651788588773064e-02 1.062603980628879397e+00 0.000000000000000000e+00 -1.114715937320487373e-08 -1.494286847759361721e-02 -1.240590147384216663e-01 0.000000000000000000e+00 4.322691063757003736e-09 inf 0.000000000000000000e+00 -9.000000000000000000e+01
3.948096863810311996e-01 4.415973640512296947e-08 3.678493027045487071e-03 9.260967952147645121e-01 -6.843367897271207534e-01 2.095903273380782805e-01 2.649584184307378433e-07 1.408946604561935999e-03 inf 0.000000000000000000e+00 -9.000000000000000000e+01
6.715917223282436055e+01 -8.234606686097966784e-07 9.710070915264245115e-08 -1.142114287114324173e-05 -2.293430939885493913e+01 3.221496183206103742e+06 0.000000000000000000e+00 -2.348222805343509023e+00 inf 0.000000000000000000e+00 -2.000000000000000000e+01
4.203127499331207884e-01 8.788357498601615525e-01 1.798129411478591524e-02 1.269375992846463213e-08 -1.973727986818297683e-02 -8.265479815794765130e-06 -2.967459445018380942e-08 -1.293658251284819029e-09 inf 0.000000000000000000e+00 -8.000000000000000000e+01
1.437597650650082604e-01 5.568140618573346540e-10 9.570144649092967581e-01 1.104407148225045265e+00 -1.006837343776592064e-01 4.751986819048670610e-03 0.000000000000000000e+00 7.752862458499694798e-10 inf 0.000000000000000000e+00 -8.000000000000000000e+01
4.896954416697857360e-01 2.208084943648650433e-09 0.000000000000000000e+00 7.314281375836154654e-08 -5.290563045935983144e-01 3.902962644535212103e-10 1.116980469541016533e-09 5.871714610281686397e+00 inf 0.000000000000000000e+00 -3.000000000000000000e+01
1.222241636997997694e-06 6.871006379950971299e-01 3.125313691563321029e-07 4.748966436529767819e-08 -6.261874608678722476e-01 7.458927100310974922e-07 0.000000000000000000e+00 2.972642408187115574e-10 inf 0.000000000000000000e+00 -9.000000000000000000e+01
2.413790868277428452e-08 1.675860517118328857e-07 2.492908036394224716e-04 9.427853338771360284e-05 -1.000846786319115500e+00 3.297410739700415943e-09 8.189647588798418128e-08 6.011227537050323547e-03 inf 0.000000000000000000e+00 -9.000000000000000000e+01
1.928995454354250159e-03 8.127789835762290385e-04 3.268048829796087515e-05 1.693289549117143805e-07 -2.215828120915012496e-07 -2.996328772461196082e-07 0.000000000000000000e+00 -2.269365618569746168e+00 inf 0.000000000000000000e+00 -3.000000000000000000e+01
9.912808397137855554e-01 2.539533015752672638e-06 1.393010443176740665e-01 7.354520452408736391e-09 -5.461190121649947402e-06 -2.458637345869060103e-02 -1.497647801217779143e-07 7.786773451514366127e-08 inf 0.000000000000000000e+00 -9.000000000000000000e+01
4.385569566533767046e-06 0.000000000000000000e+00 0.000000000000000000e+00 5.584019760579895881e-08 -6.555455331583971423e-01 1.653453036574007278e-05 8.584519151512905814e-06 2.715320731619842613e-06 inf 0.000000000000000000e+00 -9.000000000000000000e+01
2.543090045758150694e-05 0.000000000000000000e+00 1.175608072050073671e+00 -1.955171379265675249e-06 -9.211319345026491856e-01 -1.932092153474063373e-03 0.000000000000000000e+00 -7.868375291684229222e-03 inf 0.000000000000000000e+00 -9.000000000000000000e+01
2.935104927478708978e-06 -8.269512573377959086e+00 2.676387471865084368e-08 4.540937410597759599e-06 -2.104796752273801808e+00 2.692069429708043640e-09 4.543765754365107708e-18 -2.063048676229335867e-08 inf 0.000000000000000000e+00 -2.000000000000000000e+01
4.830503424706723094e-06 -1.213349775595298774e-03 4.694219629025342207e-06 8.631307059820791166e-06 -1.008266527901708676e+00 2.674796629906569406e-04 0.000000000000000000e+00 4.258868615043153527e-09 inf 0.000000000000000000e+00 -9.000000000000000000e+01
1.541021216006679628e+00 0.000000000000000000e+00 2.817867366412214469e+00 1.720636229933673525e-05 -4.672367154186919495e-03 3.513893129770993255e+05 -1.223032711116412482e-03 9.626605128513949800e-04 inf 0.000000000000000000e+00 -2.000000000000000000e+01
2.795778240062749398e-08 0.000000000000000000e+00 1.141561011119176716e-07 2.270181163857810436e+00 0.000000000000000000e+00 1.426176955387477643e-02 7.537993565657750863e-10 3.275940656071663548e-04 inf 0.000000000000000000e+00 -2.000000000000000000e+01
7.066961318923269397e-01 1.185352936880101210e-02 2.368542318013711303e-08 1.580470582506801613e-02 -2.991605031173588669e-01 -2.745355868606801811e-07 1.264376466005441291e-01 -1.594017473214002667e+00 inf 0.000000000000000000e+00 -9.000000000000000000e+01
1.456378082108828464e-01 7.243028300370235614e-08 1.689231655122217290e+00 1.010467117797186925e-09 1.853041237560379661e-09 2.545531891365001020e-01 1.907192823320345430e-04 1.153281130341149094e-04 inf 0.000000000000000000e+00 -8.000000000000000000e+01
