3.670204884497908493e-01 2.588898063002774141e-01 8.187780018532869741e-02 1.624559527486680476e-05 -5.250576392836950879e-01 5.394045306108118636e-07 1.377068036971131495e-05 -3.909096363014825129e-05 1.143256432705410043e+04 0.000000000000000000e+00 0.000000000000000000e+00
3.294504770394123816e-01 3.754279661100714009e-05 4.714352416540091694e-04 1.742469286075504775e-01 -6.779443342545132811e-01 1.699886688656283046e-06 -5.125812168871253559e-05 2.092168232192348495e-05 1.765868492553901888e+04 0.000000000000000000e+00 0.000000000000000000e+00
2.029678943819817061e-01 1.991383114691141210e-01 4.232348931064851228e-06 0.000000000000000000e+00 -7.243382538052393071e-01 5.625001468570381521e-10 1.336956870790641375e-08 -8.274458682027444390e-10 2.352667046891670543e+04 0.000000000000000000e+00 0.000000000000000000e+00
4.456405906390875638e-01 6.366294151986965355e-01 -1.495985869454944825e-05 2.817085162254232000e-01 -2.204329350125486808e-01 3.839075065601207154e-10 2.327676299320234274e-02 5.318521191731054113e-06 2.742849466399568701e+04 0.000000000000000000e+00 0.000000000000000000e+00
6.122551465336733001e-01 1.986062555869857194e-01 2.900911347011552572e-05 2.334914910295006261e-08 -3.143457631531946794e-01 2.143060013819717496e-09 -3.380422045608482647e-10 1.738874813194244643e-03 4.598347265039337799e+04 0.000000000000000000e+00 0.000000000000000000e+00
6.165686120877880150e-01 1.235082235570174741e-01 1.166365780757582546e-05 2.454057345528829013e-03 -3.423220054493713027e-01 5.954252792989567377e-07 6.005262746823589441e-08 8.694878494435699703e-08 4.649394996798848297e+04 0.000000000000000000e+00 0.000000000000000000e+00
5.433248603999331072e-01 4.027772836645338028e-01 4.845324648884494884e-04 2.878638693491263781e-06 -3.225991358624603067e-01 8.017814780207346836e-02 -1.112766573355982976e-03 7.783428596292906790e-10 5.416814759969911393e+04 0.000000000000000000e+00 0.000000000000000000e+00
4.783154161767430024e-01 5.669897834117214245e-09 1.287245578095283838e+00 0.000000000000000000e+00 -3.384399468244438935e-01 2.302940508458920237e-09 8.133169643797958007e-09 -5.320084085996871954e-10 1.104830370068500924e+05 0.000000000000000000e+00 0.000000000000000000e+00
7.031869014228542270e-01 2.490453609205942401e-02 1.211273009992167021e-04 1.308708955425867682e-01 -2.949478392079194489e-01 4.820746288869125962e-10 4.601883679694650578e-05 0.000000000000000000e+00 1.219649238811340038e+05 0.000000000000000000e+00 0.000000000000000000e+00
6.675732332158538229e-01 1.047739798225217050e-03 2.443513534055338264e-05 1.791163064253789565e-09 -3.397470919044970339e-01 1.762149183212984305e-07 9.710768348351123490e-08 -6.010018215595359424e-09 1.254712268137124047e+05 0.000000000000000000e+00 0.000000000000000000e+00
8.291496432636952463e+00 1.187838752280223663e-03 1.350223662095059410e-06 2.939423484742315767e-02 -1.495989332775299052e-01 6.387894006366641406e+02 1.842570411809279918e-06 1.549155620337166334e-02 inf 0.000000000000000000e+00 -2.000000000000000000e+01
7.085273273081913627e-10 5.082454123703797095e-08 6.903694728702906014e-01 8.833824003713953514e-10 -9.837276058180062233e-01 0.000000000000000000e+00 2.317529250286952947e-01 7.135325421176206412e-03 inf 0.000000000000000000e+00 -9.000000000000000000e+01
4.887652336233493933e-01 3.644488589843670190e-01 8.461143039112438575e-08 3.506359284689245515e-01 -2.581955473271171919e-01 6.424388846463815383e-07 -5.928934790474542638e-01 -5.759245472449755173e-10 inf 0.000000000000000000e+00 -9.000000000000000000e+01
4.779036667838703067e-01 5.665017002532256510e-09 1.286137475434710131e+00 0.000000000000000000e+00 -3.410805310993266226e-01 1.896874875648929071e-05 1.199993318788323684e-08 2.117580442941414623e-05 inf 0.000000000000000000e+00 -9.000000000000000000e+01
3.826376291094088500e-01 9.478179803627559408e-02 9.141762927881519557e-05 6.556134912268545246e-08 -5.885832643487237670e-01 0.000000000000000000e+00 1.000856765862272673e-08 1.033358455959263427e-06 inf 0.000000000000000000e+00 -9.000000000000000000e+01
3.722870036184011688e-02 1.000174039571824075e-01 1.037213000609389104e-06 9.516323298336314269e-09 -9.601670779889510676e-01 0.000000000000000000e+00 6.386296460080831405e-01 3.241304757871651954e-02 inf 0.000000000000000000e+00 -1.000000000000000000e+01
6.821998484436885279e-01 1.566244864441354925e-03 8.857354504865598135e-08 2.899594313613290567e-06 -3.249475601222026055e-01 3.015578086157821953e-05 -1.124578658591778545e-03 3.198614977204660923e-07 inf 0.000000000000000000e+00 -9.000000000000000000e+01
2.799160787973046460e+00 2.974841357679106069e-02 0.000000000000000000e+00 0.000000000000000000e+00 -2.666239744968739611e+00 1.252720508840421802e-06 6.123400354014493496e+04 8.119322959432374593e-10 inf 0.000000000000000000e+00 -2.000000000000000000e+01
1.069837123804517010e+00 3.303802945316748380e-04 3.197112596799922546e-01 2.966503691737289411e-04 -2.684556110540101213e-03 1.794773922917541796e-09 2.175099317933686827e+00 -5.898274209054704675e-01 inf 0.000000000000000000e+00 -3.000000000000000000e+01
3.912862818038199686e-01 3.204221408335736904e-02 9.995233733206490001e-01 0.000000000000000000e+00 -1.723984112898018783e-01 1.207434565962282741e-01 -5.927406051087570349e-01 3.422140748449250536e-01 inf 0.000000000000000000e+00 -1.000000000000000000e+01
5.523274350081204265e-01 1.836194930213166238e-02 2.755114259912536913e-07 0.000000000000000000e+00 -4.485212149534027470e-01 3.064480903504410663e-09 -1.933541522449211559e-09 1.729083559284064989e-03 inf 0.000000000000000000e+00 -9.000000000000000000e+01
3.408087590317455118e-01 5.417065538294060234e-01 5.650250478684202271e-01 3.057759218563507225e-08 -2.421535919436086648e-01 -2.298665146822216920e-09 -2.014443220016999328e-05 3.474726384731258180e-08 inf 0.000000000000000000e+00 -9.000000000000000000e+01
5.019334128843360165e-01 5.043999161417529464e-01 2.528165838852306987e-02 4.537980602513096325e-03 -2.891975069321297553e-01 0.000000000000000000e+00 0.000000000000000000e+00 4.222653576697706690e+00 inf 0.000000000000000000e+00 -3.000000000000000000e+01
2.164848430668628587e-01 1.236014530595669521e-04 1.313569431520829278e+00 7.158385312330133076e-04 -5.434111636351048880e-01 1.281611953704939155e-09 5.254609010190250557e-08 3.340579812420728416e-05 inf 0.000000000000000000e+00 -9.000000000000000000e+01
4.033690440142484457e-01 2.513699356241516527e-04 2.008997573300536910e-01 8.651618639884221561e-07 -2.896885233717357293e-04 1.236004366386072445e-02 -1.249345365896271431e+00 -8.681555036562020943e-07 inf 0.000000000000000000e+00 -9.000000000000000000e+01
9.937804062214731227e-01 1.085424578490496766e-08 1.393607827720972636e-01 -8.000444298517963822e-04 -5.350161247522840579e-07 -1.926694973066260783e-08 -1.411417512420282128e-01 -1.208762779884779259e-04 inf 0.000000000000000000e+00 -9.000000000000000000e+01
2.244284865261573503e-01 0.000000000000000000e+00 0.000000000000000000e+00 6.001316467157498778e-09 -7.670535258667979805e-01 5.460739869352471792e-08 -4.653576547992613723e-04 -5.127941125142828835e-03 inf 0.000000000000000000e+00 -9.000000000000000000e+01
4.840101413715746648e-01 4.154486719215304838e-05 1.834143693618598692e-01 -3.821132695038747347e-04 -5.155981716505616541e-01 -1.592138622932811394e-05 3.653605996543958262e-10 0.000000000000000000e+00 inf 0.000000000000000000e+00 -9.000000000000000000e+01
2.256106851043460093e-01 8.484355493885444854e-01 1.193593118578952648e-05 1.783979471404249617e+00 -9.908577386339521842e-02 -5.500342384093897700e-10 1.236360146513141625e-09 7.331193813654827730e-08 inf 0.000000000000000000e+00 -9.000000000000000000e+01
1.598139519645977794e-02 4.213821055545948630e-02 1.414084125529446560e-03 8.419679046937381702e-09 -9.538558571190375313e-01 0.000000000000000000e+00 0.000000000000000000e+00 1.135943139213924759e-08 inf 0.000000000000000000e+00 -9.000000000000000000e+01
1.024908244830932347e+00 -1.271405164473815019e-01 3.964708349624467942e+00 0.000000000000000000e+00 -9.859876785715299130e-01 1.162422511165422901e-04 3.228227447819880922e+02 1.494549744361056032e+00 inf 0.000000000000000000e+00 -2.000000000000000000e+01
8.344219090700835118e-01 3.998271647627483216e-01 4.633130819031648878e-05 5.652978950017859171e-10 -6.189296895652966304e-06 1.801757377440826868e-02 -1.934155279891551864e-06 -3.340947096862639104e-02 inf 0.000000000000000000e+00 -9.000000000000000000e+01
4.866759918908520888e-01 2.374029228735863740e-03 1.559115875317254249e-04 -1.214097188863379323e-07 -5.780761171971827705e-01 8.241144554708998988e-06 -6.047127251435992434e+01 2.849138950224314613e+03 inf 0.000000000000000000e+00 -3.000000000000000000e+01
8.752671754867685377e+04 4.242455867904973843e+01 8.277485388024926394e+00 1.853129770810813934e+05 -1.070038167834098931e+04 9.959470899787622452e+09 1.842872317671407255e-07 1.040989584507424596e-07 inf 0.000000000000000000e+00 -2.000000000000000000e+01
2.525170499697365045e+01 1.702574416468417492e-02 2.300210989702054221e+01 3.593094271067140997e-08 -3.424028186345255166e-04 1.727689036763987679e+04 0.000000000000000000e+00 4.596122773850460590e-09 inf 0.000000000000000000e+00 -2.000000000000000000e+01
8.227883346780250298e-06 2.681505872202529251e-10 1.561941638236345077e-12 2.378174983106802129e-02 -9.897277533973463548e+00 1.066822336293560738e+03 4.607614674196939625e-05 3.050526561589281197e-06 inf 0.000000000000000000e+00 -3.000000000000000000e+01
1.030686788161926278e-08 3.783724280635016122e-03 7.305142962792102374e-05 4.688882459838651678e-05 -1.681191330945140061e+00 8.698216737091991381e-05 1.111590347560018444e+02 1.598000023110772394e-06 inf 0.000000000000000000e+00 -3.000000000000000000e+01
7.098363815464656668e-01 9.168659944897674573e-09 1.336351111082962451e+00 0.000000000000000000e+00 -6.625884920179386216e-06 1.644246350118316385e-06 -5.652784478027579867e-05 6.845932758856930948e-06 inf 0.000000000000000000e+00 -9.000000000000000000e+01
-4.538638117696866536e-02 1.626596314684021771e-01 1.872161345599728521e-01 2.817283920803868164e-02 -8.209307042344462027e-03 -1.838750044608032097e-01 -7.436663813671550161e-01 -7.536617767004371027e-01 inf 0.000000000000000000e+00 -1.000000000000000000e+01
7.956181709932509394e-01 2.335006561956585662e-07 2.096561396536269495e-01 9.621457457880607271e-04 -2.028142143502451589e-01 5.182689215360725392e-07 1.670391919770938621e-06 3.880349064917943958e-01 inf 0.000000000000000000e+00 -1.000000000000000000e+01
1.793901996396095377e+00 2.367499215703271209e-02 2.355232380388746355e-02 8.123484079748121919e-07 -2.712120620320700236e-04 0.000000000000000000e+00 1.663108091538506983e+02 7.367288787531937376e-06 inf 0.000000000000000000e+00 -3.000000000000000000e+01
1.004938509073566300e+00 1.139770992433822815e-02 1.077534494592315075e-04 1.379244153078163383e-03 -2.368207680422670662e-06 1.142802298264763983e-02 -5.989860321939452503e-02 2.480373766848939735e-08 inf 0.000000000000000000e+00 -9.000000000000000000e+01
1.077965807455190467e-13 1.146433572570315900e-03 7.751998052466497810e-09 1.037188086597177899e-06 -5.106388752499950342e-13 5.133170511691383388e-14 5.522932952096885307e-07 -2.277223503080140876e+00 inf 0.000000000000000000e+00 -3.000000000000000000e+01
1.009142426611526089e+00 7.229516330042754391e-11 1.189319197590231994e-15 5.105845908092695507e-10 -3.009286172380296333e-09 1.114155220655548996e-05 1.631159621965896410e-09 -1.020724583076761635e-16 inf 0.000000000000000000e+00 -8.000000000000000000e+01
9.490195840599358057e-01 1.620239401326103415e-04 9.357465828842723710e-01 1.566231421281899896e-05 0.000000000000000000e+00 8.768385431981272375e-09 -1.837734916665247849e-09 1.088260797890699413e-04 inf 0.000000000000000000e+00 -9.000000000000000000e+01
9.137018171144314360e-01 8.023753650471268325e-06 1.226971011553665170e+00 8.962703545739182163e-06 -3.364570458043360178e-06 9.655690358830499925e-10 -2.731490604415751117e-06 1.086769061810213474e-02 inf 0.000000000000000000e+00 -9.000000000000000000e+01
2.582573816072014639e-01 1.010971956469472050e-01 1.382274384118259869e+00 -1.297614694664186754e-09 -2.287088696664054424e-09 0.000000000000000000e+00 3.062803445891399930e-05 2.130964079047466275e-08 inf 0.000000000000000000e+00 -9.000000000000000000e+01
1.131303540994019974e+00 1.510777663286297075e-04 8.633632286533310385e-01 -1.237695515214616007e-03 -2.731236814782320166e-02 2.991297590940840044e-08 6.651724579378372582e+00 1.267498979212220505e-09 inf 0.000000000000000000e+00 -3.000000000000000000e+01
1.401312992646321434e-02 3.755854392866806987e-07 1.535351626725534879e-01 0.000000000000000000e+00 -9.865243468230102675e-01 3.951084447941566567e-09 2.588192730133958159e-05 4.241605363231388308e-09 inf 0.000000000000000000e+00 -9.000000000000000000e+01
1.872997889633228565e-07 1.222467746947543787e+00 -1.548469477234932511e-05 3.561498480911064178e-09 -3.222864199119520300e-07 5.679714298738168887e-07 -1.201707972680391647e-05 -7.365692648468867869e-05 inf 0.000000000000000000e+00 -9.000000000000000000e+01
8.454676258513383821e-03 3.773455509062815239e-01 1.686485422092932895e-01 9.433638772657039206e-01 -6.174566347291330190e-08 8.232184778026188643e-03 -5.126203710424956927e-01 -3.105981067601232826e-01 inf 0.000000000000000000e+00 -9.000000000000000000e+01
8.617547126763164256e-01 2.795401193245321547e-01 4.083059225384422735e-05 0.000000000000000000e+00 -2.596590332518822555e-02 9.480040584874112511e-10 -4.302214781790143370e-07 4.589029100576152363e-06 inf 0.000000000000000000e+00 -9.000000000000000000e+01
1.194821125233183290e+00 3.425974802239430302e-03 0.000000000000000000e+00 2.550473768650844133e-06 -1.048646200337634282e-01 0.000000000000000000e+00 1.301592374722106094e+00 9.735910962921353757e+02 inf 0.000000000000000000e+00 -3.000000000000000000e+01
3.072081644209947657e-02 2.002420080591728205e-04 3.385652107894099316e-03 0.000000000000000000e+00 -9.772491668208685978e-01 -1.564065235526021329e-03 1.213049989720166297e-06 -5.739797512334445661e-05 inf 0.000000000000000000e+00 -9.000000000000000000e+01
4.395510072335565258e-08 7.900115260006556062e-01 3.859942246809286992e-01 0.000000000000000000e+00 -3.537028790364151742e-01 -3.932647643048318883e-05 3.592053801475856672e-09 1.690167620482596382e-06 inf 0.000000000000000000e+00 -9.000000000000000000e+01
1.452674232748733286e-02 0.000000000000000000e+00 0.000000000000000000e+00 0.000000000000000000e+00 -9.932321710619910204e-01 0.000000000000000000e+00 0.000000000000000000e+00 0.000000000000000000e+00 inf 0.000000000000000000e+00 -9.000000000000000000e+01
9.602596888420728005e-01 1.676924088970531412e-02 2.594819379775454085e-02 0.000000000000000000e+00 -3.327370429167843952e-02 0.000000000000000000e+00 0.000000000000000000e+00 2.956337183988961304e-05 inf 0.000000000000000000e+00 -8.000000000000000000e+01
7.266899965591951960e-06 7.593050697072351564e-09 1.450289018713272648e+00 1.231030797134154663e-02 -5.111288865951642002e+00 0.000000000000000000e+00 4.418361155250703450e+04 -8.950713459492250195e+02 inf 0.000000000000000000e+00 -3.000000000000000000e+01
1.044844434096123376e+00 2.106873915465473860e-06 1.109410622949580990e-04 5.333221135267826883e-05 -3.156871480145911821e-08 1.308631589055302413e-01 0.000000000000000000e+00 3.508180913345029171e-07 inf 0.000000000000000000e+00 -9.000000000000000000e+01
7.077465766373927103e-01 7.231815662280308664e-04 3.791762204731408888e-07 1.296756613796803460e-05 -3.525069821861917529e-01 2.687460325518395499e-08 6.703439462600787810e-03 4.153570642814042202e+01 inf 0.000000000000000000e+00 -3.000000000000000000e+01
9.233564126050834986e-01 5.510482063072872153e-03 6.873073991396345950e-02 2.543901520594720649e-04 -2.256489569950605677e-06 9.486795824494774444e-04 1.914041288332085692e-06 2.723151793004414823e-08 inf 0.000000000000000000e+00 -9.000000000000000000e+01
4.842513886861743444e-01 9.814080651952323368e-06 2.366334609289341348e-02 9.414670392861240021e-07 -2.906793748448018369e-03 -8.301452377477275268e-01 1.198230777273248726e-05 6.419093449678117836e-08 inf 0.000000000000000000e+00 -9.000000000000000000e+01
3.255433793043734716e-07 4.229667396086813080e-01 5.124605126061483476e-04 4.981064765089025310e-05 -8.090774562639090339e-01 0.000000000000000000e+00 3.042198695237168589e-04 2.095089400032627835e-02 inf 0.000000000000000000e+00 -9.000000000000000000e+01
3.217128662181874543e-01 9.548492745750893906e-01 2.020351655188177241e-03 0.000000000000000000e+00 -3.313162353590288767e-01 0.000000000000000000e+00 1.341727859963272040e+00 -9.341656230600589878e-07 inf 0.000000000000000000e+00 -1.000000000000000000e+01
3.323243245037658944e-02 2.393089673644226145e-01 2.116725891411524174e-01 -4.905740228798707858e-02 -1.574376885635116463e-01 -5.536221374501981707e-01 -3.281467319844273978e-01 -2.194305725204585278e-01 inf 0.000000000000000000e+00 -8.000000000000000000e+01
5.492802312306860335e-01 7.858030354261059669e-01 -4.011714357017830411e-06 7.549927112417384916e-08 1.188111710124204086e-02 0.000000000000000000e+00 5.079161034829404777e-10 2.144098767370671704e-02 inf 0.000000000000000000e+00 -9.000000000000000000e+01
1.943871903819866400e-07 0.000000000000000000e+00 7.709872058325561106e+00 2.338160814807442054e-06 -1.545829347694275047e+00 1.918216168111399611e+01 0.000000000000000000e+00 -5.690449482037691910e-10 inf 0.000000000000000000e+00 -2.000000000000000000e+01
6.671641743009875114e-01 1.260395488326712187e-05 1.376687978716323535e+00 7.081361120124850778e-10 -4.540655541279565740e-06 1.169905555831461120e-05 2.693807727584344655e-02 2.585426642721460874e-06 inf 0.000000000000000000e+00 -9.000000000000000000e+01
5.101302032007607679e+00 1.615172812387760928e+02 2.761390469643856073e-05 5.523416812825138189e-01 -4.007845126379216416e-01 2.280374065254281196e-04 6.959149369062137109e-07 2.145668309979864359e+08 inf 0.000000000000000000e+00 -2.000000000000000000e+01
5.177597846441499563e-01 8.126112691471382545e-04 -1.513830989388133830e+01 2.749695939816222218e-09 -7.581482560860767217e-01 1.375513867045937150e-06 -4.147703352938518343e-05 1.702345367079074296e-05 inf 0.000000000000000000e+00 -2.000000000000000000e+01
2.525148775619326269e+00 5.364150476082778922e-08 5.643674548120478640e+00 1.733979446443558281e+00 9.197343451668303915e-01 0.000000000000000000e+00 8.776705091656519642e+01 -2.116674128959421730e-04 inf 0.000000000000000000e+00 -2.000000000000000000e+01
4.670144220173845229e-01 -7.393214059265555704e+01 1.105770189523752267e-06 2.407673806761063919e-09 -3.650227666342775734e+00 3.375542679246408326e-09 -8.838802513192609799e-10 5.268380636308722046e-05 inf 0.000000000000000000e+00 -2.000000000000000000e+01
1.338025742340728907e+00 3.738575633716612423e-06 -3.742773136299377883e-08 5.391458872974555937e-07 -4.704187783423058441e-05 8.872325337703451141e-10 -5.444440683352575307e-05 1.430232147883086554e+03 inf 0.000000000000000000e+00 -3.000000000000000000e+01
1.514826627133957342e-05 8.479797481812275661e-01 5.978515755088685373e-03 3.204980410186197007e-05 -4.584605955613954009e-01 1.772908200645668605e-03 9.588203839281052022e-09 -1.890245899743979016e-08 inf 0.000000000000000000e+00 -9.000000000000000000e+01
4.601328457828468554e-01 1.916133947027719164e-01 8.537875750361605121e-02 4.796852329974153895e-01 -4.614363382638180799e-01 0.000000000000000000e+00 1.221255805210270765e-09 -1.147073383254688939e-01 inf 0.000000000000000000e+00 -9.000000000000000000e+01
1.431479220361261684e-01 7.110989044787116020e-01 5.183311291682174415e-01 1.049318221362462497e-04 -2.900441063699564156e-02 3.067774201989923756e-05 -1.934817300338663171e-01 0.000000000000000000e+00 inf 0.000000000000000000e+00 -8.000000000000000000e+01
8.551716649149897487e-01 9.332643108720856812e-03 3.689038838723014007e-07 1.816008702529978450e-09 -1.493222897395337090e-01 0.000000000000000000e+00 1.088464792844725854e-06 2.532031862923151896e-02 inf 0.000000000000000000e+00 -8.000000000000000000e+01
-8.148794968899718469e+02 2.155239554762702070e-01 1.330722268684253029e+00 1.936399846125258506e+00 -1.521878892335441649e-04 -8.506012109463464199e+00 -4.155743962003979775e+00 2.984177845056049105e-02 inf 0.000000000000000000e+00 -2.000000000000000000e+01
2.275979722931328331e-01 8.986448970541760506e-01 -4.600618454556038876e-06 1.940624511740001779e-04 -6.318381838562351857e-06 2.016504842094367755e-07 1.338361732234483919e-03 -1.765964481792738239e+00 inf 0.000000000000000000e+00 -9.000000000000000000e+01
1.070355262368184235e+01 2.464906947704879198e-03 3.074424689780954623e+00 3.330172685456544637e-05 -1.456704406688748114e-02 4.507258418660350152e+00 -5.332798381657087639e+00 1.043322745412278175e+10 inf 0.000000000000000000e+00 -2.000000000000000000e+01
3.961472225152484206e-01 3.399410774890576544e-05 1.426718338514075257e-01 -3.188743064897357413e-04 -8.452448163567923833e-01 8.021000693501811885e-01 0.000000000000000000e+00 6.385422556978459063e+00 inf 0.000000000000000000e+00 -3.000000000000000000e+01
1.847375122907603417e+00 5.412291527230911465e-07 1.430338009127507058e-05 4.156639892913340141e-05 -3.535777735327306173e-09 5.150732334208488084e+00 0.000000000000000000e+00 1.398924322580489621e-03 inf 0.000000000000000000e+00 -3.000000000000000000e+01
1.674996510707728592e-01 1.101651048103557094e-02 9.446201252247074520e-02 1.101651048103557094e-02 -8.316552442700001491e-01 0.000000000000000000e+00 6.457517376342305313e-10 0.000000000000000000e+00 inf 0.000000000000000000e+00 -8.000000000000000000e+01
5.462653896219539377e-04 5.027839517349628569e-07 1.142448703889296036e-08 2.080234451899148240e+00 -5.629500449727076195e-02 1.199864074648860544e-06 -2.090957309898628103e-01 1.264962154626173355e-02 inf 0.000000000000000000e+00 -2.000000000000000000e+01
5.222724290510456579e-06 6.107790448151880769e-01 6.455213921677373234e-02 1.189576901056617363e-04 -7.388780469943215159e-04 -1.325356213819474105e-01 -6.485238172475873419e-01 -2.359048277024953788e-01 inf 0.000000000000000000e+00 -9.000000000000000000e+01
5.127618508757254556e-01 8.134389571484021975e-01 7.578340892852401055e-07 4.152766953263810346e-03 -3.000293322233583375e-09 0.000000000000000000e+00 8.060788059067560115e-09 5.268560902322572126e-02 inf 0.000000000000000000e+00 -9.000000000000000000e+01
9.989125580903855939e-01 2.357315771304744831e-02 9.273459965354988712e-07 7.621098007891735793e-06 -3.251668483367140786e-04 4.092265477135818742e-08 7.464432737264905844e-10 1.380371201045679162e-09 inf 0.000000000000000000e+00 -9.000000000000000000e+01
1.277475839115675305e+00 5.344585063414337587e-04 1.566122505224586181e+00 3.554497930425326579e-02 -2.344361072202633730e-03 4.755987340719861643e-07 6.473115829076072636e-01 9.306197146373949636e+02 inf 0.000000000000000000e+00 -3.000000000000000000e+01
1.446063517694756440e-01 1.069462803014539221e+00 1.038645837006258832e-08 3.159606522615987945e-04 -7.100275905227851347e-02 0.000000000000000000e+00 7.479800244112237418e-10 6.239626110373421103e-10 inf 0.000000000000000000e+00 -8.000000000000000000e+01
7.047319080508476219e-01 1.969525149532348491e-03 2.620065274680912284e-02 5.104810161263509042e-10 -1.635302699914737909e-02 0.000000000000000000e+00 1.792908934687671569e-09 -2.215417380322447727e+00 inf 0.000000000000000000e+00 -3.000000000000000000e+01
1.359703600712079512e-02 1.546620277227661977e-09 1.524627218049124266e+00 0.000000000000000000e+00 5.137924988756300526e-09 1.431628622717401853e-07 -1.039362380092833727e-04 3.292745832250024374e-05 inf 0.000000000000000000e+00 -9.000000000000000000e+01
6.403675333665652999e-04 1.155163461120412460e+00 9.006843818141829772e-02 0.000000000000000000e+00 -3.842205200199391799e-03 2.150071223948787609e-04 5.432407944983354341e-10 -2.039645055113599448e-01 inf 0.000000000000000000e+00 -9.000000000000000000e+01
7.678928978922611170e-01 2.042296256946044628e-06 1.472093104915488488e-06 1.505634466799638824e-06 -2.398444102195293748e-01 0.000000000000000000e+00 -9.899360278308269270e-09 2.844307487775951228e-05 inf 0.000000000000000000e+00 -8.000000000000000000e+01
9.592116089153459590e-01 2.875008637038314152e-06 7.064144607529272424e-01 2.962466580028344770e-03 -2.163015902473966669e-07 0.000000000000000000e+00 -1.072025289520537467e-01 -6.312545609780024353e-03 inf 0.000000000000000000e+00 -9.000000000000000000e+01
1.927001907652783064e-01 9.817360102415202405e-01 4.836948822108393282e-05 0.000000000000000000e+00 -1.330666278941819436e-01 7.211688966226063009e-09 0.000000000000000000e+00 1.152685813825831161e-04 inf 0.000000000000000000e+00 -8.000000000000000000e+01
3.254160170896579718e+00 3.708304645162047424e-04 7.301801096975424777e-04 6.411712458131911618e-09 -6.433079644200175196e+00 1.677275949703228687e-06 7.731614270824509603e-06 2.423672516175707817e+09 inf 0.000000000000000000e+00 -2.000000000000000000e+01
7.158035479579379912e-01 5.534102131853328069e-10 2.800797925036178819e-07 0.000000000000000000e+00 -7.065523115379897625e-05 1.269494321889120810e-09 -1.322010380439062605e+00 -3.692467464794985110e-02 inf 0.000000000000000000e+00 -9.000000000000000000e+01
1.935862847907652076e-02 1.053726807312922675e+00 5.363819319451767348e-02 9.735086866229953117e-07 -1.672173888558104726e-01 3.017680656618659766e-08 -9.775785810031996717e-03 9.235545015267071500e-02 inf 0.000000000000000000e+00 -1.000000000000000000e+01
4.314737751307426983e-01 5.564385930775502063e-04 4.567685461743930403e-06 1.366903500386155946e-03 -5.759865227821876488e-01 3.490341718353292562e-05 -2.313375179978067953e-07 1.742414497260076812e-07 inf 0.000000000000000000e+00 -9.000000000000000000e+01
9.429128619823892166e+00 2.006688331518294011e-01 1.000100596257770449e-03 5.554144255512703410e+00 -2.404521140777409816e-04 3.333668654192567982e-04 8.198988631098079495e+05 4.509357013496862060e-08 inf 0.000000000000000000e+00 -2.000000000000000000e+01
4.418712418393314856e+00 1.349263172264324737e+02 4.779677658205726402e+03 3.760561054248547108e-04 -9.588139182517183556e-01 1.975244190110347735e-04 6.027966888764489466e-07 1.869004364882083833e+08 inf 0.000000000000000000e+00 -2.000000000000000000e+01
6.654274726080222808e-05 2.736793857931772322e+01 -4.294930169380468215e+02 7.801235495458437112e-08 -9.771902499530401072e-08 0.000000000000000000e+00 2.625384471540501452e-07 1.715961005172876419e+00 inf 0.000000000000000000e+00 -2.000000000000000000e+01
3.571113009699095064e-01 2.486139439043988375e-02 8.491313156395626782e-01 2.598976690392119648e-01 -7.737411521014705973e-02 3.339457226922196126e-07 -4.642446912608824139e-01 -3.184688047793450538e-05 inf 0.000000000000000000e+00 -9.000000000000000000e+01
6.947963334696080073e-01 3.275468429213866384e-01 1.086859978784601166e+00 1.395842943259525756e-09 -9.554591166576462304e-08 1.287355441391354832e-05 2.289105777234690664e-01 9.258783390521463258e-08 inf 0.000000000000000000e+00 -9.000000000000000000e+01
-6.228004820015487894e+03 8.592349967018424461e-01 4.179030506324065385e-03 4.532043413976384549e+00 1.900425639764075214e+01 -1.318167571410826611e+02 7.884744675616907728e+00 4.770017812572728833e-01 inf 0.000000000000000000e+00 -2.000000000000000000e+01
9.726671300333490366e-01 3.233600831227888966e-02 1.036157492916651316e-06 0.000000000000000000e+00 -3.136592806291052526e-02 2.845568731480542166e-02 -3.052552868021118995e-06 -6.018809013858843482e-01 inf 0.000000000000000000e+00 -9.000000000000000000e+01
2.628803664072288937e-01 1.505570707513206028e-04 1.857951461825527451e-01 -1.395326512037191727e-09 -7.056262466720354398e-01 2.123240741364777680e-05 -4.971008432437448721e-01 -1.739358815326025876e-01 inf 0.000000000000000000e+00 -8.000000000000000000e+01
1.145276190292354446e-01 3.358715211430944869e-01 1.197256306659738145e+00 3.284457902334682409e-03 -2.842905571615654521e-09 0.000000000000000000e+00 3.807137429251733783e-05 2.614792190420146560e-08 inf 0.000000000000000000e+00 -9.000000000000000000e+01
1.054506212172311219e+00 9.194093308975667678e-02 2.867056035941800030e+00 5.207499310668384978e-10 -2.409931345656249682e-02 2.639398308333398905e-08 5.869208953158344677e+00 1.135863943602164586e-09 inf 0.000000000000000000e+00 -2.000000000000000000e+01
1.174183785911893763e+00 -1.028392571691228025e-01 7.971883228766369900e-01 -9.817590183209814678e-04 -7.461368539239459086e-01 8.796522454194340428e-05 2.442930600468464490e+02 1.130986389105770762e+00 inf 0.000000000000000000e+00 -3.000000000000000000e+01
7.178413670419336867e-01 2.986702090690059874e-01 2.807298696050727459e-07 1.897799586336047451e-06 -1.626762810202943277e-01 2.711271350338238795e-02 -1.364242885805113659e-01 -1.168361600003147322e-04 inf 0.000000000000000000e+00 -8.000000000000000000e+01
1.877633018822769478e-07 1.227536444263749305e+00 -1.527648305516695297e-05 3.456422118404769239e-09 -7.069630394757795561e-08 0.000000000000000000e+00 -6.755464191899356001e-10 3.522348322274163778e-05 inf 0.000000000000000000e+00 -9.000000000000000000e+01
1.001645995661360145e+00 1.187666648282778406e-08 1.252057494576700181e-01 2.304479833929616042e-07 -1.546231630507613421e-04 7.143422872312066068e-09 -2.314114046396625185e-03 2.186228796464179808e-02 inf 0.000000000000000000e+00 -9.000000000000000000e+01
1.008078814299978365e+00 2.816671438185313455e-06 -2.819833868692257814e-08 2.404764864655780717e-09 -4.756295482444660973e-06 1.517966643333402258e-07 5.163335426805172818e-05 1.301515844191417200e-06 inf 0.000000000000000000e+00 -8.000000000000000000e+01
1.923656480521096501e-01 7.578792843687417458e-01 2.548327724733323585e-01 1.167541840706058718e-04 -3.979338107596774795e-05 7.505223844110437692e-10 -1.131182406220402909e-03 -1.492591953058089560e+00 inf 0.000000000000000000e+00 -9.000000000000000000e+01
1.693084858060414991e-02 4.548586185833950607e-02 1.207560134694053808e-04 1.043659346657411890e-06 -1.355815615688579001e+00 0.000000000000000000e+00 1.831545035698044419e-08 1.970746731594602352e+03 inf 0.000000000000000000e+00 -3.000000000000000000e+01
9.879839056460354429e-01 2.247058503230545601e-08 -6.241760300283983557e-05 0.000000000000000000e+00 -1.701708390115841407e-02 0.000000000000000000e+00 0.000000000000000000e+00 1.683864713777176583e-05 inf 0.000000000000000000e+00 -9.000000000000000000e+01
9.327254534053061041e-01 3.246829109955179198e-03 1.294234970143710492e-04 2.577415729698450668e-09 -7.349640439807633707e-02 0.000000000000000000e+00 1.675760056339777767e-09 9.936685352448362328e-08 inf 0.000000000000000000e+00 -8.000000000000000000e+01
8.166729162738846229e-04 1.830307584106404339e-06 4.587469158465101171e-01 1.750758721460123901e+00 -1.349919203187681382e-01 0.000000000000000000e+00 -6.900004840806114870e-02 2.289034303455434599e-02 inf 0.000000000000000000e+00 -9.000000000000000000e+01
1.006877237062530517e+00 1.704080282823680886e-03 9.686128171943650941e-08 7.158752429833699360e-02 -3.524469029485857733e-08 3.542954006913231127e-09 1.390224344017039567e-09 -3.766006067870203439e-07 inf 0.000000000000000000e+00 -9.000000000000000000e+01
1.056909426140965058e+00 3.096448502104968223e-07 7.523762016596701185e-01 4.119805512715129722e-03 -5.430096098287797712e-01 2.946806789833707807e+00 0.000000000000000000e+00 0.000000000000000000e+00 inf 0.000000000000000000e+00 -3.000000000000000000e+01
9.795390549892721843e-01 5.592652529852865616e-04 4.289629270156180563e-01 5.002724857591937108e-02 -9.159735621737898588e-09 5.798969314481546594e-09 2.377577418937434170e-07 1.511527710771044754e-04 inf 0.000000000000000000e+00 -9.000000000000000000e+01
6.995029236891443958e+00 1.242015134391236467e-02 1.921854997426439629e-02 4.215007150818259052e-01 -3.329744521476505790e-04 0.000000000000000000e+00 1.886347191479756730e+05 -3.487206154307144971e+03 inf 0.000000000000000000e+00 -2.000000000000000000e+01
2.037986681605462089e-10 3.780562982995928247e-06 4.158082330754945815e-11 5.289712332162937207e-12 -1.009136791348325568e+00 9.330947286028314671e-10 -5.973953728363118598e-12 8.034046670461202033e-10 inf 0.000000000000000000e+00 -9.000000000000000000e+01
2.698741517405464436e-07 0.000000000000000000e+00 0.000000000000000000e+00 1.869295831965769477e-09 -1.003570558105261412e+00 1.875578984467632623e-05 -1.381829849118261854e-07 1.638163923142615941e-04 inf 0.000000000000000000e+00 -9.000000000000000000e+01
5.045160156034186327e-01 3.366511979724985557e-05 4.238055661679854706e-07 3.226745889950621490e-03 0.000000000000000000e+00 -8.208188025879453731e-01 1.970765685950854034e-03 6.095321231063085685e-07 inf 0.000000000000000000e+00 -9.000000000000000000e+01
1.450282893460231870e-01 1.043737728948086474e+00 1.394076578121885306e-10 0.000000000000000000e+00 -1.080431633481417769e-01 0.000000000000000000e+00 0.000000000000000000e+00 0.000000000000000000e+00 inf 0.000000000000000000e+00 -9.000000000000000000e+01
8.992127862595422130e+02 2.825694775763359345e+01 2.472341515635716820e-04 3.443138659682893485e-06 8.997137404580154907e+03 5.522757086135050147e-03 -3.545779649537939292e-05 4.767916584742889173e-03 inf 0.000000000000000000e+00 -2.000000000000000000e+01
5.840675124572558177e-10 6.323314032553899455e-01 1.267990012303063046e-06 0.000000000000000000e+00 -6.699856346607416802e-01 3.325436147530959404e-10 0.000000000000000000e+00 4.812813042608443696e-10 inf 0.000000000000000000e+00 -9.000000000000000000e+01
6.984996235951683730e-01 0.000000000000000000e+00 7.595359407997431905e-09 0.000000000000000000e+00 -3.067734833357158020e-01 -1.607483472592048892e-09 -5.143947112294556786e-09 0.000000000000000000e+00 inf 0.000000000000000000e+00 -9.000000000000000000e+01
5.920170254875284496e-04 5.448938651870160293e-07 1.238132776298887098e-08 2.254461358758794720e+00 -4.503112250098107588e-02 0.000000000000000000e+00 -4.563070523925438695e-05 0.000000000000000000e+00 inf 0.000000000000000000e+00 -2.000000000000000000e+01
9.985789116605342519e-01 2.125155707301039018e-02 1.059142795933976853e-04 5.999290134633737948e-01 -7.365097708212057827e-06 0.000000000000000000e+00 -5.299720801550617042e-08 3.148802906830742033e-04 inf 0.000000000000000000e+00 -9.000000000000000000e+01
2.579834625011225642e-04 1.444157025286283869e+01 1.018174732004430427e-01 3.116553691962345670e-06 -8.215648854961971210e+02 2.720024749522946816e+00 3.442531038778684082e+11 3.170100787213793936e+01 inf 0.000000000000000000e+00 -2.000000000000000000e+01
9.714631390098092956e-01 7.613273135306367068e-02 1.380350456307883333e-01 1.304454898572741939e-01 -3.696573185586108203e-04 1.161693288468378764e-06 2.288370096753538927e-10 3.242593920882427340e-10 inf 0.000000000000000000e+00 -9.000000000000000000e+01
4.148526956106871211e+01 3.082042432013359257e+00 2.442482318586976296e-04 1.000166463644336371e-07 -6.099875646693107140e-02 3.077862595419847872e+06 0.000000000000000000e+00 8.187951690709319667e-07 inf 0.000000000000000000e+00 -2.000000000000000000e+01
2.390038705988572487e-01 6.337175075298266680e-02 6.514233028379825541e-01 1.175102590330811408e-01 -4.406611037000259801e-01 1.689232664251653568e-02 -5.328891908526286469e-01 -2.356267919660623988e-01 inf 0.000000000000000000e+00 -9.000000000000000000e+01
4.277644615608272582e-01 4.246306559816270809e-01 1.029045044927800058e-04 -8.013263901930366351e-08 -3.815408292676243374e-01 3.541526423790203836e-07 1.844545012390731165e-09 -1.022404070214065208e-01 inf 0.000000000000000000e+00 -9.000000000000000000e+01
5.191588154376339803e-01 4.838233986800987152e-01 5.045489796628838813e-02 9.423131722449692798e-05 -5.852959281127203574e-04 -1.049869594046000804e-01 -5.137225974749363155e-01 1.878325700909701329e-09 inf 0.000000000000000000e+00 -9.000000000000000000e+01
1.748714870267364593e-02 2.018759112475748552e-05 8.316911960309390783e-02 0.000000000000000000e+00 -5.979282803835146709e-03 -1.165329167155489065e+00 3.587570415861812408e-08 0.000000000000000000e+00 inf 0.000000000000000000e+00 -9.000000000000000000e+01
2.037018571836137631e-02 9.268179408045056021e-09 1.423167692236999571e+00 3.538873656007441030e-06 -7.082894764605438161e-03 1.014665854650453475e-01 1.001434639428597193e-09 -3.759973902947134627e-01 inf 0.000000000000000000e+00 -9.000000000000000000e+01
6.930190265867939145e-08 7.304954520888937852e-16 9.525220290104901216e-06 8.644385701002878231e-03 -3.597543704785283403e+00 4.847216781184381773e+01 -1.674813614990008638e-05 1.108830442538870263e-06 inf 0.000000000000000000e+00 -3.000000000000000000e+01
1.004813862459905671e+00 1.884943877826743134e-05 7.736550676089157661e-08 2.322032313264828503e-05 -4.292208436001998008e-03 6.669440238007894429e-11 1.771570063220846941e-10 2.951227305318493324e-09 inf 0.000000000000000000e+00 -9.000000000000000000e+01
2.077645787017394952e+01 3.750355676400642796e-02 7.916923946318915384e+00 6.574655418127414164e-01 -3.346103214880646881e+00 1.428790446745166628e+04 3.954452125333465730e-05 1.595823326541321585e-01 inf 0.000000000000000000e+00 -2.000000000000000000e+01
9.759404179311252925e-01 3.013837111716889325e-04 2.092455035133786723e-01 2.706141699787678449e-04 -1.685224102258449244e-03 -2.973063524823295611e-01 1.984196743740764601e+00 8.563715587806232099e-01 inf 0.000000000000000000e+00 -1.000000000000000000e+01
3.194302829085464911e-08 3.071614808610290936e-13 5.173003981566732503e-15 -2.869292875109014396e-12 -1.009138217281358108e+00 0.000000000000000000e+00 3.073155034622163697e-18 -1.570753920091729551e-12 inf 0.000000000000000000e+00 -9.000000000000000000e+01
6.861070553654113890e-01 5.699877541928636105e-06 8.672371988903809458e-08 3.593894099533107012e-01 -2.646412927838015516e-01 1.242174478889695353e-06 -8.973844660652364746e-01 2.359716066920892951e-05 inf 0.000000000000000000e+00 -8.000000000000000000e+01
4.283801753233220100e-01 7.684345413016291371e-01 1.625919439603056406e-03 7.279994084531267873e-10 -1.529140574285569598e-01 0.000000000000000000e+00 1.018506989009702463e-01 4.119571793822891451e-08 inf 0.000000000000000000e+00 -9.000000000000000000e+01
3.105198556408299559e-01 4.922875760159499126e-01 8.179547416880398325e-01 3.062467314364547016e-06 -1.773497549493358028e-01 6.124934628729094032e-06 1.605457078834067464e-02 1.834591268510837166e-06 inf 0.000000000000000000e+00 -9.000000000000000000e+01
7.444162838190308662e+00 8.797382803017361869e-09 2.925186702735356192e+00 4.256583972751116995e+00 -3.309796974210170591e-04 0.000000000000000000e+00 3.050721333038950688e+05 1.635806356261466840e-06 inf 0.000000000000000000e+00 -2.000000000000000000e+01
6.240752321308259409e-01 1.146171690296139828e-01 0.000000000000000000e+00 0.000000000000000000e+00 -5.944403747391386883e-01 0.000000000000000000e+00 1.165870154327084940e+01 2.941695402851309416e-03 inf 0.000000000000000000e+00 -3.000000000000000000e+01
1.207538041144239765e-02 5.389432941527976251e-01 2.408720618914036438e-01 1.301598899086001682e+00 -6.731706806210414840e+00 5.265530401752162756e-09 1.044923673395191637e-06 3.275580881299207807e+08 inf 0.000000000000000000e+00 -3.000000000000000000e+01
2.527579037001329874e-07 4.997819293599389812e-01 1.658367311057979299e+00 2.423185112048188983e-01 -9.143737571244338058e-01 0.000000000000000000e+00 3.702929749348638833e+00 -2.578130617741356620e-06 inf 0.000000000000000000e+00 -3.000000000000000000e+01
6.267532850919830256e-01 6.149277514110023102e-01 2.049320608167320577e-06 2.084676725430623787e-10 -4.339903607115345617e-08 2.328544568782885510e-10 -2.466468453461712340e-01 2.010654181598125746e-06 inf 0.000000000000000000e+00 -9.000000000000000000e+01
7.291333858785951083e-01 5.240646211002403243e-01 6.095952367339786866e-05 2.883408648277830571e-04 -3.322873503352972990e-02 2.361613668454434073e-02 -2.535151293451669855e-06 -4.390939986573571402e-02 inf 0.000000000000000000e+00 -9.000000000000000000e+01
5.024244442341763150e-01 1.244537614158051503e-01 2.016236760977143102e-05 1.294142665185329220e-05 -4.655492556665303816e-01 0.000000000000000000e+00 1.655542320068272288e-01 7.226192551342081570e-03 inf 0.000000000000000000e+00 -1.000000000000000000e+01
1.329263937804614215e-01 3.910494871975570344e-03 9.693377953019796584e-09 7.600159734871434113e-10 -1.014147901767436382e-06 0.000000000000000000e+00 1.828391649821099279e-09 -2.251471226523273472e+00 inf 0.000000000000000000e+00 -3.000000000000000000e+01
1.084185670419024250e+00 1.701864775664966700e-03 7.641275034415260306e-07 1.381996226927447431e-07 -4.056306665309051818e-01 0.000000000000000000e+00 4.999773548943898049e+01 7.975580817170927759e-07 inf 0.000000000000000000e+00 -3.000000000000000000e+01
-3.436203652167337363e+00 2.687458887492742310e+00 -2.341092293505253515e-05 8.382640536430837480e-03 -6.120502728118309581e-07 0.000000000000000000e+00 4.322605051733556499e-06 -1.582517185382270250e-02 inf 0.000000000000000000e+00 -2.000000000000000000e+01
1.021929946274041212e+00 2.039995833587526786e-02 4.664844559566271980e-07 1.404655796746721353e-07 2.301388057389828004e-02 0.000000000000000000e+00 0.000000000000000000e+00 1.943394359573632699e-02 inf 0.000000000000000000e+00 -9.000000000000000000e+01
2.247197662346817992e+01 5.016066210595576669e-01 -2.946755204893946738e-06 4.514610754251074952e-08 -4.828540641136083182e-08 6.563227501809244930e-06 7.876966620319381356e+07 4.190515518647885032e-06 inf 0.000000000000000000e+00 -2.000000000000000000e+01
1.873020219135955379e-07 1.222482320961235880e+00 -1.548487937775441139e-05 3.561540940376972403e-09 -3.260269608371313957e-07 9.087651217832705178e-06 -1.204711658153480404e-05 4.247575465777454950e-09 inf 0.000000000000000000e+00 -9.000000000000000000e+01
1.567786259541985055e+05 3.446564885496184161e+03 8.942815183683208602e+00 3.687610835519456511e-05 3.442531038778626709e+11 1.161587547709923882e+02 1.958763326397379315e-04 -1.853658952785812788e-02 inf 0.000000000000000000e+00 -2.000000000000000000e+01
6.026298699373626722e-01 4.221631709186872139e-01 4.779027478593422650e-07 4.306863213287255339e-10 -2.086646207403435038e-01 3.884688574239283950e-06 -2.429553076911576594e-03 1.325373376298015235e-07 inf 0.000000000000000000e+00 -9.000000000000000000e+01
1.914515139092806573e+00 5.871476781293597999e-03 0.000000000000000000e+00 0.000000000000000000e+00 -2.688468067662239225e+00 0.000000000000000000e+00 2.716284750602317945e+04 2.234025311906832206e-02 inf 0.000000000000000000e+00 -3.000000000000000000e+01
4.881251044069183712e-03 3.634160260082856179e-04 1.232805186911330841e-06 1.013141717243493631e-05 -4.322737993572239672e-04 5.580311357420606992e-08 -1.512055495833042329e+00 -3.892759453326646857e-02 inf 0.000000000000000000e+00 -9.000000000000000000e+01
1.263743256187793929e+00 0.000000000000000000e+00 1.363257806887184682e-02 0.000000000000000000e+00 -8.632740159020316467e-05 1.547186064017511736e-09 4.739037210704227232e-01 7.391642674603043588e+02 inf 0.000000000000000000e+00 -3.000000000000000000e+01
6.900752409088108941e-01 3.546015630256362794e-01 4.296302326920110231e-04 4.175962755054036651e-05 -6.783042346672959466e-01 0.000000000000000000e+00 4.598049313091756698e-05 2.452889364631840181e+03 inf 0.000000000000000000e+00 -3.000000000000000000e+01
9.837047762420313424e-01 6.595130487576362469e-05 3.727119780450701553e-02 6.331325268073307103e-03 -2.182117136417718525e-02 0.000000000000000000e+00 9.161464648712718323e-10 7.642465328718899950e-10 inf 0.000000000000000000e+00 -9.000000000000000000e+01
1.776167604778764939e-02 1.169967057072701828e-02 2.327810103191282204e-02 7.991901751984230243e-07 -9.815599268456574045e-01 -3.570900101331028103e-04 -5.989261411335903423e-02 2.480125760706911621e-08 inf 0.000000000000000000e+00 -8.000000000000000000e+01
1.010774898872185412e+00 0.000000000000000000e+00 0.000000000000000000e+00 4.743559182480091555e-10 -3.961834749569589464e-04 9.192227779050026609e-03 -3.096689570071120697e-05 0.000000000000000000e+00 inf 0.000000000000000000e+00 -9.000000000000000000e+01
3.228982195368996333e+00 2.993336551919976718e-01 2.829887240532724061e-03 3.622255667881886521e-02 -6.219532396775217121e-05 1.002170747527256824e-06 4.317333890442402662e+03 1.912506212008379346e-04 inf 0.000000000000000000e+00 -2.000000000000000000e+01
8.167831367869757830e-01 4.657243171698612723e-04 6.014338634160696890e-06 8.444511581146622013e-06 -2.295534306002611769e-01 2.137882919984508090e-10 4.365296584816012737e-03 2.704815616375170251e+01 inf 0.000000000000000000e+00 -3.000000000000000000e+01
9.286341825412312012e-01 3.218900605971344864e-02 9.524963028634898521e-01 4.247915706782285695e-05 -1.631199631404397794e-03 5.127841103187187480e-06 6.592921629178701096e-10 1.421473964509546587e-03 inf 0.000000000000000000e+00 -9.000000000000000000e+01
1.661640463978663329e-01 4.371466918315959627e-02 1.615620057323912488e-05 2.391023342062320589e-02 -8.250238117661502502e-01 0.000000000000000000e+00 9.788984437195808682e-10 1.810242342613783851e-09 inf 0.000000000000000000e+00 -8.000000000000000000e+01
1.084595117810852827e+00 1.898896815094710533e-01 1.070909374999359231e+00 -1.536973069650138810e-03 -1.027824636845689695e-06 -3.701392293402632597e-08 5.446925638974376760e+00 -3.785005011876191041e-06 inf 0.000000000000000000e+00 -3.000000000000000000e+01
3.398572511858415912e-01 8.657233303864405594e-01 4.095596319962050981e-05 0.000000000000000000e+00 -1.173420176728609127e-01 6.359476808858658364e-09 2.298996198721816168e-09 4.053154907319956798e-05 inf 0.000000000000000000e+00 -9.000000000000000000e+01
7.658254522934158093e-01 4.396119447808866793e-04 8.230158836646744131e-06 3.136041502671066961e-01 -2.415506802932637920e-01 5.170026622893550364e-07 1.431573827541726702e-09 -4.515592873160189227e-08 inf 0.000000000000000000e+00 -9.000000000000000000e+01
7.089685873223746967e-10 3.592593520128187791e-08 6.907994244496430403e-01 4.272036937490092982e-09 -9.843402563687548845e-01 9.331411740592695211e-10 2.416819516134020296e-01 1.369857215622521593e-02 inf 0.000000000000000000e+00 -9.000000000000000000e+01
4.870440152370859588e-01 3.530580110453575005e-01 3.096542455273221354e-06 0.000000000000000000e+00 -3.628380113513230976e-01 7.019824438363967550e-05 -4.122505316960131893e-07 9.598535456538486159e-05 inf 0.000000000000000000e+00 -9.000000000000000000e+01
1.731138520972530515e-01 4.412365944518099048e-01 3.822877268557368646e-01 2.878963784278180671e-01 -5.580487139053205009e-02 -3.011432137918239604e-01 -1.872286295463518602e-01 1.539098811803965572e-02 inf 0.000000000000000000e+00 -9.000000000000000000e+01
8.478811697495275412e-01 1.014978718828189394e-03 1.265960824879478919e+00 1.371270590522107533e-05 -5.998295285706442721e-03 6.069758791691988144e-09 -4.424956049578811184e-07 5.950121953656796627e-05 inf 0.000000000000000000e+00 -9.000000000000000000e+01
5.807781836061347985e-02 1.556624611079197444e-06 1.466591169732361255e+00 4.530321858899660091e-09 -8.130894570485887318e-02 0.000000000000000000e+00 2.039397381664132835e-09 0.000000000000000000e+00 inf 0.000000000000000000e+00 -8.000000000000000000e+01
1.006807609691649841e+00 8.203117659400576897e-04 1.318704493709785437e-02 9.544850999967426504e-06 -3.583106764273486208e-06 1.028284884204080027e-09 -2.908906971418644542e-06 1.160459954464611136e-02 inf 0.000000000000000000e+00 -9.000000000000000000e+01
5.041621419160526862e-01 3.767952870267055445e-05 3.679354733656743814e+00 1.651619341467059385e-05 -1.037133549084451323e+00 -2.655854140450635004e-02 0.000000000000000000e+00 6.254145775101260369e+03 inf 0.000000000000000000e+00 -2.000000000000000000e+01
7.568292967343072108e-01 2.429180571631367263e-04 4.533919096986409047e-01 0.000000000000000000e+00 -2.258138694218911890e-01 1.398531935788296594e-08 -2.931133662413441048e-09 1.744358389203375418e-04 inf 0.000000000000000000e+00 -8.000000000000000000e+01
6.551883550811017365e-01 3.509461046564760767e-01 8.726948762180051222e-01 9.447626762860368067e-06 4.262642669231949338e-10 -1.746996500546162917e-05 1.595694806791202023e-09 7.508216312079226430e-07 inf 0.000000000000000000e+00 -9.000000000000000000e+01
1.314503816665110353e+05 1.565481870075636217e-01 8.238348341273034947e+00 1.853129770810813934e+05 -1.070038167834098931e+04 1.529640256338689575e+11 -2.705152671490699504e+03 9.666915043582672456e-06 inf 0.000000000000000000e+00 -2.000000000000000000e+01
1.162184047757380156e+00 3.410816239059689096e-07 3.076789463043186901e-01 1.048499889523127945e-03 -2.962569900610029228e-01 7.325425695066318152e-07 2.744992230716300566e-06 3.426952375594518799e+03 inf 0.000000000000000000e+00 -3.000000000000000000e+01
2.454368029033163268e+01 7.651268754475853484e+01 -9.521874321897107326e-04 2.228431785936123257e-07 -2.023208765649912679e-05 7.130981714995594423e-06 1.229489013880787194e+08 -1.180322477573584038e+05 inf 0.000000000000000000e+00 -2.000000000000000000e+01
4.506872554543937629e-06 5.129770992366029532e+03 3.296455354180708743e-04 1.415195610686917291e+02 -8.340887404579530084e+02 1.214729770992275700e+07 6.955969465648336336e+06 3.359159667983059107e-06 inf 0.000000000000000000e+00 -2.000000000000000000e+01
1.184849065744291785e+01 3.820230622838489243e+00 8.379960532009375629e-02 0.000000000000000000e+00 1.940644152249703325e+01 0.000000000000000000e+00 9.140401662017437435e-05 2.895719534798912832e-05 inf 0.000000000000000000e+00 -2.000000000000000000e+01
6.751290678139077080e-04 1.221889408687198975e+00 0.000000000000000000e+00 4.420127443239645722e-08 2.689210327933063754e-08 0.000000000000000000e+00 0.000000000000000000e+00 0.000000000000000000e+00 inf 0.000000000000000000e+00 -9.000000000000000000e+01
2.290896908141856203e-01 3.086682149917448492e-01 0.000000000000000000e+00 0.000000000000000000e+00 0.000000000000000000e+00 -7.523787740423780734e-01 -1.354097165071512525e-05 1.439464160260803597e-04 inf 0.000000000000000000e+00 -9.000000000000000000e+01
2.470686482128923815e-07 1.949590608285260912e-09 1.022417728243506962e+00 0.000000000000000000e+00 -9.357721580533793215e-01 -8.934547688300665144e-09 1.231211658318427059e-07 6.119343394677769811e-03 inf 0.000000000000000000e+00 -9.000000000000000000e+01
1.007642630774748804e+00 9.225243812024678451e-05 1.318441094801860213e-03 4.879889711764355876e-06 -4.328556018367902180e-08 2.666672039413383382e-05 2.504509550530137203e-05 8.408425349501659694e-06 inf 0.000000000000000000e+00 -8.000000000000000000e+01
3.694931027830356142e-09 1.285573635718490795e-08 1.631564720151981840e+00 0.000000000000000000e+00 -8.059759610055517210e-06 1.315620232976268122e-01 -6.973184610773959025e-05 1.478555437724305011e-07 inf 0.000000000000000000e+00 -1.000000000000000000e+01
6.369099733688899923e-01 1.588867463503741897e-07 3.388802191531965772e-07 3.977445340372466606e-06 -5.299386071853119384e-01 5.028883766561312862e-01 0.000000000000000000e+00 1.097018443003765444e-09 inf 0.000000000000000000e+00 -1.000000000000000000e+01
1.001781017395720674e+00 8.596463615202487574e-05 3.806271934907007881e-01 -8.063725024964585840e-04 -9.496086654048603868e-09 3.936453874048777973e-02 0.000000000000000000e+00 6.915915516906564336e-03 inf 0.000000000000000000e+00 -9.000000000000000000e+01
4.254027253195112657e+00 4.274931564021624553e+00 2.142691859717440195e-01 3.664378704451986581e-03 -1.279087622288689532e-04 8.562405714539156065e+01 0.000000000000000000e+00 0.000000000000000000e+00 inf 0.000000000000000000e+00 -2.000000000000000000e+01
4.801992618409821058e-07 0.000000000000000000e+00 7.633588229243127898e+01 1.662924083835404538e-09 -1.116564645557331259e+00 1.379118373527495455e-09 0.000000000000000000e+00 4.173637700108338322e+03 inf 0.000000000000000000e+00 -2.000000000000000000e+01
