4.288412643708715555e-01 1.311611420580851566e-07 4.418364542002918838e-01 3.114818932654998593e-06 -5.566272976935049410e-01 8.492070744102769938e-10 2.222510060700781664e-06 2.346441848472200485e-05 1.154209955323978284e+04 0.000000000000000000e+00 0.000000000000000000e+00
2.806073139165023433e-01 5.464133629231232581e-01 2.963721710838852901e-10 7.292706564972836758e-02 -4.514385797513840171e-01 0.000000000000000000e+00 0.000000000000000000e+00 1.199824826564715161e-06 2.309631872350625781e+04 0.000000000000000000e+00 0.000000000000000000e+00
5.091904561044550137e-01 3.320807322420358809e-01 1.058100372339820239e-01 -1.795003679008362191e-09 -3.424989512927664181e-01 3.116999631791547885e-10 2.505357852775776367e-04 1.172399375902369895e-05 2.630735717237000426e+04 0.000000000000000000e+00 0.000000000000000000e+00
5.620656635275390611e-01 3.893443624986857492e-08 5.461949903271203942e-04 4.122276041000884537e-07 -4.460619393596931270e-01 0.000000000000000000e+00 9.811280381801976667e-05 0.000000000000000000e+00 3.997321113337410497e+04 0.000000000000000000e+00 0.000000000000000000e+00
5.898408111194859416e-01 6.548038188874975084e-10 3.515725202080523371e-09 2.981334971364283839e-07 -4.176072942725960191e-01 7.492889336934115774e-10 1.044029756009832301e-05 2.865681675116642937e-05 4.512118997290378320e+04 0.000000000000000000e+00 0.000000000000000000e+00
5.656710873074070056e-01 4.852001781053141033e-06 2.830708912769360885e-03 7.022634156787440077e-06 -5.539560056176086045e-01 3.372269943563387939e-01 -2.557771044159381905e-04 -1.531328535166501248e-01 4.532110180199499882e+04 0.000000000000000000e+00 0.000000000000000000e+00
5.742670705685110066e-01 2.090179359606461531e-04 8.140323444311277079e-01 2.007728636917067452e-07 -3.859636115837243309e-01 1.829960997190035266e-09 -5.333029191810959800e-09 8.195102133976154342e-05 5.251193166363103956e+04 0.000000000000000000e+00 0.000000000000000000e+00
8.021149441390882373e-01 2.022815896020014471e-09 6.997875232818383529e-01 6.783317737472536191e-01 -9.655087290563099667e-02 -1.279092760715624388e-01 1.454613428107170915e-04 0.000000000000000000e+00 5.880806943326725013e+04 0.000000000000000000e+00 0.000000000000000000e+00
6.039869607812904384e-01 2.537209610176861959e-04 3.485755750835766805e-09 6.853274666603184672e-04 -4.036166833157512901e-01 -1.708637468108034315e-04 0.000000000000000000e+00 1.977806384316834422e-05 5.911115079276806500e+04 0.000000000000000000e+00 0.000000000000000000e+00
6.944659300926656620e-01 4.311811986644228857e-10 1.262497776309649648e-02 1.324056062045039894e+00 -2.491820428570286627e-01 -1.566603080092266176e-01 2.235550928107262699e-09 1.161866566694311098e+00 8.561258829450802295e+04 0.000000000000000000e+00 0.000000000000000000e+00
6.644905419859303830e-01 -7.742269043373928294e-02 1.394909649495269077e+00 1.413680788923564630e-05 -1.062664378502303913e-01 8.223307023583937594e-07 -4.566665469837357962e-07 -1.471922319553374511e-05 1.089398804355549073e+05 0.000000000000000000e+00 0.000000000000000000e+00
6.893681419713285630e-01 5.195605481769204337e-01 2.072416070118801575e-09 4.089618066533480707e-06 -5.955937991296404721e-02 -8.885396188810709955e-04 -1.639714477740138033e-05 6.113391368573684634e-10 1.137192351882806397e+05 0.000000000000000000e+00 0.000000000000000000e+00
6.535236717249917060e-01 3.032273065695823995e-07 1.242019047709009508e-03 2.206561784729422733e-07 -3.541550436593517981e-01 9.694526868690975862e-10 1.904827289515259960e-05 4.311239194451466181e-05 1.248285466299004038e+05 0.000000000000000000e+00 0.000000000000000000e+00
6.586188418292564517e-01 3.991780123840081934e-09 1.697518481606103772e-05 1.169566150934036691e-08 -3.480783516403324063e-01 1.364263319573003638e-05 8.466641918718135066e-09 -1.332288398020511366e-08 1.254739903332728281e+05 0.000000000000000000e+00 0.000000000000000000e+00
6.731318599308785400e-01 1.975587327793326839e-07 4.497694376594069078e-04 1.412474550275038780e-07 -3.345977081527758967e-01 6.102640874224858598e-05 8.399765597981127908e-08 9.619843282604084794e-09 1.259935456710560975e+05 0.000000000000000000e+00 0.000000000000000000e+00
6.535320622112267275e-01 8.980308605215589604e-09 1.249678286063056433e-03 5.995376483595634870e-10 -3.541595905994971427e-01 4.046970241571180821e-08 3.019100446452032392e-04 1.621120644318138726e-08 inf 0.000000000000000000e+00 -9.000000000000000000e+01
6.516508943353575001e-01 2.255032538346125187e-03 4.433623295731364128e-03 2.230876935562485119e+00 -2.225984661580988622e-01 4.793212030580738259e-10 3.764757712323615326e-04 6.903648343029980040e-05 inf 0.000000000000000000e+00 -2.000000000000000000e+01
6.959178521044053767e-01 1.840963467997380361e-08 2.374330200345785849e-05 9.682494694395036086e-03 -3.117946556479007092e-01 -1.291564041142871027e-05 -6.450363138502213681e-07 1.258380092048842182e-07 inf 0.000000000000000000e+00 -9.000000000000000000e+01
1.817320500816491102e-01 1.566639108873296420e-05 3.853999477637373118e-09 2.451610819229204496e-06 -8.268563356814654375e-01 8.682290023221474499e-05 1.763437682732983333e-02 1.270068009675952580e-09 inf 0.000000000000000000e+00 -9.000000000000000000e+01
6.586658285799015244e-01 -2.717544619117798384e-03 5.846146407513919292e-03 1.108094786160842360e-07 -1.833031535021047549e-09 -6.469735357648737084e-01 2.431942828641785742e-09 1.974592386240494638e-08 inf 0.000000000000000000e+00 -9.000000000000000000e+01
9.687035579241353167e-01 3.910772226868283251e-07 6.561187037697019386e-01 6.360018567201591866e-01 -4.714886027236581427e-04 0.000000000000000000e+00 3.097921908921471732e-04 1.180610483582877927e-08 inf 0.000000000000000000e+00 -9.000000000000000000e+01
6.970192617356107956e-01 5.620324150428848907e-07 9.437170903274281208e-01 2.175308184468308627e-07 -2.515926267781629089e-01 0.000000000000000000e+00 1.511699146906045076e-05 1.298299546792378351e-08 inf 0.000000000000000000e+00 -9.000000000000000000e+01
8.484259071463307045e-02 4.933670713531276679e-09 0.000000000000000000e+00 1.059497718192490945e+00 -1.282754385518132052e-08 0.000000000000000000e+00 0.000000000000000000e+00 -1.204350921851620626e+00 inf 0.000000000000000000e+00 -9.000000000000000000e+01
6.230460074272846899e-08 6.801922727189106049e-10 3.042406477826740681e-08 7.737503176653779704e-10 -4.724202793119111066e-01 -8.688189044816756468e-01 5.890616797494328458e-07 5.267214608420158761e-01 inf 0.000000000000000000e+00 -1.000000000000000000e+01
7.547596623962249396e-01 3.560942309313617046e-06 1.380428585097842029e-06 4.966495821540717337e-02 -2.533097497083220961e-01 -7.987328825447757808e-05 7.461181287438909685e-09 6.037338786779979788e-02 inf 0.000000000000000000e+00 -9.000000000000000000e+01
7.384573847995468121e-01 1.782842536001509864e-04 1.314595971068529007e-05 1.382412429893492889e-06 -2.687164372465017381e-01 1.679344186533257468e-04 -8.346641086149391005e-07 -3.953243092560990676e-09 inf 0.000000000000000000e+00 -9.000000000000000000e+01
5.947355412649745210e-01 4.661440728833583513e-01 1.752852920226091810e-09 3.756113400484482080e-10 -1.490492019877822927e-01 -1.348018517977737085e-01 3.426670379032838443e-01 -2.074998694339714456e-01 inf 0.000000000000000000e+00 -9.000000000000000000e+01
1.893212574120292924e-01 8.933110691602246563e-08 1.253188893368721796e-03 1.093031250055983050e-08 -8.174876052268378324e-01 0.000000000000000000e+00 7.861326269301130314e-09 -1.237037527061198985e-08 inf 0.000000000000000000e+00 -9.000000000000000000e+01
-9.856168019101294031e-02 2.771272074372414882e-04 1.113945432494401366e+00 8.414124644494528349e-01 -2.024152626741608230e-01 -1.488791633777430000e-07 4.021251436589343202e-05 -2.572660331143466880e-09 inf 0.000000000000000000e+00 -9.000000000000000000e+01
5.328704490146665140e-01 1.229479502896339273e-08 2.139121515757801129e-01 9.996123721326088908e-06 -3.552469660097776760e-01 -8.379817544988707456e-02 3.506293397148819586e-08 -2.001606561173371102e+00 inf 0.000000000000000000e+00 -3.000000000000000000e+01
1.009138249099486462e+00 1.746498383087288932e-19 5.967876037570874201e-15 3.576828688562767733e-16 -1.298837852083723561e-10 3.533771047491790792e-19 6.958810678137680122e-19 -2.439881498823005956e-12 inf 0.000000000000000000e+00 -9.000000000000000000e+01
6.434069272947924301e-01 6.610857053806899574e-10 7.645572844910982868e-05 2.137285136191024535e-05 -3.682033743220936017e-01 2.678267335974877494e-04 7.565365826281693423e-10 1.909343270969207085e+00 inf 0.000000000000000000e+00 -1.000000000000000000e+01
1.403611100446075177e+00 0.000000000000000000e+00 9.198523058761418813e-09 6.187346891762289802e-01 -9.930682809677069452e-04 1.015892569830727379e-08 3.263252582914630295e+01 2.032468092649576334e-06 inf 0.000000000000000000e+00 -3.000000000000000000e+01
9.888804804906545787e-01 2.576148072069028047e-04 3.423602246596654103e-02 3.168340302599144104e-09 -2.609145291090502750e-01 8.418457734789245306e-01 -6.572963610815851721e-09 9.748538469441540768e-05 inf 0.000000000000000000e+00 -1.000000000000000000e+01
1.634980373707084933e+00 1.178233829169708559e-06 4.674514648336344051e-07 -7.807079807194068936e-05 -1.112088806551276982e-01 4.162989041882515728e+00 -3.241743891397635563e-08 4.180168715662966228e-04 inf 0.000000000000000000e+00 -3.000000000000000000e+01
7.127681012458684240e-01 1.906766593263167062e-09 1.833251289212624313e-01 9.752896858611162512e-02 -2.823206985387441414e-01 2.835810588000778516e-04 1.672797044294966698e-06 -1.677791579887393913e+00 inf 0.000000000000000000e+00 -9.000000000000000000e+01
6.445575454590926068e-01 6.549573165528184232e-06 4.570780670923853782e-03 -1.962710374356300947e-05 -3.173206377644763876e-01 -1.172244766741536576e-01 1.577274478290873635e-07 6.020592457584931362e-02 inf 0.000000000000000000e+00 -1.000000000000000000e+01
8.219157284594930113e-01 1.293814718371033258e-08 9.105508850713719937e-07 4.328063470707370938e-09 -1.850082866222260980e-01 5.893533236707909644e-09 -4.846049790339902085e-09 1.208634745809239205e-09 inf 0.000000000000000000e+00 -9.000000000000000000e+01
2.267387497612148584e-02 1.063599780465913913e-02 2.739266319299834147e-09 5.195160260741063870e-10 -9.810717516549770645e-01 -1.157717123145483999e-05 0.000000000000000000e+00 2.011868316828655898e-05 inf 0.000000000000000000e+00 -9.000000000000000000e+01
5.435578389093067564e-01 1.319789716776194333e-01 1.164744975742879887e-04 6.988469854457279862e-04 -4.115788672316872954e-01 -1.742343918631766994e-04 0.000000000000000000e+00 1.323912866254874353e-06 inf 0.000000000000000000e+00 -9.000000000000000000e+01
8.078922176241680742e-01 5.122477250229088463e-05 5.002793202326539645e-05 -5.198775830766963859e-07 -2.000121509652066643e-01 5.342695898369778477e-04 -1.522381089320420586e-04 -2.412830405715383846e-04 inf 0.000000000000000000e+00 -9.000000000000000000e+01
9.458939216632945846e-02 -4.591956682418828755e-08 1.236406480694814364e-04 8.507940046105952040e-09 -9.131420391044104967e-01 2.149128965071147412e-07 1.033073706420317252e-06 3.199917834327192053e-06 inf 0.000000000000000000e+00 -9.000000000000000000e+01
6.762881679388789280e+01 3.356001759303175014e+00 8.121701597256795937e-04 1.468421994274695521e+02 -5.850988489980462504e+00 1.672115034729340340e-05 1.423531969465538502e+09 4.344513170591410723e-05 inf 0.000000000000000000e+00 -2.000000000000000000e+01
1.433121410658197859e-03 2.052070131360422576e-05 4.417545663246528408e-09 7.214478310187099164e-10 -9.813731458050243273e-01 -6.800893183457849822e-02 1.103540142696067634e-08 1.994031028548780299e-10 inf 0.000000000000000000e+00 -9.000000000000000000e+01
1.006519347671936737e+00 7.829784806359413874e-10 4.795970275821079761e-09 6.241980450678676906e-01 0.000000000000000000e+00 5.740631087725230933e-10 1.623072607283933724e-07 -1.897460240033939785e-06 inf 0.000000000000000000e+00 -9.000000000000000000e+01
6.169200765289465371e-01 6.942045696325728210e-01 0.000000000000000000e+00 6.566303931484760757e-10 -7.785650004271560832e-04 7.758340645200455837e-09 0.000000000000000000e+00 2.586113548400151808e-09 inf 0.000000000000000000e+00 -9.000000000000000000e+01
4.468283660904565080e-01 5.957711547872753810e-01 4.855300355943543145e-01 1.965319154494810702e-03 -1.111207025907368917e-01 5.089812767781197772e-10 4.440239066224366648e-07 4.652744210451729881e-05 inf 0.000000000000000000e+00 -9.000000000000000000e+01
9.031333761063674581e-01 2.354424119321126755e-07 3.976149277721879518e-09 5.060169642010108049e-02 -4.983198047455588142e-01 1.601009166734015166e+00 -7.721206118789837721e-08 1.057913987656162617e-04 inf 0.000000000000000000e+00 -1.000000000000000000e+01
1.007725102394544159e+00 5.974373680599129164e-09 8.376393260153458986e-05 1.162738740771859921e-08 -5.384824238670080916e-07 -9.692683629606145437e-06 0.000000000000000000e+00 -6.677182055950900039e-05 inf 0.000000000000000000e+00 -9.000000000000000000e+01
5.821709896164036779e-01 0.000000000000000000e+00 9.897911099336745332e-05 4.345424385074669112e-05 -4.251949478302395891e-01 2.122710165998058565e-09 8.238200396704060220e-05 7.956709689467777088e-09 inf 0.000000000000000000e+00 -9.000000000000000000e+01
6.674385323669969913e-05 -1.564692068298763061e+00 1.921459391434671460e+01 2.857011433138087583e-04 -2.147616564331635391e+00 -1.636735838250194183e-02 4.016831895670729295e+02 2.501222556164898634e-05 inf 0.000000000000000000e+00 -2.000000000000000000e+01
5.032158005960102077e-05 1.040937827518604013e-03 9.659946172155553184e-06 3.150648505125922538e-01 -1.007029709115014438e+00 1.116510057572397528e-05 3.784385707432850879e-10 -1.253546503270418241e-05 inf 0.000000000000000000e+00 -9.000000000000000000e+01
7.427590471278618933e-01 2.288407789466917663e-07 2.405292618098150983e-06 1.317917394754705152e-01 -2.650601370963244774e-01 -7.525693062714589428e-06 0.000000000000000000e+00 -3.307699825169166928e-05 inf 0.000000000000000000e+00 -9.000000000000000000e+01
4.942999184336881457e-01 2.460009594569002114e-09 2.445393397211796858e-05 2.178009015598438403e+00 -1.129552547983232735e-01 -2.292895129453143277e-01 1.701758103891004733e-04 5.178967567513688934e-10 inf 0.000000000000000000e+00 -2.000000000000000000e+01
4.859714244017053209e-01 4.400096745268049577e-07 5.473223788471354208e-06 1.244639434949205755e-09 -5.221300125268322212e-01 4.043192346259238612e-08 0.000000000000000000e+00 1.302097594837943257e-05 inf 0.000000000000000000e+00 -9.000000000000000000e+01
3.236036179525583201e-01 8.441833511805868495e-01 2.689799893467555991e-01 -4.563083834753567744e-09 -2.876016809169156321e-02 1.060608675104883309e-09 1.480076939577061943e-05 1.025445797727452439e-05 inf 0.000000000000000000e+00 -9.000000000000000000e+01
1.010530842339349977e+00 3.605049808112423260e-04 3.720946900086753717e-02 -8.030977585628430221e-07 -1.166620892810916934e-03 1.557534516565919208e-02 2.317077108644249089e-08 0.000000000000000000e+00 inf 0.000000000000000000e+00 -9.000000000000000000e+01
5.056220196745149220e-01 4.664992403088020157e-06 1.740401011921299798e-05 2.241982908944360808e+00 -8.867983097004573934e-02 1.398820213015300393e-08 -2.407255695183240886e-06 1.392320809537039839e-04 inf 0.000000000000000000e+00 -2.000000000000000000e+01
2.309456651117947198e-05 2.293307094913258737e-09 9.752368759902212771e-06 5.852169136981197581e-07 -1.007709990402334332e+00 1.537392176685480662e-09 3.874023786525572277e-06 0.000000000000000000e+00 inf 0.000000000000000000e+00 -9.000000000000000000e+01
3.999202470456523217e-01 6.548192759482987507e-09 1.148667988986823038e-07 5.413097898100403577e-06 -6.078787755093915113e-01 7.523775327863690524e-06 1.382996258740134892e-04 4.077771360903221669e-05 inf 0.000000000000000000e+00 -9.000000000000000000e+01
9.626339828637154872e-01 -4.679470750031949899e-02 4.254925476834339404e-10 6.435018370380351745e-05 6.304452780256692584e-05 -1.623489852051901161e-01 2.293959822293296035e-09 4.168772770376836736e-05 inf 0.000000000000000000e+00 -9.000000000000000000e+01
1.265187112445967266e+00 7.930366244202119891e-10 0.000000000000000000e+00 6.634889633508862218e-07 -7.318769995115629364e-04 1.626393332247917667e-04 1.418298928601848630e+01 8.074583831976808618e-06 inf 0.000000000000000000e+00 -3.000000000000000000e+01
2.598950556090784376e-06 2.429040112752939296e-03 3.435021931990313944e-07 7.984805698513332609e-05 -9.990124319466514580e-01 3.759586946495884358e-09 1.125587986674586073e-02 7.352081139814173856e-08 inf 0.000000000000000000e+00 -9.000000000000000000e+01
3.196644395903786573e-01 2.191513941521668341e-01 3.537180396841990704e-01 1.515934455789424706e-01 -3.666254526229858340e-02 -5.778126983661140414e-01 1.076947516670454114e-06 6.752201644980579967e-10 inf 0.000000000000000000e+00 -9.000000000000000000e+01
5.232391512809876355e-01 4.310345630750605073e-09 4.521653190425693053e-04 6.985996358808351949e-07 -4.521576062013062947e-01 -1.525291488168162013e-01 5.311371007342855499e-01 -9.709310977117404262e-09 inf 0.000000000000000000e+00 -1.000000000000000000e+01
6.121899290921470893e-01 2.144033393953050650e-07 1.834668576316527688e-01 1.368917727217381125e-07 -1.150232630747667628e-01 -5.095245372568180109e-01 8.113783879864610047e-08 1.155874239868980720e-08 inf 0.000000000000000000e+00 -9.000000000000000000e+01
7.283734994787292027e-01 3.537387692140549489e-01 3.825453030963578883e-09 7.521146695116873171e-04 -1.179129230713516496e-01 -9.655053431870962849e-03 2.681959286630822953e-04 -6.018972247119292896e-10 inf 0.000000000000000000e+00 -9.000000000000000000e+01
6.575023854961833081e+01 3.535328930570879593e-04 2.576012647788943760e-02 8.838322326427198983e-05 2.285542378898795801e-02 6.055445161484581361e-04 5.143625477862596893e+10 6.545135993083926393e-04 inf 0.000000000000000000e+00 -2.000000000000000000e+01
5.508524983833361236e-04 5.093924164641985275e-01 9.986393701303778458e-01 3.832793102888042391e-10 -1.187143343454699906e-01 5.603378411488654976e-05 0.000000000000000000e+00 -5.054352719860161908e-02 inf 0.000000000000000000e+00 -9.000000000000000000e+01
4.717892719661241352e-01 1.634649800519412732e-07 4.400202123922924009e-09 6.836396789499009546e-06 -5.362784530262417748e-01 3.554926330539485133e-04 1.820773292657761736e-07 6.271254654900425100e-03 inf 0.000000000000000000e+00 -9.000000000000000000e+01
5.007467792246266258e-01 0.000000000000000000e+00 4.480365919378238027e-01 5.373510759515729429e-01 -2.262145537725286648e-01 -4.260740139016559458e-01 2.115459806111289121e-07 1.054518313911053106e-04 inf 0.000000000000000000e+00 -9.000000000000000000e+01
7.887338647637484046e-01 7.653558307159592374e-09 3.199803553158320768e-01 -5.553164607360785120e-03 -2.007256841464629127e-01 1.464393490728446300e-04 1.376472227997702935e-05 2.632120282186379612e-08 inf 0.000000000000000000e+00 -9.000000000000000000e+01
8.464324367651213654e-01 4.557550506361902476e-06 3.315877788602588348e-04 1.139387626590475619e-06 4.621326522568191542e-01 -9.301027695947771123e-01 1.957222992699521975e-04 -3.186283023454911101e-02 inf 0.000000000000000000e+00 -9.000000000000000000e+01
1.188589153443458502e+00 1.160731595159627400e-02 9.275158829408579935e-08 4.810032116557615062e-07 -6.353478205084276409e-01 4.926389254403808593e+00 4.817489530691813276e-06 3.713195645699795253e-04 inf 0.000000000000000000e+00 -3.000000000000000000e+01
4.076763293177069758e-01 5.818763038629586326e-01 7.209943390900692695e-01 3.830580929797760572e-09 -3.868984080917013359e-05 3.118543533435353540e-09 9.690919095808358440e-07 -1.317226641289303678e-04 inf 0.000000000000000000e+00 -9.000000000000000000e+01
6.443570007440255765e-01 2.631143521386364922e-08 3.075835438194793293e-05 2.705663926131512238e-07 -3.452599451747838666e-01 -3.846907467128510890e-03 -3.183315929048842752e-01 -1.836898315553864014e-01 inf 0.000000000000000000e+00 -9.000000000000000000e+01
4.353968728166629498e-01 1.900618865747571162e-01 5.086297289017094187e-09 1.098177823765054455e-09 -6.419437189412714462e-01 3.907905116817709801e-01 -2.964035121268085047e-04 -1.774557410366354726e-01 inf 0.000000000000000000e+00 -9.000000000000000000e+01
5.101357795973552323e-01 5.663203534484350884e-10 1.992717889052168659e-04 8.562459679521037631e-06 -4.693249172295667626e-01 -7.269434859262310922e-02 1.816786100324509868e-09 2.090444257695565828e-09 inf 0.000000000000000000e+00 -9.000000000000000000e+01
6.175316290620392889e-01 1.883998751603603465e-07 3.036441067070453914e-01 5.189718783352518859e-09 -3.651046005947365392e-01 -1.571952736152814212e-04 -1.774305924733940165e-01 7.636474939833273219e-06 inf 0.000000000000000000e+00 -9.000000000000000000e+01
6.368750179223887642e-01 2.284278567845147156e-01 2.609523529491972749e-01 9.694858561079638091e-07 -3.055789872216687075e-01 1.307435352824169924e-09 7.442814936290148564e-01 1.410655473189138809e-01 inf 0.000000000000000000e+00 -1.000000000000000000e+01
3.201899793120434323e-02 0.000000000000000000e+00 4.680149011666263061e-10 2.252573167434956058e+00 -8.970207817367935321e-02 8.950921565035804786e-08 0.000000000000000000e+00 0.000000000000000000e+00 inf 0.000000000000000000e+00 -2.000000000000000000e+01
1.007725320681146952e+00 4.700094839531168140e-06 1.753901205294697798e-05 0.000000000000000000e+00 0.000000000000000000e+00 -4.839230035210180905e-10 6.617280464813922027e-10 2.781014582367962855e-05 inf 0.000000000000000000e+00 -9.000000000000000000e+01
1.286859344308834419e-01 1.050258151031805673e-05 1.387115663298633152e-07 -4.575499890875855513e+00 -8.874892029716099362e-01 3.332839261512105635e-06 3.225631678043601138e-07 1.823657419843192817e-05 inf 0.000000000000000000e+00 -2.000000000000000000e+01
8.269516728299619590e-01 9.090398490758286864e-09 7.474327647956813276e-09 1.885354418664849941e-05 -1.810772398351321866e-01 7.618619687492660018e-09 3.324488590905887767e-07 1.423441404051573878e-01 inf 0.000000000000000000e+00 -1.000000000000000000e+01
2.720572612744369123e-01 1.518810960167734885e-08 1.640486126522792965e-02 1.720474793129889823e+00 -7.318723507523584582e-01 7.226485419031164501e-10 2.390985299136236893e-09 1.532716964926405245e-01 inf 0.000000000000000000e+00 -9.000000000000000000e+01
6.479312657019701271e-01 1.100808105325907696e-09 1.032763168967382628e+00 8.403472173346763219e-01 -2.816292149215949420e-02 2.808706394984375717e-08 2.720934320141113956e-09 5.763699581374187760e-09 inf 0.000000000000000000e+00 -9.000000000000000000e+01
1.006198011252892544e+00 4.607203776901962504e-04 2.981061572450828960e-05 3.668453149966106289e-07 -3.705791095512835298e-07 -3.632235342785779513e-03 4.302614818861328666e-09 6.169512096197769164e-09 inf 0.000000000000000000e+00 -9.000000000000000000e+01
2.206404248080623187e+00 9.391120423268309271e-04 1.100675935531137174e-09 7.251102400413431848e-06 -1.056018326474432723e-01 -1.566649528554572976e-03 1.834203207669591654e-06 1.660973209051882150e+05 inf 0.000000000000000000e+00 -2.000000000000000000e+01
9.550660861915744038e-01 0.000000000000000000e+00 7.422555584045917037e-08 4.200080232923543105e-07 -5.399666918397593579e-02 2.269008861464442787e-07 -3.650931811664861460e-08 -4.777390111682670133e-08 inf 0.000000000000000000e+00 -9.000000000000000000e+01
6.879559000029855176e-04 8.958714608927767498e-02 1.029304329675577989e+01 -8.360575173647393421e-04 -3.766940750238569890e+00 2.529818702290089902e+02 2.606588465566867657e-02 9.588576455152722389e+00 inf 0.000000000000000000e+00 -2.000000000000000000e+01
7.684526088789012110e-02 8.329423069060742405e-09 2.106129372482914291e-02 2.208589720333434592e+00 -9.221431306546813422e-01 2.822843174524862288e-06 0.000000000000000000e+00 1.017265823385698164e-04 inf 0.000000000000000000e+00 -2.000000000000000000e+01
5.023696105735543371e-01 2.705067133857599893e-01 4.402034714724790132e-01 1.034982207736820925e+00 -3.377133502517873365e-01 1.784355898237420074e-05 -7.698700143509881093e-10 4.537851710605417902e-10 inf 0.000000000000000000e+00 -9.000000000000000000e+01
6.145527649089393973e-01 2.001210834775129233e-01 1.119175076550195547e-09 6.801181076619632060e-02 -3.102121440702767519e-01 -7.893681948751990213e-04 3.261160974590334848e-05 0.000000000000000000e+00 inf 0.000000000000000000e+00 -9.000000000000000000e+01
9.013134652851408912e-01 1.705104448635041237e-08 6.532827403802918891e-10 3.585660090156103652e-01 6.465382347701087674e-07 -2.488408915026367185e-01 0.000000000000000000e+00 0.000000000000000000e+00 inf 0.000000000000000000e+00 -9.000000000000000000e+01
6.418515403821427601e-01 0.000000000000000000e+00 0.000000000000000000e+00 4.739281095618908435e-04 -3.659336525959167585e-01 1.352032812560636317e-04 -1.266037792680454378e-05 7.464845475710226506e-09 inf 0.000000000000000000e+00 -9.000000000000000000e+01
5.316970577605503179e-01 4.007275619151206558e-01 1.583852504748737434e-09 7.403686052456193156e-02 -2.912605206114779466e-01 8.184639013486471010e-05 6.263754347055972521e-06 6.990797262339255282e-10 inf 0.000000000000000000e+00 -9.000000000000000000e+01
2.606634577966432669e-04 9.383884480679157119e-05 1.529690705873490764e+00 0.000000000000000000e+00 5.947310782469576557e-08 7.520918304679426066e-10 5.731084381210043117e-10 6.363853950113360677e-10 inf 0.000000000000000000e+00 -9.000000000000000000e+01
1.352024442366971677e-03 0.000000000000000000e+00 1.101804371098525915e-04 6.234600343777024507e-04 -6.261927480916031907e-01 0.000000000000000000e+00 1.039577804448950545e-02 -1.187201674657923853e-03 inf 0.000000000000000000e+00 -9.000000000000000000e+01
4.821446357732669385e-01 3.218824751500402037e-01 1.026764351111520535e+00 4.108328259409867557e-09 -5.602384852295003159e-02 -1.392638280044922660e-04 0.000000000000000000e+00 7.755228517270252044e-08 inf 0.000000000000000000e+00 -9.000000000000000000e+01
5.787466776563990787e-06 2.913450208963676269e-05 1.291567735948228387e-04 5.219158415739069669e-07 -1.003325446739368632e+00 1.478761551126069687e-07 -7.695962233512201878e-02 3.630214631391841905e-06 inf 0.000000000000000000e+00 -9.000000000000000000e+01
5.606834304011426573e-01 1.223487580899937780e-08 8.001617769453595042e-01 6.519132767037013609e-01 -3.535156544224153374e-01 -8.172673731270892195e-02 2.789914199290643125e-05 1.285086782021635913e-09 inf 0.000000000000000000e+00 -9.000000000000000000e+01
8.719175895354641659e-01 1.978959023440042264e-01 4.916744355330713865e-08 8.849672690487890114e-06 -5.449484934596651037e-02 2.070404843973940508e-06 -7.707960272014895845e-09 2.324066809289339808e-08 inf 0.000000000000000000e+00 -9.000000000000000000e+01
5.811762817464026787e-01 1.438218297705622149e-04 5.471619108146604373e-10 4.030227893854481658e-01 -4.259847950675267336e-01 0.000000000000000000e+00 0.000000000000000000e+00 0.000000000000000000e+00 inf 0.000000000000000000e+00 -9.000000000000000000e+01
6.512838286627253837e-01 5.615740500662562968e-06 1.473764359139847859e-06 2.434835131995384551e-07 -3.564719180550419697e-01 6.119389593237221303e-10 8.526516990534781479e-06 2.434467609711309842e-05 inf 0.000000000000000000e+00 -9.000000000000000000e+01
9.397291924090726001e-01 0.000000000000000000e+00 0.000000000000000000e+00 0.000000000000000000e+00 -4.375955054578709416e-10 -1.680039108522033697e-01 0.000000000000000000e+00 8.819754373569491238e-10 inf 0.000000000000000000e+00 -9.000000000000000000e+01
1.048839108870986081e+00 1.131667271060456629e-09 1.517148880444839433e-07 7.867827359894845958e-07 -1.039246068241068466e+00 8.058154129130747023e+00 4.928065509143438694e-06 1.858316781951907580e-08 inf 0.000000000000000000e+00 -3.000000000000000000e+01
6.171947633417866896e-01 0.000000000000000000e+00 1.530783238156709347e-06 1.876756368961234239e-09 -3.903811400642396290e-01 6.987058343318879929e-10 1.134776270024865056e-05 -9.879375517995068297e-07 inf 0.000000000000000000e+00 -9.000000000000000000e+01
7.696366854095131327e-01 5.063399246115218161e-03 0.000000000000000000e+00 3.065730012296323699e-04 -2.367139147558864620e-01 5.300127995048583749e-05 4.056220404373916048e-06 -1.186734198308254256e-04 inf 0.000000000000000000e+00 -9.000000000000000000e+01
2.010335820458442657e-05 5.964445003034256025e-07 7.434054336070283464e-06 7.808000731244844867e-06 -1.007725823235061879e+00 7.084531314830560017e-10 2.804897120925350885e-04 6.072889457634879247e-06 inf 0.000000000000000000e+00 -9.000000000000000000e+01
5.501046928507077327e-01 3.990759499044225223e-01 6.441225858106468527e-01 2.770527271266291502e-01 -1.470279815437346149e-01 4.899689223947041705e-10 2.090852020833711429e-06 -1.944971691939434171e-09 inf 0.000000000000000000e+00 -9.000000000000000000e+01
1.322263309542287824e-01 7.059447627514474632e-01 2.654581299839513053e-09 5.750218809434970392e-10 -5.665262045905032906e-01 0.000000000000000000e+00 5.189468553768477044e-01 -3.098190181354315009e-01 inf 0.000000000000000000e+00 -9.000000000000000000e+01
1.122637990102442057e-01 2.120449183421916038e-09 0.000000000000000000e+00 4.439864291960327058e-02 -3.829734949513347586e-01 -8.290249773064187755e-01 0.000000000000000000e+00 -3.695288328935374904e-07 inf 0.000000000000000000e+00 -9.000000000000000000e+01
8.464051545627879758e-01 6.720300185533246706e-01 1.608410493196487141e-05 9.955636801884912981e-09 -1.874630675661286006e+01 2.092727407504723101e-07 1.821059825067999214e+07 2.339370280532065625e-06 inf 0.000000000000000000e+00 -3.000000000000000000e+01
6.947827250235107943e-01 4.638408614945691566e-01 8.839596454758299560e-05 5.920205870974763880e-09 -8.073179551329526249e-02 -6.238366016936451770e-03 -4.880604001485577131e-02 5.431424341922857104e-07 inf 0.000000000000000000e+00 -8.000000000000000000e+01
9.980762754536705028e-01 1.825486901469738312e-08 1.641445987697585113e-08 2.163054938106951486e+00 -1.916769602995526366e-03 2.208490965265841692e-08 5.555051148668675342e-07 0.000000000000000000e+00 inf 0.000000000000000000e+00 -2.000000000000000000e+01
3.168097327924614959e-01 1.719013855203370857e-06 1.678033476637477817e+00 1.405602489337562921e-06 9.634075440432593093e-05 2.576802148842417539e-01 1.431556749356898729e-02 -1.131515939738061374e-08 inf 0.000000000000000000e+00 -9.000000000000000000e+01
1.007631584348144038e+00 4.273890986139678729e-04 4.411290346224593095e-02 -9.520956585917097756e-07 -1.383062865541222252e-03 1.004874527881753632e-02 -2.851858623874702658e-06 1.649472515870883797e-04 inf 0.000000000000000000e+00 -9.000000000000000000e+01
9.738971160421880935e-01 2.878423328663846578e-02 2.360490468569874118e-03 1.082644933414248940e-06 -2.222986169429881642e-02 1.453405363211554431e-09 2.855720795941253947e-05 7.179586452491804342e-05 inf 0.000000000000000000e+00 -9.000000000000000000e+01
3.737350888888998912e-01 1.261492021967892771e-07 1.380720193558093056e+00 2.798830299406098365e-05 -2.103834601498189294e-01 2.609165975087370209e-05 0.000000000000000000e+00 -3.598496099236412184e-05 inf 0.000000000000000000e+00 -9.000000000000000000e+01
1.495914568879351284e-07 -1.873008492555053306e-01 7.700023412442134874e-06 1.077058489593132861e-05 -1.707894796241660185e-01 -1.259717531687874765e-07 0.000000000000000000e+00 -2.295080378756164219e+00 inf 0.000000000000000000e+00 -3.000000000000000000e+01
5.166801108621537075e-01 2.567406480903089947e-08 1.787736480782439524e-03 4.905354759938784087e-02 -4.907943337648514870e-01 4.813887151693293857e-09 6.538091924775747308e-10 5.292807206784831560e-06 inf 0.000000000000000000e+00 -9.000000000000000000e+01
4.564346871598628369e-02 -2.885862753662618283e-09 0.000000000000000000e+00 3.039046144887187773e-02 -9.114827372954424911e-01 -1.275706062340477287e-01 5.095648447899167881e-07 -2.522081501686840893e-05 inf 0.000000000000000000e+00 -9.000000000000000000e+01
6.166132199561348282e-01 3.058597321210986496e-05 8.602304965905899605e-05 2.239382614697835727e+00 -8.172572042275755289e-02 6.581268506986892815e-10 4.685279795832774001e-10 -7.742074469315309102e-05 inf 0.000000000000000000e+00 -2.000000000000000000e+01
7.486464404404604700e-01 1.114754568213010416e-06 6.547784984695985816e-08 6.572646621360439534e-02 -2.589964839643890682e-01 9.162611461004330497e-05 9.483802451143296102e-08 2.352017960472423860e-09 inf 0.000000000000000000e+00 -9.000000000000000000e+01
1.065178297384328676e+00 3.847564989632730748e-01 1.791614231813714320e-01 4.192179226924071858e-07 1.447188819984924426e-08 7.038998040753286859e-10 5.921138182518767223e+00 0.000000000000000000e+00 inf 0.000000000000000000e+00 -3.000000000000000000e+01
6.982573161324550082e-01 3.784672007608684829e-01 7.461177239644614448e-09 5.195366935509338271e-04 -5.574323111981783763e-01 1.243954210252776971e+00 8.051368017389939887e-10 9.699530411537998948e-08 inf 0.000000000000000000e+00 -1.000000000000000000e+01
9.745029691762213675e-01 5.134577088204385783e-08 7.360929713649807052e-05 1.636734268671664605e+00 -3.339758967221684305e-02 5.405025532594287183e-03 4.980539775558254189e-07 -2.201562746864978505e-11 inf 0.000000000000000000e+00 -9.000000000000000000e+01
1.992075679866656657e+01 4.344746445569223861e-08 5.197399809160943107e+01 1.316790589849619047e-04 -2.774033874046141932e+02 2.202115782344884378e-05 1.243883285496335793e+10 2.316913167939215725e+02 inf 0.000000000000000000e+00 -2.000000000000000000e+01
2.606615982316580894e-04 9.383817536339691815e-05 1.529679793107663333e+00 5.062120437959446950e-10 4.899409423882178894e-10 -1.300345927542021629e-05 -6.405462570181371225e-07 1.249620588113417875e-07 inf 0.000000000000000000e+00 -9.000000000000000000e+01
3.589152708545384116e-05 6.222416256475714687e-08 8.025184146073386987e-05 3.024889509691822131e-02 -1.004304612637612504e+00 0.000000000000000000e+00 0.000000000000000000e+00 -5.010699146480494071e-05 inf 0.000000000000000000e+00 -9.000000000000000000e+01
9.687717440582478690e-03 8.351392619690138098e-07 2.054478444431167459e-10 1.027986305286286044e-07 -9.993755306899532176e-01 4.040225246357728564e-07 1.219239571386060131e-07 1.281396882868486854e-06 inf 0.000000000000000000e+00 -9.000000000000000000e+01
6.199334626933866943e+00 3.010742431523210083e+00 3.255920685683072301e-08 8.138214642171124821e-03 -1.675281258046933952e-01 1.763951820783089605e-05 1.365365849060676701e+05 3.460598839252538428e-10 inf 0.000000000000000000e+00 -2.000000000000000000e+01
1.007733155545806669e+00 5.974421424309028915e-09 6.198580547558116879e-05 1.162748032701708339e-08 -3.300100949095099901e-07 1.683501391568742465e-09 6.533638955534230169e-05 6.310391333255502572e-09 inf 0.000000000000000000e+00 -8.000000000000000000e+01
1.006198760880706589e+00 4.626324251678224286e-04 6.344538442690597646e-10 3.668455883001239060e-07 -3.705793856365119273e-07 -3.632238048838275311e-03 7.990326299870383710e-07 1.684689358178279134e-05 inf 0.000000000000000000e+00 -9.000000000000000000e+01
1.603986005250642277e+00 3.663604290256878630e-08 2.407376962989858093e-09 7.704184749629069406e-01 8.772575752560306370e-07 2.955375789201970971e+00 -6.226245304931424404e-09 0.000000000000000000e+00 inf 0.000000000000000000e+00 -3.000000000000000000e+01
4.281154610247444037e-01 4.029869448341615867e-01 1.622590971378369578e-09 2.064959085105764341e-02 -3.220172815533947075e-01 -1.184297661204320035e-01 1.550764277712020502e-05 3.953596839881195276e-05 inf 0.000000000000000000e+00 -9.000000000000000000e+01
4.881181019351423789e-01 2.624565454624760149e-06 9.420061956058598039e-05 9.576117199306556384e-07 -4.602256389674199699e-01 -1.493408954730137961e-01 6.880617543205451687e-06 -3.041459749580827138e-10 inf 0.000000000000000000e+00 -9.000000000000000000e+01
9.141585498423592249e-01 1.180929725168103489e-01 1.260720844654089503e-06 7.674516607045973304e-06 -4.725842874998256032e-02 3.312228028885551189e-06 -6.481855242437478012e-09 2.096475054975871656e-08 inf 0.000000000000000000e+00 -9.000000000000000000e+01
1.004431224404818357e+00 4.191938995987791038e-09 2.103002952685150263e-09 1.850980204188112380e-06 7.043231755951901612e-04 2.848549149958146511e-09 9.312294011221200014e-09 2.060421855307919051e-04 inf 0.000000000000000000e+00 -9.000000000000000000e+01
4.929505599452236875e-01 7.457510384742783417e-09 1.684098441239211192e-08 1.839547211502907897e+00 -2.615042604587466957e-01 -4.869389677507697245e-01 3.260701237292940742e-07 2.915622214310164551e-01 inf 0.000000000000000000e+00 -8.000000000000000000e+01
1.235479640887914954e+00 -6.042574037279187238e-02 0.000000000000000000e+00 1.115124923281320381e-07 -1.844660921963662131e-09 1.187371926696594813e-04 1.035449603791776241e+01 2.033875646236370348e-08 inf 0.000000000000000000e+00 -3.000000000000000000e+01
6.612353670978577957e-01 -2.728146103618888946e-03 5.868952962407022328e-03 8.286648266419419161e-05 -5.483038737665414187e-04 -6.475411435189081244e-01 1.803480337406324421e-02 5.880654569469112393e-06 inf 0.000000000000000000e+00 -9.000000000000000000e+01
9.270271734686740261e-01 4.378157082090246982e-02 2.650430654381362596e-07 -3.848570539238690338e-06 -6.305497971488670250e-02 7.361371452563424253e-04 1.452290769524034231e-08 -9.457317491140510663e-05 inf 0.000000000000000000e+00 -9.000000000000000000e+01
3.270091791670325376e-01 1.347570932144845349e-09 3.155768200963193201e-05 1.891400251043704749e-06 -6.868157391354783314e-01 1.983624412117212433e-09 6.152110495551933781e-09 3.881666480731973401e+00 inf 0.000000000000000000e+00 -3.000000000000000000e+01
7.704078555172045872e-01 8.260390573379218504e-02 2.210585348634607788e-09 4.772854730006540200e-10 -1.938663093752265587e-01 -3.002820552822802608e-02 7.504686055733967249e-10 3.202836726714914739e-10 inf 0.000000000000000000e+00 -8.000000000000000000e+01
2.106005759364016627e-01 8.171144375042935762e-09 3.075563127825941545e-01 1.124728417629098214e-06 -7.279627455009205494e-01 -2.455682187333891320e-01 8.551178102172385387e-01 -5.210584818867958807e-08 inf 0.000000000000000000e+00 -1.000000000000000000e+01
7.446349310214644447e-05 -5.473140746037569754e-08 9.932851111682078802e-06 4.612758169450731915e-01 -1.006615918286678291e+00 2.369124773636919732e-07 2.553489960739359123e-09 -2.652268588231929797e-04 inf 0.000000000000000000e+00 -9.000000000000000000e+01
8.683487229243533334e-02 1.165995599629868944e-03 4.615399248534898130e-05 -5.037741404650830803e-07 -1.237396930167203646e+00 -8.444634797319354328e-04 2.072458952046123315e+01 1.290489921465349884e-06 inf 0.000000000000000000e+00 -3.000000000000000000e+01
1.804402758866288314e+00 7.535749015650370523e-08 1.581115460946379780e+00 3.717431770774694666e+00 -1.212993158970314234e+00 7.481793772101561739e-06 0.000000000000000000e+00 1.158012632750564720e+06 inf 0.000000000000000000e+00 -2.000000000000000000e+01
5.106449222186238979e-01 0.000000000000000000e+00 4.554290432630937161e-05 2.635939749826381429e-10 -4.977798369689298563e-01 -5.874068230415896950e-06 0.000000000000000000e+00 6.700816908090113504e-07 inf 0.000000000000000000e+00 -9.000000000000000000e+01
4.876164186580058679e-01 1.776469347360996441e-09 1.687174795268964449e-03 4.580565055028863047e-02 -4.661182999997370846e-01 -1.348518352200497317e-01 5.386488040785080148e-07 -2.666032004684767883e-05 inf 0.000000000000000000e+00 -9.000000000000000000e+01
8.039673488332579332e-01 3.068907621890393234e-01 0.000000000000000000e+00 0.000000000000000000e+00 0.000000000000000000e+00 0.000000000000000000e+00 0.000000000000000000e+00 0.000000000000000000e+00 inf 0.000000000000000000e+00 -9.000000000000000000e+01
5.022065420278329917e-01 4.306760601311959392e-06 1.800546710758703373e-02 2.226838310386980435e+00 -8.808079855333117436e-02 1.380669481562831653e-08 -8.919240873541402620e-10 5.547332738422091684e-10 inf 0.000000000000000000e+00 -2.000000000000000000e+01
6.532416903935478469e-02 3.329113207338970093e-01 1.718870550351946118e-05 1.877465006464419162e+00 -7.838900284722575273e-01 2.061463306092196828e-05 2.290027680981941024e-08 0.000000000000000000e+00 inf 0.000000000000000000e+00 -9.000000000000000000e+01
1.637250171933367082e-01 2.266276279656265387e-03 4.455729634578419612e-03 2.242000235440286371e+00 -2.325583577550998648e-01 5.497734329269090816e-08 0.000000000000000000e+00 6.938070390049370906e-05 inf 0.000000000000000000e+00 -2.000000000000000000e+01
6.000594100029721378e-01 1.773518964052459360e-02 1.454398513514357531e-03 1.613111516348351426e-01 -3.244297111311250092e-01 -9.211337672819239759e-06 1.288449646413244994e-07 -2.067674593504217562e+00 inf 0.000000000000000000e+00 -3.000000000000000000e+01
7.554885801510887688e+01 9.382381608084319410e-03 1.143561815658386438e+00 -6.404356046473938025e-05 -3.945083324627945975e-01 1.515006432729650114e+05 0.000000000000000000e+00 -1.908395632152489796e+01 inf 0.000000000000000000e+00 -2.000000000000000000e+01
3.592434644926614657e-06 0.000000000000000000e+00 0.000000000000000000e+00 5.102890120634395398e-08 -1.940847808168144836e-06 0.000000000000000000e+00 5.419444264346435922e-05 9.588576455152722389e+00 inf 0.000000000000000000e+00 -3.000000000000000000e+01
7.338484254058081913e-01 2.728637991228162167e-07 1.230482054372861181e-05 1.721165082190259757e-05 -2.729256503475533946e-01 -2.020922085722298836e-07 8.078527914411547782e-10 3.049783742126600450e-05 inf 0.000000000000000000e+00 -8.000000000000000000e+01
1.270658963605543479e-01 8.944067196790172960e-06 7.515681465326044876e-09 1.895785671612003421e-05 -8.763165266245127594e-01 3.290881867257513780e-06 3.120023440740758046e-07 -2.227791347685428303e+00 inf 0.000000000000000000e+00 -3.000000000000000000e+01
1.370776270816750951e-04 1.838673364175731702e-08 6.627098515161866147e-07 1.771107449013869031e-02 -1.001398188421454671e+00 4.586840405277789064e-09 9.160010844987230962e-05 4.605808269944283804e-04 inf 0.000000000000000000e+00 -9.000000000000000000e+01
2.456505912017147020e-02 3.517442675875945778e-04 2.577180338954715343e-05 6.482334428867910248e-10 -6.570963182609333708e-02 -1.165737542396248605e+00 2.611066175543997370e-07 8.548336362561216595e-02 inf 0.000000000000000000e+00 -1.000000000000000000e+01
6.603784673050134835e-01 2.288071378454248149e-07 3.154910618307449430e-03 2.228183461626268347e+00 -1.959756242901568579e-01 1.243985896373066020e-04 1.846315023208130954e-07 3.336180807848281172e-09 inf 0.000000000000000000e+00 -2.000000000000000000e+01
8.244753652508977071e-01 9.375464641880979717e-06 3.510557367503037556e-05 4.522836289376353847e+00 -1.801086065756425381e-01 1.834655620815367506e-07 -1.319975046066541016e-09 3.635543753439673065e+00 inf 0.000000000000000000e+00 -2.000000000000000000e+01
5.385645581462150666e-02 2.492666613948765764e-01 6.751659901357914828e-01 1.170885196031731206e-08 -8.237355234175059993e-01 -3.546581740665927826e-04 4.003123535646196385e-01 1.642309158319733665e-05 inf 0.000000000000000000e+00 -9.000000000000000000e+01
5.201542236299919741e-01 8.187982867984606132e-09 5.762475060400838696e-07 2.345271403223331524e-05 -4.380246093726248291e-01 -1.251498883921785266e-01 3.066851234360781947e-09 7.648916380234729140e-10 inf 0.000000000000000000e+00 -9.000000000000000000e+01
7.777147147933693994e-01 1.273762788857800107e-04 9.392211575145294739e-06 1.215024195832288228e-06 -2.300902202686413434e-01 -1.056698343565553162e-04 9.870906882360660914e-09 7.913931142997854273e-02 inf 0.000000000000000000e+00 -1.000000000000000000e+01
4.603649196461618298e-01 5.297908216059694226e-10 0.000000000000000000e+00 8.796781904066786756e-03 -5.473553184752666390e-01 4.544185191506871280e-09 6.171789983657168518e-10 4.996273359277298629e-06 inf 0.000000000000000000e+00 -9.000000000000000000e+01
7.731789818003745873e-01 3.275504453671552844e-04 2.397999886123979921e-05 5.964186137614906069e-02 -2.346306889781177574e-01 1.080301351504350132e-04 3.461072371337274702e-09 4.927628460886967611e-09 inf 0.000000000000000000e+00 -8.000000000000000000e+01
5.447876908397220319e+01 1.255019375954938519e-06 8.234434637404993396e+01 6.700262404580489317e+01 -2.245488057609845711e+00 2.202115782344724797e-05 1.243883285496245575e+10 1.615577290076417114e+02 inf 0.000000000000000000e+00 -2.000000000000000000e+01
8.544241007948953914e-01 3.519328304796401861e-08 8.229411232003073715e-03 -2.802920761109445398e-09 -1.527123672689383871e-01 6.289944216455772277e-09 2.839786295187766399e-07 1.083970874142777818e-01 inf 0.000000000000000000e+00 -1.000000000000000000e+01
8.726414180704845647e-01 0.000000000000000000e+00 6.591516236288621924e-05 1.509042894232384802e+00 -1.334876202366107323e-01 1.077627384123985502e-09 1.043951528370111007e-10 2.581815607797048684e-11 inf 0.000000000000000000e+00 -9.000000000000000000e+01
7.219809633132554527e-01 7.239450577307510725e-06 2.537439533450926745e-05 2.844934591416831242e-07 -2.848254569554491411e-01 -3.173542695882441630e-03 6.355704938271644208e-07 -8.638916274191704508e-05 inf 0.000000000000000000e+00 -8.000000000000000000e+01
8.122706449405842077e-02 1.308965431847836990e-07 9.215116640208772581e-05 1.040627518319030467e-05 -1.640625857107714525e-01 -1.224598519248269296e-07 3.885991125798265776e-08 -2.247550193789392026e+00 inf 0.000000000000000000e+00 -3.000000000000000000e+01
1.031544459524386676e-06 1.227590040763530066e+00 3.111007100152912288e-07 9.176106468652779145e-08 -3.615863515528604118e-07 1.628977427673097997e-10 6.531747750311325432e-16 -1.079322467415304157e-10 inf 0.000000000000000000e+00 -9.000000000000000000e+01
4.833665722929538638e-02 -2.800856417651331452e-09 7.839410389244900090e-05 1.276294252395358928e-04 -9.593908675384198448e-01 -9.679759779403002132e-06 0.000000000000000000e+00 -6.668278959144289793e-05 inf 0.000000000000000000e+00 -9.000000000000000000e+01
6.174393678458610646e-01 0.000000000000000000e+00 1.299115440110468478e-01 -2.262066783402683946e-03 -1.160095706666912918e-01 -5.138936353499713450e-01 5.588456586686576749e-06 1.068636884111573428e-08 inf 0.000000000000000000e+00 -9.000000000000000000e+01
1.356648554563236075e+00 -1.832081195336512924e-01 1.659471892635386858e+00 4.360656068238972782e-01 -6.979131619631603152e-04 7.159705406543802316e-09 2.299842311545295459e+01 1.689449813577730773e-07 inf 0.000000000000000000e+00 -3.000000000000000000e+01
5.921279426187721211e-07 0.000000000000000000e+00 2.572652653918253873e-08 1.334923795281959548e-04 -1.003440212675065224e+00 1.242017010994936723e-04 0.000000000000000000e+00 -1.455213631779894365e-03 inf 0.000000000000000000e+00 -9.000000000000000000e+01
7.409504896223058079e-01 1.532011483477383267e-06 4.987016547777940323e-10 6.224105923970918320e-10 -2.667006664326787013e-01 0.000000000000000000e+00 1.602476094345335381e-05 1.719554232908238848e-08 inf 0.000000000000000000e+00 -9.000000000000000000e+01
2.037775326422518692e-05 1.025829983962598595e-04 2.542490212481059442e-01 2.352923508323847094e-08 -1.942997783432893977e+00 6.251849617216584498e+00 0.000000000000000000e+00 5.985199324224456719e-07 inf 0.000000000000000000e+00 -3.000000000000000000e+01
1.052513001208660981e+00 9.603517085499470352e-09 2.233712979702277557e-01 7.722724388754899412e-07 -1.585700812581388244e-02 4.327818738530280939e-08 3.228617633864167133e-04 5.959357907439893154e+01 inf 0.000000000000000000e+00 -3.000000000000000000e+01
6.152512952805622712e-05 9.638805226758043743e-01 4.488298617040005212e-01 1.050212255097979272e-06 3.625454332743581180e-08 1.763388826158042193e-09 3.760368013977548546e-04 2.432562907131176845e-07 inf 0.000000000000000000e+00 -9.000000000000000000e+01
7.218224272773561268e-01 1.525762293612950848e-01 9.732437221717161746e-01 5.385788827122127377e-04 -5.778634600394564336e-01 1.289547931877523812e+00 8.346468776772934514e-10 0.000000000000000000e+00 inf 0.000000000000000000e+00 -9.000000000000000000e+01
5.700407747212511422e-01 0.000000000000000000e+00 7.375024552630735489e-07 2.608240390564528560e-07 -5.386047025858879955e-01 4.059761144317393169e-10 3.193904928952892242e+00 3.435182506730102032e-10 inf 0.000000000000000000e+00 -3.000000000000000000e+01
4.746923942795720497e-01 1.174706037870407220e-04 4.469101814043609664e-10 3.291804205562700036e-01 -5.328971837688928348e-01 2.014684011186343503e-04 0.000000000000000000e+00 -4.779664136883463206e-03 inf 0.000000000000000000e+00 -9.000000000000000000e+01
8.352010247186442138e-01 9.181080810442075502e-09 2.429448055369093763e-05 -4.537860368494741614e+00 -1.809276224507601616e-01 7.694620107799072487e-09 3.227077039149671484e-07 1.678826205337979331e-08 inf 0.000000000000000000e+00 -2.000000000000000000e+01
2.099999843635191182e-03 1.941942712546893546e+00 1.422337017419477392e-08 2.209821264029378463e-05 -1.738971299088602374e+00 6.056228120485227073e+00 0.000000000000000000e+00 -2.699497566854070531e-06 inf 0.000000000000000000e+00 -3.000000000000000000e+01
1.003114704479309172e+00 2.496128064608810681e-09 1.415348404353627374e-07 2.209987083305978040e+00 -5.969463115645302518e-04 0.000000000000000000e+00 4.056173655502577505e-04 1.440018179281820909e-01 inf 0.000000000000000000e+00 -2.000000000000000000e+01
1.441465899262282474e-05 1.825664225117760406e-05 7.077337581548280870e-06 2.546279315412849908e-01 -1.003366570385732626e+00 4.649666355616372611e-04 2.256804075748813893e-09 -1.103012992022232784e-08 inf 0.000000000000000000e+00 -9.000000000000000000e+01
4.833648652540276092e-02 3.446686811934501857e-04 4.874124856784937159e-08 1.133004117652649473e-05 -6.436828878943909316e-02 -1.145610892612039411e+00 1.597153233071288208e-03 1.117944911137582911e-08 inf 0.000000000000000000e+00 -9.000000000000000000e+01
4.136546269775271401e-01 4.454583195902535428e-06 3.240963200771304446e-04 1.113645798975633857e-06 6.892270417113043964e-06 -9.090892491735999004e-01 2.999516085527596863e-04 7.845173959918617934e-02 inf 0.000000000000000000e+00 -1.000000000000000000e+01
2.369702249474850142e-01 3.382275317499712219e-01 4.190927420436233453e-01 1.583690482674382651e-05 -2.728321877733655421e-01 1.991415674690822594e-04 -2.327511704973814488e-01 -1.203836869762891393e+00 inf 0.000000000000000000e+00 -9.000000000000000000e+01
1.006839410119504175e+00 0.000000000000000000e+00 1.259587468077613996e-04 4.950549260300015144e-09 -5.000180555095982428e-05 4.018681164243541822e-09 0.000000000000000000e+00 -1.166454334074299402e-03 inf 0.000000000000000000e+00 -9.000000000000000000e+01
5.351211305391092576e-01 1.438859874381238080e-01 6.447980630375914725e-08 2.202081199053025351e+00 -8.036441438851731067e-02 0.000000000000000000e+00 9.339245966416360704e-08 2.316167419496686612e-09 inf 0.000000000000000000e+00 -2.000000000000000000e+01
-1.013341678613778329e+00 8.305464660690428475e-07 4.046891687754705647e-01 2.473460199555676198e+00 -6.232213199142246918e-01 3.075637682693576291e+00 -1.563063748875289608e-08 2.015541758549706968e-04 inf 0.000000000000000000e+00 -2.000000000000000000e+01
6.862600854328017030e-01 2.234716361003311336e-01 7.286890587399974871e-10 5.933404152266585387e-04 -2.229252506819929258e-01 5.954747332670421627e-04 -7.567438043984318907e-02 8.732056039091032395e-10 inf 0.000000000000000000e+00 -8.000000000000000000e+01
7.276501263736625535e-01 4.613698631033703976e-05 1.116773780782924638e-04 9.364838050725538419e-07 -2.799333617238483063e-01 -7.105958265367798374e-04 0.000000000000000000e+00 1.738221738911646753e-06 inf 0.000000000000000000e+00 -8.000000000000000000e+01
5.630014905479741039e-01 2.731570766406331433e-09 5.158037608014373054e-01 6.186273863206781520e-01 -6.510758255214221801e-02 -4.905192627229355007e-01 2.419355367542600897e-07 1.214018055527024768e-04 inf 0.000000000000000000e+00 -9.000000000000000000e+01
6.951882552549031313e-01 4.262034754953471943e-07 2.904893780886559917e-01 1.060773094566197363e-06 -3.343524465749772578e-01 1.430544072843179245e-09 8.143633847271722903e-01 1.543483447679040999e-01 inf 0.000000000000000000e+00 -1.000000000000000000e+01
