3.008394989033471578e-01 4.138768254143680991e-01 1.399407108780940663e-04 1.856604710780179485e-03 -5.162334596566311440e-01 5.432481012348371624e-08 3.357169815065140579e-10 8.372201267199486534e-10 7.408511672817751787e+03 0.000000000000000000e+00 0.000000000000000000e+00
2.978593368596299529e-01 3.763858893044415010e-01 3.587851103081906579e-01 9.270711546170248096e-07 -2.484417650624640983e-01 -2.782276987484270658e-01 -1.091051707035356575e-07 1.032948361690278368e-08 1.037115714424858015e+04 1.000000000000000000e+00 0.000000000000000000e+00
5.037551415342974570e-01 4.096685781348956001e-01 1.161381016961366697e-01 7.028250432877824480e-10 -3.008809892043372014e-01 4.877788352376505883e-09 -8.160072580510097100e-10 -3.271331110575860122e-08 2.036122488281516416e+04 0.000000000000000000e+00 0.000000000000000000e+00
4.282424095798902930e-01 4.344789495252285305e-01 1.246495939595592545e-03 9.561882533379870500e-04 -3.752318200445155516e-01 3.782691388354397214e-06 3.184459141794680543e-08 1.008971469021187990e-03 2.174211067168488444e+04 0.000000000000000000e+00 0.000000000000000000e+00
5.070426816442432649e-01 3.309861949622143751e-01 3.839773635317687747e-05 1.473502219017439603e-09 -3.568078130089119004e-01 1.026996172311835228e-03 1.037999702729462161e-02 2.528806144155119014e-05 2.229914953907430026e+04 0.000000000000000000e+00 0.000000000000000000e+00
2.433850760427235249e-01 5.390485693738601425e-01 5.403124182640357923e-05 -9.057279403109605549e-08 -4.902553799046745486e-01 -6.752628899753367400e-03 1.483944657405477773e-03 2.964562495761697372e-10 2.934299340546158055e+04 0.000000000000000000e+00 0.000000000000000000e+00
6.021697648244781487e-01 2.364267406360749391e-01 2.740569295932521619e-06 -2.032069847268148210e-08 -3.050035576714005825e-01 5.421344352681061112e-06 -2.685925333883586175e-02 2.211141136491011570e-08 3.245673544377238431e+04 0.000000000000000000e+00 0.000000000000000000e+00
5.976803582076488652e-01 1.928073571417330428e-05 1.706299850761346248e-05 9.060828430818862344e-10 -4.093294760925833553e-01 1.366850278328717732e-05 1.085641943082869825e-09 4.932626599411634358e-08 3.477962014339870802e+04 0.000000000000000000e+00 0.000000000000000000e+00
1.507393500873415448e-01 5.449807272388502710e-01 6.322326006517856750e-05 2.426174635470396291e-09 -5.874969541865620037e-01 7.730223081402131172e-03 0.000000000000000000e+00 0.000000000000000000e+00 3.572045709832554712e+04 0.000000000000000000e+00 0.000000000000000000e+00
3.946508378871065870e-01 5.268491481152999256e-01 1.072288683606439572e-02 0.000000000000000000e+00 -3.489646571464809499e-01 1.168039762886297033e-07 1.528127417962603342e-09 -4.389397019295481622e-03 3.739391386273973330e+04 0.000000000000000000e+00 0.000000000000000000e+00
4.345149236786694513e-01 5.010789119868911401e-01 1.593498255262740032e-04 0.000000000000000000e+00 -3.318954417034943316e-01 1.077843715175006587e-07 2.889061992544344690e-02 -5.501631724083468604e-06 3.895651318419731979e+04 0.000000000000000000e+00 0.000000000000000000e+00
6.196664717062894123e-01 7.931907452877228967e-03 9.701753726299729464e-06 6.883625262945998573e-06 -3.855253944491898177e-01 3.452881100505979796e-08 1.015536461163605436e-02 1.462511703067101621e-09 6.598336221597026451e+04 0.000000000000000000e+00 0.000000000000000000e+00
2.844435221374833067e-01 6.705438356917990950e-01 1.920574146734779037e-03 6.010743205875030590e-06 -3.538438316624362701e-01 2.500946453501551184e-04 -2.672755549875126343e-09 0.000000000000000000e+00 7.085779110345881782e+04 0.000000000000000000e+00 0.000000000000000000e+00
6.370563878401331870e-01 1.083187561942879245e-08 0.000000000000000000e+00 5.369924321843228053e-05 -3.701632906186879124e-01 9.782102994821124294e-06 9.817636343255339786e-10 4.756432467572052771e-09 7.459432295216174680e+04 0.000000000000000000e+00 0.000000000000000000e+00
3.231931112758589242e-01 2.216560557826219302e-01 3.179675873887446437e-06 2.511811031944825358e-09 -5.548037803421315139e-01 7.922861158374325111e-05 -4.446393933363972928e-01 7.021204065672543461e-10 7.979079582554716035e+04 0.000000000000000000e+00 0.000000000000000000e+00
5.150486745367013341e-01 5.707296123244528507e-01 3.763832922359300939e-05 5.639439434202365228e-10 -2.227237511510060108e-01 3.175553483207702726e-02 -6.533971206524119591e-10 7.441467207430247341e-10 8.735317194493777060e+04 0.000000000000000000e+00 0.000000000000000000e+00
6.209284580697156386e-01 9.572513012736959940e-10 1.130078958678889302e-05 1.877786114279359990e-09 -3.872002856443804708e-01 -5.220035589192231351e-08 3.461840322414462028e-10 0.000000000000000000e+00 8.753378805277784704e+04 0.000000000000000000e+00 0.000000000000000000e+00
7.231090335393532964e-01 4.568378370735985960e-01 8.719076433290396944e-01 2.255549187734769384e-06 -6.738358096835579680e-02 2.160190343876587649e-01 1.362291959744443341e-05 8.663698866795802560e-07 8.819456436076969840e+04 1.000000000000000000e+00 0.000000000000000000e+00
2.518130633877616598e-01 7.641894510532072360e-01 2.909157917396015813e-03 -3.560490270964444745e-07 -3.043146287272949779e-01 5.122840819551707974e-08 5.360438640368020399e-10 0.000000000000000000e+00 8.939207147606695071e+04 0.000000000000000000e+00 0.000000000000000000e+00
4.460458670083686794e-01 6.883225789445689413e-01 1.063456218262597750e-07 -1.836183398439017798e-08 -1.793008116481482062e-01 1.462826107423084212e-06 3.522338372002911406e-03 4.423098030093987850e-09 9.622319158845467609e+04 0.000000000000000000e+00 0.000000000000000000e+00
3.512327475568413071e-01 7.632935128469903185e-01 8.527113121006153729e-05 1.122045507602001257e-09 -2.678394974385968630e-01 6.916734274513215708e-02 6.467192535594554681e-05 0.000000000000000000e+00 9.679403310462276568e+04 0.000000000000000000e+00 0.000000000000000000e+00
6.398719017325263936e-01 4.052630718202354269e-05 1.264906194149515883e+00 1.005595787595954006e-02 -3.357009107640210877e-01 1.075726675376421082e-01 3.592836132309938773e-09 0.000000000000000000e+00 9.750269240837433608e+04 1.000000000000000000e+00 0.000000000000000000e+00
3.157758507410942106e-01 8.600311566259153384e-01 0.000000000000000000e+00 2.157571505770194959e-05 -1.487271924992184524e-01 4.966361240416150260e-06 3.944609115264179129e-10 1.792237668248274248e-08 1.029992979062168015e+05 0.000000000000000000e+00 0.000000000000000000e+00
2.519911013815083201e-01 9.137621246357497951e-01 1.373783262983300883e-03 8.586145393645629436e-04 -1.012674519570547493e-01 5.989219722130043006e-07 -5.024121647481785691e-02 0.000000000000000000e+00 1.045612282386215520e+05 0.000000000000000000e+00 0.000000000000000000e+00
3.553033896556724858e-01 8.995294275874728962e-01 1.126885691677232528e-05 7.677727732175912226e-08 -7.916503017252521368e-02 1.006335129311761167e-02 3.511280816181783781e-07 2.659974365238118769e-05 1.056810604487785167e+05 0.000000000000000000e+00 0.000000000000000000e+00
1.640468910953747916e-01 4.954122637068298363e-01 8.861336339510842430e-01 -3.761866862536055601e-07 -2.126533773458562093e-01 1.149118839452105403e-09 1.214583791517861665e-08 2.892536870985069802e-05 1.091312267288722069e+05 0.000000000000000000e+00 0.000000000000000000e+00
6.590593535184321450e-01 1.693605518468078303e-02 1.115994279896725497e-09 6.675674874291321974e-09 -3.417849126717488750e-01 2.257352066154740271e-09 1.126155915085312411e-05 5.872300541421980602e-03 1.121474479779515386e+05 0.000000000000000000e+00 0.000000000000000000e+00
6.641196034757890221e-01 9.239514388028071841e-06 8.908084065463966854e-04 3.408933735905518311e-07 -3.574526101060864769e-01 3.699048526712574864e-02 -8.986580353149152185e-10 -7.393008614412582263e-09 1.122667026758916181e+05 0.000000000000000000e+00 0.000000000000000000e+00
2.456054957720211207e-01 7.780782106057628766e-01 -1.673187439946893828e-03 1.624954344671627575e-09 -3.772500415058244183e-01 8.792676748638356132e-02 4.757749207371882204e-10 0.000000000000000000e+00 1.127944239576087566e+05 0.000000000000000000e+00 0.000000000000000000e+00
6.686690526084526631e-01 6.726632358705865728e-09 1.662466833091109706e-07 1.079362794618854787e-07 -3.395381765190780832e-01 2.171132058141374591e-08 1.719040331291822176e-05 2.007267416861767244e-04 1.131571173389975156e+05 0.000000000000000000e+00 0.000000000000000000e+00
6.738472054877733264e-01 7.674606815893677672e-10 3.718106466522308191e-05 3.870905362406786471e-05 -3.337942813561725619e-01 0.000000000000000000e+00 7.985476965398232497e-10 6.350704110198633365e-06 1.135690057208239596e+05 0.000000000000000000e+00 0.000000000000000000e+00
6.939684440667008847e-01 1.346790292680224405e-08 1.148792918979961059e-05 0.000000000000000000e+00 -3.138504501680968173e-01 6.863967471289192193e-07 0.000000000000000000e+00 1.056037194871459049e-09 1.139304738271716633e+05 0.000000000000000000e+00 0.000000000000000000e+00
7.438167938931299141e+05 -3.336354961832061690e+03 0.000000000000000000e+00 5.803881426348942627e-06 -1.542938931297710269e+03 1.869186774961832581e+11 5.161208864870191059e-08 0.000000000000000000e+00 inf 0.000000000000000000e+00 -2.000000000000000000e+01
2.117476566976002894e-01 2.836714450770702611e-01 3.124661086066132798e-02 4.205688906790942866e-06 -6.699474553947829536e-01 8.424639547944905854e-03 4.784047877622631725e-04 1.697501998466510731e-02 inf 0.000000000000000000e+00 -9.000000000000000000e+01
1.070635163113316857e+00 1.213386518195092467e+00 0.000000000000000000e+00 0.000000000000000000e+00 -1.117319279372786539e-07 1.224516995805596348e-09 1.619861054451403347e-09 8.174393385735360198e+02 inf 0.000000000000000000e+00 -3.000000000000000000e+01
8.641287126721441947e-01 3.153941592245511072e-01 6.871553649134664144e-07 5.602883886440335540e-05 -6.370385075800765948e-03 9.109088022429403955e-08 -2.063300139308673610e-08 1.761446970780182586e-08 inf 0.000000000000000000e+00 -9.000000000000000000e+01
7.729377458133775969e-01 2.543845745714913287e-01 6.086869875032033245e-10 4.701833616042707857e-10 -1.320842983351974420e-01 1.039552348008498245e-02 3.666992840642052742e-07 4.657920676968225690e-05 inf 0.000000000000000000e+00 -9.000000000000000000e+01
6.770352965267288914e-01 2.514012153385165367e-05 1.146532858550954281e-05 4.203953814686832500e-04 -3.306906506156565562e-01 8.984258957952188530e-10 1.906922631562103577e-08 3.430044135164938310e-04 inf 0.000000000000000000e+00 -9.000000000000000000e+01
3.294094748833328867e-01 6.627172867475336071e-01 7.613939415757508765e-06 3.640414783159058918e-05 -3.255111379024649976e-01 1.412742665033131550e-07 4.714551286237049499e-02 5.663750404635292815e-09 inf 0.000000000000000000e+00 -9.000000000000000000e+01
5.157145506731943829e-01 3.304102729598222266e-01 3.494753501435434156e-05 7.353344353705242552e-03 -3.460974075810601125e-01 7.611112345270878445e-07 -3.050522607671528444e-08 1.457325814728136795e-09 inf 0.000000000000000000e+00 -9.000000000000000000e+01
9.913069678949266716e-01 1.108964444896779972e-09 5.528433587367198439e-09 6.992485169792503713e-09 -3.354459599200657755e-02 4.747568503786723376e-02 -7.374886702515531453e-10 9.967144300903592671e-04 inf 0.000000000000000000e+00 -9.000000000000000000e+01
5.314313348907390155e-01 4.894762295046280465e-01 3.915809836037024150e-01 5.160989397902810111e-10 -1.673833891966719223e-01 9.469389859561536341e-06 -9.410258271254965417e-10 5.889693749270950043e-05 inf 0.000000000000000000e+00 -9.000000000000000000e+01
1.855172159524235420e-01 5.877185401372777562e-01 -1.263836033675885383e-03 1.227403340978563671e-09 -5.179640669391665231e-01 3.909998390720901723e-08 0.000000000000000000e+00 4.271031895972704170e-10 inf 0.000000000000000000e+00 -9.000000000000000000e+01
4.763911829391079267e-01 1.058213201446707025e-01 1.478408591683386644e-07 2.252245632871819406e-06 -4.888866893768550326e-01 9.484437989782431974e-10 7.738835905773394831e-10 3.904845761795966799e-04 inf 0.000000000000000000e+00 -9.000000000000000000e+01
2.581169500468736833e-01 3.204210414374983329e-01 9.749371563281281498e-07 1.214294026082583106e-01 -6.090542811450861960e-01 2.379743991659143740e-08 7.791008991801272608e-08 2.952701462262427879e-07 inf 0.000000000000000000e+00 -9.000000000000000000e+01
5.981511262571878040e-01 7.374720407580855897e-01 -2.267593009454716563e-05 -9.826605448686821042e-09 -1.222374356659182988e-07 2.269769898743792882e-02 0.000000000000000000e+00 5.060009791605495323e-08 inf 0.000000000000000000e+00 -9.000000000000000000e+01
1.487780357348666028e-03 1.226587043589249859e+00 -7.573439011478968695e-06 4.756874777406119400e-12 -3.975483469016528000e-07 -2.149321860433499103e-12 -3.884053717331602264e-12 0.000000000000000000e+00 inf 0.000000000000000000e+00 -9.000000000000000000e+01
4.186298599314674697e-08 -2.000889275430016998e-08 3.664089886343582098e-02 0.000000000000000000e+00 -2.561718816907671670e+00 1.622163939649087538e+01 8.926157343993273485e-08 -1.337770351296149556e-08 inf 0.000000000000000000e+00 -3.000000000000000000e+01
3.151834067350040663e-06 2.321594849609054156e-05 1.582251451410377277e-02 -9.369018950202102032e-08 -1.005083907045159153e+00 7.306105116120679499e-04 1.020886741814842419e-04 1.597995246946799092e-02 inf 0.000000000000000000e+00 -9.000000000000000000e+01
2.371203371107133695e-01 1.122640045408959848e-03 1.234024697433869786e-03 5.026507220285303146e-06 -7.623869066597619426e-01 -2.152654959134047211e-02 1.290976512727033932e-06 1.634130092207559156e-04 inf 0.000000000000000000e+00 -8.000000000000000000e+01
7.887370580529354802e-01 7.913947108115975692e-06 1.761447524187697081e-02 5.602477273519082811e-05 -2.177344856287569963e-01 -1.158243489211962162e-03 7.465987837845259931e-09 0.000000000000000000e+00 inf 0.000000000000000000e+00 -8.000000000000000000e+01
2.638051387925401392e-01 1.126638421603869339e-04 1.424998698434917666e+00 -3.504976258170628925e-07 -1.499405276043070112e-01 0.000000000000000000e+00 9.295533915777165986e-10 9.771510050018767812e-10 inf 0.000000000000000000e+00 -9.000000000000000000e+01
9.340582145041529394e-01 1.707465439107685445e-01 -2.826407916712600003e-06 -1.236187185877058177e-09 -5.719899486728027317e-03 1.205936573524246475e-10 1.656301829789950508e-03 1.186501931899219212e-03 inf 0.000000000000000000e+00 -9.000000000000000000e+01
1.193135626011656986e-01 8.808310108801719907e-07 9.662467930522881332e+00 4.638061349597801788e-05 -1.028027278541564904e+01 1.214653769107572089e+03 0.000000000000000000e+00 0.000000000000000000e+00 inf 0.000000000000000000e+00 -2.000000000000000000e+01
7.874373807251910762e+01 1.634791038418544450e-05 4.070648347660331511e-07 -4.443048520852591965e-04 -2.323762151121183894e+00 3.965674608035852602e-08 3.442531038778626709e+11 1.675847434360562806e-05 inf 0.000000000000000000e+00 -2.000000000000000000e+01
4.077897132290012050e-01 8.631729208401670572e-01 0.000000000000000000e+00 1.868363662740891884e-05 -5.949186797770574658e-02 5.864681303484060859e-03 9.051949613820299821e-08 5.238396767257117799e-10 inf 0.000000000000000000e+00 -8.000000000000000000e+01
5.270826814221971079e-02 1.146443026490483241e+00 4.182286493893521036e-03 4.405150329513616409e-10 -6.233325623775548552e-02 1.422852173615509318e-10 1.006000950876590541e-13 5.516331180911690837e-14 inf 0.000000000000000000e+00 -9.000000000000000000e+01
7.189759084282958124e-02 6.758857698086875310e-01 1.289149798982024252e-06 -1.509856677174505474e-07 -8.172601571898743256e-01 -1.125669351579655121e-02 2.966925499561344992e+00 9.883905044576991617e-10 inf 0.000000000000000000e+00 -3.000000000000000000e+01
1.809387568061039397e-01 0.000000000000000000e+00 3.838112397030092745e-05 7.095566968271287728e-08 -8.602006471109858721e-01 9.195248296703642521e-02 2.525912460536030701e-03 1.785678398161295586e-08 inf 0.000000000000000000e+00 -9.000000000000000000e+01
7.106239975547676835e-01 9.567006641592738291e-09 7.033467036608896856e-05 2.892588546549941117e-09 -3.978396897507386898e-01 2.514405591700655428e-09 3.226617069978404473e+00 1.343057276990555912e-04 inf 0.000000000000000000e+00 -3.000000000000000000e+01
3.247367890273837876e-01 9.854946570483538171e-01 3.751634598138512897e-03 -4.603546605627242534e-07 3.120098551703528802e-09 -6.425776230754215446e-03 2.993471366034280989e-02 2.754953605029913429e-06 inf 0.000000000000000000e+00 -9.000000000000000000e+01
5.426715994041716451e-01 1.159710889600364688e-05 1.722818615587662799e-07 1.118802527254139657e-07 -2.641385636357174715e-01 -4.303947167688257358e-01 -1.159985442367788941e-07 0.000000000000000000e+00 inf 0.000000000000000000e+00 -9.000000000000000000e+01
9.253022470428382551e-01 2.047477312605429367e-01 4.172011876834605892e-04 2.868858973485777956e-06 -9.973415488976735744e-05 5.295208654227165013e-09 3.076137789371137868e-02 -5.857879579368865904e-06 inf 0.000000000000000000e+00 -9.000000000000000000e+01
5.024078941337090019e-10 0.000000000000000000e+00 0.000000000000000000e+00 0.000000000000000000e+00 -1.008548863107934235e+00 1.194128907796061832e-09 1.728556978316045031e-02 4.211162581062030208e-05 inf 0.000000000000000000e+00 -9.000000000000000000e+01
6.747061405151993929e-01 4.273253479967048090e-05 1.692112886369074665e-03 1.060339813219086068e-02 -3.539762650239162145e-01 5.671442920272690841e-02 3.788427955299871590e-09 1.194811893594574848e-09 inf 0.000000000000000000e+00 -9.000000000000000000e+01
8.104198083317778467e-01 -2.029728787513759500e-02 8.644129542911954958e-10 8.132426314156068186e-10 -2.045672276479124363e-01 -2.245885705217263908e-03 1.027128616037929591e-02 7.710051849048708650e-07 inf 0.000000000000000000e+00 -9.000000000000000000e+01
4.732889286720705635e-01 1.216225423627867279e-02 8.014266610688624210e-10 1.865138411214807149e-09 -5.300053705377318902e-01 -7.250725573597562585e-08 2.650943605520540182e-03 -1.814406646429764496e-03 inf 0.000000000000000000e+00 -9.000000000000000000e+01
1.756295590929266676e-04 1.227449573423878615e+00 5.194827688588801324e-10 2.541341539856290287e-11 -3.575180549569835725e-05 4.190590803942387000e-09 -1.789220206235732799e-07 3.669661007872200373e-09 inf 0.000000000000000000e+00 -9.000000000000000000e+01
4.103380311226331179e-01 9.107741502244601772e-01 6.610457541951727557e-03 0.000000000000000000e+00 1.342566132235436347e-09 5.800761277865064054e-10 1.257823171176925860e-02 0.000000000000000000e+00 inf 0.000000000000000000e+00 -9.000000000000000000e+01
2.215156846374046395e+01 3.083999284351145675e+01 4.402917760019084970e-01 2.515637351356390391e-05 -2.374522900763359303e+03 6.401954198473284021e+06 -6.481094942748093501e+01 6.121135394991810358e-06 inf 0.000000000000000000e+00 -2.000000000000000000e+01
5.441132433963440374e-01 3.264679460378064335e-01 1.873504146594699011e-04 0.000000000000000000e+00 -3.199010620657815607e-01 6.996295474084344928e-07 -6.814845835230415762e-10 -5.697239076594515628e-06 inf 0.000000000000000000e+00 -9.000000000000000000e+01
4.645134781822119474e-01 2.517396443570265596e-01 2.766320199275577291e-05 6.417553841821964949e-10 -4.368272443832721952e-01 4.446448018976647668e-09 0.000000000000000000e+00 1.176551537667360258e-09 inf 0.000000000000000000e+00 -9.000000000000000000e+01
5.266080169045753712e-01 4.757173261953097088e-01 5.455969516002711419e-05 -1.739214253758454495e-09 -2.516876551382161709e-01 1.360049060995947815e-09 1.437530643864807992e-08 3.355961447343251957e-05 inf 0.000000000000000000e+00 -8.000000000000000000e+01
5.029267938632984158e-01 4.082994528576603943e-01 1.050730385153749759e-03 8.197066034017038349e-04 -3.163006491021789768e-01 3.188609487723551274e-06 2.684331231475866850e-08 8.676226470243504066e-04 inf 0.000000000000000000e+00 -9.000000000000000000e+01
6.605584534127971752e-01 9.087564521803275230e-01 1.258578828395980453e+00 6.220365666116371847e-08 -1.133502671536752660e+00 3.298890555513402151e-07 2.026233741119491469e+02 0.000000000000000000e+00 inf 0.000000000000000000e+00 -3.000000000000000000e+01
5.094052915116052118e-05 1.749222450424091984e-05 5.565797893247421491e-04 7.955586348312475679e-08 -1.006727568793425398e+00 1.695643221684118805e-07 0.000000000000000000e+00 3.054722556187499951e-09 inf 0.000000000000000000e+00 -9.000000000000000000e+01
9.319407251943407910e-01 1.774061856593191108e-05 9.440832753597393490e-01 1.035255417620308589e-05 -1.555764239941692662e-02 1.403500633283908437e-05 -1.396615938680920916e-09 -1.860217341012599507e-04 inf 0.000000000000000000e+00 -9.000000000000000000e+01
6.262658834104882777e-01 3.968319984503565490e-01 3.163331997572631227e-02 7.072432137788076203e-09 -1.959542622620867314e-01 2.884848003622900892e-06 7.043085946344972882e-10 0.000000000000000000e+00 inf 0.000000000000000000e+00 -9.000000000000000000e+01
2.647340728150608391e-01 5.193250777061729773e-01 7.181292090155673158e-01 0.000000000000000000e+00 -2.581410786644942057e-01 0.000000000000000000e+00 4.057227169579476385e-03 0.000000000000000000e+00 inf 0.000000000000000000e+00 -9.000000000000000000e+01
1.564451843446170054e+00 2.122388281572683693e-09 4.751965942844666235e-06 0.000000000000000000e+00 5.605647120544824391e-01 0.000000000000000000e+00 2.156510279668707586e-09 3.808014987516262064e-09 inf 0.000000000000000000e+00 -9.000000000000000000e+01
5.008875191470598676e-01 6.691544201105252831e-01 3.649043840661198024e-01 4.319677527343644041e-07 -3.644152360982027411e-02 1.039439431823732662e-02 -5.670742974273345324e-09 1.022541375803160672e-06 inf 0.000000000000000000e+00 -8.000000000000000000e+01
8.423393570605666181e-01 4.131265075861285940e-02 1.370995047299099223e-04 8.716551763528819946e-09 -1.491642611461420076e-01 -1.713743809123874015e-03 3.328560566766205236e-07 2.048389664429272522e-09 inf 0.000000000000000000e+00 -9.000000000000000000e+01
5.078296154215951042e-01 3.779037830587859276e-02 1.020397299422326053e-03 1.337933521969833115e-06 -5.260968677748898426e-01 1.091468328109363589e-01 1.175918134543798611e-07 7.264424818434635127e-10 inf 0.000000000000000000e+00 -9.000000000000000000e+01
4.311607723470687881e-01 8.426786849061161933e-01 1.301935916202053389e-07 -2.253800934072799211e-08 -5.070313182783012934e-02 5.784716703930850237e-06 4.312221562839063313e-03 5.414976270174907733e-09 inf 0.000000000000000000e+00 -9.000000000000000000e+01
6.818316297741996435e-01 2.337240297457091040e-05 0.000000000000000000e+00 2.079619297089002757e-04 -2.759794691943188716e-01 5.956757067334531773e-05 -8.365329239246482862e-01 0.000000000000000000e+00 inf 0.000000000000000000e+00 -9.000000000000000000e+01
4.914849079777869889e-01 3.370758917137183786e-01 4.696789905876301097e-06 2.189589556530447910e-07 -2.674404530063932972e-01 3.797193427362211988e-09 -6.761702019406925501e-01 0.000000000000000000e+00 inf 0.000000000000000000e+00 -9.000000000000000000e+01
4.455549649678900992e-01 5.382664021228248385e-01 4.284528552014458258e-01 2.197536719578056397e-06 -2.029750395964832477e-01 -2.222149130837330639e-03 2.537187994956040596e-02 0.000000000000000000e+00 inf 0.000000000000000000e+00 -9.000000000000000000e+01
4.395639519292241504e-01 3.970255049683314441e-01 3.158796737915998937e-08 2.271375580775718300e-08 -3.863908932281083231e-01 1.505446605862976110e-08 2.010606282135941891e-02 2.366456419040748329e-06 inf 0.000000000000000000e+00 -9.000000000000000000e+01
7.945889725617564459e+00 1.876981824949031008e+01 5.591841686827321301e-01 8.623839358875422225e-08 -1.016698488514058418e+00 8.108561483779814125e+02 -3.162385200573560154e-05 2.726997851320065786e-08 inf 0.000000000000000000e+00 -2.000000000000000000e+01
4.855072895241861475e-01 6.157115171693088307e-01 2.855544915747277386e-04 1.511115307714140007e-06 -1.958580542966887328e-01 2.264568344150995306e-06 2.281405283512712518e-06 6.077461632005526186e-04 inf 0.000000000000000000e+00 -9.000000000000000000e+01
2.859576264588552519e-01 1.493407914642207816e-09 1.668021348215886058e-05 2.901863505471811276e-08 -7.257532165189933826e-01 1.377189122680602326e-02 -2.110323599471832893e-09 -1.761916589671747054e-05 inf 0.000000000000000000e+00 -9.000000000000000000e+01
7.028416730928512823e-01 0.000000000000000000e+00 8.853427616201402272e-05 1.615540185482949487e-09 -3.056239722092584654e-01 3.330018280256164909e-06 -5.901596151710343758e-10 2.293220297495466076e-05 inf 0.000000000000000000e+00 -9.000000000000000000e+01
5.418470939340902515e-01 3.423221712579992970e-01 6.533463154295529041e-01 1.686419039138964851e-06 -2.185971579318938263e-01 2.410236060362325718e-06 4.700205165603534048e-10 6.491967097570351569e-07 inf 0.000000000000000000e+00 -9.000000000000000000e+01
6.049068460566192629e-01 3.982791904125239368e-04 6.303514318544468388e-05 4.302761587415259097e-09 -4.025686675847187646e-01 2.135677284264507824e-09 -7.164726183424130765e-10 0.000000000000000000e+00 inf 0.000000000000000000e+00 -9.000000000000000000e+01
7.233382551665854532e-01 -1.463274851937234992e-02 8.531219985641528398e-05 7.446072131022574208e-09 -2.900341796078579337e-01 -1.224696619032524019e-07 2.801389375167933576e-08 2.426482246892670938e-08 inf 0.000000000000000000e+00 -9.000000000000000000e+01
5.633739799477230914e-01 4.412362616387440761e-01 3.760927066453992288e-06 8.485106361999255001e-10 -2.299710191583478891e-01 -2.578921416997023361e-03 -3.713646840475713640e-02 9.936182522457099029e-09 inf 0.000000000000000000e+00 -9.000000000000000000e+01
2.502200712684457345e-04 -1.542938931297710269e+03 5.610687022900764714e+04 3.032574700262711192e-06 -7.138597328244276241e+02 4.411603053435115144e+06 4.030991601579973150e-06 0.000000000000000000e+00 inf 0.000000000000000000e+00 -2.000000000000000000e+01
2.531063750133110135e-01 -4.892120448508844401e-09 1.250859041732449883e+00 4.018819554858161559e-05 -6.822867500358817949e-01 3.530650521019011723e-02 1.701310044243997540e-09 4.161123828343835790e-02 inf 0.000000000000000000e+00 -9.000000000000000000e+01
3.655994733782908512e-01 7.057829405858984106e-01 1.144807359900808893e-06 1.951905871166383539e-09 -2.434071360192364142e-01 2.826592764836525267e-06 2.535729657109283803e-06 1.267864828554641901e-07 inf 0.000000000000000000e+00 -9.000000000000000000e+01
3.374541794618095281e-03 1.257294069581652796e+00 9.017042343731013248e-08 2.606299940170240932e-09 -1.168415292737486066e-03 3.802300613654192168e-02 1.326689768965034890e-06 1.005035188244532445e-04 inf 0.000000000000000000e+00 -9.000000000000000000e+01
6.285636195418723426e-01 6.699164892485744982e-01 1.108184469946222120e-06 9.035844332885353142e-05 -1.027360356775880966e-02 1.469034573149351269e-07 -3.327511197569839427e-08 2.840708633480918648e-08 inf 0.000000000000000000e+00 -9.000000000000000000e+01
3.255957296738475892e-01 7.124800672863017548e-01 1.143415825652114626e-06 -1.563520681722380293e-06 -2.777140047218111807e-01 1.088077285168402220e-09 1.794435653900676593e-09 1.301784397133489779e-03 inf 0.000000000000000000e+00 -9.000000000000000000e+01
8.004225710070669297e-01 2.564014301004722760e-03 2.210357156038554290e-05 5.381049151122578681e-09 -2.062785674639034950e-01 8.953084627508793229e-08 8.477222047306955373e-06 0.000000000000000000e+00 inf 0.000000000000000000e+00 -9.000000000000000000e+01
4.235154947720491947e+00 6.618052481340924090e-06 6.353330382087286855e-04 -5.003077358366645234e-08 -1.280751676961257024e+00 8.477859049511867931e-09 2.442611856193441916e-09 9.724996171465355158e+07 inf 0.000000000000000000e+00 -2.000000000000000000e+01
6.614823212074752989e-01 8.074309596839024501e-10 3.266176703732625391e-09 5.777779102027022014e-10 -3.581398366300828084e-01 3.167971915546156231e-02 1.140974674406598084e-09 -9.526037654772183551e-06 inf 0.000000000000000000e+00 -9.000000000000000000e+01
6.181824106212537862e-01 7.397001807030580413e-10 9.014809910623025998e-06 1.568310136820670909e-08 -3.922328269922829014e-01 7.137341420098040727e-03 -4.919188393838071008e-10 6.648273057264770082e-04 inf 0.000000000000000000e+00 -9.000000000000000000e+01
3.668351248349047689e-01 2.938556017603550716e-02 8.083919426854437356e-09 -9.014211741849591291e-10 -6.303364116881462476e-01 6.082186997347625037e-09 6.243086044725492528e-03 7.650852314701521778e-10 inf 0.000000000000000000e+00 -9.000000000000000000e+01
6.964461790458952306e-01 9.865997124030678701e-10 1.547075473031167894e-02 2.023994657523917383e-09 -3.104639593337122916e-01 2.856786405257542097e-06 7.834187815319409899e-10 5.607012226924364912e-10 inf 0.000000000000000000e+00 -9.000000000000000000e+01
5.260019083969466891e+01 1.312500000000000227e+03 1.603053435114504168e+02 3.134021322235806904e-03 -2.160364980916030930e+01 2.293186333343273566e-03 3.442531038778626709e+11 0.000000000000000000e+00 inf 0.000000000000000000e+00 -2.000000000000000000e+01
1.557790928996329038e-01 1.954218011285717427e-02 6.504754237565317510e-02 8.103712724755018021e-09 -8.397553968496340726e-01 8.996818411332125817e-06 0.000000000000000000e+00 -3.919068626148464122e-07 inf 0.000000000000000000e+00 -9.000000000000000000e+01
7.227003931594276898e-01 5.877213314020248713e-01 1.719780221060659324e-04 2.880832334304056170e-09 -2.597863615366680524e-03 2.943879276610022674e-02 1.669662873301206926e-02 2.048009895841610665e-09 inf 0.000000000000000000e+00 -9.000000000000000000e+01
1.191249642736443189e-03 1.004945605345993309e+00 9.994152443102843897e-02 5.665605086162678210e-10 -2.425458339946698072e-01 3.932077088370565857e-09 -6.519124813428744337e-10 -5.497185041772770091e-06 inf 0.000000000000000000e+00 -9.000000000000000000e+01
7.123705581570616285e-01 1.098222564810120389e-09 1.276783323829833903e-05 0.000000000000000000e+00 -2.956095513440867850e-01 1.727067814249340004e-09 0.000000000000000000e+00 4.287581246176497184e-10 inf 0.000000000000000000e+00 -9.000000000000000000e+01
8.237463522847128239e-01 1.166935706892028310e-09 1.829858237379445099e-02 2.393951271960675782e-09 -1.879481511613463884e-01 1.384024132933181842e-02 9.266162741855512510e-10 0.000000000000000000e+00 inf 0.000000000000000000e+00 -9.000000000000000000e+01
6.522727708708072614e-01 7.428890425572570602e-10 9.829636985745149807e-06 3.196943063545640498e-07 -3.554179804125760511e-01 0.000000000000000000e+00 7.729807506102092598e-10 2.791740159587807385e-05 inf 0.000000000000000000e+00 -9.000000000000000000e+01
3.972782796004184491e-01 7.451930736836608060e-03 5.764801766039484576e-01 2.324164233595660227e-09 -5.764801766039484576e-01 8.188744092184237618e-06 9.540841738613867543e-03 1.458783933852595289e-09 inf 0.000000000000000000e+00 -9.000000000000000000e+01
1.031190267079263023e+01 1.361443405515739365e-04 1.227530939399437096e-04 2.541082442849555954e-13 -1.004343495872266740e-04 8.173368293231337953e-09 1.226985946658615954e+06 2.130559921407603187e-13 inf 0.000000000000000000e+00 -2.000000000000000000e+01
3.514478536492422648e-07 1.336706807936775300e-02 1.504789120401440528e+00 7.246520030005805581e-06 -1.137914513423100987e-01 1.660172718190706356e-04 5.168591132653128155e-10 1.673561207853534689e-08 inf 0.000000000000000000e+00 -9.000000000000000000e+01
4.496862063840922907e-01 3.695247522025801867e-01 3.793005392978865409e-01 3.831718918009673647e-07 -3.441077057547836660e-01 8.227474319084031614e-08 1.566250068675487038e-07 2.946041795841987524e-07 inf 0.000000000000000000e+00 -9.000000000000000000e+01
1.303458452239642185e+00 3.299994510503988288e+00 4.146086503436745280e-05 -1.085578016213482061e-09 -3.730276088889175785e-03 1.634245491478705459e+00 5.380802504955428844e+01 0.000000000000000000e+00 inf 0.000000000000000000e+00 -2.000000000000000000e+01
9.726785838199452083e-01 8.474945640965446537e-10 2.129087143850860823e-05 1.028293404437140757e-09 -3.500935131472515671e-02 5.230148853372766693e-06 3.706376226982221924e-09 -1.121689505119804206e-03 inf 0.000000000000000000e+00 -9.000000000000000000e+01
1.953076823792731231e-01 2.368790655382910434e-08 3.355332540875261178e-03 3.677706763247305687e-09 -8.123244898958822402e-01 1.171899233026286129e-04 0.000000000000000000e+00 2.063280369144649883e-09 inf 0.000000000000000000e+00 -9.000000000000000000e+01
6.649163336521614065e-01 8.146495104937387518e-06 1.360896439304945099e-08 3.413023361271845074e-07 -3.578814384068986221e-01 4.534631613693967944e-02 -4.155727085326008791e-02 8.724162130983252811e-10 inf 0.000000000000000000e+00 -9.000000000000000000e+01
4.158978922729265615e-01 3.783108761872278070e-02 6.006447883012941457e-04 -1.021982741054133150e-09 -5.779613902008744475e-01 2.824460611654895222e-05 7.078074457696519745e-03 7.390280889046258145e-09 inf 0.000000000000000000e+00 -9.000000000000000000e+01
4.703673713454231686e-01 1.525722312374298038e-06 1.408588618954852926e-04 6.520865819715562815e-10 -5.378421086070327428e-01 2.514270998875982252e-06 1.020677637924709800e-02 1.298169595858815861e-06 inf 0.000000000000000000e+00 -9.000000000000000000e+01
1.178710182781264083e-02 1.045299218595618029e+00 9.619966514178927494e-03 7.107573700471127784e-09 -3.247531552918424547e-01 7.569116510057265212e-02 4.599759575659506258e-10 0.000000000000000000e+00 inf 0.000000000000000000e+00 -9.000000000000000000e+01
2.189466247358559770e+00 4.018640580594825096e+00 1.535949979450136876e-03 1.014944920341500172e-05 -2.882335312978357322e+00 3.815955022768335196e-07 1.770867439137513175e-05 4.614892347527741641e+07 inf 0.000000000000000000e+00 -2.000000000000000000e+01
6.161791871373063670e-05 1.227468028796433908e+00 4.591230520898499773e-07 1.175268530153858885e-10 -5.442463745419819760e-05 2.460297821714157368e-09 0.000000000000000000e+00 -1.098502267817747433e-06 inf 0.000000000000000000e+00 -9.000000000000000000e+01
4.735635697847769277e-01 1.286362581386533421e-01 4.268902371857964759e-04 2.714095034191109462e-08 -4.523139224226395139e-01 -6.261056812058349297e-02 1.036422423723111670e-06 6.378123330349106657e-09 inf 0.000000000000000000e+00 -9.000000000000000000e+01
3.892426076969089377e-01 4.929388546263576149e-08 6.840180565452986042e-03 4.387035283227241228e-07 -6.167220537535440528e-01 1.261306390353087326e-04 0.000000000000000000e+00 -1.011019760251711565e-03 inf 0.000000000000000000e+00 -9.000000000000000000e+01
6.223523209397558986e-01 3.933736368204117650e-01 1.056824695935434516e-01 7.028236204839407092e-09 -1.952190063325177638e-01 4.262006423495404801e-04 1.256814091520438645e-02 6.207621911889271531e-03 inf 0.000000000000000000e+00 -8.000000000000000000e+01
3.146845463540111631e-01 4.788677879300169415e-01 4.100835112926083226e-06 -3.040676035436670079e-08 -4.563903203333018466e-01 8.112197459751960502e-06 -4.019068934412642347e-02 6.859578734349084808e-06 inf 0.000000000000000000e+00 -9.000000000000000000e+01
3.091660222394952973e-01 5.928943337883991749e-01 1.608965775351408039e-03 6.538812069513775907e-06 -3.893926482636680952e-01 2.216926009869396855e-06 6.050243937393463273e-10 0.000000000000000000e+00 inf 0.000000000000000000e+00 -9.000000000000000000e+01
5.131011896944710493e-01 1.206052280931333875e+00 4.603246665209394706e-08 2.346100364310555990e-05 -3.989317669016290840e-02 4.408085822117448482e-01 4.755637251158107329e-09 2.607718216449956806e-09 inf 0.000000000000000000e+00 -9.000000000000000000e+01
3.367437761290034692e-01 8.025081561388511808e-01 1.033566544150439953e-06 1.360208947147388741e-09 -1.870798756272241681e-01 0.000000000000000000e+00 6.370392316616685022e-03 6.560725133767441008e-10 inf 0.000000000000000000e+00 -9.000000000000000000e+01
3.212777371241352320e+00 3.027714204427666142e-08 1.801929875920574753e-04 0.000000000000000000e+00 2.209869840488984494e+00 1.180679150230874131e-08 -4.075769121344935382e-09 6.582690604711859749e-09 inf 0.000000000000000000e+00 -2.000000000000000000e+01
6.355612704759504294e-02 2.175487502883629437e-02 5.723468430361380865e-03 -3.888717002430957824e-08 -9.257781373527822488e-01 -2.614001999538182949e-02 1.567652619527474319e-06 1.984349284780142987e-04 inf 0.000000000000000000e+00 -9.000000000000000000e+01
1.314168607307988800e-06 8.764462891726296571e-09 3.059025525412952667e-02 8.627518159043074118e-10 -1.006196207157290523e+00 3.931487640002938672e-08 1.287123978956376091e-07 4.878049632309379390e-07 inf 0.000000000000000000e+00 -9.000000000000000000e+01
1.899676368598786746e+00 3.441629064095279205e+02 5.398970047975818311e-04 3.623345124433110707e-06 -1.522176577402874036e-02 1.341334493179565162e-07 1.075390251674698807e-06 4.396602321064019203e+07 inf 0.000000000000000000e+00 -2.000000000000000000e+01
7.171840132823623648e-01 2.387740981410707989e-06 1.400750025942113994e-03 4.383870685687996513e-06 -2.908658821264452077e-01 2.995724287967235857e-09 -7.170616646730085519e-10 0.000000000000000000e+00 inf 0.000000000000000000e+00 -9.000000000000000000e+01
2.398545221682153381e-02 8.728823394984464024e-01 4.715277319994020923e-05 1.607181893958493676e-09 -4.514908652578171200e-01 3.553400328418004905e-02 6.710594887220927737e-06 1.172491468659985067e-03 inf 0.000000000000000000e+00 -9.000000000000000000e+01
1.867663200996299566e-01 8.002148500962301038e-09 2.532045143754676632e-09 5.237031185444541298e-05 -8.223662900938613074e-01 3.567009368694634832e-08 2.833152279677215629e-12 1.372601002673134598e-11 inf 0.000000000000000000e+00 -9.000000000000000000e+01
3.029746164802403219e-01 1.337319530596376154e-07 3.488093763501983316e-07 2.264657891228899884e-07 -7.042112707378558323e-01 1.550648026276972072e-09 2.394607279922799385e-09 1.855207744494714785e-03 inf 0.000000000000000000e+00 -9.000000000000000000e+01
7.512642531658421212e-03 1.216741451657984197e+00 -8.726207699860837006e-08 -2.522236642469829883e-09 -1.123063398865264051e-03 7.201168385022556805e-10 2.593251128992423585e-05 3.028054897964363315e-04 inf 0.000000000000000000e+00 -9.000000000000000000e+01
7.037585413535429879e-01 8.994678930499040539e-10 3.545990821938043726e-04 1.956349640002867084e-06 -3.041509653456136442e-01 3.918868207337714536e-03 1.234153620696379906e-09 0.000000000000000000e+00 inf 0.000000000000000000e+00 -9.000000000000000000e+01
5.574150799318041694e-01 4.634092113447303013e-02 5.140945938355601617e-03 2.288625432593001423e-09 -4.329566060277909023e-01 -4.919439826417838932e-06 -8.360388164321416707e-10 3.248648558882909573e-05 inf 0.000000000000000000e+00 -9.000000000000000000e+01
6.353905147682227250e-01 5.279209024780485704e-01 4.468473353117767832e-01 4.495219694529673891e-09 -1.128313089559668421e-02 1.021313914597141943e-05 -1.014936321655527920e-09 6.352284854733773430e-05 inf 0.000000000000000000e+00 -9.000000000000000000e+01
1.294466625372932445e+00 3.776697638018642333e-01 -1.713838888070436930e-05 -7.385072357041799661e-09 -4.259104072376710803e+01 6.661598187262355350e+04 -2.648909385401667250e-03 5.415730886302580266e-05 inf 0.000000000000000000e+00 -3.000000000000000000e+01
7.887393786309986332e-01 1.119172368058664782e-09 1.761452706620096273e-02 5.602493756814406366e-05 -2.177351262349841166e-01 -1.158246896931183116e-03 9.682481464377243488e-09 6.361419486196645198e-10 inf 0.000000000000000000e+00 -9.000000000000000000e+01
1.369147848195192800e-02 1.214182414614714434e+00 1.117421113773655120e-02 8.285181213157370666e-09 2.444567601761980346e-09 -5.034534688430754475e-03 2.296238992040368354e-02 2.158480001709069431e-06 inf 0.000000000000000000e+00 -9.000000000000000000e+01
7.330126336916321650e-01 9.713189742168169050e-08 3.693955492854864326e-07 2.398863527232441786e-07 -2.739152473268730570e-01 3.167088534113015207e-06 3.190635660760695482e-06 1.345221590712210866e-09 inf 0.000000000000000000e+00 -9.000000000000000000e+01
9.562218603213281654e-01 8.047147634259594956e-10 3.581031665661199015e-01 9.763872462901641549e-10 -3.324215051568873980e-02 4.936842813886888476e-06 3.526438918835537963e-09 1.003482886502231216e-06 inf 0.000000000000000000e+00 -9.000000000000000000e+01
5.510675497338813900e-01 7.361918047226071460e-01 2.266386802890170684e-05 4.752432471640167454e-07 -4.116862065883000743e-02 1.143572796078611356e-02 -6.222812496613070426e-09 2.285440156616913815e-09 inf 0.000000000000000000e+00 -9.000000000000000000e+01
6.340223825656297052e-01 5.279837959344442222e-01 5.447335433832667037e-05 -7.427283906893561326e-10 -1.101807189214661364e-01 1.348350354909076033e-07 0.000000000000000000e+00 0.000000000000000000e+00 inf 0.000000000000000000e+00 -9.000000000000000000e+01
6.733943845369989578e-01 3.157355042665404828e-05 2.114519942168471342e-09 1.175000286045889135e-09 -4.644099203703440648e-01 3.999085425411296191e-01 1.245029341948795873e-06 6.047004171488855101e-05 inf 0.000000000000000000e+00 -1.000000000000000000e+01
2.873205086482399362e-01 6.074369066210928425e-01 8.202627613484986648e-06 3.758184886685482126e-10 -6.202700807046370723e-01 6.630473276497844681e-02 2.184491410665526434e+00 1.287609917360510090e-08 inf 0.000000000000000000e+00 -3.000000000000000000e+01
5.430368102270093367e-01 3.505316976068525436e-01 9.194274035589575234e-02 1.564272392224483809e-04 -1.903502046430654293e-01 2.734755417440478236e-09 -6.292331293106615542e-01 3.772999157134123766e-10 inf 0.000000000000000000e+00 -9.000000000000000000e+01
4.404319142108572560e-01 3.406006803230629543e-01 4.224629038220462530e-04 6.362412458475645462e-10 -4.169422121196115216e-01 4.273207679847252804e-09 1.024615911532202571e-02 1.224616731950218835e-06 inf 0.000000000000000000e+00 -9.000000000000000000e+01
8.108084653674511033e-01 -2.020915677986643774e-02 8.606596616889077397e-10 7.860570271661905569e-10 -2.036789940109801633e-01 -2.220870325884113754e-03 -7.096348161916998801e-10 -5.932576176585839049e-06 inf 0.000000000000000000e+00 -9.000000000000000000e+01
1.760788373442234494e-04 1.227474097616432225e+00 5.347966846983029478e-07 3.073731759181123300e-11 -6.256268182404056216e-12 1.161697242872424647e-06 0.000000000000000000e+00 2.589777680578490469e-12 inf 0.000000000000000000e+00 -9.000000000000000000e+01
3.465453808634606873e-07 3.292736345731946699e+02 2.392817548683305318e-01 -4.233738379416807603e-08 -2.084288065328724215e+01 0.000000000000000000e+00 4.711552145278938115e+07 2.293615507188883600e-09 inf 0.000000000000000000e+00 -2.000000000000000000e+01
1.000785296302002081e+00 2.617900134085779833e-09 1.098026900399652270e-02 0.000000000000000000e+00 7.497177037693127691e-09 0.000000000000000000e+00 3.911570628361631983e-09 5.215427504482176253e-09 inf 0.000000000000000000e+00 -9.000000000000000000e+01
1.008636017454297651e+00 7.871715582119407070e-09 1.025915830531512127e-03 3.580111437954891460e-11 -4.530397542233173427e-04 7.630602480896557678e-11 0.000000000000000000e+00 0.000000000000000000e+00 inf 0.000000000000000000e+00 -8.000000000000000000e+01
2.310775522006604188e+00 5.056520554037980730e+00 8.114901580676662672e-06 1.099271012845656612e-05 -5.150395809619498499e-02 1.128202166626753744e+01 3.714639615611557133e+02 2.048170047519030041e-06 inf 0.000000000000000000e+00 -2.000000000000000000e+01
8.044535135361718936e-01 3.464795396019828555e-01 0.000000000000000000e+00 9.421590495114917890e-09 -2.942606273198102862e-01 1.177698811889364761e-07 6.085653458758659233e-10 2.796449771686162080e+02 inf 0.000000000000000000e+00 -3.000000000000000000e+01
4.657202170161247046e-01 8.548029299663048031e-01 7.789973158746337368e-05 0.000000000000000000e+00 -8.766952507520259037e-08 1.630626812834116241e-09 0.000000000000000000e+00 -2.137295176117932839e-04 inf 0.000000000000000000e+00 -9.000000000000000000e+01
9.498949433747824189e-01 1.407078631672290803e-01 1.875977779805699735e-06 1.957394234662405202e-09 -2.753678592921790080e-03 1.410577695797640620e-09 -6.047867042279156911e-03 5.729383480462021640e-10 inf 0.000000000000000000e+00 -9.000000000000000000e+01
2.215156846374046395e+01 3.091826693702290640e+01 4.562485309047554605e-04 6.904939317521249629e-06 -8.140505725190841702e+01 2.560781679389313608e+07 -2.532059909733197760e-03 6.578354349800649510e-07 inf 0.000000000000000000e+00 -2.000000000000000000e+01
2.852410147018755726e-01 5.687942127487105592e-01 5.130962631323678913e-01 2.062335099478603889e-09 -3.088704478724451641e-01 1.223316819983405808e-07 4.082406534379654645e-02 5.998377088117646068e-09 inf 0.000000000000000000e+00 -9.000000000000000000e+01
7.699169733899043910e-01 2.497366051596333426e-06 2.274373855497805082e-04 1.144880524876069776e-09 -2.424998367329948556e-01 1.435591030164387778e-02 4.339286476193750589e-03 -2.969972732265175122e-03 inf 0.000000000000000000e+00 -8.000000000000000000e+01
6.898232137345413628e-01 6.508816108537040788e-08 7.201481143775305491e-05 1.079014865553968273e-09 -4.261456146622649155e-01 4.094993015895202065e-02 3.089555706301420734e+00 6.025965332333589608e-02 inf 0.000000000000000000e+00 -3.000000000000000000e+01
3.423736001753063807e-01 2.158808907509321140e-01 1.194091176966093348e+00 0.000000000000000000e+00 -1.290225636128617681e-01 3.397021005049114048e-06 0.000000000000000000e+00 -1.479762937805485422e-07 inf 0.000000000000000000e+00 -8.000000000000000000e+01
5.354098096803668883e-01 1.177115588677540824e-09 1.922846340666398090e-06 2.401193877137945409e-01 -4.714615654328289662e-01 0.000000000000000000e+00 0.000000000000000000e+00 0.000000000000000000e+00 inf 0.000000000000000000e+00 -9.000000000000000000e+01
9.526595734787920702e-10 0.000000000000000000e+00 0.000000000000000000e+00 0.000000000000000000e+00 -1.912397756841815122e+00 2.443778905880379487e-09 2.428893399077232402e+02 0.000000000000000000e+00 inf 0.000000000000000000e+00 -3.000000000000000000e+01
3.979838202843606343e-01 5.477501073218173228e-09 5.908017570808408170e-01 3.016447102646659056e-07 -5.775039683362560572e-01 4.927769440960308529e-07 -6.457648229084732409e-10 0.000000000000000000e+00 inf 0.000000000000000000e+00 -9.000000000000000000e+01
2.502200712684457345e-04 -2.588621972519084549e+10 5.610687022900764714e+04 3.032574700262711192e-06 -9.593272900763361122e+02 4.411603053435115144e+06 4.646837540710246802e-06 5.484537313912662623e-03 inf 0.000000000000000000e+00 -2.000000000000000000e+01
5.559356608199518268e-01 7.418932337771483310e-01 5.793203401503642722e-05 3.954424754892772438e-09 -9.927422514641997403e-03 1.096570643856046704e-05 -4.116248359729608730e-02 1.187015554104011702e-04 inf 0.000000000000000000e+00 -8.000000000000000000e+01
1.888362505963741222e+00 9.956464694656492043e+01 1.531848470673306817e-01 5.803881426348943474e-06 -1.542938931297710496e+03 1.869186774961832886e+11 9.306514536151453201e-03 3.302188320014314282e-01 inf 0.000000000000000000e+00 -2.000000000000000000e+01
1.404445610342026862e+00 -1.612690993944465356e+00 0.000000000000000000e+00 7.752107176208286711e-11 -6.990659239583810398e-05 7.921761844433240166e-04 4.492939553559151147e-04 5.511043465268072568e-11 inf 0.000000000000000000e+00 -1.000000000000000000e+01
3.417159829867795207e-01 6.604795109818976604e-09 2.142495760630991255e-03 5.425761696293213084e-05 -6.834319659735590413e-01 4.766690342388047591e-02 1.992508021956563026e-09 9.501311400996572905e-10 inf 0.000000000000000000e+00 -9.000000000000000000e+01
1.035106456647815198e-01 8.951574840044657089e-01 9.770631039385918593e-02 1.345420774368984785e-09 -4.127527303766988925e-02 2.472498977354659934e-07 -3.302021843013591140e-01 0.000000000000000000e+00 inf 0.000000000000000000e+00 -9.000000000000000000e+01
4.186358706930545424e-08 -8.390016416782291531e-09 2.116253916828431494e-04 1.209287952473389464e-04 -2.561755598519628307e+00 1.622187230965903737e+01 5.550096770551859313e-09 -1.337789559239513196e-08 inf 0.000000000000000000e+00 -3.000000000000000000e+01
4.153659767480938902e-01 6.019474850199649785e-01 1.051211056027140120e-07 1.601441931197013500e-06 -2.765404497600946199e-01 3.143571198275618786e-06 5.502639737547608022e-10 3.351334987444670494e-04 inf 0.000000000000000000e+00 -9.000000000000000000e+01
2.960397528257672772e-01 8.759864817221472977e-02 1.136707294870727473e-06 1.938095194328652725e-09 -6.774942540078214837e-01 5.893834266335268632e-10 0.000000000000000000e+00 1.258894072495268178e-07 inf 0.000000000000000000e+00 -9.000000000000000000e+01
8.724194888806658943e-01 1.594789385218886302e-01 -2.433455482816904147e-06 -3.138525652457182998e-10 -7.215499532095732971e-02 1.734970871625965898e-08 3.284226551359575310e-08 1.563917405409321468e-09 inf 0.000000000000000000e+00 -9.000000000000000000e+01
2.076403803602878906e+00 1.706262256004104749e+00 1.904874793740032324e+00 -2.529076357751703776e-08 -7.511165063467805325e+00 9.776070221067327566e+02 3.406599990285973101e-02 1.243091611362117386e-03 inf 0.000000000000000000e+00 -2.000000000000000000e+01
4.432453411798821796e-01 3.717541571186108729e-01 4.825654924135814455e-02 4.363475589677204629e-06 -3.896269531339286996e-01 1.512728353843171431e-08 2.809733122015045697e-09 -8.070684450666958457e-03 inf 0.000000000000000000e+00 -9.000000000000000000e+01
6.693269270460938669e-01 6.379967304609575063e-01 5.193479353365518728e-06 2.075218737432665430e-06 -7.214372992959632957e-05 3.989499372518622082e-09 2.007090718735294807e-02 0.000000000000000000e+00 inf 0.000000000000000000e+00 -9.000000000000000000e+01
5.513334119268917810e-01 4.318060511380539257e-01 3.680547603119127719e-06 1.231523910694200936e-09 -2.939726981563309804e-01 7.053191109611603449e-02 1.929658529063885478e-04 9.306630204594613806e-10 inf 0.000000000000000000e+00 -9.000000000000000000e+01
3.184337763077281780e-01 6.920153015849511702e-01 7.730830484949974171e-05 4.738405889223275203e-10 -2.953073009334238885e-01 -1.272411091931285339e-07 -2.990875901773005704e-02 1.367841923826131674e-08 inf 0.000000000000000000e+00 -9.000000000000000000e+01
5.678824754971621980e-01 2.138751406254306604e-05 1.273632372791323242e+00 3.269735170966770973e-04 -2.773761224249144952e-01 7.535800930502920828e-10 1.609267995868858964e-08 3.906852685897796668e-05 inf 0.000000000000000000e+00 -8.000000000000000000e+01
1.103998977765771050e-01 1.037833382465330967e+00 9.018398373010171645e-07 1.067035342089646866e-07 -1.635554041134475722e-01 1.612321739413815486e-02 2.488567475571202757e-07 1.440143215029631371e-09 inf 0.000000000000000000e+00 -8.000000000000000000e+01
4.452123826582610883e-02 3.209827404237327246e-07 1.112137866140662160e-09 1.737703822129577742e-05 -9.613129505164783595e-01 0.000000000000000000e+00 0.000000000000000000e+00 0.000000000000000000e+00 inf 0.000000000000000000e+00 -9.000000000000000000e+01
5.939347343990283301e-01 1.902566479286732981e-03 1.640143516626494183e-05 0.000000000000000000e+00 -4.137694422162896402e-01 1.962813796530996210e-06 7.968115411683622529e-03 1.013440951324609187e-06 inf 0.000000000000000000e+00 -9.000000000000000000e+01
1.007864565464442252e+00 9.026710037083175787e-09 -2.270274194038071711e-03 1.425958542089951036e-09 -1.191722481009410808e-04 -7.501850150239096145e-06 -1.151232584439593408e-09 0.000000000000000000e+00 inf 0.000000000000000000e+00 -9.000000000000000000e+01
7.994700033423711716e-01 1.346636691088025948e-06 1.292771223444505045e-04 -1.086097147453807674e-08 -2.081736826885005331e-01 9.060092443717233289e-08 5.028227534508369128e-10 0.000000000000000000e+00 inf 0.000000000000000000e+00 -9.000000000000000000e+01
5.401595530183085359e-01 5.330287338365486960e-01 1.483266099330905925e-03 1.142267975269531717e-08 -2.009999656858557360e-01 -2.207489922478390529e-03 1.011127876163603508e-02 1.190083844001744776e-06 inf 0.000000000000000000e+00 -9.000000000000000000e+01
3.561471254770992090e+01 2.661319179389312595e+01 6.139050913221052444e-04 5.870557013358778109e-01 -2.763075500954198205e+01 2.609770992366411956e+05 -2.435390759287899351e-06 4.548862050394064776e-07 inf 0.000000000000000000e+00 -2.000000000000000000e+01
6.647809565539724019e-01 6.265446942464830693e-02 1.691765318679136704e-03 1.195761244012856764e-06 -3.164902503867431105e-01 -3.478174850990672570e-03 4.874026809835014471e-08 1.945097736147121351e-08 inf 0.000000000000000000e+00 -9.000000000000000000e+01
7.503456307431944916e-01 -7.589546687770837644e-03 4.424875634194751445e-05 1.037080226764394910e-08 -2.609897846063284899e-01 2.668753116873709766e-06 5.833576275549721077e-08 2.523494366882764347e-10 inf 0.000000000000000000e+00 -9.000000000000000000e+01
